2017.06.22 23:00:00.268,0.80865,0.80887,1.00,1.00
2017.06.22 23:00:00.813,0.80866,0.80887,1.00,1.00
2017.06.22 23:00:01.991,0.80868,0.80892,1.00,1.00
2017.06.22 23:00:02.042,0.80874,0.80892,1.00,1.00
2017.06.22 23:00:02.093,0.80875,0.80898,1.00,1.00
2017.06.22 23:00:02.600,0.80876,0.80899,1.50,1.00
2017.06.22 23:00:02.701,0.80878,0.80899,1.00,1.00
2017.06.22 23:00:03.277,0.80877,0.809,1.50,1.00
2017.06.22 23:00:04.327,0.80878,0.809,1.00,1.00
2017.06.22 23:00:07.910,0.80878,0.80901,1.50,1.00
2017.06.22 23:00:09.861,0.80878,0.809,1.50,1.00
2017.06.22 23:00:12.800,0.80877,0.809,1.00,1.00
2017.06.22 23:00:15.236,0.80877,0.80899,1.00,1.00
2017.06.22 23:00:15.906,0.80876,0.80899,1.00,1.50
2017.06.22 23:00:17.450,0.80878,0.809,1.00,1.00
2017.06.22 23:00:18.126,0.80878,0.80901,1.00,1.00
2017.06.22 23:00:23.806,0.80879,0.80901,1.00,1.00
2017.06.22 23:00:28.344,0.80879,0.809,1.00,1.00
2017.06.22 23:00:29.061,0.80879,0.80901,1.00,1.00
2017.06.22 23:00:38.223,0.80881,0.80901,1.00,1.00
2017.06.22 23:00:38.274,0.80882,0.80904,1.00,1.00
2017.06.22 23:00:38.784,0.80882,0.80905,1.10,1.00
2017.06.22 23:00:39.327,0.80887,0.80905,1.00,1.00
2017.06.22 23:00:41.197,0.80883,0.80905,1.00,1.00
2017.06.22 23:00:41.767,0.80883,0.80906,1.00,1.00
2017.06.22 23:00:42.827,0.80882,0.80906,1.10,1.50
2017.06.22 23:00:44.346,0.80882,0.80905,1.00,1.00
2017.06.22 23:00:46.987,0.80882,0.80904,1.10,1.00
2017.06.22 23:00:54.987,0.80883,0.80904,1.00,1.00
2017.06.22 23:00:57.469,0.80883,0.80906,1.00,1.50
2017.06.22 23:00:58.306,0.80883,0.80905,1.00,1.00
2017.06.22 23:00:58.866,0.80883,0.80906,1.00,1.50
2017.06.22 23:01:00.110,0.80883,0.80905,1.00,1.00
2017.06.22 23:01:05.973,0.80882,0.80905,1.00,1.50
2017.06.22 23:01:09.982,0.80882,0.80904,1.00,1.00
2017.06.22 23:01:11.465,0.80882,0.80905,1.00,1.50
2017.06.22 23:01:14.306,0.80882,0.80904,1.00,1.00
2017.06.22 23:01:18.387,0.80882,0.80905,1.00,1.50
2017.06.22 23:01:20.226,0.80882,0.80904,1.00,1.00
2017.06.22 23:01:22.397,0.80882,0.80905,1.00,1.50
2017.06.22 23:01:26.398,0.80882,0.80904,1.00,1.00
2017.06.22 23:01:36.046,0.80881,0.80904,1.50,1.50
2017.06.22 23:01:36.574,0.80881,0.80903,1.50,1.00
2017.06.22 23:01:36.727,0.80879,0.80902,1.10,1.00
2017.06.22 23:01:37.296,0.80879,0.80901,1.50,1.00
2017.06.22 23:01:38.526,0.80879,0.80902,1.00,1.50
2017.06.22 23:01:39.077,0.80879,0.80901,1.50,1.00
2017.06.22 23:01:39.772,0.80879,0.80902,1.57,1.50
2017.06.22 23:01:46.059,0.80879,0.80901,1.10,1.50
2017.06.22 23:01:46.161,0.80877,0.809,1.57,1.00
2017.06.22 23:01:46.705,0.80877,0.80899,1.00,1.00
2017.06.22 23:01:48.190,0.80877,0.80898,1.00,1.00
2017.06.22 23:01:51.064,0.80876,0.80898,1.00,1.00
2017.06.22 23:02:01.247,0.80876,0.80899,1.00,1.00
2017.06.22 23:02:02.397,0.80876,0.80898,1.00,1.00
2017.06.22 23:02:02.924,0.80876,0.80897,1.00,1.00
2017.06.22 23:02:03.408,0.80873,0.80893,1.00,1.00
2017.06.22 23:02:03.560,0.80865,0.80886,1.57,1.00
2017.06.22 23:02:04.070,0.80865,0.80885,1.00,1.00
2017.06.22 23:02:04.171,0.80863,0.80885,1.10,1.00
2017.06.22 23:02:08.033,0.80862,0.80885,1.50,1.50
2017.06.22 23:02:08.541,0.80861,0.80883,1.50,1.00
2017.06.22 23:02:09.088,0.80861,0.80884,1.50,1.00
2017.06.22 23:02:09.634,0.80862,0.80884,1.00,1.00
2017.06.22 23:02:21.306,0.80862,0.80883,1.00,1.00
2017.06.22 23:02:22.074,0.80862,0.80884,1.00,1.50
2017.06.22 23:02:24.028,0.80861,0.80884,1.50,1.50
2017.06.22 23:02:25.101,0.80862,0.80884,1.00,1.50
2017.06.22 23:02:25.708,0.80861,0.80883,1.10,1.00
2017.06.22 23:02:26.365,0.80862,0.80883,1.00,1.00
2017.06.22 23:02:28.335,0.80862,0.80884,1.00,1.50
2017.06.22 23:02:28.881,0.80862,0.80883,1.10,1.00
2017.06.22 23:02:30.310,0.80862,0.80882,1.10,1.00
2017.06.22 23:02:30.988,0.80862,0.80883,1.00,1.00
2017.06.22 23:02:34.345,0.80862,0.80882,1.00,1.00
2017.06.22 23:02:34.951,0.80862,0.80883,1.00,1.00
2017.06.22 23:02:37.488,0.80862,0.80884,1.00,1.50
2017.06.22 23:02:38.342,0.80862,0.80882,1.00,1.00
2017.06.22 23:02:38.952,0.80862,0.80883,1.00,1.00
2017.06.22 23:02:40.162,0.80861,0.80883,1.10,1.50
2017.06.22 23:02:42.306,0.80861,0.80882,1.10,1.00
2017.06.22 23:02:42.915,0.80861,0.80883,1.10,1.50
2017.06.22 23:02:46.307,0.80861,0.80882,1.10,1.00
2017.06.22 23:02:46.873,0.80861,0.80883,1.10,1.00
2017.06.22 23:02:50.296,0.80861,0.80882,1.10,1.00
2017.06.22 23:02:50.834,0.80861,0.80883,1.10,1.50
2017.06.22 23:02:54.297,0.80861,0.80882,1.10,1.00
2017.06.22 23:02:54.798,0.80861,0.80883,1.10,1.50
2017.06.22 23:02:58.296,0.80861,0.80882,1.10,1.00
2017.06.22 23:02:59.087,0.80861,0.80883,1.10,1.50
2017.06.22 23:03:02.298,0.80861,0.80882,1.10,1.00
2017.06.22 23:03:02.993,0.80862,0.80883,1.00,1.00
2017.06.22 23:03:06.271,0.80862,0.80884,1.00,1.50
2017.06.22 23:03:07.057,0.80862,0.80883,1.00,1.00
2017.06.22 23:03:09.705,0.80862,0.80884,1.00,1.50
2017.06.22 23:03:11.241,0.80861,0.80884,1.57,1.00
2017.06.22 23:03:11.553,0.80861,0.80885,1.95,1.50
2017.06.22 23:03:12.221,0.80863,0.80885,1.07,1.50
2017.06.22 23:03:16.309,0.80863,0.80884,1.07,1.00
2017.06.22 23:03:16.919,0.80863,0.80885,1.07,1.50
2017.06.22 23:03:20.051,0.80863,0.80885,1.00,1.50
2017.06.22 23:03:26.307,0.80863,0.80884,1.00,1.00
2017.06.22 23:03:26.824,0.80863,0.80885,1.00,1.50
2017.06.22 23:03:31.316,0.80863,0.80884,1.00,1.00
2017.06.22 23:03:32.153,0.80864,0.80885,1.00,1.00
2017.06.22 23:03:32.549,0.80865,0.80887,1.00,1.50
2017.06.22 23:03:33.090,0.80865,0.80886,1.00,1.00
2017.06.22 23:04:04.406,0.80865,0.80887,1.00,1.50
2017.06.22 23:04:07.417,0.80865,0.80886,1.00,1.00
2017.06.22 23:04:09.178,0.80866,0.80886,1.00,1.00
2017.06.22 23:04:09.229,0.80866,0.80888,1.00,1.50
2017.06.22 23:04:09.742,0.80866,0.80887,1.00,1.00
2017.06.22 23:04:10.947,0.80866,0.80888,1.00,1.50
2017.06.22 23:04:11.456,0.80868,0.80887,1.00,1.00
2017.06.22 23:04:11.506,0.80868,0.80889,1.00,1.00
2017.06.22 23:04:13.247,0.80869,0.80889,1.00,1.00
2017.06.22 23:04:21.830,0.80871,0.80891,1.00,1.00
2017.06.22 23:04:22.349,0.80872,0.80891,1.00,1.00
2017.06.22 23:04:24.379,0.80873,0.80891,1.00,1.00
2017.06.22 23:04:24.430,0.80874,0.80894,1.00,1.00
2017.06.22 23:04:24.532,0.80875,0.80896,1.00,1.00
2017.06.22 23:04:26.187,0.80875,0.80895,1.00,1.00
2017.06.22 23:04:29.645,0.80875,0.80896,1.00,1.00
2017.06.22 23:04:30.516,0.80875,0.80895,1.00,1.00
2017.06.22 23:04:33.441,0.80875,0.80896,1.00,1.00
2017.06.22 23:04:34.045,0.80875,0.80895,1.00,1.00
2017.06.22 23:04:37.189,0.80878,0.80898,1.00,1.00
2017.06.22 23:04:37.291,0.80879,0.809,1.00,1.00
2017.06.22 23:04:37.746,0.80877,0.80899,1.50,1.50
2017.06.22 23:04:41.437,0.80878,0.80899,1.00,1.00
2017.06.22 23:04:42.937,0.80878,0.809,1.00,1.50
2017.06.22 23:04:43.487,0.80878,0.80899,1.00,1.00
2017.06.22 23:04:45.560,0.80877,0.80899,1.50,1.50
2017.06.22 23:04:46.237,0.80877,0.80898,1.50,1.00
2017.06.22 23:04:53.975,0.80877,0.80899,1.00,1.50
2017.06.22 23:04:54.489,0.80877,0.80898,1.50,1.00
2017.06.22 23:05:00.726,0.80878,0.80898,1.00,1.00
2017.06.22 23:05:01.744,0.80876,0.80897,1.00,1.00
2017.06.22 23:05:01.845,0.80875,0.80895,1.50,1.00
2017.06.22 23:05:03.028,0.80874,0.80894,1.00,1.00
2017.06.22 23:05:07.732,0.80872,0.80893,1.50,1.00
2017.06.22 23:05:08.257,0.80872,0.80894,1.00,1.00
2017.06.22 23:05:08.835,0.80872,0.80893,1.50,1.00
2017.06.22 23:05:10.028,0.80872,0.80894,1.00,1.00
2017.06.22 23:05:10.810,0.80873,0.80893,1.00,1.00
2017.06.22 23:05:15.251,0.80873,0.80894,1.00,1.00
2017.06.22 23:05:15.775,0.80873,0.80893,1.00,1.00
2017.06.22 23:05:16.427,0.80873,0.80894,1.00,1.00
2017.06.22 23:05:16.973,0.80873,0.80893,1.00,1.00
2017.06.22 23:05:18.416,0.80873,0.80894,1.00,1.00
2017.06.22 23:05:19.064,0.80873,0.80893,1.00,1.00
2017.06.22 23:05:19.622,0.80873,0.80894,1.00,1.00
2017.06.22 23:05:20.168,0.80873,0.80893,1.00,1.00
2017.06.22 23:05:21.430,0.80873,0.80894,1.00,1.00
2017.06.22 23:05:21.976,0.80872,0.80893,1.57,1.00
2017.06.22 23:05:22.478,0.80873,0.80892,1.00,1.00
2017.06.22 23:05:23.027,0.80871,0.80893,1.57,1.00
2017.06.22 23:05:23.979,0.80872,0.80892,1.10,1.00
2017.06.22 23:05:24.528,0.80871,0.80893,1.57,1.00
2017.06.22 23:05:25.229,0.80872,0.80892,1.10,1.00
2017.06.22 23:05:26.491,0.80872,0.80893,1.10,1.00
2017.06.22 23:05:27.038,0.80872,0.80892,1.57,1.00
2017.06.22 23:05:31.350,0.8087,0.80892,1.57,1.00
2017.06.22 23:05:31.856,0.8087,0.80891,1.00,1.00
2017.06.22 23:05:33.518,0.8087,0.8089,1.00,1.00
2017.06.22 23:05:34.743,0.8087,0.80891,1.00,1.00
2017.06.22 23:05:35.401,0.8087,0.8089,1.00,1.00
2017.06.22 23:05:36.449,0.80871,0.80893,1.00,1.00
2017.06.22 23:05:36.500,0.80873,0.80894,1.00,1.00
2017.06.22 23:05:36.551,0.80875,0.80897,1.00,1.00
2017.06.22 23:05:36.602,0.80877,0.80897,1.00,1.00
2017.06.22 23:05:37.537,0.80876,0.80897,1.00,1.00
2017.06.22 23:05:41.066,0.80876,0.80898,1.00,1.50
2017.06.22 23:05:41.575,0.80876,0.80897,1.00,1.00
2017.06.22 23:05:49.327,0.80876,0.80898,1.00,1.50
2017.06.22 23:05:49.878,0.80876,0.80897,1.00,1.00
2017.06.22 23:05:50.818,0.80876,0.80898,1.00,1.50
2017.06.22 23:05:51.432,0.80876,0.80897,1.00,1.00
2017.06.22 23:05:52.177,0.80876,0.80898,1.00,1.00
2017.06.22 23:05:52.827,0.80876,0.80897,1.00,1.00
2017.06.22 23:05:55.559,0.80877,0.80897,1.00,1.00
2017.06.22 23:05:56.777,0.80877,0.80898,1.00,1.00
2017.06.22 23:05:57.278,0.80877,0.80897,1.00,1.00
2017.06.22 23:05:57.986,0.80875,0.80897,1.10,1.00
2017.06.22 23:05:58.098,0.80877,0.80897,1.00,1.00
2017.06.22 23:05:59.045,0.80876,0.80897,1.00,1.00
2017.06.22 23:05:59.823,0.80876,0.80896,1.00,1.00
2017.06.22 23:06:02.952,0.80877,0.80896,1.00,1.00
2017.06.22 23:06:03.453,0.80876,0.80896,1.00,1.00
2017.06.22 23:06:04.079,0.80877,0.80896,1.00,1.00
2017.06.22 23:06:04.774,0.80876,0.80896,1.00,1.00
2017.06.22 23:06:05.679,0.80877,0.80896,1.00,1.00
2017.06.22 23:06:06.370,0.80877,0.80897,1.00,1.00
2017.06.22 23:06:06.701,0.80874,0.80895,1.07,1.00
2017.06.22 23:06:08.644,0.80875,0.80894,1.00,1.00
2017.06.22 23:06:09.279,0.80875,0.80895,1.00,1.00
2017.06.22 23:06:09.808,0.80875,0.80894,1.00,1.00
2017.06.22 23:06:10.853,0.80875,0.80895,1.00,1.00
2017.06.22 23:06:11.379,0.80875,0.80894,1.00,1.00
2017.06.22 23:06:15.777,0.80875,0.80895,1.00,1.00
2017.06.22 23:06:16.391,0.80875,0.80894,1.00,1.00
2017.06.22 23:06:17.211,0.80875,0.80895,1.00,1.00
2017.06.22 23:06:17.728,0.80875,0.80894,1.00,1.00
2017.06.22 23:06:21.171,0.80874,0.80894,1.10,1.00
2017.06.22 23:06:24.386,0.80874,0.80895,1.00,1.00
2017.06.22 23:06:25.083,0.80874,0.80894,1.00,1.00
2017.06.22 23:06:25.602,0.80873,0.80894,1.00,1.00
2017.06.22 23:06:27.229,0.80881,0.809,1.00,1.00
2017.06.22 23:06:27.381,0.80876,0.80897,1.57,1.00
2017.06.22 23:06:27.432,0.80875,0.80894,1.50,1.00
2017.06.22 23:06:27.822,0.80878,0.80897,1.00,1.00
2017.06.22 23:06:28.332,0.80879,0.80898,1.00,1.00
2017.06.22 23:06:28.535,0.80877,0.80898,1.10,1.00
2017.06.22 23:06:29.805,0.80878,0.80898,1.00,1.00
2017.06.22 23:06:31.601,0.80877,0.80898,1.00,1.00
2017.06.22 23:06:31.840,0.80874,0.80894,1.57,1.00
2017.06.22 23:06:32.295,0.80877,0.80898,1.00,1.00
2017.06.22 23:06:33.079,0.80877,0.80899,1.00,1.00
2017.06.22 23:06:33.231,0.80876,0.80895,1.00,1.00
2017.06.22 23:06:33.535,0.80875,0.80893,1.00,1.00
2017.06.22 23:06:34.175,0.80874,0.80893,1.00,1.00
2017.06.22 23:06:36.440,0.80873,0.80893,1.10,1.00
2017.06.22 23:06:36.947,0.80874,0.80893,1.00,1.00
2017.06.22 23:06:39.920,0.80873,0.80893,1.00,1.00
2017.06.22 23:06:40.438,0.80873,0.80892,1.00,1.00
2017.06.22 23:06:40.972,0.80872,0.80892,1.50,1.00
2017.06.22 23:06:41.602,0.80872,0.80891,1.50,1.00
2017.06.22 23:06:43.826,0.80872,0.80895,1.00,1.00
2017.06.22 23:06:44.078,0.80872,0.80891,1.50,1.00
2017.06.22 23:06:46.640,0.80872,0.80892,1.50,1.00
2017.06.22 23:06:47.213,0.80871,0.80892,1.00,1.00
2017.06.22 23:06:47.875,0.80871,0.80891,1.00,1.00
2017.06.22 23:06:48.534,0.80871,0.80892,1.00,1.00
2017.06.22 23:06:52.287,0.80871,0.80891,1.00,1.00
2017.06.22 23:06:52.827,0.80871,0.80893,1.00,1.00
2017.06.22 23:06:53.773,0.80871,0.80892,1.00,1.00
2017.06.22 23:07:00.016,0.80871,0.80893,1.00,1.00
2017.06.22 23:07:03.440,0.80871,0.80892,1.00,1.00
2017.06.22 23:07:05.947,0.80871,0.80891,1.00,1.00
2017.06.22 23:07:10.706,0.8087,0.80891,1.00,1.00
2017.06.22 23:07:19.995,0.8087,0.80892,1.00,1.00
2017.06.22 23:07:20.577,0.8087,0.80891,1.00,1.00
2017.06.22 23:07:22.109,0.8087,0.80892,1.00,1.00
2017.06.22 23:07:25.976,0.8087,0.8089,1.00,1.00
2017.06.22 23:07:28.398,0.80869,0.8089,1.50,1.00
2017.06.22 23:07:28.904,0.80868,0.80889,1.00,1.00
2017.06.22 23:07:30.498,0.80866,0.80887,1.10,1.00
2017.06.22 23:07:30.801,0.8086,0.80881,1.00,1.00
2017.06.22 23:07:31.360,0.8086,0.8088,1.00,1.00
2017.06.22 23:07:32.676,0.8086,0.80881,1.00,1.00
2017.06.22 23:07:34.757,0.8086,0.8088,1.00,1.00
2017.06.22 23:07:36.744,0.80859,0.8088,1.00,1.00
2017.06.22 23:07:37.202,0.80856,0.80878,1.07,1.50
2017.06.22 23:07:37.719,0.80856,0.80877,1.07,1.00
2017.06.22 23:07:38.292,0.80855,0.80874,1.10,1.00
2017.06.22 23:07:38.394,0.80851,0.80874,1.95,1.50
2017.06.22 23:07:38.495,0.80851,0.80872,1.07,1.00
2017.06.22 23:07:38.597,0.80851,0.80872,1.10,1.00
2017.06.22 23:07:39.119,0.80851,0.80871,1.00,1.00
2017.06.22 23:07:39.792,0.8085,0.80871,1.10,1.00
2017.06.22 23:07:41.173,0.8085,0.80871,1.57,1.00
2017.06.22 23:07:44.024,0.80849,0.80871,2.32,1.00
2017.06.22 23:07:44.530,0.80849,0.8087,2.32,1.00
2017.06.22 23:07:46.454,0.80847,0.80867,1.00,1.00
2017.06.22 23:07:46.555,0.80845,0.80866,1.50,1.00
2017.06.22 23:07:46.606,0.80845,0.80864,1.00,1.00
2017.06.22 23:07:46.859,0.80842,0.80862,1.00,1.00
2017.06.22 23:07:50.196,0.80842,0.80863,1.00,1.00
2017.06.22 23:07:50.697,0.80841,0.80862,1.00,1.00
2017.06.22 23:07:51.283,0.8084,0.80861,1.57,1.00
2017.06.22 23:07:55.179,0.80841,0.80861,1.00,1.00
2017.06.22 23:07:55.847,0.80841,0.80862,1.00,1.00
2017.06.22 23:07:56.368,0.8084,0.80861,1.57,1.00
2017.06.22 23:07:58.543,0.80838,0.80859,1.00,1.00
2017.06.22 23:07:59.298,0.80838,0.80858,1.00,1.00
2017.06.22 23:07:59.898,0.80837,0.80857,1.00,1.00
2017.06.22 23:08:00.596,0.80837,0.80858,1.00,1.00
2017.06.22 23:08:02.592,0.80835,0.80855,1.00,1.00
2017.06.22 23:08:02.896,0.80837,0.80857,1.00,1.00
2017.06.22 23:08:04.104,0.80839,0.80858,1.00,1.00
2017.06.22 23:08:04.307,0.80839,0.8086,1.00,1.00
2017.06.22 23:08:04.950,0.8084,0.80859,1.00,1.00
2017.06.22 23:08:09.488,0.8084,0.8086,1.00,1.00
2017.06.22 23:08:10.038,0.8084,0.80859,1.00,1.00
2017.06.22 23:08:13.819,0.80838,0.80859,1.10,1.00
2017.06.22 23:08:14.614,0.80838,0.8086,1.00,1.00
2017.06.22 23:08:15.326,0.80838,0.80859,1.00,1.00
2017.06.22 23:08:15.934,0.80838,0.8086,1.00,1.00
2017.06.22 23:08:17.388,0.80838,0.80859,1.00,1.00
2017.06.22 23:08:38.320,0.80838,0.80858,1.00,1.00
2017.06.22 23:08:48.657,0.80838,0.80859,1.00,1.00
2017.06.22 23:08:57.510,0.80838,0.80858,1.00,1.00
2017.06.22 23:08:58.021,0.80837,0.80858,1.00,1.00
2017.06.22 23:08:59.297,0.80837,0.80857,1.00,1.00
2017.06.22 23:09:29.826,0.80837,0.80858,1.00,1.00
2017.06.22 23:09:30.375,0.80837,0.80857,1.00,1.00
2017.06.22 23:09:33.675,0.80837,0.80858,1.10,1.00
2017.06.22 23:09:39.736,0.80837,0.80859,1.10,1.00
2017.06.22 23:09:45.428,0.80837,0.80858,1.10,1.00
2017.06.22 23:09:46.568,0.80837,0.80859,1.10,1.00
2017.06.22 23:09:49.687,0.80837,0.80858,1.10,1.00
2017.06.22 23:09:52.671,0.80839,0.80858,1.00,1.00
2017.06.22 23:09:53.024,0.80838,0.8086,1.00,1.00
2017.06.22 23:09:53.598,0.80838,0.80859,1.00,1.00
2017.06.22 23:09:53.798,0.8084,0.8086,1.00,1.50
2017.06.22 23:09:54.546,0.8084,0.80859,1.00,1.00
2017.06.22 23:10:04.729,0.8084,0.8086,1.00,1.00
2017.06.22 23:10:04.881,0.80841,0.80863,1.00,1.00
2017.06.22 23:10:04.999,0.80846,0.80866,1.00,1.00
2017.06.22 23:10:05.101,0.80851,0.80873,1.00,1.12
2017.06.22 23:10:05.152,0.80856,0.80878,1.00,1.37
2017.06.22 23:10:05.203,0.80852,0.80874,1.42,1.37
2017.06.22 23:10:05.356,0.80858,0.8088,1.00,1.00
2017.06.22 23:10:06.275,0.80862,0.80883,1.00,1.00
2017.06.22 23:10:08.350,0.80862,0.80884,1.00,1.00
2017.06.22 23:10:10.517,0.80861,0.80884,1.00,1.00
2017.06.22 23:10:11.052,0.80862,0.80883,1.00,1.00
2017.06.22 23:10:13.008,0.80862,0.80885,1.00,1.00
2017.06.22 23:10:13.059,0.80862,0.80883,1.00,1.00
2017.06.22 23:10:13.597,0.80861,0.80883,1.00,1.00
2017.06.22 23:10:15.237,0.8086,0.80883,1.00,1.00
2017.06.22 23:10:15.760,0.80861,0.80883,1.00,1.00
2017.06.22 23:10:16.375,0.8086,0.80883,1.00,2.10
2017.06.22 23:10:16.994,0.8086,0.80882,1.50,1.00
2017.06.22 23:10:21.838,0.80862,0.80883,1.00,1.00
2017.06.22 23:10:22.833,0.80862,0.80884,1.00,1.00
2017.06.22 23:10:24.982,0.80862,0.80883,1.00,1.00
2017.06.22 23:10:25.882,0.80863,0.80884,1.00,1.00
2017.06.22 23:10:26.397,0.80863,0.80886,1.00,2.10
2017.06.22 23:10:26.957,0.80864,0.80886,1.00,1.00
2017.06.22 23:10:28.349,0.80863,0.80886,1.00,1.00
2017.06.22 23:10:56.180,0.80863,0.80887,1.00,1.00
2017.06.22 23:10:56.766,0.80864,0.80887,1.00,1.00
2017.06.22 23:11:05.042,0.80865,0.80887,1.00,1.00
2017.06.22 23:11:05.553,0.80865,0.80888,1.50,1.00
2017.06.22 23:11:11.210,0.80866,0.80888,1.00,1.00
2017.06.22 23:11:29.786,0.80866,0.80889,1.00,1.00
2017.06.22 23:11:30.292,0.80867,0.80889,1.00,1.00
2017.06.22 23:11:37.278,0.80867,0.8089,1.00,1.00
2017.06.22 23:11:37.826,0.80867,0.80889,1.00,1.00
2017.06.22 23:11:48.337,0.80867,0.8089,1.00,1.00
2017.06.22 23:11:49.155,0.80866,0.8089,1.50,1.00
2017.06.22 23:11:52.897,0.80867,0.8089,1.00,1.00
2017.06.22 23:11:55.147,0.80867,0.80889,1.00,1.00
2017.06.22 23:12:00.755,0.80867,0.8089,1.00,1.00
2017.06.22 23:12:02.651,0.80865,0.80888,1.00,1.00
2017.06.22 23:12:03.005,0.80864,0.80886,1.00,1.00
2017.06.22 23:12:05.284,0.80864,0.80888,1.00,1.50
2017.06.22 23:12:06.422,0.80864,0.80887,1.00,1.50
2017.06.22 23:12:07.373,0.80864,0.80886,1.00,1.00
2017.06.22 23:12:11.336,0.80864,0.80887,1.00,1.50
2017.06.22 23:12:44.302,0.80865,0.80887,1.00,1.50
2017.06.22 23:12:47.590,0.80862,0.80887,1.00,1.50
2017.06.22 23:12:47.765,0.80862,0.80885,1.00,1.00
2017.06.22 23:12:48.285,0.80862,0.80884,1.00,1.00
2017.06.22 23:12:50.613,0.80861,0.80881,1.00,1.00
2017.06.22 23:12:51.251,0.80861,0.8088,1.00,1.00
2017.06.22 23:12:56.383,0.8086,0.8088,1.00,1.00
2017.06.22 23:13:09.298,0.8086,0.80881,1.00,1.00
2017.06.22 23:13:13.155,0.8086,0.80882,1.00,1.00
2017.06.22 23:13:13.307,0.80856,0.80879,1.12,1.00
2017.06.22 23:13:13.539,0.80856,0.80876,1.12,1.00
2017.06.22 23:13:13.641,0.80852,0.80873,1.00,1.00
2017.06.22 23:13:14.146,0.80852,0.80872,1.00,1.00
2017.06.22 23:13:15.298,0.80852,0.80873,1.00,1.00
2017.06.22 23:13:15.853,0.80852,0.80872,1.00,1.00
2017.06.22 23:13:17.181,0.80852,0.80874,1.00,1.00
2017.06.22 23:13:17.828,0.80852,0.80872,1.00,1.00
2017.06.22 23:13:18.338,0.80852,0.80873,1.00,1.00
2017.06.22 23:13:21.228,0.80852,0.80874,1.00,1.00
2017.06.22 23:13:26.490,0.80851,0.80874,1.00,1.50
2017.06.22 23:13:46.389,0.80851,0.80873,1.00,1.00
2017.06.22 23:13:47.160,0.80851,0.80872,1.00,1.00
2017.06.22 23:13:47.871,0.8085,0.80872,1.00,1.00
2017.06.22 23:13:53.388,0.8085,0.80873,1.00,1.50
2017.06.22 23:13:54.129,0.8085,0.80872,1.00,1.00
2017.06.22 23:13:56.508,0.80851,0.80872,1.00,1.00
2017.06.22 23:14:02.548,0.80851,0.80873,1.00,1.50
2017.06.22 23:14:02.904,0.80849,0.80873,1.00,1.50
2017.06.22 23:14:02.955,0.80849,0.80871,1.00,1.00
2017.06.22 23:14:03.035,0.80847,0.8087,1.10,1.00
2017.06.22 23:14:03.137,0.80847,0.80868,1.00,1.00
2017.06.22 23:14:03.239,0.80843,0.80865,1.00,1.00
2017.06.22 23:14:03.748,0.80842,0.80864,1.00,1.00
2017.06.22 23:14:04.381,0.80843,0.80864,1.00,1.00
2017.06.22 23:14:05.092,0.80843,0.80865,1.00,1.00
2017.06.22 23:14:05.983,0.80842,0.80865,1.00,1.50
2017.06.22 23:14:06.500,0.80843,0.80865,1.00,1.00
2017.06.22 23:14:07.022,0.80842,0.80865,1.00,1.00
2017.06.22 23:14:09.220,0.80842,0.80864,1.00,1.00
2017.06.22 23:14:09.762,0.80841,0.80864,1.00,1.00
2017.06.22 23:14:11.267,0.80842,0.80864,1.00,1.00
2017.06.22 23:14:17.990,0.80841,0.80864,1.00,1.00
2017.06.22 23:14:32.318,0.80839,0.80861,1.00,1.00
2017.06.22 23:14:33.348,0.80839,0.80862,1.00,1.00
2017.06.22 23:14:37.630,0.80839,0.80861,1.00,1.00
2017.06.22 23:14:40.771,0.80838,0.80861,1.00,1.00
2017.06.22 23:14:49.429,0.80841,0.80861,1.00,1.00
2017.06.22 23:14:56.079,0.80841,0.80864,1.00,1.00
2017.06.22 23:14:57.080,0.80841,0.80862,1.00,1.00
2017.06.22 23:14:58.178,0.8084,0.80862,1.50,1.00
2017.06.22 23:14:58.683,0.80841,0.80862,1.00,1.00
2017.06.22 23:15:00.382,0.8084,0.80862,1.50,1.00
2017.06.22 23:15:00.928,0.80842,0.80864,1.00,1.00
2017.06.22 23:15:01.267,0.80844,0.80865,1.00,1.00
2017.06.22 23:15:01.319,0.80844,0.80867,1.00,1.00
2017.06.22 23:15:01.983,0.80845,0.80867,1.00,1.00
2017.06.22 23:15:08.968,0.80844,0.80867,1.00,1.00
2017.06.22 23:15:09.577,0.80845,0.80867,1.00,1.00
2017.06.22 23:15:10.150,0.80844,0.80866,1.00,1.00
2017.06.22 23:15:10.815,0.80844,0.80867,1.00,1.50
2017.06.22 23:15:15.342,0.80845,0.80867,1.00,1.50
2017.06.22 23:15:17.069,0.80845,0.80866,1.00,1.00
2017.06.22 23:15:18.093,0.80845,0.80867,1.00,1.50
2017.06.22 23:15:25.018,0.80844,0.80867,1.00,1.50
2017.06.22 23:15:26.290,0.80844,0.80866,1.00,1.00
2017.06.22 23:15:37.328,0.80845,0.80866,1.00,1.50
2017.06.22 23:15:37.829,0.80844,0.80866,1.50,1.50
2017.06.22 23:15:40.007,0.80844,0.80865,1.00,1.00
2017.06.22 23:15:40.108,0.80842,0.80864,1.00,1.00
2017.06.22 23:15:40.159,0.80842,0.80862,1.00,1.00
2017.06.22 23:15:40.700,0.80841,0.80863,1.50,1.00
2017.06.22 23:15:43.264,0.80841,0.80862,1.00,1.00
2017.06.22 23:15:49.690,0.8084,0.80862,1.00,1.00
2017.06.22 23:15:51.167,0.80841,0.80862,1.00,1.00
2017.06.22 23:16:04.065,0.8084,0.80862,1.00,1.00
2017.06.22 23:16:04.580,0.80841,0.80862,1.00,1.00
2017.06.22 23:16:06.518,0.8084,0.80862,1.00,1.00
2017.06.22 23:16:07.110,0.8084,0.80861,1.00,1.00
2017.06.22 23:16:07.647,0.8084,0.80862,1.00,1.00
2017.06.22 23:16:10.549,0.80839,0.80862,1.50,1.00
2017.06.22 23:16:11.773,0.80839,0.80861,1.50,1.00
2017.06.22 23:16:12.429,0.8084,0.80861,1.00,1.00
2017.06.22 23:16:14.318,0.80841,0.80861,1.00,1.00
2017.06.22 23:16:14.982,0.8084,0.80861,1.00,1.00
2017.06.22 23:16:16.450,0.80839,0.80861,1.50,1.00
2017.06.22 23:16:17.059,0.8084,0.80861,1.00,1.00
2017.06.22 23:16:19.334,0.80841,0.80861,1.00,1.00
2017.06.22 23:16:20.409,0.8084,0.80861,1.00,1.00
2017.06.22 23:16:22.795,0.8084,0.80862,1.00,1.00
2017.06.22 23:16:23.288,0.80842,0.80862,1.00,1.00
2017.06.22 23:16:23.872,0.80841,0.80862,1.00,1.00
2017.06.22 23:16:23.973,0.80839,0.80861,1.50,1.00
2017.06.22 23:16:24.495,0.8084,0.80861,1.00,1.00
2017.06.22 23:16:26.803,0.8084,0.80862,1.00,1.00
2017.06.22 23:16:28.329,0.80841,0.80862,1.00,1.00
2017.06.22 23:16:28.380,0.80841,0.80857,1.00,1.00
2017.06.22 23:16:33.025,0.8084,0.80857,1.00,1.00
2017.06.22 23:16:41.881,0.8084,0.80858,1.00,1.00
2017.06.22 23:16:46.958,0.80841,0.80858,1.00,1.00
2017.06.22 23:16:47.493,0.8084,0.80858,1.00,1.00
2017.06.22 23:16:51.288,0.80841,0.80858,1.00,1.00
2017.06.22 23:16:51.825,0.8084,0.80858,1.00,1.00
2017.06.22 23:16:52.865,0.8084,0.80857,1.00,1.00
2017.06.22 23:16:56.370,0.80839,0.80857,1.00,1.00
2017.06.22 23:16:56.879,0.8084,0.80858,1.00,1.00
2017.06.22 23:16:57.420,0.8084,0.80857,1.00,1.00
2017.06.22 23:17:09.431,0.80839,0.80857,1.00,1.00
2017.06.22 23:17:09.970,0.8084,0.80857,1.00,1.00
2017.06.22 23:17:10.790,0.8084,0.80858,1.00,1.00
2017.06.22 23:17:11.363,0.80841,0.80858,1.00,1.00
2017.06.22 23:17:12.022,0.8084,0.80857,1.00,1.00
2017.06.22 23:17:17.428,0.80839,0.80857,1.00,1.00
2017.06.22 23:17:17.966,0.8084,0.80857,1.00,1.00
2017.06.22 23:17:20.941,0.80839,0.80857,1.00,1.00
2017.06.22 23:17:27.328,0.80838,0.80857,1.00,1.00
2017.06.22 23:17:27.865,0.80839,0.80857,1.00,1.00
2017.06.22 23:17:28.822,0.80838,0.80857,1.00,1.00
2017.06.22 23:17:29.429,0.80839,0.80857,1.00,1.00
2017.06.22 23:17:34.435,0.80838,0.80857,1.00,1.00
2017.06.22 23:17:36.828,0.80839,0.80857,1.00,1.00
2017.06.22 23:17:44.448,0.80838,0.80857,1.00,1.00
2017.06.22 23:17:45.389,0.80839,0.80857,1.00,1.00
2017.06.22 23:17:46.339,0.80838,0.80857,1.00,1.00
2017.06.22 23:17:48.429,0.80839,0.80857,1.00,1.00
2017.06.22 23:18:06.888,0.80838,0.80857,1.00,1.00
2017.06.22 23:18:11.926,0.80838,0.80862,1.00,1.00
2017.06.22 23:18:15.001,0.80838,0.80857,1.00,1.00
2017.06.22 23:18:24.609,0.80838,0.80856,1.00,1.00
2017.06.22 23:18:25.084,0.80837,0.80858,1.50,1.00
2017.06.22 23:18:25.602,0.80838,0.80858,1.00,1.00
2017.06.22 23:18:29.590,0.80837,0.80858,1.00,1.00
2017.06.22 23:18:29.854,0.80838,0.80856,1.00,1.00
2017.06.22 23:18:30.571,0.80839,0.80856,1.00,1.00
2017.06.22 23:18:31.264,0.8084,0.80856,1.00,1.00
2017.06.22 23:18:32.002,0.80839,0.80856,1.00,1.00
2017.06.22 23:18:36.140,0.8084,0.80856,1.00,1.00
2017.06.22 23:18:38.104,0.8084,0.80857,1.00,1.00
2017.06.22 23:18:39.389,0.80839,0.80857,1.00,1.00
2017.06.22 23:18:42.073,0.80839,0.80856,1.00,1.00
2017.06.22 23:18:43.429,0.8084,0.80856,1.00,1.00
2017.06.22 23:18:50.977,0.80839,0.80856,1.00,1.00
2017.06.22 23:18:53.095,0.80839,0.80857,1.00,1.00
2017.06.22 23:18:54.348,0.80838,0.80855,1.00,1.00
2017.06.22 23:18:54.869,0.80837,0.80855,1.00,1.00
2017.06.22 23:18:55.373,0.80837,0.80854,1.00,1.00
2017.06.22 23:18:56.870,0.80836,0.80854,1.00,1.00
2017.06.22 23:18:57.537,0.80836,0.80855,1.00,1.00
2017.06.22 23:18:59.470,0.80836,0.80853,1.00,1.00
2017.06.22 23:19:01.295,0.80836,0.80852,1.00,1.00
2017.06.22 23:19:01.802,0.80835,0.80852,1.00,1.00
2017.06.22 23:19:05.287,0.80834,0.80852,1.00,1.00
2017.06.22 23:19:06.218,0.80835,0.80852,1.00,1.00
2017.06.22 23:19:08.155,0.80835,0.80853,1.00,1.00
2017.06.22 23:19:12.516,0.80835,0.80852,1.00,1.00
2017.06.22 23:19:13.029,0.80834,0.80852,1.00,1.00
2017.06.22 23:19:14.549,0.80835,0.80852,1.00,1.00
2017.06.22 23:19:17.716,0.80835,0.80853,1.00,1.00
2017.06.22 23:19:19.704,0.80835,0.80854,1.00,1.00
2017.06.22 23:19:20.217,0.80836,0.80854,1.00,1.00
2017.06.22 23:19:23.829,0.80835,0.80854,1.00,1.00
2017.06.22 23:19:24.688,0.80836,0.80854,1.00,1.00
2017.06.22 23:19:27.979,0.80837,0.80854,1.00,1.00
2017.06.22 23:19:30.322,0.80836,0.80854,1.00,1.00
2017.06.22 23:19:31.086,0.80837,0.80854,1.00,1.00
2017.06.22 23:19:31.590,0.80836,0.80854,1.00,1.00
2017.06.22 23:19:32.129,0.80837,0.80854,1.00,1.00
2017.06.22 23:19:37.459,0.80836,0.80854,1.00,1.00
2017.06.22 23:19:37.999,0.80835,0.80854,1.00,1.00
2017.06.22 23:19:38.523,0.80834,0.80854,1.00,1.00
2017.06.22 23:19:40.143,0.80833,0.80853,1.57,1.00
2017.06.22 23:19:41.090,0.80832,0.80853,1.57,1.00
2017.06.22 23:19:41.774,0.80832,0.80852,1.10,1.00
2017.06.22 23:20:15.843,0.80832,0.80851,1.00,1.00
2017.06.22 23:20:15.945,0.8083,0.80852,1.57,1.00
2017.06.22 23:20:16.453,0.80831,0.80852,1.10,1.00
2017.06.22 23:20:16.557,0.80833,0.80852,1.00,1.00
2017.06.22 23:20:18.581,0.80832,0.80852,1.50,1.00
2017.06.22 23:20:35.225,0.80831,0.80852,1.57,1.00
2017.06.22 23:21:11.879,0.80832,0.80852,1.00,1.00
2017.06.22 23:21:27.448,0.80832,0.80851,1.00,1.00
2017.06.22 23:21:30.810,0.80831,0.80851,1.57,1.00
2017.06.22 23:21:38.488,0.80831,0.80852,1.57,1.00
2017.06.22 23:21:40.247,0.80832,0.80852,1.00,1.00
2017.06.22 23:21:40.921,0.80833,0.80852,1.00,1.00
2017.06.22 23:21:44.925,0.80832,0.80852,1.50,1.00
2017.06.22 23:21:45.451,0.80832,0.80853,1.00,1.00
2017.06.22 23:21:46.555,0.80832,0.80852,1.50,1.00
2017.06.22 23:21:52.861,0.80832,0.80848,1.00,1.00
2017.06.22 23:21:53.064,0.80828,0.80845,1.00,1.00
2017.06.22 23:21:53.593,0.80827,0.80845,1.00,1.00
2017.06.22 23:21:53.847,0.80825,0.80845,1.50,1.00
2017.06.22 23:22:08.755,0.80826,0.80845,1.00,1.00
2017.06.22 23:22:12.256,0.80827,0.80845,1.00,1.00
2017.06.22 23:22:13.466,0.80828,0.80845,1.00,1.00
2017.06.22 23:22:21.613,0.80828,0.80847,1.50,1.00
2017.06.22 23:22:21.866,0.8083,0.80848,1.00,1.00
2017.06.22 23:22:22.768,0.8083,0.80847,1.50,1.00
2017.06.22 23:22:23.753,0.8083,0.80848,1.50,1.00
2017.06.22 23:22:24.334,0.8083,0.80849,1.50,1.00
2017.06.22 23:22:24.989,0.80831,0.80849,1.00,1.00
2017.06.22 23:22:32.878,0.8083,0.80849,1.50,1.00
2017.06.22 23:22:49.696,0.80831,0.80849,1.00,1.00
2017.06.22 23:22:54.301,0.8083,0.80849,1.50,1.00
2017.06.22 23:23:01.516,0.80832,0.80851,1.00,1.00
2017.06.22 23:23:01.618,0.8083,0.8085,2.25,1.00
2017.06.22 23:23:02.492,0.8083,0.80849,2.25,1.00
2017.06.22 23:23:16.131,0.80831,0.8085,1.00,1.00
2017.06.22 23:23:16.767,0.80829,0.80849,1.00,1.00
2017.06.22 23:23:19.270,0.80828,0.80848,1.57,1.00
2017.06.22 23:23:21.718,0.80828,0.80847,1.00,1.00
2017.06.22 23:23:22.072,0.80826,0.80846,1.50,1.00
2017.06.22 23:23:22.681,0.80826,0.80845,1.00,1.00
2017.06.22 23:23:26.572,0.80827,0.80845,1.00,1.00
2017.06.22 23:23:27.582,0.80826,0.80845,1.00,1.00
2017.06.22 23:23:30.385,0.80825,0.80845,1.50,1.00
2017.06.22 23:23:47.565,0.80826,0.80845,1.00,1.00
2017.06.22 23:23:48.340,0.80826,0.80844,1.00,1.00
2017.06.22 23:23:57.306,0.80826,0.80845,1.00,1.00
2017.06.22 23:23:58.012,0.80825,0.80844,1.50,1.00
2017.06.22 23:24:05.578,0.80823,0.80841,1.00,1.00
2017.06.22 23:24:05.781,0.80818,0.80837,1.20,1.00
2017.06.22 23:24:07.800,0.80819,0.80837,1.00,1.00
2017.06.22 23:24:08.359,0.80819,0.80838,1.00,1.00
2017.06.22 23:24:09.239,0.80819,0.80837,1.00,1.00
2017.06.22 23:24:12.736,0.80819,0.80838,1.00,1.00
2017.06.22 23:24:15.652,0.80819,0.80837,1.00,1.00
2017.06.22 23:24:17.385,0.80819,0.80838,1.10,1.00
2017.06.22 23:24:18.101,0.8082,0.80838,1.00,1.00
2017.06.22 23:24:19.234,0.8082,0.80839,1.00,1.00
2017.06.22 23:24:19.751,0.8082,0.80838,1.00,1.00
2017.06.22 23:24:22.138,0.80819,0.80838,1.00,1.00
2017.06.22 23:24:22.723,0.8082,0.80838,1.00,1.00
2017.06.22 23:24:23.256,0.8082,0.80839,1.00,1.00
2017.06.22 23:24:24.124,0.8082,0.80838,1.00,1.00
2017.06.22 23:24:27.152,0.8082,0.8084,1.00,1.00
2017.06.22 23:24:28.775,0.80821,0.80842,1.00,1.00
2017.06.22 23:24:28.927,0.80823,0.80842,1.00,1.00
2017.06.22 23:24:29.470,0.80822,0.80842,1.00,1.00
2017.06.22 23:24:29.990,0.80822,0.80841,1.00,1.00
2017.06.22 23:24:36.511,0.80823,0.80841,1.00,1.00
2017.06.22 23:24:40.148,0.80823,0.80838,1.00,1.00
2017.06.22 23:24:40.250,0.80817,0.80837,1.87,1.00
2017.06.22 23:24:42.682,0.80818,0.80838,1.00,1.00
2017.06.22 23:24:49.876,0.80818,0.80837,1.50,1.00
2017.06.22 23:24:52.361,0.80817,0.80837,2.32,1.00
2017.06.22 23:24:53.379,0.80818,0.80837,1.00,1.00
2017.06.22 23:24:55.151,0.80818,0.80838,1.50,1.00
2017.06.22 23:24:55.653,0.80818,0.80836,1.00,1.00
2017.06.22 23:24:55.956,0.80815,0.80834,2.25,1.00
2017.06.22 23:24:56.738,0.80815,0.80833,2.25,1.00
2017.06.22 23:24:58.993,0.80815,0.80834,1.50,1.00
2017.06.22 23:25:00.252,0.80815,0.80836,2.32,1.00
2017.06.22 23:25:00.977,0.80816,0.80836,1.00,1.00
2017.06.22 23:25:01.941,0.80817,0.80836,1.00,1.00
2017.06.22 23:25:02.589,0.80816,0.80836,1.50,1.00
2017.06.22 23:25:03.243,0.80817,0.80836,1.00,1.00
2017.06.22 23:25:19.261,0.80816,0.80836,2.25,1.00
2017.06.22 23:25:23.881,0.80816,0.80835,1.00,1.00
2017.06.22 23:25:37.266,0.80816,0.80836,2.32,1.00
2017.06.22 23:25:38.067,0.80817,0.80836,1.00,1.00
2017.06.22 23:25:40.285,0.80818,0.80836,1.00,1.00
2017.06.22 23:25:44.344,0.80816,0.80836,2.32,1.00
2017.06.22 23:25:46.389,0.80817,0.80836,1.00,1.00
2017.06.22 23:25:48.391,0.80816,0.80836,2.32,1.00
2017.06.22 23:25:49.410,0.80817,0.80836,1.00,1.00
2017.06.22 23:25:49.952,0.80818,0.80837,1.00,1.00
2017.06.22 23:25:50.468,0.80818,0.80836,1.00,1.00
2017.06.22 23:25:53.984,0.80818,0.80837,1.00,1.00
2017.06.22 23:26:06.399,0.80818,0.80841,1.50,1.00
2017.06.22 23:26:17.078,0.80819,0.80842,1.00,1.00
2017.06.22 23:26:57.264,0.8082,0.80842,1.00,1.00
2017.06.22 23:26:59.460,0.80821,0.80842,1.00,1.00
2017.06.22 23:27:09.523,0.8082,0.80842,1.00,1.00
2017.06.22 23:27:10.342,0.80821,0.80842,1.00,1.00
2017.06.22 23:27:17.277,0.80821,0.80844,1.00,1.00
2017.06.22 23:27:19.188,0.80821,0.80842,1.00,1.00
2017.06.22 23:27:25.436,0.8082,0.80842,1.00,1.00
2017.06.22 23:27:26.190,0.80821,0.80842,1.00,1.00
2017.06.22 23:27:34.435,0.8082,0.80842,1.00,1.00
2017.06.22 23:27:35.174,0.80821,0.80842,1.00,1.00
2017.06.22 23:27:35.728,0.8082,0.80842,1.00,1.00
2017.06.22 23:27:36.495,0.80821,0.80842,1.00,1.00
2017.06.22 23:27:38.436,0.8082,0.80842,1.00,1.00
2017.06.22 23:27:39.135,0.80821,0.80842,1.00,1.00
2017.06.22 23:27:57.574,0.8082,0.80842,1.00,1.00
2017.06.22 23:27:59.076,0.80819,0.80842,1.50,1.00
2017.06.22 23:27:59.682,0.8082,0.80842,1.00,1.00
2017.06.22 23:28:00.432,0.80819,0.80842,1.50,1.00
2017.06.22 23:28:01.004,0.8082,0.80842,1.00,1.00
2017.06.22 23:28:03.744,0.80821,0.80842,1.00,1.00
2017.06.22 23:28:05.396,0.8082,0.80842,1.00,1.00
2017.06.22 23:28:05.953,0.80821,0.80842,1.00,1.00
2017.06.22 23:28:08.073,0.8082,0.80842,1.00,1.00
2017.06.22 23:28:08.585,0.80821,0.80842,1.00,1.00
2017.06.22 23:28:09.487,0.8082,0.80842,1.00,1.00
2017.06.22 23:28:10.085,0.80821,0.80842,1.00,1.00
2017.06.22 23:28:10.886,0.8082,0.80842,1.00,1.00
2017.06.22 23:28:11.799,0.80821,0.80842,1.00,1.00
2017.06.22 23:28:13.036,0.8082,0.80842,1.00,1.00
2017.06.22 23:28:13.547,0.80821,0.80842,1.00,1.00
2017.06.22 23:28:14.437,0.8082,0.80842,1.00,1.00
2017.06.22 23:28:14.953,0.80821,0.80842,1.00,1.00
2017.06.22 23:28:17.485,0.8082,0.80842,1.00,1.00
2017.06.22 23:28:18.035,0.80821,0.80842,1.00,1.00
2017.06.22 23:28:19.190,0.80821,0.80843,1.00,1.00
2017.06.22 23:28:19.735,0.80821,0.80842,1.00,1.00
2017.06.22 23:28:25.385,0.8082,0.80842,1.00,1.00
2017.06.22 23:28:26.035,0.80821,0.80842,1.00,1.00
2017.06.22 23:28:27.538,0.8082,0.80842,1.00,1.00
2017.06.22 23:28:28.284,0.80821,0.80842,1.00,1.00
2017.06.22 23:28:34.384,0.8082,0.80842,1.00,1.00
2017.06.22 23:28:34.887,0.80821,0.80841,1.00,1.00
2017.06.22 23:28:36.683,0.8082,0.80841,1.00,1.00
2017.06.22 23:28:44.835,0.8082,0.80842,1.00,1.50
2017.06.22 23:28:45.341,0.80821,0.80842,1.00,1.00
2017.06.22 23:29:05.377,0.80821,0.80843,1.00,1.50
2017.06.22 23:29:05.899,0.80821,0.80842,1.00,1.50
2017.06.22 23:29:09.331,0.80821,0.80841,1.00,1.00
2017.06.22 23:29:13.339,0.80821,0.80842,1.00,1.50
2017.06.22 23:29:14.117,0.8082,0.80842,1.50,1.50
2017.06.22 23:29:15.146,0.80822,0.80842,1.00,1.00
2017.06.22 23:29:15.248,0.80822,0.80844,1.00,1.00
2017.06.22 23:29:15.766,0.80823,0.80845,1.00,1.50
2017.06.22 23:29:16.425,0.80823,0.80844,1.00,1.00
2017.06.22 23:29:18.975,0.80822,0.80843,1.00,1.00
2017.06.22 23:29:19.508,0.80821,0.80843,1.00,1.00
2017.06.22 23:29:19.974,0.8082,0.80841,1.50,1.00
2017.06.22 23:29:20.625,0.80821,0.80841,1.00,1.00
2017.06.22 23:29:24.090,0.8082,0.80841,1.00,1.00
2017.06.22 23:29:26.402,0.80821,0.80841,1.00,1.00
2017.06.22 23:29:27.390,0.8082,0.80839,1.00,1.00
2017.06.22 23:29:27.492,0.80818,0.80838,1.00,1.00
2017.06.22 23:29:29.136,0.80821,0.80843,1.00,1.00
2017.06.22 23:29:29.238,0.80828,0.80847,1.00,1.00
2017.06.22 23:29:29.643,0.80829,0.80849,1.00,1.00
2017.06.22 23:29:29.745,0.8083,0.80851,1.00,1.00
2017.06.22 23:29:30.254,0.80831,0.80851,1.00,1.00
2017.06.22 23:29:39.391,0.80831,0.8085,1.00,1.00
2017.06.22 23:29:44.512,0.80831,0.80851,1.00,1.00
2017.06.22 23:29:58.486,0.8083,0.80851,1.00,1.00
2017.06.22 23:29:59.158,0.80831,0.80852,1.00,1.00
2017.06.22 23:29:59.804,0.80831,0.80851,1.00,1.00
2017.06.22 23:30:00.064,0.80832,0.80853,1.00,1.00
2017.06.22 23:30:00.267,0.80832,0.80851,1.00,1.00
2017.06.22 23:30:00.368,0.80828,0.80852,1.50,1.00
2017.06.22 23:30:00.419,0.80832,0.80852,1.00,1.00
2017.06.22 23:30:00.598,0.80829,0.8085,1.00,1.00
2017.06.22 23:30:01.119,0.8083,0.8085,1.00,1.00
2017.06.22 23:30:04.522,0.80831,0.80851,1.00,1.00
2017.06.22 23:30:05.819,0.8083,0.80851,1.00,1.00
2017.06.22 23:30:06.372,0.80831,0.80851,1.00,1.00
2017.06.22 23:30:07.033,0.80829,0.80851,1.00,1.00
2017.06.22 23:30:08.204,0.80829,0.80852,1.50,1.00
2017.06.22 23:30:09.197,0.80829,0.80851,1.00,1.00
2017.06.22 23:30:13.504,0.80829,0.80852,1.00,1.00
2017.06.22 23:30:16.362,0.80829,0.80851,1.00,1.00
2017.06.22 23:30:18.233,0.8083,0.80851,1.00,1.00
2017.06.22 23:30:18.766,0.80829,0.80851,1.00,1.00
2017.06.22 23:30:19.425,0.8083,0.80851,1.00,1.00
2017.06.22 23:30:20.195,0.8083,0.80853,1.50,1.00
2017.06.22 23:30:20.246,0.80833,0.80855,1.50,1.00
2017.06.22 23:30:20.500,0.80834,0.80857,1.50,1.50
2017.06.22 23:30:20.601,0.80836,0.80858,1.50,1.00
2017.06.22 23:30:20.943,0.80838,0.8086,1.00,1.00
2017.06.22 23:30:22.983,0.80837,0.8086,1.00,1.00
2017.06.22 23:30:23.491,0.80838,0.80861,1.00,1.00
2017.06.22 23:30:24.012,0.80838,0.8086,1.00,1.00
2017.06.22 23:30:24.529,0.80838,0.80859,1.00,1.00
2017.06.22 23:30:24.631,0.80836,0.80859,1.10,1.00
2017.06.22 23:30:25.368,0.80835,0.80859,2.25,1.50
2017.06.22 23:30:28.472,0.80834,0.80855,1.10,1.00
2017.06.22 23:30:28.624,0.8083,0.80853,1.57,1.00
2017.06.22 23:30:29.151,0.80831,0.80854,1.50,1.00
2017.06.22 23:30:33.944,0.80833,0.80856,1.00,1.50
2017.06.22 23:30:34.249,0.80841,0.80857,1.00,1.00
2017.06.22 23:30:34.300,0.80841,0.80864,1.00,1.00
2017.06.22 23:30:38.802,0.80842,0.80864,1.00,1.00
2017.06.22 23:30:39.509,0.80842,0.80866,1.00,1.00
2017.06.22 23:30:39.833,0.8084,0.80866,1.50,1.00
2017.06.22 23:30:40.533,0.80842,0.80865,1.00,1.00
2017.06.22 23:30:42.077,0.80843,0.80866,1.00,1.00
2017.06.22 23:31:02.825,0.80842,0.80866,1.00,1.50
2017.06.22 23:31:04.866,0.80843,0.80866,1.00,1.00
2017.06.22 23:31:10.833,0.80842,0.80866,1.00,1.00
2017.06.22 23:31:11.833,0.80843,0.80866,1.00,1.00
2017.06.22 23:31:29.324,0.80844,0.80867,1.00,1.00
2017.06.22 23:31:29.974,0.80844,0.80868,1.50,1.00
2017.06.22 23:31:32.242,0.80844,0.80866,1.00,1.00
2017.06.22 23:31:49.394,0.80844,0.80867,1.00,1.50
2017.06.22 23:31:50.138,0.80844,0.80866,1.00,1.00
2017.06.22 23:31:50.726,0.80844,0.80867,1.00,1.50
2017.06.22 23:31:53.392,0.80844,0.80866,1.00,1.00
2017.06.22 23:31:54.302,0.80844,0.80865,1.00,1.00
2017.06.22 23:31:54.889,0.80844,0.80866,1.00,1.00
2017.06.22 23:31:58.408,0.80841,0.80864,1.50,1.00
2017.06.22 23:31:58.459,0.80841,0.80862,1.00,1.50
2017.06.22 23:31:58.510,0.80839,0.80861,1.87,1.00
2017.06.22 23:31:58.561,0.80841,0.80862,1.00,1.00
2017.06.22 23:31:58.713,0.80839,0.80861,1.00,1.00
2017.06.22 23:31:59.230,0.80839,0.8086,1.00,1.00
2017.06.22 23:31:59.836,0.80839,0.80861,1.50,1.00
2017.06.22 23:32:00.381,0.80839,0.8086,1.00,1.00
2017.06.22 23:32:01.086,0.8084,0.80861,1.00,1.00
2017.06.22 23:32:02.075,0.80839,0.80861,1.50,1.00
2017.06.22 23:32:06.055,0.80839,0.80858,1.00,1.00
2017.06.22 23:32:06.344,0.80838,0.80861,1.00,1.00
2017.06.22 23:32:07.017,0.80838,0.8086,1.50,1.00
2017.06.22 23:32:07.563,0.80839,0.8086,1.50,1.00
2017.06.22 23:32:08.339,0.80839,0.80861,1.50,1.00
2017.06.22 23:32:08.723,0.80838,0.80859,1.00,1.00
2017.06.22 23:32:09.266,0.80837,0.80859,1.50,1.00
2017.06.22 23:32:09.676,0.80839,0.80859,1.00,1.00
2017.06.22 23:32:10.701,0.80838,0.80859,1.00,1.50
2017.06.22 23:32:10.803,0.80836,0.80858,1.00,1.00
2017.06.22 23:32:11.317,0.80837,0.80857,1.00,1.00
2017.06.22 23:32:13.084,0.80836,0.80857,1.00,1.50
2017.06.22 23:32:13.135,0.80834,0.80855,2.25,1.00
2017.06.22 23:32:19.102,0.80834,0.80853,1.00,1.00
2017.06.22 23:32:22.785,0.80834,0.80854,1.00,1.00
2017.06.22 23:32:23.528,0.80834,0.80853,1.00,1.00
2017.06.22 23:32:23.986,0.80834,0.80855,1.00,1.00
2017.06.22 23:32:24.518,0.80835,0.80855,1.00,1.00
2017.06.22 23:32:28.818,0.80835,0.80854,1.00,1.00
2017.06.22 23:32:29.383,0.80835,0.80855,1.00,1.00
2017.06.22 23:32:30.178,0.80835,0.80854,1.00,1.00
2017.06.22 23:32:31.477,0.80835,0.80855,1.00,1.00
2017.06.22 23:32:31.781,0.80835,0.80853,1.00,1.00
2017.06.22 23:32:32.373,0.80835,0.80854,1.00,1.00
2017.06.22 23:32:32.829,0.80836,0.80857,1.00,1.00
2017.06.22 23:32:32.930,0.80834,0.80855,2.32,1.00
2017.06.22 23:32:33.342,0.80836,0.80856,1.00,1.00
2017.06.22 23:32:34.745,0.80835,0.80856,1.50,1.00
2017.06.22 23:32:36.629,0.80835,0.80855,1.12,1.00
2017.06.22 23:32:36.730,0.80835,0.80857,1.12,1.00
2017.06.22 23:32:36.781,0.80835,0.80855,1.00,1.00
2017.06.22 23:32:36.983,0.80835,0.80857,2.25,1.00
2017.06.22 23:32:37.511,0.80835,0.80856,2.70,1.00
2017.06.22 23:32:38.021,0.80836,0.80856,1.00,1.00
2017.06.22 23:32:39.121,0.80835,0.80856,1.12,1.00
2017.06.22 23:32:40.024,0.80836,0.80856,1.00,1.00
2017.06.22 23:32:41.025,0.80835,0.80856,1.87,1.00
2017.06.22 23:32:46.117,0.80835,0.80855,1.87,1.00
2017.06.22 23:32:48.598,0.80835,0.80851,1.00,1.00
2017.06.22 23:32:48.649,0.80833,0.80851,1.00,1.00
2017.06.22 23:32:48.752,0.8083,0.80851,2.70,1.00
2017.06.22 23:32:49.278,0.80832,0.80852,1.00,1.00
2017.06.22 23:32:49.797,0.80833,0.80852,1.00,1.00
2017.06.22 23:32:49.848,0.80835,0.80853,1.00,1.00
2017.06.22 23:32:49.950,0.80832,0.80851,1.00,1.00
2017.06.22 23:32:51.667,0.80832,0.80852,1.00,1.00
2017.06.22 23:32:51.819,0.80833,0.80854,1.50,1.00
2017.06.22 23:32:52.062,0.80835,0.80854,1.00,1.00
2017.06.22 23:33:03.394,0.80835,0.80855,1.00,1.00
2017.06.22 23:33:05.594,0.80835,0.80854,1.00,1.00
2017.06.22 23:33:07.491,0.80835,0.80855,1.00,1.00
2017.06.22 23:33:09.621,0.80835,0.80854,1.00,1.00
2017.06.22 23:33:09.946,0.80837,0.80854,1.00,1.00
2017.06.22 23:33:09.997,0.80837,0.80857,1.00,1.00
2017.06.22 23:33:10.099,0.80839,0.80858,1.00,1.00
2017.06.22 23:33:10.609,0.80839,0.80859,1.00,1.00
2017.06.22 23:33:11.229,0.8084,0.80859,1.50,1.00
2017.06.22 23:33:13.902,0.80841,0.80859,1.00,1.00
2017.06.22 23:33:14.206,0.80843,0.80863,1.00,1.00
2017.06.22 23:33:14.724,0.80844,0.80864,1.00,1.00
2017.06.22 23:33:15.334,0.80845,0.80864,1.00,1.00
2017.06.22 23:33:18.593,0.80845,0.80865,1.00,1.00
2017.06.22 23:33:20.183,0.80845,0.80864,1.00,1.00
2017.06.22 23:33:25.148,0.80845,0.80862,1.00,1.00
2017.06.22 23:33:25.367,0.80842,0.8086,1.00,1.00
2017.06.22 23:33:25.571,0.8084,0.8086,1.50,1.00
2017.06.22 23:33:25.623,0.8084,0.80857,1.00,1.00
2017.06.22 23:33:25.776,0.80834,0.80853,1.50,1.00
2017.06.22 23:33:25.878,0.80831,0.80851,1.12,1.00
2017.06.22 23:33:26.525,0.80832,0.80851,1.00,1.00
2017.06.22 23:33:27.114,0.80832,0.80852,1.00,1.00
2017.06.22 23:33:27.639,0.80833,0.80851,1.00,1.00
2017.06.22 23:33:28.632,0.80833,0.80852,1.00,1.00
2017.06.22 23:33:29.198,0.80833,0.80851,1.00,1.00
2017.06.22 23:33:34.271,0.80833,0.80852,1.00,1.00
2017.06.22 23:33:34.886,0.80833,0.80851,1.00,1.00
2017.06.22 23:33:37.429,0.80832,0.80851,1.00,1.00
2017.06.22 23:33:38.427,0.80833,0.80851,1.00,1.00
2017.06.22 23:33:42.381,0.80833,0.80852,1.00,1.00
2017.06.22 23:33:42.888,0.80832,0.80852,1.00,1.00
2017.06.22 23:33:43.929,0.80832,0.80851,1.50,1.00
2017.06.22 23:33:44.437,0.80833,0.80851,1.00,1.00
2017.06.22 23:33:56.382,0.80833,0.80852,1.00,1.00
2017.06.22 23:33:57.173,0.80833,0.80851,1.00,1.00
2017.06.22 23:33:58.400,0.80832,0.80851,1.00,1.00
2017.06.22 23:33:59.262,0.80832,0.80852,1.00,1.00
2017.06.22 23:34:00.055,0.80832,0.80851,1.00,1.00
2017.06.22 23:34:04.336,0.8083,0.80846,1.00,1.00
2017.06.22 23:34:04.535,0.80827,0.80847,1.50,1.00
2017.06.22 23:34:04.586,0.80827,0.80844,1.00,1.00
2017.06.22 23:34:04.637,0.80825,0.80843,1.00,1.00
2017.06.22 23:34:05.146,0.80824,0.80843,1.50,1.00
2017.06.22 23:34:05.755,0.80825,0.80843,1.00,1.00
2017.06.22 23:34:07.680,0.80825,0.80842,1.00,1.00
2017.06.22 23:34:07.731,0.80822,0.80841,1.50,1.00
2017.06.22 23:34:08.283,0.80822,0.8084,1.00,1.00
2017.06.22 23:34:09.211,0.80821,0.8084,1.50,1.00
2017.06.22 23:34:09.774,0.80822,0.8084,1.50,1.00
2017.06.22 23:34:14.916,0.8082,0.8084,1.50,1.00
2017.06.22 23:34:16.427,0.8082,0.80841,1.50,1.00
2017.06.22 23:34:17.323,0.8082,0.8084,1.50,1.00
2017.06.22 23:34:17.839,0.80821,0.8084,1.00,1.00
2017.06.22 23:34:20.442,0.8082,0.8084,1.00,1.00
2017.06.22 23:34:21.381,0.8082,0.80841,1.00,1.00
2017.06.22 23:34:23.030,0.80821,0.80841,1.00,1.00
2017.06.22 23:34:24.024,0.8082,0.8084,1.50,1.00
2017.06.22 23:34:24.825,0.80821,0.8084,1.00,1.00
2017.06.22 23:34:26.888,0.80822,0.8084,1.00,1.00
2017.06.22 23:34:27.293,0.80822,0.80842,1.50,1.00
2017.06.22 23:34:27.882,0.80822,0.80841,1.50,1.00
2017.06.22 23:34:36.933,0.80822,0.80842,1.50,1.00
2017.06.22 23:34:40.433,0.80822,0.80841,1.50,1.00
2017.06.22 23:34:41.390,0.80821,0.80841,1.50,1.00
2017.06.22 23:34:43.642,0.80822,0.80841,1.00,1.00
2017.06.22 23:34:46.259,0.80822,0.80841,3.00,1.00
2017.06.22 23:34:46.936,0.80822,0.80842,1.75,1.00
2017.06.22 23:34:47.750,0.80822,0.80841,1.75,1.00
2017.06.22 23:34:50.403,0.80822,0.80842,3.00,1.00
2017.06.22 23:34:54.433,0.80822,0.80841,3.00,1.00
2017.06.22 23:35:02.447,0.80822,0.8084,3.00,1.00
2017.06.22 23:35:03.875,0.80824,0.80838,1.00,1.00
2017.06.22 23:35:04.634,0.80822,0.80839,1.75,1.00
2017.06.22 23:35:05.370,0.80822,0.80838,1.75,1.00
2017.06.22 23:35:08.404,0.80822,0.80839,1.75,1.00
2017.06.22 23:35:09.774,0.80822,0.80838,1.75,1.00
2017.06.22 23:35:16.040,0.80822,0.80839,2.25,1.00
2017.06.22 23:35:16.091,0.80822,0.80841,2.25,1.00
2017.06.22 23:35:17.227,0.80825,0.80841,1.00,1.00
2017.06.22 23:35:17.432,0.80825,0.80842,1.50,1.00
2017.06.22 23:35:23.782,0.80822,0.8084,2.25,1.00
2017.06.22 23:35:23.934,0.80822,0.80839,1.12,1.00
2017.06.22 23:35:39.533,0.8082,0.8084,2.25,1.00
2017.06.22 23:35:40.235,0.80821,0.80839,1.50,1.00
2017.06.22 23:35:41.734,0.80821,0.8084,1.50,1.00
2017.06.22 23:35:42.384,0.80821,0.80839,1.50,1.00
2017.06.22 23:35:43.712,0.80821,0.8084,1.50,1.00
2017.06.22 23:35:44.234,0.80821,0.80839,1.50,1.00
2017.06.22 23:35:45.486,0.80821,0.8084,1.50,1.00
2017.06.22 23:35:46.034,0.80821,0.80839,1.50,1.00
2017.06.22 23:35:47.285,0.80821,0.8084,1.50,1.00
2017.06.22 23:35:47.835,0.80821,0.80839,1.50,1.00
2017.06.22 23:35:49.741,0.80821,0.80839,1.00,1.00
2017.06.22 23:35:56.934,0.80821,0.8084,1.00,1.00
2017.06.22 23:35:57.435,0.80821,0.80839,1.00,1.00
2017.06.22 23:35:58.355,0.80821,0.8084,1.00,1.00
2017.06.22 23:35:58.962,0.80821,0.80839,1.00,1.00
2017.06.22 23:36:05.609,0.80824,0.80842,1.00,1.12
2017.06.22 23:36:05.812,0.80825,0.80844,1.00,1.00
2017.06.22 23:36:06.331,0.80825,0.80843,1.00,1.00
2017.06.22 23:36:06.854,0.80825,0.80842,1.00,1.00
2017.06.22 23:36:07.904,0.80825,0.80844,1.00,1.00
2017.06.22 23:36:08.552,0.80825,0.80843,1.50,1.00
2017.06.22 23:36:12.672,0.80825,0.80844,1.50,1.00
2017.06.22 23:36:13.924,0.80825,0.80843,1.50,1.00
2017.06.22 23:36:15.025,0.80825,0.80844,1.50,1.00
2017.06.22 23:36:17.834,0.80825,0.80843,1.50,1.00
2017.06.22 23:36:20.292,0.80825,0.80844,1.50,1.00
2017.06.22 23:36:20.602,0.80825,0.80841,1.00,1.00
2017.06.22 23:36:21.141,0.80824,0.80841,1.00,1.00
2017.06.22 23:36:21.684,0.80823,0.80841,1.12,1.00
2017.06.22 23:36:28.283,0.80823,0.80842,1.12,1.00
2017.06.22 23:36:28.883,0.80823,0.80841,1.12,1.00
2017.06.22 23:36:29.884,0.80823,0.80842,1.12,1.00
2017.06.22 23:36:30.434,0.80823,0.80841,1.12,1.00
2017.06.22 23:36:33.334,0.80823,0.8084,1.12,1.00
2017.06.22 23:36:35.063,0.80823,0.80841,1.12,1.00
2017.06.22 23:36:35.575,0.80822,0.8084,1.50,1.00
2017.06.22 23:36:36.435,0.80822,0.80841,1.50,1.00
2017.06.22 23:36:36.995,0.80822,0.8084,1.00,1.00
2017.06.22 23:36:37.702,0.80822,0.80841,1.00,1.00
2017.06.22 23:36:38.235,0.80822,0.8084,1.00,1.00
2017.06.22 23:36:39.129,0.80821,0.80839,1.87,1.00
2017.06.22 23:36:39.636,0.80821,0.80838,1.00,1.00
2017.06.22 23:36:40.232,0.8082,0.80838,1.00,1.00
2017.06.22 23:36:45.303,0.80819,0.80838,1.50,1.00
2017.06.22 23:36:45.906,0.80819,0.80837,1.50,1.00
2017.06.22 23:36:46.338,0.80819,0.80835,1.00,1.00
2017.06.22 23:36:46.592,0.80816,0.80833,1.00,1.00
2017.06.22 23:36:47.101,0.80815,0.80834,1.12,1.00
2017.06.22 23:36:47.912,0.80815,0.80833,1.12,1.00
2017.06.22 23:36:48.755,0.80815,0.80834,1.12,1.00
2017.06.22 23:36:49.656,0.80815,0.80833,1.12,1.00
2017.06.22 23:36:50.334,0.80815,0.80834,1.12,1.00
2017.06.22 23:36:50.885,0.80815,0.80833,1.12,1.00
2017.06.22 23:36:54.023,0.80815,0.80834,1.12,1.00
2017.06.22 23:36:54.658,0.80815,0.80833,1.12,1.00
2017.06.22 23:36:55.434,0.80815,0.80834,1.12,1.00
2017.06.22 23:36:56.163,0.80815,0.80833,1.12,1.00
2017.06.22 23:37:04.465,0.80815,0.80834,1.12,1.00
2017.06.22 23:37:05.837,0.80815,0.80833,1.12,1.00
2017.06.22 23:37:06.396,0.80816,0.80833,1.00,1.00
2017.06.22 23:37:09.114,0.80817,0.80834,1.00,1.00
2017.06.22 23:37:09.216,0.80817,0.80834,1.75,1.00
2017.06.22 23:37:09.732,0.80817,0.80835,1.75,1.00
2017.06.22 23:37:11.237,0.80817,0.80836,1.75,1.00
2017.06.22 23:37:11.866,0.80817,0.80835,1.75,1.00
2017.06.22 23:37:12.372,0.8082,0.80836,1.00,1.00
2017.06.22 23:37:14.047,0.8082,0.80837,1.00,1.00
2017.06.22 23:37:14.404,0.8082,0.80839,1.00,1.00
2017.06.22 23:37:14.914,0.8082,0.80838,1.00,1.00
2017.06.22 23:37:15.486,0.8082,0.80839,1.00,1.00
2017.06.22 23:37:16.005,0.8082,0.80838,1.00,1.00
2017.06.22 23:37:28.248,0.80821,0.80838,1.00,1.00
2017.06.22 23:37:32.013,0.80821,0.80839,1.12,1.00
2017.06.22 23:37:32.535,0.80821,0.80838,1.12,1.00
2017.06.22 23:38:01.834,0.8082,0.80839,2.25,1.00
2017.06.22 23:38:02.335,0.8082,0.80838,2.25,1.00
2017.06.22 23:38:13.833,0.80821,0.80839,1.12,1.00
2017.06.22 23:38:16.394,0.80821,0.80838,1.12,1.00
2017.06.22 23:38:21.834,0.80821,0.80839,1.12,1.00
2017.06.22 23:38:22.523,0.80821,0.80838,1.12,1.00
2017.06.22 23:38:52.394,0.80821,0.80839,1.12,1.00
2017.06.22 23:38:53.434,0.80821,0.80838,1.12,1.00
2017.06.22 23:38:59.007,0.80822,0.80838,1.00,1.00
2017.06.22 23:39:09.705,0.80822,0.80839,1.00,1.00
2017.06.22 23:39:12.469,0.80822,0.80838,1.00,1.00
2017.06.22 23:39:17.484,0.80822,0.80839,1.50,1.00
2017.06.22 23:39:18.346,0.80822,0.80838,1.50,1.00
2017.06.22 23:39:27.359,0.80822,0.80839,1.00,1.00
2017.06.22 23:39:29.693,0.80822,0.8084,1.00,1.00
2017.06.22 23:39:30.269,0.80822,0.80839,1.12,1.00
2017.06.22 23:39:35.229,0.80823,0.80839,1.00,1.00
2017.06.22 23:39:39.634,0.80823,0.8084,1.00,1.00
2017.06.22 23:39:40.222,0.80823,0.80839,1.00,1.00
2017.06.22 23:39:47.448,0.80823,0.8084,1.00,1.00
2017.06.22 23:39:48.129,0.80822,0.8084,1.87,1.00
2017.06.22 23:39:48.874,0.80822,0.80839,1.87,1.00
2017.06.22 23:39:52.345,0.80822,0.8084,1.87,1.00
2017.06.22 23:39:52.958,0.80822,0.80839,1.87,1.00
2017.06.22 23:39:55.395,0.80822,0.8084,1.87,1.00
2017.06.22 23:39:59.343,0.80822,0.80839,1.87,1.00
2017.06.22 23:40:09.142,0.80822,0.8084,1.12,1.00
2017.06.22 23:40:09.656,0.80822,0.80839,1.12,1.00
2017.06.22 23:40:10.319,0.80822,0.8084,1.12,1.00
2017.06.22 23:40:11.432,0.80822,0.80839,1.12,1.00
2017.06.22 23:40:15.031,0.80822,0.8084,1.87,1.00
2017.06.22 23:40:15.565,0.80822,0.80839,1.87,1.00
2017.06.22 23:40:16.710,0.80822,0.8084,1.87,1.00
2017.06.22 23:40:17.282,0.80822,0.80839,1.87,1.00
2017.06.22 23:40:19.085,0.80822,0.8084,1.87,1.00
2017.06.22 23:40:19.633,0.80822,0.80839,1.87,1.00
2017.06.22 23:40:36.043,0.80822,0.8084,1.87,1.00
2017.06.22 23:40:36.549,0.80822,0.80839,1.87,1.00
2017.06.22 23:40:37.412,0.80823,0.80839,1.00,1.00
2017.06.22 23:40:37.564,0.80825,0.80841,1.00,1.00
2017.06.22 23:40:38.070,0.80826,0.80841,1.50,1.00
2017.06.22 23:40:38.733,0.80826,0.80842,1.50,1.00
2017.06.22 23:40:39.469,0.80826,0.80841,1.50,1.00
2017.06.22 23:40:41.362,0.80826,0.80842,1.50,1.00
2017.06.22 23:40:43.823,0.80827,0.80842,1.00,1.00
2017.06.22 23:40:47.796,0.80826,0.80842,1.00,1.00
2017.06.22 23:40:48.784,0.80827,0.80842,1.00,1.00
2017.06.22 23:40:54.784,0.80826,0.80842,1.00,1.00
2017.06.22 23:41:01.424,0.80826,0.80841,1.00,1.00
2017.06.22 23:41:03.434,0.80826,0.80842,1.00,1.00
2017.06.22 23:41:06.064,0.80825,0.80842,1.87,1.00
2017.06.22 23:41:06.566,0.80825,0.80841,1.87,1.00
2017.06.22 23:41:07.226,0.80826,0.80841,1.00,1.00
2017.06.22 23:41:07.821,0.80825,0.80841,1.87,1.00
2017.06.22 23:41:08.822,0.80826,0.80841,1.00,1.00
2017.06.22 23:41:10.824,0.80825,0.80841,1.12,1.00
2017.06.22 23:41:17.656,0.80823,0.80838,1.75,1.00
2017.06.22 23:41:17.858,0.80822,0.80837,1.00,1.00
2017.06.22 23:41:24.484,0.80821,0.80837,1.87,1.00
2017.06.22 23:41:29.412,0.80821,0.80838,1.12,1.00
2017.06.22 23:41:29.963,0.80821,0.80837,1.12,1.00
2017.06.22 23:41:32.912,0.8082,0.80836,1.50,1.00
2017.06.22 23:41:33.919,0.8082,0.80836,1.12,1.00
2017.06.22 23:41:34.452,0.80819,0.80835,1.50,1.00
2017.06.22 23:41:41.425,0.80818,0.80834,2.25,1.00
2017.06.22 23:41:41.977,0.80818,0.80833,1.75,1.00
2017.06.22 23:41:45.821,0.80817,0.80834,1.75,1.00
2017.06.22 23:41:48.906,0.80819,0.80835,2.25,1.00
2017.06.22 23:41:51.392,0.8082,0.80836,1.12,1.00
2017.06.22 23:41:52.038,0.8082,0.80835,1.12,1.00
2017.06.22 23:41:53.777,0.8082,0.80836,1.12,1.00
2017.06.22 23:41:54.993,0.8082,0.80835,1.12,1.00
2017.06.22 23:42:12.616,0.8082,0.80836,1.00,1.00
2017.06.22 23:42:13.284,0.80819,0.80836,1.87,1.00
2017.06.22 23:42:16.857,0.8082,0.80836,1.00,1.00
2017.06.22 23:42:17.408,0.8082,0.80837,1.00,1.00
2017.06.22 23:42:18.942,0.8082,0.80836,1.00,1.00
2017.06.22 23:42:25.611,0.8082,0.80837,1.00,1.00
2017.06.22 23:42:26.321,0.8082,0.80836,1.00,1.00
2017.06.22 23:42:29.742,0.8082,0.80837,1.00,1.00
2017.06.22 23:42:30.283,0.8082,0.80836,1.00,1.00
2017.06.22 23:42:30.941,0.8082,0.80837,1.00,1.00
2017.06.22 23:42:32.392,0.8082,0.80836,1.00,1.00
2017.06.22 23:42:35.023,0.8082,0.80837,1.00,1.00
2017.06.22 23:42:35.125,0.80818,0.80834,2.25,1.00
2017.06.22 23:42:35.227,0.80819,0.80836,1.87,1.00
2017.06.22 23:42:35.329,0.80819,0.80833,1.12,1.00
2017.06.22 23:42:35.633,0.80817,0.80831,1.00,1.00
2017.06.22 23:42:35.785,0.80814,0.80831,1.87,1.00
2017.06.22 23:42:40.437,0.80815,0.80831,1.00,1.00
2017.06.22 23:42:40.955,0.80815,0.80832,1.00,1.00
2017.06.22 23:42:41.646,0.80815,0.80831,1.00,1.00
2017.06.22 23:42:41.849,0.80817,0.80833,1.00,1.00
2017.06.22 23:42:41.900,0.80817,0.80835,1.00,1.00
2017.06.22 23:42:42.103,0.80817,0.80834,3.00,1.00
2017.06.22 23:42:42.631,0.80817,0.80835,3.00,1.00
2017.06.22 23:42:43.736,0.80818,0.80836,1.75,1.00
2017.06.22 23:42:44.253,0.80818,0.80835,2.25,1.00
2017.06.22 23:42:44.885,0.8082,0.80836,1.12,1.00
2017.06.22 23:42:45.556,0.80821,0.80836,1.00,1.00
2017.06.22 23:42:46.238,0.80821,0.80837,1.00,1.00
2017.06.22 23:42:46.752,0.80822,0.80838,1.00,1.00
2017.06.22 23:42:47.261,0.80823,0.80838,1.12,1.00
2017.06.22 23:42:49.589,0.80822,0.80839,2.25,1.00
2017.06.22 23:42:50.697,0.80823,0.8084,1.87,1.00
2017.06.22 23:42:57.783,0.80823,0.80841,1.87,1.00
2017.06.22 23:42:58.331,0.80823,0.8084,1.87,1.00
2017.06.22 23:43:01.072,0.80823,0.80839,1.12,1.00
2017.06.22 23:43:01.740,0.80821,0.80838,3.00,1.00
2017.06.22 23:43:05.156,0.80821,0.80837,2.25,1.00
2017.06.22 23:43:05.411,0.80819,0.80835,1.50,1.00
2017.06.22 23:43:05.939,0.80818,0.80834,1.75,1.00
2017.06.22 23:43:06.477,0.80818,0.80833,1.75,1.00
2017.06.22 23:43:13.203,0.80815,0.80833,3.37,1.00
2017.06.22 23:43:14.292,0.80811,0.80827,4.87,1.00
2017.06.22 23:43:14.393,0.8081,0.80826,2.25,1.00
2017.06.22 23:43:14.545,0.80808,0.80824,1.75,1.00
2017.06.22 23:43:14.596,0.80807,0.80825,2.85,1.00
2017.06.22 23:43:17.282,0.80807,0.80826,3.60,1.00
2017.06.22 23:43:17.833,0.80808,0.80825,1.12,1.00
2017.06.22 23:43:19.643,0.80809,0.80825,1.00,1.00
2017.06.22 23:43:22.184,0.80808,0.80826,1.12,1.00
2017.06.22 23:43:22.833,0.80809,0.80825,1.00,1.00
2017.06.22 23:43:28.778,0.80807,0.80825,2.25,1.00
2017.06.22 23:43:30.924,0.80806,0.80826,3.00,1.00
2017.06.22 23:43:31.484,0.80806,0.80825,3.00,1.00
2017.06.22 23:43:34.351,0.80806,0.80824,3.00,1.00
2017.06.22 23:43:35.432,0.80806,0.80825,3.00,1.00
2017.06.22 23:43:35.934,0.80806,0.80824,3.00,1.00
2017.06.22 23:43:36.445,0.80806,0.80825,3.00,1.00
2017.06.22 23:43:37.013,0.80806,0.80824,3.00,1.00
2017.06.22 23:43:38.434,0.80806,0.80825,3.00,1.00
2017.06.22 23:43:42.292,0.80806,0.80826,3.00,1.50
2017.06.22 23:43:43.642,0.80806,0.80825,3.00,1.00
2017.06.22 23:43:44.433,0.80806,0.80826,3.00,1.50
2017.06.22 23:43:44.965,0.80806,0.80825,3.00,1.00
2017.06.22 23:43:45.473,0.80806,0.80826,3.00,1.50
2017.06.22 23:43:47.011,0.80806,0.80825,3.00,1.00
2017.06.22 23:43:47.769,0.80806,0.80826,3.00,1.50
2017.06.22 23:43:48.432,0.80806,0.80825,3.00,1.00
2017.06.22 23:43:53.371,0.80806,0.80824,3.00,1.00
2017.06.22 23:43:55.519,0.80806,0.80826,3.00,1.50
2017.06.22 23:44:08.433,0.80806,0.80827,3.00,1.50
2017.06.22 23:44:09.739,0.80806,0.80826,2.25,1.00
2017.06.22 23:44:11.190,0.80808,0.80828,2.47,1.00
2017.06.22 23:44:11.394,0.80809,0.80829,1.37,1.50
2017.06.22 23:44:11.934,0.8081,0.80829,2.25,1.00
2017.06.22 23:44:15.137,0.8081,0.80828,1.50,1.00
2017.06.22 23:44:15.878,0.8081,0.8083,1.50,1.00
2017.06.22 23:44:16.181,0.80812,0.80831,1.37,1.50
2017.06.22 23:44:16.782,0.80812,0.80831,1.75,1.50
2017.06.22 23:44:33.862,0.80812,0.80831,1.50,1.00
2017.06.22 23:44:47.120,0.80812,0.80832,1.50,1.00
2017.06.22 23:44:49.856,0.80813,0.80833,2.10,1.50
2017.06.22 23:44:50.370,0.80814,0.80833,1.50,1.50
2017.06.22 23:44:58.736,0.80814,0.80831,1.50,1.50
2017.06.22 23:44:58.990,0.8081,0.80828,1.67,1.00
2017.06.22 23:45:00.148,0.8081,0.80829,1.67,1.00
2017.06.22 23:45:00.619,0.8081,0.80831,2.10,1.50
2017.06.22 23:45:00.720,0.80811,0.80831,3.75,1.50
2017.06.22 23:45:01.290,0.80811,0.80831,3.75,1.50
2017.06.22 23:45:02.021,0.80813,0.80834,1.50,1.50
2017.06.22 23:45:02.224,0.80815,0.80834,1.37,1.50
2017.06.22 23:45:02.762,0.80816,0.80835,1.50,1.00
2017.06.22 23:45:03.839,0.80816,0.80834,1.50,1.00
2017.06.22 23:45:05.110,0.80817,0.80835,1.12,1.00
2017.06.22 23:45:05.639,0.80817,0.80834,1.12,1.00
2017.06.22 23:45:07.822,0.80817,0.80836,1.12,1.00
2017.06.22 23:45:11.813,0.80817,0.80835,1.12,1.00
2017.06.22 23:45:12.367,0.80817,0.80834,1.12,1.00
2017.06.22 23:45:14.588,0.80817,0.80836,1.87,1.00
2017.06.22 23:45:14.639,0.80817,0.80837,2.25,1.00
2017.06.22 23:45:15.145,0.80819,0.80836,1.50,1.00
2017.06.22 23:45:15.196,0.80819,0.80838,1.50,1.50
2017.06.22 23:45:17.236,0.8082,0.8084,1.00,1.50
2017.06.22 23:45:17.338,0.80822,0.80841,1.12,1.00
2017.06.22 23:45:17.643,0.80823,0.8084,1.75,1.00
2017.06.22 23:45:17.865,0.80822,0.80839,1.50,1.00
2017.06.22 23:45:23.998,0.80819,0.80837,2.25,1.00
2017.06.22 23:45:24.150,0.80819,0.80837,2.25,1.00
2017.06.22 23:45:24.848,0.80819,0.80838,1.50,1.00
2017.06.22 23:45:29.189,0.80819,0.80837,2.25,1.00
2017.06.22 23:45:29.700,0.80819,0.80839,1.50,1.00
2017.06.22 23:45:30.604,0.80819,0.80836,1.50,1.00
2017.06.22 23:45:33.191,0.80819,0.80837,1.50,1.00
2017.06.22 23:45:33.875,0.80817,0.80836,2.25,1.00
2017.06.22 23:45:35.079,0.80817,0.80837,2.25,1.00
2017.06.22 23:45:35.752,0.80817,0.80836,3.00,1.00
2017.06.22 23:45:37.047,0.80817,0.80834,2.25,1.00
2017.06.22 23:45:37.250,0.80814,0.80833,2.25,1.00
2017.06.22 23:45:43.216,0.80813,0.80831,1.50,1.00
2017.06.22 23:45:43.268,0.80813,0.8083,1.50,1.00
2017.06.22 23:45:43.522,0.80812,0.80832,2.25,1.00
2017.06.22 23:45:45.313,0.80812,0.80831,2.25,1.00
2017.06.22 23:45:45.999,0.80812,0.80832,3.00,1.00
2017.06.22 23:46:00.745,0.80812,0.8083,2.25,1.50
2017.06.22 23:46:00.898,0.80811,0.80831,4.50,1.00
2017.06.22 23:46:00.949,0.80812,0.80829,1.12,1.00
2017.06.22 23:46:03.248,0.80811,0.80828,1.50,1.00
2017.06.22 23:46:13.609,0.80811,0.80829,1.50,1.00
2017.06.22 23:46:15.442,0.80811,0.8083,1.50,1.00
2017.06.22 23:46:28.510,0.80811,0.80829,1.50,1.00
2017.06.22 23:46:29.588,0.8081,0.8083,2.85,1.50
2017.06.22 23:46:30.112,0.8081,0.80829,2.10,1.00
2017.06.22 23:46:38.418,0.8081,0.8083,2.10,1.50
2017.06.22 23:46:39.429,0.8081,0.80829,2.10,1.00
2017.06.22 23:46:39.965,0.8081,0.8083,2.10,1.50
2017.06.22 23:46:43.492,0.8081,0.80829,2.10,1.00
2017.06.22 23:46:47.736,0.80811,0.8083,1.50,1.00
2017.06.22 23:46:47.990,0.80811,0.80832,3.00,1.50
2017.06.22 23:46:49.206,0.80813,0.80832,1.00,1.00
2017.06.22 23:46:53.429,0.80813,0.80833,1.50,1.00
2017.06.22 23:46:56.398,0.80813,0.80832,2.25,1.00
2017.06.22 23:46:57.135,0.80814,0.80832,1.00,1.00
2017.06.22 23:47:00.663,0.80813,0.80832,2.25,1.00
2017.06.22 23:47:02.965,0.80814,0.80832,1.00,1.00
2017.06.22 23:47:03.467,0.80814,0.80833,1.12,1.00
2017.06.22 23:47:05.822,0.80813,0.80832,2.85,1.00
2017.06.22 23:47:07.921,0.80812,0.80831,1.75,1.00
2017.06.22 23:47:09.253,0.80813,0.80832,2.25,1.00
2017.06.22 23:47:13.220,0.80814,0.80833,1.12,1.00
2017.06.22 23:47:17.106,0.80815,0.80835,1.00,1.00
2017.06.22 23:47:17.619,0.80816,0.80835,1.50,1.50
2017.06.22 23:47:21.141,0.80816,0.80835,1.37,1.50
2017.06.22 23:47:21.717,0.80816,0.80834,1.50,1.00
2017.06.22 23:47:25.650,0.80815,0.80835,3.00,1.00
2017.06.22 23:47:25.752,0.80816,0.80833,2.25,1.00
2017.06.22 23:47:26.356,0.80816,0.80834,2.25,1.00
2017.06.22 23:47:26.660,0.80806,0.80825,2.25,1.00
2017.06.22 23:47:30.018,0.80806,0.80824,2.25,1.00
2017.06.22 23:47:37.686,0.80805,0.80822,1.75,1.50
2017.06.22 23:47:37.839,0.80804,0.80823,1.50,1.50
2017.06.22 23:47:38.416,0.80803,0.80822,3.00,1.00
2017.06.22 23:47:41.596,0.80803,0.80823,1.75,1.50
2017.06.22 23:47:42.097,0.80803,0.80822,3.00,1.00
2017.06.22 23:47:45.119,0.80803,0.80823,2.25,1.00
2017.06.22 23:47:47.352,0.80803,0.80821,1.75,1.50
2017.06.22 23:47:53.776,0.80803,0.80821,1.50,1.50
2017.06.22 23:47:54.315,0.80803,0.80821,1.12,1.50
2017.06.22 23:47:58.540,0.80805,0.80822,1.00,1.00
2017.06.22 23:47:58.590,0.80805,0.80824,1.00,1.50
2017.06.22 23:47:59.214,0.80806,0.80824,1.50,1.50
2017.06.22 23:48:01.559,0.80807,0.80824,1.00,1.00
2017.06.22 23:48:06.625,0.80806,0.80824,1.50,1.00
2017.06.22 23:48:15.308,0.80806,0.80825,1.00,1.00
2017.06.22 23:48:15.815,0.80807,0.80825,1.00,1.00
2017.06.22 23:48:19.737,0.80806,0.80825,2.25,1.50
2017.06.22 23:48:20.938,0.80807,0.80825,1.00,1.50
2017.06.22 23:48:22.740,0.80806,0.80825,2.25,1.50
2017.06.22 23:48:29.675,0.80806,0.80826,1.50,1.50
2017.06.22 23:48:29.777,0.80808,0.80826,1.00,1.50
2017.06.22 23:48:30.274,0.80809,0.80828,1.00,1.50
2017.06.22 23:48:30.934,0.8081,0.80828,1.00,1.00
2017.06.22 23:48:31.618,0.80811,0.80828,1.00,1.00
2017.06.22 23:48:32.730,0.80811,0.80829,1.00,1.50
2017.06.22 23:48:46.395,0.80809,0.80828,1.75,1.00
2017.06.22 23:48:47.221,0.80808,0.80825,2.25,1.00
2017.06.22 23:48:47.424,0.80806,0.80824,1.12,1.00
2017.06.22 23:48:51.543,0.80804,0.80822,1.75,1.50
2017.06.22 23:48:51.797,0.808,0.8082,2.25,1.50
2017.06.22 23:48:52.621,0.80801,0.80819,1.50,1.00
2017.06.22 23:48:54.340,0.80805,0.80824,1.00,1.12
2017.06.22 23:48:54.492,0.80806,0.80824,1.75,1.00
2017.06.22 23:48:54.595,0.80808,0.80826,1.50,1.00
2017.06.22 23:48:54.697,0.80809,0.80828,1.12,1.50
2017.06.22 23:48:54.799,0.80811,0.8083,1.00,1.50
2017.06.22 23:49:00.703,0.80811,0.80829,1.00,1.00
2017.06.22 23:49:01.876,0.80811,0.8083,1.00,1.50
2017.06.22 23:49:02.575,0.8081,0.8083,4.87,1.00
2017.06.22 23:49:02.626,0.80812,0.80833,3.75,1.50
2017.06.22 23:49:08.330,0.80813,0.80831,1.75,1.00
2017.06.22 23:49:09.821,0.80812,0.8083,3.00,1.00
2017.06.22 23:49:11.011,0.80812,0.80831,2.25,1.50
2017.06.22 23:49:11.788,0.80812,0.8083,2.25,1.00
2017.06.22 23:49:12.420,0.80812,0.80831,2.25,1.50
2017.06.22 23:49:13.158,0.80812,0.8083,2.25,1.00
2017.06.22 23:49:13.803,0.80811,0.8083,1.50,1.00
2017.06.22 23:49:13.853,0.80811,0.8083,1.12,1.00
2017.06.22 23:49:16.215,0.8081,0.80831,2.25,1.50
2017.06.22 23:49:17.039,0.8081,0.8083,3.00,1.00
2017.06.22 23:49:26.786,0.8081,0.80829,2.25,1.00
2017.06.22 23:49:29.813,0.8081,0.80829,2.25,1.00
2017.06.22 23:49:42.709,0.8081,0.8083,2.85,1.50
2017.06.22 23:49:49.788,0.8081,0.8083,2.85,1.50
2017.06.22 23:49:53.709,0.8081,0.80828,1.75,1.00
2017.06.22 23:49:53.911,0.80809,0.80828,1.50,1.50
2017.06.22 23:49:55.799,0.80807,0.80827,1.35,1.50
2017.06.22 23:49:55.901,0.80807,0.80826,1.30,1.00
2017.06.22 23:49:56.438,0.80805,0.80825,3.00,1.00
2017.06.22 23:49:57.236,0.80806,0.80827,1.50,1.50
2017.06.22 23:49:57.388,0.80807,0.80828,2.25,1.50
2017.06.22 23:49:57.961,0.80807,0.80827,1.75,1.00
2017.06.22 23:49:58.548,0.80808,0.80828,1.75,1.00
2017.06.22 23:50:00.118,0.80808,0.80829,2.25,1.00
2017.06.22 23:50:00.645,0.80808,0.80828,3.00,1.00
2017.06.22 23:50:01.066,0.80808,0.80825,2.25,1.00
2017.06.22 23:50:01.771,0.80806,0.80826,2.25,1.00
2017.06.22 23:50:02.724,0.80806,0.80827,3.00,1.50
2017.06.22 23:50:09.210,0.80807,0.80826,1.75,1.00
2017.06.22 23:50:09.463,0.80806,0.80825,1.50,1.00
2017.06.22 23:50:10.396,0.80805,0.80823,2.10,1.50
2017.06.22 23:50:10.925,0.80804,0.80822,1.75,1.00
2017.06.22 23:50:11.504,0.80803,0.80821,3.00,1.00
2017.06.22 23:50:11.555,0.80803,0.80821,1.87,1.00
2017.06.22 23:50:29.707,0.80803,0.80821,1.00,1.00
2017.06.22 23:50:30.174,0.80803,0.80823,1.00,1.50
2017.06.22 23:50:30.823,0.80803,0.80822,1.00,1.00
2017.06.22 23:50:33.830,0.80803,0.80821,1.00,1.00
2017.06.22 23:50:45.938,0.80803,0.80822,1.00,1.00
2017.06.22 23:50:51.876,0.80805,0.80822,1.00,1.00
2017.06.22 23:50:56.667,0.80803,0.8082,1.00,1.00
2017.06.22 23:50:57.177,0.80804,0.8082,1.00,1.00
2017.06.22 23:50:57.495,0.80803,0.80818,1.00,1.00
2017.06.22 23:50:58.137,0.80803,0.80819,1.00,1.00
2017.06.22 23:50:58.686,0.80802,0.80819,1.50,1.00
2017.06.22 23:51:07.063,0.80803,0.80819,1.00,1.00
2017.06.22 23:51:10.297,0.80803,0.8082,1.00,1.50
2017.06.22 23:51:10.897,0.80802,0.8082,1.00,1.50
2017.06.22 23:51:11.504,0.80802,0.80819,1.00,1.00
2017.06.22 23:51:12.036,0.80803,0.80819,1.00,1.00
2017.06.22 23:51:14.696,0.80801,0.80819,1.50,1.00
2017.06.22 23:51:17.796,0.80801,0.8082,1.50,1.50
2017.06.22 23:51:17.948,0.80801,0.8082,1.37,1.50
2017.06.22 23:51:29.906,0.80802,0.80821,1.50,1.50
2017.06.22 23:51:42.032,0.80802,0.8082,1.50,1.00
2017.06.22 23:51:45.577,0.80803,0.80821,1.72,1.00
2017.06.22 23:51:46.087,0.80805,0.80822,1.00,1.00
2017.06.22 23:51:47.033,0.80805,0.80823,1.12,1.50
2017.06.22 23:51:47.595,0.80805,0.80822,1.12,1.00
2017.06.22 23:51:48.120,0.80805,0.80823,1.12,1.00
2017.06.22 23:51:48.663,0.80806,0.80823,1.00,1.00
2017.06.22 23:51:49.196,0.80806,0.80824,1.50,1.00
2017.06.22 23:51:52.396,0.80806,0.80825,1.00,1.50
2017.06.22 23:51:52.954,0.80806,0.80824,1.00,1.00
2017.06.22 23:51:57.160,0.80808,0.80826,1.12,1.00
2017.06.22 23:52:02.466,0.80808,0.80827,1.12,1.00
2017.06.22 23:52:04.017,0.80809,0.80827,1.00,1.00
2017.06.22 23:52:05.051,0.80809,0.80825,1.00,1.00
2017.06.22 23:52:05.704,0.80807,0.80825,1.50,1.50
2017.06.22 23:52:06.966,0.80807,0.80826,3.00,1.00
2017.06.22 23:52:07.384,0.80807,0.80828,2.85,1.00
2017.06.22 23:52:08.119,0.80809,0.80827,1.00,1.00
2017.06.22 23:52:11.396,0.80809,0.80828,1.00,1.50
2017.06.22 23:52:12.869,0.80809,0.80827,1.00,1.00
2017.06.22 23:52:13.417,0.80809,0.80827,1.50,1.00
2017.06.22 23:52:26.982,0.80807,0.80826,3.75,1.50
2017.06.22 23:52:29.722,0.80807,0.80826,2.25,1.50
2017.06.22 23:52:30.265,0.80807,0.80826,2.25,1.50
2017.06.22 23:52:49.707,0.80807,0.80825,1.50,1.00
2017.06.22 23:52:53.374,0.80806,0.80824,1.75,1.00
2017.06.22 23:52:54.405,0.80806,0.80825,2.25,1.50
2017.06.22 23:52:55.193,0.80806,0.80824,2.25,1.00
2017.06.22 23:52:55.726,0.80805,0.80823,3.60,1.00
2017.06.22 23:52:58.496,0.80805,0.80822,3.60,1.00
2017.06.22 23:53:09.788,0.80807,0.80822,1.12,1.00
2017.06.22 23:53:10.435,0.80807,0.80823,1.00,1.00
2017.06.22 23:53:13.781,0.80807,0.80822,1.00,1.00
2017.06.22 23:53:19.387,0.80806,0.80823,1.50,1.00
2017.06.22 23:53:25.472,0.80806,0.80822,1.50,1.00
2017.06.22 23:53:27.758,0.80805,0.80822,1.30,1.00
2017.06.22 23:53:30.229,0.80804,0.80823,1.50,1.50
2017.06.22 23:53:30.857,0.80804,0.80822,2.25,1.00
2017.06.22 23:53:31.425,0.80804,0.80823,1.50,1.00
2017.06.22 23:53:32.105,0.80804,0.80822,2.25,1.00
2017.06.22 23:53:45.782,0.80805,0.80821,1.12,1.50
2017.06.22 23:53:51.489,0.80806,0.80821,1.00,1.00
2017.06.22 23:53:55.258,0.80806,0.80822,1.00,1.50
2017.06.22 23:53:55.789,0.80806,0.80821,1.00,1.00
2017.06.22 23:53:58.915,0.80806,0.80822,1.00,1.00
2017.06.22 23:54:04.001,0.80805,0.80822,1.12,1.00
2017.06.22 23:54:09.466,0.80805,0.80821,1.12,1.00
2017.06.22 23:54:10.061,0.80805,0.80822,1.12,1.00
2017.06.22 23:54:11.867,0.80805,0.80821,1.12,1.00
2017.06.22 23:54:12.931,0.80804,0.8082,1.50,1.00
2017.06.22 23:54:13.736,0.80804,0.80819,1.50,1.00
2017.06.22 23:54:14.514,0.80804,0.80817,1.50,1.00
2017.06.22 23:54:14.616,0.80799,0.80818,1.50,1.50
2017.06.22 23:54:15.166,0.80798,0.80817,1.75,1.00
2017.06.22 23:54:16.075,0.80797,0.80816,1.87,1.00
2017.06.22 23:54:16.328,0.80796,0.80813,1.50,1.00
2017.06.22 23:54:18.455,0.80794,0.80812,1.37,1.00
2017.06.22 23:54:18.506,0.80794,0.8081,1.00,1.00
2017.06.22 23:54:18.658,0.80791,0.8081,1.50,1.50
2017.06.22 23:54:19.558,0.8079,0.8081,3.97,1.00
2017.06.22 23:54:19.609,0.8079,0.80808,1.87,1.00
2017.06.22 23:54:20.117,0.80788,0.80807,2.25,1.00
2017.06.22 23:54:25.703,0.80788,0.80808,1.75,1.00
2017.06.22 23:54:27.362,0.80789,0.80807,1.67,1.00
2017.06.22 23:54:31.370,0.80789,0.80808,1.67,1.00
2017.06.22 23:54:32.138,0.80794,0.80811,1.00,1.00
2017.06.22 23:54:32.189,0.80792,0.8081,3.00,1.00
2017.06.22 23:54:32.391,0.8079,0.80809,1.87,1.00
2017.06.22 23:54:33.847,0.8079,0.80809,2.25,1.00
2017.06.22 23:54:34.407,0.8079,0.8081,2.25,1.00
2017.06.22 23:54:45.335,0.80789,0.80809,2.25,1.00
2017.06.22 23:54:46.220,0.8079,0.80808,2.25,1.00
2017.06.22 23:54:49.835,0.8079,0.80808,1.12,1.00
2017.06.22 23:55:00.160,0.8079,0.80809,1.12,1.00
2017.06.22 23:55:00.565,0.80792,0.80809,1.00,1.00
2017.06.22 23:55:01.163,0.80793,0.80809,1.00,1.00
2017.06.22 23:55:02.586,0.80792,0.80809,1.00,1.00
2017.06.22 23:55:03.232,0.80793,0.80809,1.00,1.00
2017.06.22 23:55:05.063,0.80792,0.80809,1.00,1.00
2017.06.22 23:55:06.123,0.80793,0.80809,1.00,1.00
2017.06.22 23:55:11.872,0.80792,0.80809,1.00,1.00
2017.06.22 23:55:12.523,0.80793,0.80809,1.00,1.00
2017.06.22 23:55:13.765,0.80792,0.80809,1.00,1.00
2017.06.22 23:55:14.946,0.80793,0.80809,1.00,1.00
2017.06.22 23:55:16.457,0.80793,0.8081,1.00,1.00
2017.06.22 23:55:26.202,0.80792,0.8081,1.00,1.00
2017.06.22 23:55:31.487,0.80792,0.80809,1.12,1.00
2017.06.22 23:55:35.277,0.80795,0.80812,1.00,1.00
2017.06.22 23:55:35.328,0.80792,0.80812,1.87,1.00
2017.06.22 23:55:35.429,0.80792,0.80812,3.00,1.00
2017.06.22 23:55:36.256,0.80792,0.80811,2.25,1.00
2017.06.22 23:55:41.079,0.80793,0.80812,1.75,1.00
2017.06.22 23:55:41.593,0.80795,0.80813,1.12,1.00
2017.06.22 23:55:49.203,0.80793,0.80812,2.25,1.00
2017.06.22 23:55:50.040,0.80793,0.80811,1.75,1.00
2017.06.22 23:55:52.262,0.80793,0.8081,1.75,1.00
2017.06.22 23:55:54.041,0.8079,0.80809,6.22,1.00
2017.06.22 23:55:54.097,0.8079,0.80809,3.60,1.00
2017.06.22 23:55:56.152,0.8079,0.8081,2.85,1.00
2017.06.22 23:55:57.172,0.8079,0.80809,2.85,1.00
2017.06.22 23:55:57.727,0.8079,0.80808,2.25,1.00
2017.06.22 23:56:00.464,0.80795,0.80814,1.00,1.87
2017.06.22 23:56:00.515,0.80797,0.80814,1.50,1.12
2017.06.22 23:56:00.566,0.80797,0.80816,2.25,1.00
2017.06.22 23:56:00.667,0.80797,0.80813,2.25,1.00
2017.06.22 23:56:00.871,0.80794,0.80813,1.75,1.00
2017.06.22 23:56:01.074,0.80794,0.80812,1.12,1.00
2017.06.22 23:56:04.510,0.80794,0.80814,1.12,1.50
2017.06.22 23:56:04.611,0.80794,0.80814,1.75,1.00
2017.06.22 23:56:04.815,0.80797,0.80816,1.35,1.00
2017.06.22 23:56:04.968,0.80798,0.80819,2.85,1.87
2017.06.22 23:56:05.019,0.80799,0.8082,1.75,1.50
2017.06.22 23:56:05.323,0.80794,0.80813,1.37,1.50
2017.06.22 23:56:05.662,0.80792,0.8081,1.12,1.00
2017.06.22 23:56:12.815,0.8079,0.80807,1.75,1.50
2017.06.22 23:56:12.917,0.80789,0.80805,1.00,1.00
2017.06.22 23:56:13.124,0.80786,0.80803,1.75,1.00
2017.06.22 23:56:16.577,0.80783,0.80804,4.87,1.00
2017.06.22 23:56:18.549,0.80783,0.80802,4.87,1.00
2017.06.22 23:56:19.457,0.80785,0.80801,1.75,1.00
2017.06.22 23:56:19.610,0.80785,0.80801,1.12,1.00
2017.06.22 23:56:22.086,0.80781,0.80799,4.35,1.00
2017.06.22 23:56:22.343,0.80781,0.80798,2.85,1.00
2017.06.22 23:56:22.852,0.8078,0.80798,1.50,1.00
2017.06.22 23:56:23.361,0.80781,0.80798,1.00,1.00
2017.06.22 23:56:30.425,0.8078,0.80798,1.50,1.00
2017.06.22 23:56:31.607,0.8078,0.808,1.50,1.00
2017.06.22 23:56:38.429,0.8078,0.80799,1.50,1.00
2017.06.22 23:56:40.382,0.80781,0.80799,1.00,1.00
2017.06.22 23:56:50.102,0.8078,0.80799,2.25,1.00
2017.06.22 23:57:00.264,0.8078,0.808,2.25,1.00
2017.06.22 23:57:00.861,0.8078,0.80799,2.25,1.00
2017.06.22 23:57:04.684,0.8078,0.808,1.50,1.00
2017.06.22 23:57:05.091,0.80781,0.80802,1.50,1.00
2017.06.22 23:57:05.194,0.80785,0.80802,1.00,1.00
2017.06.22 23:57:05.723,0.80785,0.80803,1.00,1.00
2017.06.22 23:57:06.667,0.80783,0.80802,1.12,1.00
2017.06.22 23:57:14.394,0.80784,0.80804,1.00,1.00
2017.06.22 23:57:14.495,0.80785,0.80805,1.87,1.00
2017.06.22 23:57:14.800,0.80786,0.80806,2.25,1.00
2017.06.22 23:57:15.585,0.80787,0.80807,2.85,1.00
2017.06.22 23:57:15.737,0.80794,0.80814,1.00,1.50
2017.06.22 23:57:15.889,0.80795,0.80815,1.72,1.00
2017.06.22 23:57:16.648,0.80797,0.80815,1.00,1.00
2017.06.22 23:57:17.027,0.80796,0.80813,1.12,1.00
2017.06.22 23:57:17.230,0.80791,0.80812,4.50,1.00
2017.06.22 23:57:18.615,0.80795,0.80816,1.00,1.50
2017.06.22 23:57:18.717,0.80798,0.80819,2.10,1.12
2017.06.22 23:57:18.768,0.808,0.80819,1.00,1.12
2017.06.22 23:57:18.971,0.80804,0.80825,2.25,1.12
2017.06.22 23:57:19.174,0.80804,0.80822,1.50,1.00
2017.06.22 23:57:19.427,0.80797,0.80816,1.00,1.00
2017.06.22 23:57:19.943,0.80797,0.80815,1.00,1.00
2017.06.22 23:57:20.543,0.80797,0.80812,1.00,1.00
2017.06.22 23:57:20.645,0.80793,0.80812,1.75,1.00
2017.06.22 23:57:42.511,0.80794,0.80815,1.50,1.00
2017.06.22 23:57:43.654,0.80794,0.80814,2.25,1.00
2017.06.22 23:57:51.833,0.80794,0.80815,2.25,1.00
2017.06.22 23:57:52.454,0.80796,0.80815,1.00,1.00
2017.06.22 23:57:52.970,0.80795,0.80816,1.87,1.00
2017.06.22 23:57:57.819,0.80796,0.80816,1.00,1.00
2017.06.22 23:58:01.872,0.80796,0.80816,1.87,1.00
2017.06.22 23:58:03.387,0.80798,0.80816,1.00,1.00
2017.06.22 23:58:13.726,0.80797,0.80816,1.12,1.00
2017.06.22 23:58:15.097,0.80797,0.80815,1.12,1.00
2017.06.22 23:58:24.200,0.80796,0.80816,2.25,1.00
2017.06.22 23:58:28.900,0.80796,0.80816,2.25,1.00
2017.06.22 23:58:30.744,0.80797,0.80815,1.37,1.00
2017.06.22 23:58:31.847,0.80797,0.80816,1.37,1.00
2017.06.22 23:58:34.752,0.80796,0.80815,1.50,1.00
2017.06.22 23:58:41.189,0.80797,0.80817,1.37,1.00
2017.06.22 23:58:46.876,0.80797,0.80816,1.37,1.00
2017.06.22 23:58:48.871,0.80797,0.80816,1.12,1.00
2017.06.22 23:58:55.422,0.80798,0.80818,1.00,1.00
2017.06.22 23:58:55.852,0.80799,0.8082,1.12,1.00
2017.06.22 23:58:58.129,0.80799,0.80819,1.87,1.00
2017.06.22 23:59:02.219,0.80798,0.80819,2.85,1.00
2017.06.22 23:59:02.566,0.80816,0.8083,1.00,1.00
2017.06.22 23:59:02.972,0.80818,0.80831,1.00,1.00
2017.06.22 23:59:03.925,0.80815,0.80829,1.00,1.00
2017.06.22 23:59:03.977,0.80815,0.80827,1.00,1.00
2017.06.22 23:59:04.132,0.80812,0.80827,1.00,1.00
2017.06.22 23:59:06.046,0.80813,0.80827,1.00,1.00
2017.06.22 23:59:12.129,0.80813,0.80826,1.00,1.00
2017.06.22 23:59:13.660,0.80811,0.80825,1.00,1.00
2017.06.22 23:59:14.547,0.80811,0.80824,1.00,1.00
2017.06.22 23:59:16.938,0.80811,0.80825,1.00,1.00
2017.06.22 23:59:17.887,0.80811,0.80823,1.00,1.00
2017.06.22 23:59:17.938,0.80809,0.80823,1.00,1.00
2017.06.22 23:59:18.460,0.80808,0.80822,1.00,1.00
2017.06.22 23:59:19.239,0.80807,0.80822,1.00,1.00
2017.06.22 23:59:22.937,0.80807,0.80823,1.00,1.00
2017.06.22 23:59:22.989,0.80807,0.80827,1.00,1.12
2017.06.22 23:59:23.040,0.80809,0.80828,1.35,1.50
2017.06.22 23:59:23.348,0.80819,0.8083,1.00,1.00
2017.06.22 23:59:24.024,0.80818,0.80831,1.00,1.00
2017.06.22 23:59:24.277,0.80816,0.8083,1.00,1.00
2017.06.22 23:59:28.101,0.80816,0.80825,1.00,1.00
2017.06.22 23:59:28.153,0.80813,0.80825,1.00,1.00
2017.06.22 23:59:28.255,0.8081,0.80825,1.00,1.50
2017.06.22 23:59:28.667,0.80809,0.80823,1.00,1.00
2017.06.22 23:59:31.112,0.80809,0.80824,1.00,1.87
2017.06.22 23:59:31.451,0.80811,0.80824,1.00,1.87
2017.06.22 23:59:35.166,0.8081,0.80824,1.00,1.12
2017.06.22 23:59:37.067,0.80811,0.80824,1.00,1.12
2017.06.22 23:59:38.216,0.80811,0.80825,1.00,1.00
2017.06.22 23:59:38.722,0.80812,0.80825,1.00,1.00
2017.06.22 23:59:42.672,0.80812,0.80826,1.00,1.00
2017.06.22 23:59:43.656,0.80811,0.80826,1.00,1.00
2017.06.22 23:59:44.159,0.80812,0.80826,1.00,1.00
2017.06.22 23:59:45.334,0.80812,0.80825,1.00,1.00
2017.06.22 23:59:45.436,0.80812,0.80827,1.00,1.00
2017.06.22 23:59:45.487,0.80814,0.8083,1.00,2.25
2017.06.22 23:59:45.640,0.80814,0.80832,1.00,1.00
2017.06.22 23:59:45.691,0.80818,0.80832,1.00,1.00
2017.06.22 23:59:46.290,0.80817,0.80831,1.00,1.00
2017.06.22 23:59:47.004,0.80817,0.80832,1.00,1.00
2017.06.22 23:59:47.813,0.80817,0.80831,1.00,1.00
2017.06.22 23:59:57.102,0.80817,0.80832,1.00,1.00
2017.06.22 23:59:57.153,0.80817,0.80834,1.00,1.12
2017.06.22 23:59:57.204,0.80819,0.80834,1.00,1.12
2017.06.22 23:59:57.744,0.8082,0.80834,1.00,1.00
2017.06.22 23:59:58.247,0.8082,0.80835,1.00,1.50
2017.06.22 23:59:58.770,0.80821,0.80835,1.00,1.00
2017.06.22 23:59:59.534,0.80821,0.80836,1.00,1.12
2017.06.22 23:59:59.874,0.80823,0.80838,1.00,1.00
