2017.08.01 12:00:00.067,0.82558,0.82576,1.12,1.00
2017.08.01 12:00:00.630,0.82558,0.82575,2.62,1.00
2017.08.01 12:00:01.804,0.82559,0.82576,1.00,1.87
2017.08.01 12:00:02.315,0.82557,0.82575,1.50,1.00
2017.08.01 12:00:03.251,0.82558,0.82575,1.00,1.00
2017.08.01 12:00:04.237,0.82557,0.82575,1.50,1.00
2017.08.01 12:00:06.049,0.82558,0.82575,1.00,1.00
2017.08.01 12:00:07.709,0.82557,0.82575,1.00,1.00
2017.08.01 12:00:08.235,0.82558,0.82575,1.00,1.00
2017.08.01 12:00:08.362,0.82556,0.82573,1.50,1.00
2017.08.01 12:00:09.647,0.82557,0.82574,1.00,1.00
2017.08.01 12:00:10.279,0.82556,0.82573,1.50,1.00
2017.08.01 12:00:10.795,0.82557,0.82574,1.00,1.00
2017.08.01 12:00:11.349,0.82556,0.82573,1.50,1.00
2017.08.01 12:00:12.131,0.82556,0.82574,1.50,1.00
2017.08.01 12:00:12.819,0.82557,0.82574,1.00,1.00
2017.08.01 12:00:13.375,0.82558,0.82575,1.00,1.00
2017.08.01 12:00:13.980,0.82559,0.82576,1.00,1.87
2017.08.01 12:00:14.932,0.82559,0.82575,1.00,1.00
2017.08.01 12:00:17.137,0.82558,0.82575,1.00,1.00
2017.08.01 12:00:17.468,0.82557,0.82573,1.00,1.00
2017.08.01 12:00:18.076,0.82556,0.82572,1.87,1.00
2017.08.01 12:00:18.626,0.82556,0.82573,2.62,1.00
2017.08.01 12:00:19.332,0.82556,0.82572,1.87,1.00
2017.08.01 12:00:19.639,0.82558,0.82574,1.00,1.75
2017.08.01 12:00:19.741,0.82559,0.82576,1.00,1.50
2017.08.01 12:00:19.894,0.82556,0.82573,1.37,1.00
2017.08.01 12:00:20.084,0.82555,0.82573,1.12,1.00
2017.08.01 12:00:20.388,0.82555,0.82571,1.12,1.00
2017.08.01 12:00:20.926,0.82554,0.82571,1.00,1.00
2017.08.01 12:00:21.373,0.82552,0.82571,1.50,1.00
2017.08.01 12:00:21.641,0.82554,0.82572,1.00,1.12
2017.08.01 12:00:22.187,0.82556,0.82573,1.00,1.00
2017.08.01 12:00:25.350,0.82557,0.82573,1.00,1.00
2017.08.01 12:00:25.655,0.8256,0.82578,1.00,1.75
2017.08.01 12:00:25.823,0.8256,0.82578,1.00,1.00
2017.08.01 12:00:26.410,0.82561,0.82579,1.00,1.87
2017.08.01 12:00:26.666,0.82559,0.82577,1.50,1.00
2017.08.01 12:00:27.212,0.8256,0.82578,1.00,1.00
2017.08.01 12:00:27.727,0.82559,0.82577,1.50,1.00
2017.08.01 12:00:28.278,0.82558,0.82576,1.00,1.00
2017.08.01 12:00:28.957,0.82559,0.82577,1.00,1.87
2017.08.01 12:00:30.393,0.82559,0.82576,1.00,1.00
2017.08.01 12:00:31.145,0.82558,0.82576,1.12,1.00
2017.08.01 12:00:31.548,0.82556,0.82574,2.25,1.00
2017.08.01 12:00:31.751,0.82556,0.82574,1.50,1.00
2017.08.01 12:00:32.447,0.82555,0.82574,1.00,1.00
2017.08.01 12:00:33.025,0.82556,0.82575,1.00,1.87
2017.08.01 12:00:33.597,0.82555,0.82574,1.00,1.00
2017.08.01 12:00:35.522,0.82556,0.82573,1.00,1.00
2017.08.01 12:00:36.037,0.82555,0.82572,1.00,1.00
2017.08.01 12:00:37.433,0.82554,0.82571,1.12,1.00
2017.08.01 12:00:37.977,0.82555,0.82572,1.00,1.00
2017.08.01 12:00:41.917,0.82554,0.82574,1.12,1.50
2017.08.01 12:00:42.646,0.82556,0.82572,1.00,1.00
2017.08.01 12:00:44.356,0.82556,0.82573,1.00,1.00
2017.08.01 12:00:50.304,0.82553,0.8257,1.12,1.00
2017.08.01 12:00:50.817,0.82552,0.8257,1.50,1.00
2017.08.01 12:00:51.348,0.82552,0.82569,2.25,1.00
2017.08.01 12:00:51.838,0.82554,0.82571,1.00,1.50
2017.08.01 12:00:52.678,0.82554,0.82572,1.00,1.87
2017.08.01 12:00:56.831,0.82553,0.82572,1.50,1.87
2017.08.01 12:00:57.671,0.82555,0.82572,1.00,1.87
2017.08.01 12:01:03.555,0.82556,0.82574,1.00,2.25
2017.08.01 12:01:04.079,0.82556,0.82574,1.00,1.00
2017.08.01 12:01:05.454,0.82556,0.82573,1.00,1.00
2017.08.01 12:01:10.604,0.8256,0.82576,1.00,1.87
2017.08.01 12:01:11.232,0.82559,0.82577,1.00,1.00
2017.08.01 12:01:11.771,0.82559,0.82578,1.00,1.00
2017.08.01 12:01:12.407,0.82561,0.82578,1.00,1.00
2017.08.01 12:01:12.611,0.82562,0.8258,1.00,1.12
2017.08.01 12:01:12.844,0.82564,0.82581,1.00,1.00
2017.08.01 12:01:13.726,0.82566,0.82582,1.00,1.12
2017.08.01 12:01:13.945,0.82566,0.82586,2.25,1.50
2017.08.01 12:01:14.458,0.82567,0.82585,1.12,1.00
2017.08.01 12:01:14.969,0.82567,0.82584,1.12,1.00
2017.08.01 12:01:15.196,0.82564,0.82582,1.75,1.00
2017.08.01 12:01:15.349,0.82564,0.82582,1.50,1.00
2017.08.01 12:01:16.179,0.82564,0.82581,1.50,1.00
2017.08.01 12:01:17.656,0.82564,0.8258,1.00,1.00
2017.08.01 12:01:18.879,0.82562,0.82582,2.25,2.25
2017.08.01 12:01:19.409,0.82562,0.82581,1.50,1.00
2017.08.01 12:01:21.530,0.82563,0.8258,1.12,1.00
2017.08.01 12:01:22.257,0.82562,0.82573,1.50,1.00
2017.08.01 12:01:22.460,0.82554,0.82571,1.00,1.00
2017.08.01 12:01:22.591,0.82553,0.82571,2.25,1.50
2017.08.01 12:01:22.895,0.82553,0.82571,1.00,2.25
2017.08.01 12:01:23.516,0.82553,0.8257,1.00,1.00
2017.08.01 12:01:25.296,0.82552,0.8257,2.25,2.25
2017.08.01 12:01:25.874,0.82552,0.82569,1.50,1.00
2017.08.01 12:01:25.976,0.82552,0.82566,1.50,1.00
2017.08.01 12:01:26.628,0.82552,0.82568,1.50,1.00
2017.08.01 12:01:27.730,0.82552,0.82569,2.25,1.12
2017.08.01 12:01:27.897,0.82554,0.82571,1.00,1.75
2017.08.01 12:01:27.999,0.82557,0.82574,1.00,1.87
2017.08.01 12:01:28.899,0.82558,0.82574,1.00,1.87
2017.08.01 12:01:29.502,0.82558,0.82575,1.00,1.00
2017.08.01 12:01:30.219,0.82556,0.82576,1.87,1.00
2017.08.01 12:01:31.999,0.82556,0.82574,1.87,1.00
2017.08.01 12:01:32.303,0.82555,0.82572,1.00,1.00
2017.08.01 12:01:32.847,0.82556,0.82573,1.50,1.00
2017.08.01 12:01:33.362,0.82556,0.82574,1.50,1.00
2017.08.01 12:01:34.569,0.82556,0.82576,1.50,1.50
2017.08.01 12:01:35.551,0.82557,0.82574,1.00,1.00
2017.08.01 12:01:36.455,0.82558,0.82575,1.00,1.12
2017.08.01 12:01:37.347,0.82558,0.8257,1.00,1.00
2017.08.01 12:01:37.602,0.82552,0.82569,2.62,1.00
2017.08.01 12:01:37.913,0.82552,0.82567,1.50,1.00
2017.08.01 12:01:38.264,0.82553,0.82569,1.00,1.00
2017.08.01 12:01:38.521,0.82554,0.82571,1.00,1.00
2017.08.01 12:01:39.046,0.82555,0.82571,1.00,1.00
2017.08.01 12:01:39.098,0.82553,0.82571,1.50,1.00
2017.08.01 12:01:40.630,0.82553,0.8257,2.25,1.00
2017.08.01 12:01:40.884,0.82552,0.82568,1.87,1.00
2017.08.01 12:01:42.681,0.82552,0.82567,1.50,1.00
2017.08.01 12:01:43.198,0.82551,0.82567,1.50,1.00
2017.08.01 12:01:43.740,0.82552,0.82568,1.50,1.00
2017.08.01 12:01:45.234,0.82552,0.82567,1.50,1.00
2017.08.01 12:01:45.935,0.82552,0.82568,2.25,1.00
2017.08.01 12:01:46.602,0.82553,0.8257,1.00,1.00
2017.08.01 12:01:46.653,0.82555,0.82571,1.00,1.00
2017.08.01 12:01:46.806,0.82556,0.82575,1.00,1.50
2017.08.01 12:01:47.755,0.82558,0.82574,1.00,1.00
2017.08.01 12:01:47.911,0.82558,0.82576,1.00,2.62
2017.08.01 12:01:48.344,0.8256,0.82578,1.00,1.75
2017.08.01 12:01:48.447,0.8256,0.82578,1.00,1.00
2017.08.01 12:01:49.390,0.82559,0.82574,1.87,1.00
2017.08.01 12:01:49.846,0.82556,0.82573,1.50,1.00
2017.08.01 12:01:50.211,0.82558,0.82575,1.00,1.00
2017.08.01 12:01:50.950,0.82558,0.82577,1.00,1.50
2017.08.01 12:01:51.714,0.82558,0.82577,1.50,1.00
2017.08.01 12:01:52.018,0.82561,0.82578,1.00,1.00
2017.08.01 12:01:53.730,0.8256,0.82578,1.00,1.00
2017.08.01 12:01:54.541,0.82559,0.82577,2.62,1.00
2017.08.01 12:01:55.529,0.82559,0.82576,1.87,1.00
2017.08.01 12:01:56.133,0.8256,0.82579,1.00,1.50
2017.08.01 12:01:56.235,0.8256,0.82576,1.00,1.00
2017.08.01 12:01:56.768,0.82559,0.82576,1.12,1.00
2017.08.01 12:01:57.300,0.82558,0.82575,1.50,1.00
2017.08.01 12:01:57.728,0.82557,0.82574,1.50,1.00
2017.08.01 12:02:01.044,0.82557,0.82576,1.50,1.00
2017.08.01 12:02:03.038,0.82557,0.82574,2.25,1.00
2017.08.01 12:02:04.454,0.82558,0.82575,1.00,1.00
2017.08.01 12:02:05.499,0.82557,0.82574,1.50,1.00
2017.08.01 12:02:11.176,0.82557,0.82573,1.00,1.00
2017.08.01 12:02:11.683,0.82557,0.82576,1.00,2.62
2017.08.01 12:02:12.270,0.82558,0.82575,1.00,1.00
2017.08.01 12:02:12.775,0.82557,0.82574,1.00,1.00
2017.08.01 12:02:13.482,0.82556,0.82573,1.00,1.00
2017.08.01 12:02:13.752,0.82556,0.82575,1.00,1.00
2017.08.01 12:02:14.540,0.82556,0.82574,1.00,1.00
2017.08.01 12:02:15.550,0.82557,0.82574,1.00,1.00
2017.08.01 12:02:15.957,0.82555,0.82571,1.00,1.00
2017.08.01 12:02:16.492,0.82555,0.82572,1.50,1.00
2017.08.01 12:02:16.830,0.82553,0.82569,2.25,1.00
2017.08.01 12:02:16.982,0.82554,0.82571,1.00,1.00
2017.08.01 12:02:17.489,0.82555,0.82572,1.00,1.00
2017.08.01 12:02:17.931,0.82557,0.82573,1.00,1.12
2017.08.01 12:02:18.442,0.82556,0.82573,1.00,1.00
2017.08.01 12:02:18.950,0.82555,0.82573,1.87,1.00
2017.08.01 12:02:19.461,0.82556,0.82573,1.00,1.00
2017.08.01 12:02:22.134,0.82555,0.82572,1.12,1.00
2017.08.01 12:02:22.719,0.82554,0.82571,1.50,1.00
2017.08.01 12:02:25.708,0.82552,0.82569,3.00,1.00
2017.08.01 12:02:25.911,0.82553,0.82569,1.00,1.00
2017.08.01 12:02:26.063,0.82554,0.82571,1.00,1.87
2017.08.01 12:02:26.206,0.82557,0.82574,1.00,3.00
2017.08.01 12:02:26.308,0.82557,0.82574,1.00,1.00
2017.08.01 12:02:27.058,0.82557,0.82575,1.00,1.00
2017.08.01 12:02:28.002,0.82558,0.82575,1.00,1.00
2017.08.01 12:02:28.516,0.82557,0.82574,1.00,1.00
2017.08.01 12:02:30.110,0.82556,0.82574,1.12,1.00
2017.08.01 12:02:30.211,0.82556,0.82576,1.12,2.25
2017.08.01 12:02:30.538,0.82556,0.82574,1.12,1.00
2017.08.01 12:02:31.548,0.82556,0.82573,1.00,1.00
2017.08.01 12:02:34.649,0.82556,0.82575,1.00,1.12
2017.08.01 12:02:35.529,0.82558,0.82575,1.00,1.00
2017.08.01 12:02:36.036,0.82559,0.82576,1.00,1.00
2017.08.01 12:02:36.582,0.8256,0.82577,1.00,1.12
2017.08.01 12:02:38.858,0.82559,0.82577,1.00,1.12
2017.08.01 12:02:41.048,0.82558,0.82577,1.50,1.12
2017.08.01 12:02:41.361,0.8256,0.82576,1.00,1.00
2017.08.01 12:02:42.279,0.8256,0.82578,1.00,1.00
2017.08.01 12:02:42.459,0.8256,0.82576,1.00,1.00
2017.08.01 12:02:42.988,0.82559,0.82576,1.50,1.00
2017.08.01 12:02:43.532,0.82559,0.82577,1.00,1.00
2017.08.01 12:02:44.209,0.82559,0.82576,1.50,1.00
2017.08.01 12:02:44.748,0.82559,0.82575,1.50,1.00
2017.08.01 12:02:49.004,0.82559,0.82574,1.00,1.00
2017.08.01 12:02:49.520,0.82559,0.82575,1.00,1.00
2017.08.01 12:02:50.089,0.82558,0.82575,1.00,1.50
2017.08.01 12:02:50.686,0.82556,0.82574,1.87,1.00
2017.08.01 12:02:57.889,0.82557,0.82574,1.00,1.00
2017.08.01 12:02:58.861,0.82556,0.82574,1.12,1.00
2017.08.01 12:03:02.490,0.82556,0.82573,1.87,1.00
2017.08.01 12:03:03.034,0.82556,0.82572,1.87,1.00
2017.08.01 12:03:04.976,0.82556,0.82573,1.12,1.50
2017.08.01 12:03:05.999,0.82556,0.82572,1.50,1.00
2017.08.01 12:03:06.830,0.82556,0.82571,1.00,1.00
2017.08.01 12:03:07.842,0.82555,0.82571,1.50,1.00
2017.08.01 12:03:08.349,0.82555,0.8257,1.00,1.00
2017.08.01 12:03:08.874,0.82554,0.8257,1.00,1.00
2017.08.01 12:03:09.396,0.82554,0.82571,1.00,1.00
2017.08.01 12:03:10.117,0.82553,0.82571,1.12,1.00
2017.08.01 12:03:10.218,0.82553,0.82568,1.12,1.00
2017.08.01 12:03:11.418,0.82552,0.82567,2.25,1.00
2017.08.01 12:03:12.619,0.82552,0.82564,2.25,1.00
2017.08.01 12:03:12.822,0.82545,0.82562,1.87,1.00
2017.08.01 12:03:13.566,0.82546,0.82563,1.12,1.50
2017.08.01 12:03:17.533,0.82546,0.82562,1.12,1.00
2017.08.01 12:03:18.083,0.82545,0.82561,1.50,1.00
2017.08.01 12:03:18.600,0.82547,0.82563,1.00,1.00
2017.08.01 12:03:21.731,0.82546,0.82563,1.87,1.00
2017.08.01 12:03:22.264,0.82547,0.82563,1.00,1.00
2017.08.01 12:03:23.138,0.82546,0.82563,1.12,1.00
2017.08.01 12:03:23.676,0.82547,0.82563,1.00,1.00
2017.08.01 12:03:24.028,0.82547,0.82561,1.00,1.00
2017.08.01 12:03:24.231,0.82543,0.82561,1.50,1.50
2017.08.01 12:03:24.332,0.82543,0.82561,1.12,1.50
2017.08.01 12:03:24.856,0.82543,0.82558,1.12,1.00
2017.08.01 12:03:26.396,0.82543,0.82557,1.12,1.00
2017.08.01 12:03:26.598,0.8254,0.82557,1.87,1.00
2017.08.01 12:03:27.378,0.8254,0.82555,1.12,1.00
2017.08.01 12:03:27.631,0.82538,0.82554,1.00,1.00
2017.08.01 12:03:28.430,0.82537,0.82554,1.87,1.00
2017.08.01 12:03:28.955,0.82538,0.82554,1.00,1.00
2017.08.01 12:03:37.941,0.82538,0.82553,1.00,1.00
2017.08.01 12:03:39.657,0.82538,0.82554,1.00,1.00
2017.08.01 12:03:40.782,0.82537,0.82554,1.12,1.00
2017.08.01 12:03:41.419,0.82538,0.82554,1.00,1.00
2017.08.01 12:03:43.981,0.82539,0.82555,1.00,1.50
2017.08.01 12:03:44.226,0.82541,0.82556,1.00,1.50
2017.08.01 12:03:44.739,0.82541,0.82557,1.50,1.00
2017.08.01 12:03:46.737,0.82541,0.82558,1.00,1.00
2017.08.01 12:03:48.837,0.82541,0.82556,1.00,1.00
2017.08.01 12:03:49.859,0.8254,0.82557,1.12,1.00
2017.08.01 12:03:50.385,0.82541,0.82557,1.00,1.00
2017.08.01 12:03:51.193,0.8254,0.82554,1.12,1.00
2017.08.01 12:03:51.396,0.82536,0.82554,1.87,1.00
2017.08.01 12:03:51.696,0.82538,0.82554,1.00,1.00
2017.08.01 12:03:52.269,0.82539,0.82554,1.00,1.00
2017.08.01 12:03:53.970,0.82539,0.82556,1.00,1.00
2017.08.01 12:03:58.489,0.82539,0.82555,1.00,1.00
2017.08.01 12:04:00.455,0.82538,0.82555,1.00,1.00
2017.08.01 12:04:00.658,0.82539,0.82553,1.00,1.00
2017.08.01 12:04:00.811,0.82537,0.82553,1.00,1.00
2017.08.01 12:04:01.368,0.82539,0.82554,1.00,1.00
2017.08.01 12:04:01.887,0.82535,0.82552,2.85,1.00
2017.08.01 12:04:02.090,0.82535,0.82552,2.47,1.00
2017.08.01 12:04:02.940,0.82535,0.82551,1.12,1.00
2017.08.01 12:04:03.934,0.82535,0.82552,1.12,1.50
2017.08.01 12:04:04.851,0.82535,0.8255,1.12,1.00
2017.08.01 12:04:06.358,0.82534,0.82549,1.50,1.00
2017.08.01 12:04:06.859,0.82532,0.8255,1.87,1.50
2017.08.01 12:04:06.911,0.82532,0.8255,1.50,1.50
2017.08.01 12:04:07.206,0.82532,0.82552,1.50,1.50
2017.08.01 12:04:07.257,0.82536,0.82552,1.00,1.00
2017.08.01 12:04:07.562,0.82539,0.82553,1.00,1.00
2017.08.01 12:04:07.614,0.8254,0.82556,1.00,2.25
2017.08.01 12:04:08.168,0.8254,0.82556,1.12,1.00
2017.08.01 12:04:09.698,0.8254,0.82557,1.87,1.00
2017.08.01 12:04:10.493,0.82543,0.82558,1.00,1.00
2017.08.01 12:04:11.006,0.82542,0.82556,1.50,1.00
2017.08.01 12:04:11.057,0.82542,0.82558,1.50,1.00
2017.08.01 12:04:12.048,0.82542,0.82557,1.50,1.00
2017.08.01 12:04:13.133,0.82542,0.82558,1.50,1.00
2017.08.01 12:04:14.248,0.82542,0.82559,1.50,1.50
2017.08.01 12:04:15.053,0.82542,0.82558,1.50,1.00
2017.08.01 12:04:15.931,0.82542,0.82556,1.50,1.00
2017.08.01 12:04:16.134,0.82538,0.82555,1.12,1.00
2017.08.01 12:04:16.808,0.82539,0.82555,1.00,1.50
2017.08.01 12:04:19.384,0.82538,0.82555,1.00,1.50
2017.08.01 12:04:19.901,0.82537,0.82554,1.35,1.50
2017.08.01 12:04:20.547,0.82538,0.82554,1.00,1.50
2017.08.01 12:04:26.178,0.82536,0.82554,1.12,1.50
2017.08.01 12:04:26.229,0.82536,0.82551,1.12,1.00
2017.08.01 12:04:26.751,0.82536,0.82552,1.12,1.00
2017.08.01 12:04:27.724,0.82539,0.82553,1.00,1.00
2017.08.01 12:04:27.827,0.8254,0.82556,1.50,1.00
2017.08.01 12:04:28.851,0.8254,0.82557,1.87,1.50
2017.08.01 12:04:29.105,0.82542,0.82557,1.00,1.50
2017.08.01 12:04:30.481,0.82541,0.82557,1.00,1.50
2017.08.01 12:04:31.186,0.82542,0.82557,1.00,1.00
2017.08.01 12:04:32.179,0.82541,0.82557,1.00,1.00
2017.08.01 12:04:32.728,0.82542,0.82557,1.00,1.00
2017.08.01 12:04:33.235,0.82541,0.82558,1.50,1.00
2017.08.01 12:04:33.828,0.82542,0.82558,1.00,1.00
2017.08.01 12:04:34.898,0.82542,0.82559,1.50,1.00
2017.08.01 12:04:35.610,0.82543,0.8256,1.00,1.50
2017.08.01 12:04:35.976,0.82546,0.8256,1.12,1.00
2017.08.01 12:04:37.653,0.82546,0.82559,1.12,1.00
2017.08.01 12:04:37.856,0.82543,0.82559,1.87,1.00
2017.08.01 12:04:38.710,0.82545,0.8256,1.00,1.00
2017.08.01 12:04:38.812,0.82547,0.82563,1.00,1.50
2017.08.01 12:04:39.032,0.82551,0.82566,1.50,1.00
2017.08.01 12:04:39.285,0.82553,0.82571,1.12,1.00
2017.08.01 12:04:39.336,0.82555,0.82571,1.00,1.00
2017.08.01 12:04:39.851,0.82551,0.82568,4.12,1.00
2017.08.01 12:04:40.017,0.82552,0.8257,1.87,1.00
2017.08.01 12:04:40.068,0.82552,0.82568,1.00,1.00
2017.08.01 12:04:40.808,0.82552,0.82569,1.00,1.00
2017.08.01 12:04:41.378,0.82552,0.8257,1.50,1.00
2017.08.01 12:04:41.914,0.82552,0.82571,1.50,1.50
2017.08.01 12:04:42.131,0.82554,0.82571,1.00,1.00
2017.08.01 12:04:42.232,0.82555,0.82573,1.00,1.50
2017.08.01 12:04:42.756,0.82556,0.82574,1.50,1.00
2017.08.01 12:04:43.272,0.82556,0.82573,1.00,1.00
2017.08.01 12:04:44.162,0.82555,0.82573,1.50,1.00
2017.08.01 12:04:44.722,0.82556,0.82573,1.00,1.00
2017.08.01 12:04:46.805,0.82556,0.82572,1.00,1.00
2017.08.01 12:04:47.350,0.82555,0.82572,1.00,1.00
2017.08.01 12:04:49.207,0.82554,0.82571,1.87,1.00
2017.08.01 12:04:50.319,0.82553,0.82569,1.50,1.00
2017.08.01 12:04:50.622,0.82552,0.82569,1.50,1.00
2017.08.01 12:04:52.780,0.82551,0.82567,1.87,1.00
2017.08.01 12:04:53.105,0.82549,0.82565,1.37,1.00
2017.08.01 12:04:53.156,0.82549,0.82565,1.00,1.00
2017.08.01 12:04:58.488,0.82548,0.82567,1.87,1.00
2017.08.01 12:04:58.769,0.8255,0.82567,1.00,1.00
2017.08.01 12:05:01.215,0.82552,0.82568,1.00,1.00
2017.08.01 12:05:02.638,0.82551,0.82568,1.00,1.00
2017.08.01 12:05:06.215,0.8255,0.82565,1.50,1.00
2017.08.01 12:05:06.766,0.82549,0.82566,1.00,1.50
2017.08.01 12:05:07.885,0.82549,0.82565,1.00,1.50
2017.08.01 12:05:08.423,0.82549,0.82566,1.00,1.50
2017.08.01 12:05:08.931,0.82548,0.82565,1.50,1.50
2017.08.01 12:05:10.629,0.82548,0.82564,1.50,1.00
2017.08.01 12:05:11.153,0.82548,0.82563,1.00,1.00
2017.08.01 12:05:11.815,0.82547,0.82563,1.12,1.00
2017.08.01 12:05:15.196,0.82548,0.82564,1.00,1.50
2017.08.01 12:05:15.741,0.82546,0.82563,1.50,1.00
2017.08.01 12:05:16.791,0.82546,0.82562,1.50,1.00
2017.08.01 12:05:17.326,0.82547,0.82563,1.12,1.00
2017.08.01 12:05:24.009,0.82546,0.82564,1.00,1.00
2017.08.01 12:05:26.988,0.82547,0.82563,1.00,1.00
2017.08.01 12:05:27.989,0.82547,0.82564,1.00,1.00
2017.08.01 12:05:43.904,0.82548,0.82564,1.00,1.00
2017.08.01 12:05:45.511,0.82547,0.82564,1.00,1.00
2017.08.01 12:05:50.206,0.82549,0.82566,1.00,2.25
2017.08.01 12:05:50.408,0.82549,0.82568,1.12,1.00
2017.08.01 12:05:51.240,0.82551,0.82568,1.00,1.00
2017.08.01 12:05:52.114,0.82553,0.8257,1.00,1.87
2017.08.01 12:05:52.639,0.82554,0.82571,1.00,1.00
2017.08.01 12:05:53.156,0.82555,0.82572,1.00,1.00
2017.08.01 12:05:54.894,0.82555,0.82571,1.00,1.00
2017.08.01 12:05:58.888,0.82555,0.82572,1.00,1.00
2017.08.01 12:05:59.743,0.82558,0.82573,1.00,1.00
2017.08.01 12:06:00.252,0.82558,0.82574,1.00,1.00
2017.08.01 12:06:00.784,0.82556,0.82575,2.25,1.00
2017.08.01 12:06:01.302,0.82559,0.82576,1.00,1.50
2017.08.01 12:06:01.923,0.82559,0.82576,2.10,1.00
2017.08.01 12:06:02.430,0.82558,0.82575,1.00,1.00
2017.08.01 12:06:03.111,0.82559,0.82576,1.00,1.00
2017.08.01 12:06:05.570,0.82558,0.82576,1.00,1.00
2017.08.01 12:06:09.467,0.82559,0.82576,1.00,1.00
2017.08.01 12:06:09.772,0.82557,0.82573,1.87,1.00
2017.08.01 12:06:10.321,0.82558,0.82574,1.00,1.00
2017.08.01 12:06:10.683,0.82556,0.82573,1.50,1.00
2017.08.01 12:06:11.223,0.82555,0.82573,1.00,1.50
2017.08.01 12:06:11.761,0.82555,0.82572,1.00,1.00
2017.08.01 12:06:13.934,0.82555,0.82571,1.00,1.00
2017.08.01 12:06:15.555,0.82555,0.82572,1.00,1.00
2017.08.01 12:06:16.101,0.82556,0.82572,1.00,1.00
2017.08.01 12:06:18.846,0.82557,0.82573,1.00,1.12
2017.08.01 12:06:18.998,0.82558,0.82576,1.00,1.50
2017.08.01 12:06:19.764,0.82556,0.82567,1.12,1.00
2017.08.01 12:06:19.866,0.82553,0.82566,1.00,1.00
2017.08.01 12:06:19.981,0.82548,0.82566,1.19,1.50
2017.08.01 12:06:20.032,0.82547,0.82564,1.50,1.00
2017.08.01 12:06:20.287,0.8255,0.82566,1.00,1.00
2017.08.01 12:06:20.795,0.8255,0.82567,1.00,1.00
2017.08.01 12:06:21.331,0.82553,0.82569,1.00,1.50
2017.08.01 12:06:21.843,0.82556,0.8257,1.00,1.00
2017.08.01 12:06:22.060,0.82558,0.82574,1.00,2.25
2017.08.01 12:06:23.694,0.82555,0.82575,1.00,2.62
2017.08.01 12:06:23.916,0.82555,0.82572,1.00,1.00
2017.08.01 12:06:24.068,0.82553,0.82571,1.12,1.00
2017.08.01 12:06:24.591,0.82552,0.82571,2.10,1.00
2017.08.01 12:06:25.140,0.82552,0.8257,2.85,1.00
2017.08.01 12:06:25.393,0.82555,0.82572,1.00,1.12
2017.08.01 12:06:26.776,0.82556,0.82573,1.00,1.00
2017.08.01 12:06:27.289,0.82555,0.82572,1.00,1.87
2017.08.01 12:06:27.598,0.82557,0.82574,1.00,2.25
2017.08.01 12:06:27.699,0.82557,0.82574,1.00,1.50
2017.08.01 12:06:28.412,0.82556,0.82573,1.00,1.00
2017.08.01 12:06:29.454,0.82557,0.82574,1.00,1.00
2017.08.01 12:06:31.264,0.82555,0.82572,1.00,1.00
2017.08.01 12:06:31.582,0.82552,0.82569,1.00,1.50
2017.08.01 12:06:32.087,0.82553,0.8257,1.00,1.00
2017.08.01 12:06:32.391,0.82556,0.82573,1.50,1.00
2017.08.01 12:06:32.442,0.82556,0.82575,1.50,1.50
2017.08.01 12:06:33.301,0.82556,0.82573,1.50,1.00
2017.08.01 12:06:33.504,0.82554,0.82572,1.12,1.12
2017.08.01 12:06:34.077,0.82556,0.82572,1.00,1.12
2017.08.01 12:06:34.613,0.82558,0.82575,1.00,1.37
2017.08.01 12:06:35.101,0.82556,0.82574,1.12,1.00
2017.08.01 12:06:36.961,0.82558,0.82574,1.00,1.87
2017.08.01 12:06:37.293,0.82553,0.8257,1.75,1.00
2017.08.01 12:06:37.395,0.82553,0.8257,1.00,1.00
2017.08.01 12:06:37.800,0.82553,0.82572,1.00,1.87
2017.08.01 12:06:38.053,0.82555,0.82572,1.00,1.87
2017.08.01 12:06:38.422,0.82555,0.82575,1.00,2.62
2017.08.01 12:06:38.697,0.82557,0.82575,1.00,2.62
2017.08.01 12:06:39.204,0.82558,0.82575,1.00,1.12
2017.08.01 12:06:39.734,0.82558,0.82576,1.00,1.00
2017.08.01 12:06:40.245,0.82558,0.82575,1.00,1.00
2017.08.01 12:06:40.550,0.82555,0.82573,1.75,1.50
2017.08.01 12:06:40.805,0.82556,0.82575,1.00,1.00
2017.08.01 12:06:41.339,0.82555,0.82574,2.25,1.00
2017.08.01 12:06:41.889,0.82556,0.82573,1.50,1.00
2017.08.01 12:06:43.001,0.8256,0.82576,1.00,1.12
2017.08.01 12:06:43.283,0.8256,0.82579,1.00,1.00
2017.08.01 12:06:44.166,0.8256,0.82578,1.00,1.00
2017.08.01 12:06:44.682,0.82559,0.82579,2.62,1.00
2017.08.01 12:06:45.222,0.8256,0.82578,1.00,1.00
2017.08.01 12:06:45.860,0.8256,0.82577,1.00,1.00
2017.08.01 12:06:46.431,0.8256,0.82578,1.00,1.00
2017.08.01 12:06:46.936,0.8256,0.82577,1.00,1.12
2017.08.01 12:06:47.190,0.82558,0.82576,1.00,1.00
2017.08.01 12:06:53.209,0.82556,0.82571,1.87,1.00
2017.08.01 12:06:53.361,0.82553,0.8257,1.00,1.00
2017.08.01 12:06:53.892,0.82552,0.82569,1.00,1.12
2017.08.01 12:06:55.363,0.82551,0.82569,1.00,1.87
2017.08.01 12:06:57.291,0.82552,0.82569,1.00,1.12
2017.08.01 12:06:58.424,0.82551,0.82569,1.00,1.87
2017.08.01 12:06:58.652,0.8255,0.82567,1.00,1.00
2017.08.01 12:06:59.670,0.82547,0.82567,2.25,1.50
2017.08.01 12:07:00.132,0.8255,0.82567,1.00,1.00
2017.08.01 12:07:00.285,0.82553,0.82571,1.00,1.00
2017.08.01 12:07:01.202,0.82554,0.82571,1.00,1.00
2017.08.01 12:07:01.724,0.82554,0.8257,1.00,1.00
2017.08.01 12:07:02.046,0.82557,0.8257,1.00,1.00
2017.08.01 12:07:02.097,0.82557,0.82575,1.00,3.00
2017.08.01 12:07:02.199,0.82557,0.82575,1.00,1.12
2017.08.01 12:07:02.731,0.82556,0.82574,1.00,1.00
2017.08.01 12:07:03.752,0.82555,0.82572,1.00,1.00
2017.08.01 12:07:04.055,0.82553,0.82568,1.00,1.00
2017.08.01 12:07:04.106,0.82553,0.8257,1.00,1.12
2017.08.01 12:07:04.735,0.82553,0.82569,1.00,1.00
2017.08.01 12:07:04.786,0.82552,0.82571,1.00,1.50
2017.08.01 12:07:04.837,0.82551,0.82568,1.50,1.00
2017.08.01 12:07:05.142,0.82553,0.82569,1.00,1.00
2017.08.01 12:07:05.692,0.82553,0.8257,1.00,1.00
2017.08.01 12:07:06.230,0.82552,0.8257,1.00,1.50
2017.08.01 12:07:07.253,0.82551,0.8257,1.50,1.50
2017.08.01 12:07:07.872,0.82552,0.82569,1.00,1.00
2017.08.01 12:07:08.406,0.82551,0.82568,1.00,1.50
2017.08.01 12:07:08.913,0.82551,0.82569,1.00,1.50
2017.08.01 12:07:09.474,0.82551,0.82568,1.00,1.87
2017.08.01 12:07:10.017,0.82551,0.82567,1.00,1.00
2017.08.01 12:07:12.993,0.8255,0.82567,1.00,1.00
2017.08.01 12:07:14.044,0.8255,0.82566,1.00,1.00
2017.08.01 12:07:14.964,0.82548,0.82567,1.00,1.00
2017.08.01 12:07:15.501,0.82548,0.82568,1.00,2.62
2017.08.01 12:07:15.992,0.82548,0.82566,1.00,1.00
2017.08.01 12:07:16.509,0.82547,0.82565,1.50,1.00
2017.08.01 12:07:17.133,0.82548,0.82565,1.00,1.00
2017.08.01 12:07:17.712,0.82548,0.82566,1.00,1.00
2017.08.01 12:07:18.333,0.82547,0.82564,1.50,1.00
2017.08.01 12:07:18.841,0.82547,0.82565,1.00,1.50
2017.08.01 12:07:19.347,0.82548,0.82565,1.00,2.25
2017.08.01 12:07:19.873,0.82547,0.82564,1.00,1.00
2017.08.01 12:07:21.733,0.82545,0.82564,1.50,1.00
2017.08.01 12:07:22.644,0.82546,0.82562,1.00,1.00
2017.08.01 12:07:22.745,0.82544,0.82561,1.00,1.00
2017.08.01 12:07:22.796,0.82546,0.82564,1.00,2.25
2017.08.01 12:07:23.327,0.82546,0.82562,1.00,1.00
2017.08.01 12:07:23.834,0.82545,0.82562,1.00,1.00
2017.08.01 12:07:25.271,0.82544,0.82561,1.00,1.50
2017.08.01 12:07:25.935,0.82543,0.8256,1.00,1.00
2017.08.01 12:07:26.482,0.82544,0.82561,1.00,1.00
2017.08.01 12:07:29.073,0.82544,0.8256,1.00,1.00
2017.08.01 12:07:30.731,0.82542,0.82561,1.50,1.00
2017.08.01 12:07:31.105,0.82542,0.82559,1.50,1.00
2017.08.01 12:07:31.928,0.82544,0.8256,1.00,1.00
2017.08.01 12:07:32.030,0.82545,0.82562,1.00,1.12
2017.08.01 12:07:32.949,0.82546,0.82562,1.00,1.12
2017.08.01 12:07:33.136,0.82544,0.82561,1.50,1.50
2017.08.01 12:07:33.643,0.82543,0.8256,1.00,1.00
2017.08.01 12:07:37.423,0.82542,0.8256,1.00,1.00
2017.08.01 12:07:37.473,0.82541,0.82558,1.12,1.00
2017.08.01 12:07:37.991,0.82542,0.82559,1.00,1.00
2017.08.01 12:07:38.494,0.82543,0.8256,1.00,1.00
2017.08.01 12:07:40.541,0.82543,0.82559,1.00,1.00
2017.08.01 12:07:40.844,0.8254,0.82554,1.00,1.00
2017.08.01 12:07:40.946,0.82537,0.82553,1.00,1.12
2017.08.01 12:07:41.466,0.82536,0.82553,1.00,1.87
2017.08.01 12:07:41.960,0.82534,0.82552,1.00,1.00
2017.08.01 12:07:42.011,0.82533,0.82549,1.50,1.00
2017.08.01 12:07:42.163,0.82531,0.82548,1.00,1.87
2017.08.01 12:07:43.667,0.82529,0.82548,1.50,1.12
2017.08.01 12:07:44.125,0.82532,0.82548,1.00,1.12
2017.08.01 12:07:45.738,0.82533,0.82548,1.00,1.12
2017.08.01 12:07:48.062,0.82532,0.82549,1.00,2.25
2017.08.01 12:07:48.369,0.82529,0.82544,1.00,2.62
2017.08.01 12:07:48.470,0.82529,0.82547,1.00,1.75
2017.08.01 12:07:49.530,0.82528,0.82545,1.50,1.00
2017.08.01 12:07:49.890,0.82528,0.82543,1.00,1.00
2017.08.01 12:07:50.300,0.82526,0.82543,1.00,1.00
2017.08.01 12:07:50.452,0.82525,0.82541,1.00,1.00
2017.08.01 12:07:50.655,0.82518,0.82535,1.69,1.87
2017.08.01 12:07:50.706,0.8252,0.82535,1.00,1.12
2017.08.01 12:07:51.326,0.8252,0.82536,1.00,2.25
2017.08.01 12:07:51.861,0.82519,0.82536,1.00,1.50
2017.08.01 12:07:53.551,0.82518,0.82536,1.00,1.50
2017.08.01 12:07:54.657,0.82518,0.82536,1.00,1.87
2017.08.01 12:07:58.302,0.82519,0.82536,1.00,1.50
2017.08.01 12:07:58.607,0.82521,0.82538,1.00,1.00
2017.08.01 12:07:59.155,0.8252,0.82538,1.00,2.25
2017.08.01 12:07:59.686,0.8252,0.82537,1.00,1.00
2017.08.01 12:07:59.788,0.82519,0.82535,1.00,1.00
2017.08.01 12:07:59.948,0.82517,0.82535,1.00,1.00
2017.08.01 12:08:00.050,0.82517,0.82532,1.00,1.00
2017.08.01 12:08:00.580,0.82516,0.82532,1.00,1.12
2017.08.01 12:08:01.100,0.82517,0.82533,1.00,1.00
2017.08.01 12:08:01.605,0.82517,0.82534,1.00,2.25
2017.08.01 12:08:02.048,0.82514,0.82531,1.00,1.00
2017.08.01 12:08:02.379,0.82516,0.82533,1.50,1.50
2017.08.01 12:08:02.683,0.82519,0.82535,1.00,1.87
2017.08.01 12:08:03.669,0.8252,0.82535,1.00,1.12
2017.08.01 12:08:03.977,0.82516,0.82532,1.50,1.00
2017.08.01 12:08:04.809,0.82517,0.82534,1.00,1.00
2017.08.01 12:08:05.311,0.82519,0.82534,1.00,1.00
2017.08.01 12:08:05.413,0.82517,0.82533,1.00,1.00
2017.08.01 12:08:06.304,0.82519,0.82534,1.00,1.00
2017.08.01 12:08:06.456,0.82517,0.82533,1.50,1.00
2017.08.01 12:08:06.896,0.82515,0.8253,1.00,1.00
2017.08.01 12:08:07.426,0.82516,0.82531,1.00,1.00
2017.08.01 12:08:07.784,0.82514,0.82531,1.87,1.00
2017.08.01 12:08:07.924,0.82512,0.82528,1.75,1.00
2017.08.01 12:08:08.127,0.82511,0.82528,1.50,1.00
2017.08.01 12:08:08.630,0.82512,0.82528,1.00,1.00
2017.08.01 12:08:09.699,0.82514,0.82529,1.00,1.00
2017.08.01 12:08:09.852,0.82514,0.82532,1.00,2.25
2017.08.01 12:08:10.157,0.82516,0.82534,1.00,1.87
2017.08.01 12:08:10.651,0.82516,0.82532,1.00,1.00
2017.08.01 12:08:11.363,0.82517,0.82533,1.00,1.00
2017.08.01 12:08:11.942,0.82518,0.82534,1.00,1.12
2017.08.01 12:08:12.246,0.8251,0.82527,1.75,1.00
2017.08.01 12:08:12.571,0.82511,0.82526,1.00,1.00
2017.08.01 12:08:12.622,0.82509,0.82526,1.00,1.00
2017.08.01 12:08:13.147,0.82509,0.82525,1.00,1.00
2017.08.01 12:08:14.234,0.82508,0.82526,1.50,1.12
2017.08.01 12:08:15.658,0.82509,0.82527,1.00,1.50
2017.08.01 12:08:21.393,0.8251,0.82528,1.00,2.25
2017.08.01 12:08:21.538,0.82512,0.82529,1.00,3.75
2017.08.01 12:08:23.400,0.82511,0.8253,1.00,1.87
2017.08.01 12:08:23.940,0.82511,0.82529,1.00,1.50
2017.08.01 12:08:24.629,0.8251,0.82528,1.50,1.00
2017.08.01 12:08:25.228,0.8251,0.82527,1.50,1.00
2017.08.01 12:08:25.483,0.82511,0.82529,1.00,1.50
2017.08.01 12:08:27.283,0.82509,0.82527,2.62,1.00
2017.08.01 12:08:29.200,0.8251,0.82528,1.00,2.25
2017.08.01 12:08:30.639,0.8251,0.82528,1.00,2.62
2017.08.01 12:08:32.012,0.82511,0.82528,1.00,2.25
2017.08.01 12:08:32.324,0.82509,0.82526,1.00,1.00
2017.08.01 12:08:32.828,0.8251,0.82527,1.00,1.87
2017.08.01 12:08:33.381,0.82509,0.82526,1.50,1.00
2017.08.01 12:08:33.895,0.8251,0.82527,1.50,1.12
2017.08.01 12:08:35.180,0.82509,0.82527,1.50,1.12
2017.08.01 12:08:35.684,0.8251,0.82527,1.00,1.12
2017.08.01 12:08:36.243,0.82509,0.82528,1.00,1.50
2017.08.01 12:08:37.621,0.8251,0.82527,1.00,1.12
2017.08.01 12:08:38.769,0.82511,0.82528,1.00,1.50
2017.08.01 12:08:39.950,0.82513,0.82528,1.00,2.25
2017.08.01 12:08:40.289,0.82513,0.82529,1.00,1.00
2017.08.01 12:08:40.890,0.82513,0.8253,1.00,1.50
2017.08.01 12:08:41.402,0.82514,0.82531,1.00,2.62
2017.08.01 12:08:41.922,0.82518,0.82533,1.00,1.12
2017.08.01 12:08:42.075,0.82518,0.82535,1.50,1.00
2017.08.01 12:08:42.582,0.82517,0.82534,1.00,1.00
2017.08.01 12:08:43.049,0.82515,0.82531,1.00,1.00
2017.08.01 12:08:43.303,0.82513,0.8253,1.50,1.00
2017.08.01 12:08:43.455,0.82515,0.82532,1.00,1.12
2017.08.01 12:08:43.761,0.82517,0.82531,1.00,1.00
2017.08.01 12:08:44.227,0.82515,0.82531,1.50,1.00
2017.08.01 12:08:44.950,0.82514,0.82531,1.00,1.00
2017.08.01 12:08:48.608,0.82514,0.82532,1.00,1.87
2017.08.01 12:08:49.115,0.82514,0.82531,1.00,1.00
2017.08.01 12:08:49.689,0.82514,0.82529,1.00,1.00
2017.08.01 12:08:49.983,0.82514,0.82531,1.00,1.00
2017.08.01 12:08:50.766,0.82513,0.8253,1.00,1.50
2017.08.01 12:08:51.269,0.82512,0.82529,1.00,1.00
2017.08.01 12:08:51.971,0.82513,0.8253,1.00,2.25
2017.08.01 12:08:52.072,0.82513,0.82528,1.00,1.00
2017.08.01 12:08:52.174,0.82511,0.82528,1.12,1.00
2017.08.01 12:08:54.369,0.8251,0.82528,1.00,1.12
2017.08.01 12:08:54.934,0.82511,0.82528,1.00,1.12
2017.08.01 12:08:55.510,0.8251,0.82528,1.00,1.87
2017.08.01 12:08:56.178,0.82511,0.82528,1.00,1.12
2017.08.01 12:08:56.344,0.82509,0.82528,1.50,1.12
2017.08.01 12:08:56.679,0.82511,0.82528,1.00,1.12
2017.08.01 12:08:57.318,0.8251,0.82528,1.00,1.12
2017.08.01 12:08:58.970,0.82511,0.82528,1.00,1.12
2017.08.01 12:08:59.402,0.82509,0.82528,1.50,1.87
2017.08.01 12:09:00.384,0.82508,0.82528,1.00,1.12
2017.08.01 12:09:00.938,0.82507,0.82528,2.62,1.12
2017.08.01 12:09:01.040,0.8251,0.82528,1.00,1.12
2017.08.01 12:09:01.351,0.82511,0.82529,2.25,1.00
2017.08.01 12:09:01.453,0.8251,0.82529,1.00,1.50
2017.08.01 12:09:01.981,0.82509,0.82529,2.25,3.00
2017.08.01 12:09:04.718,0.8251,0.82529,1.00,3.00
2017.08.01 12:09:05.230,0.82511,0.82528,1.00,1.12
2017.08.01 12:09:06.242,0.8251,0.82528,1.00,1.87
2017.08.01 12:09:10.273,0.8251,0.82527,1.00,1.00
2017.08.01 12:09:10.489,0.82508,0.82526,2.25,1.00
2017.08.01 12:09:10.540,0.82508,0.82524,1.00,1.00
2017.08.01 12:09:10.844,0.82501,0.82516,1.37,1.00
2017.08.01 12:09:11.047,0.82503,0.8252,1.00,1.12
2017.08.01 12:09:11.199,0.82503,0.82518,1.00,1.00
2017.08.01 12:09:12.839,0.82504,0.82519,1.00,1.00
2017.08.01 12:09:13.345,0.82505,0.8252,1.00,1.00
2017.08.01 12:09:13.903,0.82509,0.82523,1.00,1.75
2017.08.01 12:09:14.061,0.82509,0.82523,1.00,1.00
2017.08.01 12:09:15.393,0.82508,0.82523,1.00,1.00
2017.08.01 12:09:16.839,0.82509,0.82523,1.00,1.00
2017.08.01 12:09:17.983,0.82508,0.82523,1.00,1.00
2017.08.01 12:09:19.630,0.82509,0.82523,1.00,1.00
2017.08.01 12:09:20.680,0.82508,0.82523,1.00,1.00
2017.08.01 12:09:22.066,0.82509,0.82524,1.00,1.50
2017.08.01 12:09:22.550,0.82506,0.82521,1.00,1.00
2017.08.01 12:09:23.071,0.82505,0.82521,1.00,1.00
2017.08.01 12:09:23.376,0.82508,0.82523,1.50,1.00
2017.08.01 12:09:23.883,0.82507,0.82524,1.12,1.00
2017.08.01 12:09:24.493,0.82507,0.82523,1.87,1.00
2017.08.01 12:09:24.820,0.8251,0.82525,1.00,1.00
2017.08.01 12:09:25.692,0.8251,0.82524,1.00,1.00
2017.08.01 12:09:26.199,0.82509,0.82524,1.00,1.00
2017.08.01 12:09:26.743,0.8251,0.82525,1.50,1.00
2017.08.01 12:09:27.086,0.82508,0.82525,1.00,1.00
2017.08.01 12:09:27.188,0.8251,0.82527,1.00,1.37
2017.08.01 12:09:27.290,0.82512,0.82529,1.00,2.81
2017.08.01 12:09:27.795,0.82513,0.82529,1.50,2.44
2017.08.01 12:09:28.175,0.82513,0.82531,1.50,2.62
2017.08.01 12:09:28.731,0.82514,0.82531,1.00,1.87
2017.08.01 12:09:29.322,0.82515,0.82531,1.00,1.87
2017.08.01 12:09:30.961,0.82514,0.8253,1.00,1.00
2017.08.01 12:09:31.119,0.82511,0.82529,1.50,1.00
2017.08.01 12:09:31.171,0.82514,0.8253,1.00,1.00
2017.08.01 12:09:31.476,0.82512,0.82528,1.00,1.00
2017.08.01 12:09:31.780,0.82509,0.82526,1.50,1.00
2017.08.01 12:09:32.060,0.82508,0.82528,2.25,1.12
2017.08.01 12:09:32.162,0.8251,0.82529,1.00,1.50
2017.08.01 12:09:32.264,0.8251,0.8253,1.00,1.00
2017.08.01 12:09:32.770,0.82511,0.8253,1.00,1.00
2017.08.01 12:09:33.281,0.82513,0.8253,1.00,1.00
2017.08.01 12:09:34.133,0.8251,0.82527,1.50,1.00
2017.08.01 12:09:34.455,0.82507,0.82524,1.00,1.12
2017.08.01 12:09:34.709,0.82504,0.82523,1.50,1.00
2017.08.01 12:09:34.760,0.82503,0.82521,2.25,1.00
2017.08.01 12:09:34.913,0.82503,0.82521,1.12,1.00
2017.08.01 12:09:35.216,0.82505,0.82522,1.00,2.25
2017.08.01 12:09:35.570,0.82499,0.82516,1.37,2.25
2017.08.01 12:09:35.621,0.82499,0.82516,1.00,1.00
2017.08.01 12:09:37.468,0.82501,0.82517,1.00,1.87
2017.08.01 12:09:38.102,0.82501,0.82518,1.00,1.00
2017.08.01 12:09:40.453,0.825,0.82517,1.00,1.00
2017.08.01 12:09:42.563,0.82499,0.82513,1.12,1.50
2017.08.01 12:09:42.766,0.82492,0.8251,1.12,1.00
2017.08.01 12:09:42.868,0.82491,0.82508,2.25,1.00
2017.08.01 12:09:43.399,0.82491,0.82507,1.00,1.00
2017.08.01 12:09:43.904,0.82492,0.82508,1.00,1.00
2017.08.01 12:09:44.666,0.82491,0.82508,1.00,1.50
2017.08.01 12:09:46.032,0.82488,0.82503,1.75,1.00
2017.08.01 12:09:46.184,0.82487,0.82502,1.00,1.00
2017.08.01 12:09:46.337,0.82485,0.82502,1.00,1.00
2017.08.01 12:09:46.575,0.82484,0.825,1.00,1.00
2017.08.01 12:09:47.083,0.82483,0.82501,1.00,1.00
2017.08.01 12:09:47.596,0.82484,0.82502,1.00,1.50
2017.08.01 12:09:48.946,0.82483,0.82501,1.00,1.00
2017.08.01 12:09:49.303,0.82486,0.82502,1.00,1.50
2017.08.01 12:09:49.354,0.82486,0.82503,1.00,1.37
2017.08.01 12:09:49.506,0.82484,0.82501,1.00,1.00
2017.08.01 12:09:50.441,0.82484,0.825,1.00,1.00
2017.08.01 12:09:50.976,0.82485,0.82501,1.00,1.00
2017.08.01 12:09:51.524,0.82486,0.82502,1.00,1.00
2017.08.01 12:09:52.031,0.82485,0.82501,1.00,1.50
2017.08.01 12:09:52.573,0.82485,0.82502,1.00,1.50
2017.08.01 12:09:52.675,0.82487,0.82503,1.50,1.50
2017.08.01 12:09:53.182,0.82484,0.82501,1.00,1.00
2017.08.01 12:09:53.527,0.82485,0.82503,1.00,1.50
2017.08.01 12:09:54.089,0.82485,0.82502,1.00,1.00
2017.08.01 12:09:54.608,0.82484,0.82504,1.00,1.87
2017.08.01 12:09:55.018,0.82485,0.82502,1.00,1.00
2017.08.01 12:09:55.541,0.82484,0.82502,1.50,1.00
2017.08.01 12:09:56.090,0.82485,0.82503,1.00,1.50
2017.08.01 12:09:56.471,0.82487,0.82505,1.00,1.50
2017.08.01 12:09:56.797,0.82483,0.825,1.75,1.00
2017.08.01 12:09:56.899,0.82483,0.825,1.00,1.00
2017.08.01 12:09:57.452,0.82483,0.82501,1.00,1.50
2017.08.01 12:09:57.992,0.82482,0.82501,1.12,1.50
2017.08.01 12:09:58.493,0.82483,0.82501,1.00,1.50
2017.08.01 12:09:59.162,0.82483,0.825,1.00,1.00
2017.08.01 12:09:59.703,0.82483,0.82499,1.50,1.00
2017.08.01 12:10:00.467,0.82483,0.825,1.00,1.00
2017.08.01 12:10:00.569,0.82485,0.825,1.00,1.00
2017.08.01 12:10:00.620,0.82484,0.82502,1.00,1.00
2017.08.01 12:10:01.071,0.82487,0.82504,1.00,1.50
2017.08.01 12:10:01.273,0.82487,0.82505,1.00,1.50
2017.08.01 12:10:02.697,0.82487,0.82506,1.00,2.25
2017.08.01 12:10:03.340,0.82488,0.82506,1.00,1.50
2017.08.01 12:10:04.068,0.82487,0.82505,1.12,1.50
2017.08.01 12:10:05.011,0.82488,0.82506,1.00,1.50
2017.08.01 12:10:05.516,0.82489,0.82507,1.00,1.50
2017.08.01 12:10:05.821,0.82491,0.82508,1.00,1.87
2017.08.01 12:10:06.347,0.8249,0.82508,1.12,1.50
2017.08.01 12:10:06.860,0.82488,0.82505,2.25,1.00
2017.08.01 12:10:07.063,0.82487,0.82505,1.00,1.50
2017.08.01 12:10:07.596,0.82487,0.82504,1.00,1.00
2017.08.01 12:10:08.145,0.82487,0.82503,1.00,1.00
2017.08.01 12:10:08.818,0.82486,0.82502,1.12,1.00
2017.08.01 12:10:09.321,0.82487,0.82502,1.00,1.00
2017.08.01 12:10:09.901,0.82486,0.82501,1.12,1.00
2017.08.01 12:10:10.256,0.82484,0.82501,1.00,1.00
2017.08.01 12:10:10.762,0.82484,0.825,1.00,1.00
2017.08.01 12:10:11.302,0.82483,0.82501,1.12,1.00
2017.08.01 12:10:11.607,0.82485,0.82502,1.00,2.25
2017.08.01 12:10:11.911,0.82489,0.82506,1.00,1.50
2017.08.01 12:10:12.301,0.8249,0.82507,1.00,1.00
2017.08.01 12:10:15.452,0.8249,0.82506,1.00,1.00
2017.08.01 12:10:16.490,0.8249,0.82507,1.00,1.00
2017.08.01 12:10:16.592,0.82489,0.82505,1.00,1.00
2017.08.01 12:10:17.680,0.8249,0.82507,1.00,1.50
2017.08.01 12:10:17.935,0.82491,0.82508,1.00,1.00
2017.08.01 12:10:18.533,0.82492,0.8251,1.00,1.50
2017.08.01 12:10:19.081,0.82492,0.8251,1.00,1.00
2017.08.01 12:10:19.586,0.82493,0.82511,1.00,1.00
2017.08.01 12:10:21.066,0.82492,0.82506,1.00,1.00
2017.08.01 12:10:21.379,0.8249,0.82507,2.62,1.00
2017.08.01 12:10:21.684,0.82492,0.82507,1.00,1.00
2017.08.01 12:10:22.191,0.82492,0.82508,1.00,1.00
2017.08.01 12:10:22.730,0.82491,0.82508,1.50,1.00
2017.08.01 12:10:23.280,0.82492,0.82508,1.00,1.00
2017.08.01 12:10:23.786,0.82491,0.82508,1.50,1.00
2017.08.01 12:10:24.290,0.82491,0.82506,1.00,1.00
2017.08.01 12:10:24.502,0.82488,0.82505,1.50,1.00
2017.08.01 12:10:24.553,0.8249,0.82506,1.00,1.00
2017.08.01 12:10:25.530,0.8249,0.82507,1.00,1.00
2017.08.01 12:10:27.043,0.82489,0.82506,1.00,1.00
2017.08.01 12:10:27.501,0.82489,0.82508,1.00,1.87
2017.08.01 12:10:27.983,0.82491,0.82508,1.00,1.87
2017.08.01 12:10:28.523,0.82492,0.82508,1.00,1.12
2017.08.01 12:10:29.049,0.82491,0.82508,1.50,1.12
2017.08.01 12:10:29.717,0.82492,0.82508,1.00,1.12
2017.08.01 12:10:30.296,0.82491,0.82508,1.50,1.12
2017.08.01 12:10:30.683,0.82493,0.82508,1.00,1.00
2017.08.01 12:10:31.299,0.82492,0.82508,1.00,1.00
2017.08.01 12:10:32.471,0.82492,0.82507,1.00,1.00
2017.08.01 12:10:33.561,0.82489,0.82505,1.50,1.00
2017.08.01 12:10:33.612,0.8249,0.82507,1.12,1.00
2017.08.01 12:10:33.967,0.82489,0.82505,1.50,1.00
2017.08.01 12:10:35.148,0.82488,0.82504,1.00,1.00
2017.08.01 12:10:36.267,0.82487,0.82504,1.50,1.00
2017.08.01 12:10:36.915,0.82488,0.82504,1.00,1.00
2017.08.01 12:10:39.457,0.82488,0.82503,1.00,1.00
2017.08.01 12:10:39.969,0.82487,0.82504,1.50,1.00
2017.08.01 12:10:42.749,0.82488,0.82505,1.00,1.12
2017.08.01 12:10:43.052,0.82491,0.82509,1.00,1.12
2017.08.01 12:10:43.588,0.82492,0.8251,1.00,2.62
2017.08.01 12:10:44.461,0.82492,0.82508,1.50,1.00
2017.08.01 12:10:46.092,0.82492,0.82509,1.50,1.12
2017.08.01 12:10:48.663,0.82492,0.82508,1.50,1.00
2017.08.01 12:10:50.299,0.82493,0.82509,1.00,1.12
2017.08.01 12:10:50.351,0.82493,0.82512,1.00,2.47
2017.08.01 12:10:50.758,0.82492,0.82508,1.50,1.00
2017.08.01 12:10:50.961,0.8249,0.82507,1.00,1.00
2017.08.01 12:10:51.012,0.82492,0.82509,1.00,1.87
2017.08.01 12:10:51.358,0.82494,0.8251,1.00,1.50
2017.08.01 12:10:51.700,0.82492,0.82509,1.00,1.12
2017.08.01 12:10:51.854,0.8249,0.82507,2.25,1.00
2017.08.01 12:10:52.525,0.82492,0.82509,1.00,1.87
2017.08.01 12:10:53.031,0.82492,0.82508,1.00,1.00
2017.08.01 12:10:53.634,0.82492,0.82509,1.00,1.00
2017.08.01 12:10:54.279,0.82493,0.82509,1.00,1.00
2017.08.01 12:10:55.294,0.82492,0.82509,1.00,1.00
2017.08.01 12:10:56.299,0.82492,0.82508,1.00,1.00
2017.08.01 12:10:56.401,0.82493,0.8251,1.00,1.00
2017.08.01 12:10:56.875,0.82492,0.82508,1.50,1.00
2017.08.01 12:10:57.471,0.82493,0.82509,1.00,1.00
2017.08.01 12:10:57.775,0.82495,0.82511,1.00,1.00
2017.08.01 12:10:58.276,0.82494,0.8251,1.00,1.00
2017.08.01 12:10:59.424,0.82493,0.82512,2.62,1.00
2017.08.01 12:10:59.846,0.82493,0.8251,1.87,1.00
2017.08.01 12:11:00.392,0.82492,0.82509,2.25,1.00
2017.08.01 12:11:00.987,0.82492,0.82511,3.00,1.00
2017.08.01 12:11:01.038,0.82494,0.82511,1.50,1.00
2017.08.01 12:11:01.190,0.82494,0.82513,2.25,1.00
2017.08.01 12:11:01.504,0.82495,0.82511,1.00,1.00
2017.08.01 12:11:01.555,0.82492,0.8251,1.50,1.00
2017.08.01 12:11:01.607,0.82491,0.8251,2.25,1.12
2017.08.01 12:11:02.188,0.82491,0.82509,1.50,1.00
2017.08.01 12:11:03.699,0.82491,0.8251,1.50,1.87
2017.08.01 12:11:04.238,0.82492,0.82509,1.00,1.00
2017.08.01 12:11:04.792,0.82492,0.82508,1.50,1.00
2017.08.01 12:11:05.331,0.82492,0.82509,1.50,1.00
2017.08.01 12:11:05.844,0.82491,0.82509,2.25,1.00
2017.08.01 12:11:06.681,0.8249,0.82508,1.50,1.00
2017.08.01 12:11:07.200,0.82491,0.82507,1.50,1.00
2017.08.01 12:11:07.747,0.8249,0.82507,2.25,1.00
2017.08.01 12:11:07.799,0.8249,0.82509,1.50,1.50
2017.08.01 12:11:08.152,0.8249,0.82507,2.25,1.00
2017.08.01 12:11:08.777,0.82491,0.82508,1.00,1.00
2017.08.01 12:11:09.082,0.82493,0.82511,2.25,1.50
2017.08.01 12:11:10.741,0.82492,0.8251,1.50,1.50
2017.08.01 12:11:11.269,0.82493,0.8251,1.00,1.00
2017.08.01 12:11:11.789,0.82494,0.82511,1.00,1.00
2017.08.01 12:11:12.292,0.82493,0.8251,1.00,1.00
2017.08.01 12:11:14.224,0.82493,0.82511,1.50,1.00
2017.08.01 12:11:14.528,0.82492,0.82508,2.62,1.00
2017.08.01 12:11:15.055,0.82491,0.82507,1.50,1.00
2017.08.01 12:11:15.232,0.8249,0.82507,3.00,1.00
2017.08.01 12:11:15.738,0.82491,0.82506,1.50,1.00
2017.08.01 12:11:16.276,0.82491,0.82507,1.00,1.00
2017.08.01 12:11:17.014,0.8249,0.82507,1.00,1.00
2017.08.01 12:11:17.741,0.82489,0.82506,2.62,1.00
2017.08.01 12:11:19.231,0.82491,0.82507,1.50,1.00
2017.08.01 12:11:19.281,0.82492,0.82509,1.50,1.00
2017.08.01 12:11:19.836,0.82493,0.8251,1.50,1.00
2017.08.01 12:11:20.427,0.82493,0.82509,1.00,1.35
2017.08.01 12:11:20.530,0.82491,0.82507,2.25,1.00
2017.08.01 12:11:20.683,0.82492,0.82509,1.87,1.00
2017.08.01 12:11:21.197,0.82493,0.82508,1.00,1.00
2017.08.01 12:11:21.583,0.82491,0.82508,1.50,1.00
2017.08.01 12:11:22.097,0.8249,0.82508,2.25,1.00
2017.08.01 12:11:23.925,0.82492,0.82509,1.00,1.00
2017.08.01 12:11:24.430,0.82491,0.82508,1.00,1.50
2017.08.01 12:11:28.403,0.82492,0.8251,1.00,1.00
2017.08.01 12:11:28.840,0.82494,0.82511,1.00,1.72
2017.08.01 12:11:29.226,0.82499,0.82513,1.00,1.00
2017.08.01 12:11:29.466,0.825,0.82518,1.50,2.10
2017.08.01 12:11:29.977,0.825,0.82516,1.00,1.00
2017.08.01 12:11:30.481,0.82499,0.82515,1.50,1.00
2017.08.01 12:11:31.031,0.82499,0.82516,1.50,1.00
2017.08.01 12:11:31.687,0.82499,0.82518,2.25,2.10
2017.08.01 12:11:32.725,0.82501,0.82518,1.00,1.50
2017.08.01 12:11:33.031,0.82506,0.82524,1.50,1.00
2017.08.01 12:11:33.831,0.82507,0.82523,1.00,1.00
2017.08.01 12:11:34.089,0.8251,0.82525,1.00,1.50
2017.08.01 12:11:34.190,0.82508,0.82525,1.12,1.00
2017.08.01 12:11:34.729,0.82506,0.82523,1.00,1.50
2017.08.01 12:11:35.449,0.82506,0.82524,1.00,1.12
2017.08.01 12:11:36.072,0.82507,0.82524,1.00,1.12
2017.08.01 12:11:39.179,0.82508,0.82525,1.00,1.50
2017.08.01 12:11:39.231,0.82509,0.82526,1.00,1.50
2017.08.01 12:11:39.737,0.8251,0.82528,1.00,1.00
2017.08.01 12:11:40.260,0.82511,0.82528,1.00,1.00
2017.08.01 12:11:40.772,0.8251,0.82527,1.00,1.50
2017.08.01 12:11:41.228,0.82508,0.82525,1.50,1.00
2017.08.01 12:11:41.778,0.82508,0.82525,1.00,1.50
2017.08.01 12:11:42.187,0.82506,0.82524,1.50,1.00
2017.08.01 12:11:42.356,0.82508,0.82525,1.00,1.00
2017.08.01 12:11:42.945,0.82509,0.82526,1.00,1.00
2017.08.01 12:11:43.548,0.8251,0.82527,1.00,1.50
2017.08.01 12:11:44.083,0.82509,0.82527,1.00,1.00
2017.08.01 12:11:44.590,0.82509,0.82528,1.50,1.50
2017.08.01 12:11:45.496,0.82509,0.82529,1.50,1.50
2017.08.01 12:11:45.834,0.82511,0.82529,1.00,1.50
2017.08.01 12:11:47.196,0.82512,0.82529,1.00,1.00
2017.08.01 12:11:48.080,0.82511,0.82528,1.50,1.00
2017.08.01 12:11:48.596,0.82512,0.82529,1.00,1.00
2017.08.01 12:11:49.828,0.82513,0.8253,1.00,1.12
2017.08.01 12:11:51.591,0.82514,0.8253,1.00,1.12
2017.08.01 12:11:51.821,0.82512,0.82531,1.50,2.25
2017.08.01 12:11:52.340,0.82511,0.82529,1.00,1.00
2017.08.01 12:11:52.903,0.82512,0.82529,1.00,1.00
2017.08.01 12:11:53.435,0.82513,0.8253,1.00,1.00
2017.08.01 12:11:54.178,0.82512,0.82529,1.00,1.00
2017.08.01 12:11:55.119,0.82511,0.82529,1.12,1.00
2017.08.01 12:11:56.147,0.82513,0.8253,1.00,1.12
2017.08.01 12:11:56.452,0.82517,0.82534,1.00,1.50
2017.08.01 12:11:56.997,0.82514,0.82533,3.75,1.00
2017.08.01 12:11:57.302,0.82514,0.82532,1.00,1.00
2017.08.01 12:11:57.492,0.82514,0.8253,1.00,1.00
2017.08.01 12:11:57.796,0.82516,0.82532,1.50,1.00
2017.08.01 12:11:57.847,0.82517,0.82534,1.00,1.12
2017.08.01 12:11:58.873,0.82516,0.82533,1.00,1.00
2017.08.01 12:11:59.933,0.82517,0.82533,1.00,1.00
2017.08.01 12:11:59.984,0.82516,0.82535,1.50,1.00
2017.08.01 12:12:00.085,0.82518,0.82535,1.00,1.00
2017.08.01 12:12:00.339,0.82519,0.82538,1.50,1.50
2017.08.01 12:12:00.863,0.8252,0.82538,1.87,1.00
2017.08.01 12:12:01.327,0.82518,0.82536,1.75,1.00
2017.08.01 12:12:02.223,0.82518,0.82535,1.75,1.00
2017.08.01 12:12:02.425,0.82518,0.82534,1.00,1.00
2017.08.01 12:12:03.341,0.82517,0.82534,1.12,1.00
2017.08.01 12:12:05.490,0.82515,0.82531,1.75,1.00
2017.08.01 12:12:05.698,0.82516,0.82534,1.12,1.00
2017.08.01 12:12:06.206,0.82516,0.82533,1.00,1.00
2017.08.01 12:12:06.744,0.82515,0.82532,1.00,1.00
2017.08.01 12:12:07.344,0.82514,0.82532,2.62,1.00
2017.08.01 12:12:07.925,0.82515,0.82532,1.50,1.00
2017.08.01 12:12:08.530,0.82514,0.82532,1.12,1.00
2017.08.01 12:12:09.075,0.82515,0.82533,1.00,1.00
2017.08.01 12:12:09.649,0.82516,0.82533,1.00,1.00
2017.08.01 12:12:11.079,0.82516,0.82534,1.00,1.00
2017.08.01 12:12:11.599,0.82514,0.82532,2.62,1.00
2017.08.01 12:12:13.187,0.82514,0.82531,1.87,1.00
2017.08.01 12:12:13.935,0.82514,0.8253,1.12,1.00
2017.08.01 12:12:15.073,0.82512,0.82529,2.25,1.00
2017.08.01 12:12:15.328,0.8251,0.82528,1.50,1.50
2017.08.01 12:12:15.733,0.82509,0.82527,1.50,1.00
2017.08.01 12:12:16.592,0.82509,0.82526,1.50,1.00
2017.08.01 12:12:17.142,0.82509,0.82527,1.50,1.00
2017.08.01 12:12:17.294,0.8251,0.82529,1.00,1.87
2017.08.01 12:12:17.831,0.82511,0.82528,1.00,1.00
2017.08.01 12:12:18.326,0.82511,0.8253,2.25,1.00
2017.08.01 12:12:18.410,0.82511,0.82528,2.25,1.00
2017.08.01 12:12:18.754,0.82513,0.8253,1.00,1.00
2017.08.01 12:12:18.856,0.82514,0.82533,1.00,2.25
2017.08.01 12:12:19.210,0.82513,0.8253,2.25,1.00
2017.08.01 12:12:20.310,0.82513,0.82531,2.25,1.00
2017.08.01 12:12:20.847,0.82514,0.82532,2.62,1.00
2017.08.01 12:12:21.384,0.82514,0.82531,1.12,1.00
2017.08.01 12:12:21.896,0.82515,0.82531,1.00,1.00
2017.08.01 12:12:22.432,0.82515,0.82532,1.00,1.00
2017.08.01 12:12:22.943,0.82515,0.82531,1.00,1.00
2017.08.01 12:12:25.615,0.82517,0.82535,1.50,1.50
2017.08.01 12:12:25.741,0.82519,0.82536,1.00,1.00
2017.08.01 12:12:26.056,0.82515,0.82533,1.75,1.00
2017.08.01 12:12:26.157,0.82515,0.82532,1.50,1.00
2017.08.01 12:12:26.613,0.82514,0.8253,1.00,1.00
2017.08.01 12:12:26.999,0.82514,0.82532,1.50,1.00
2017.08.01 12:12:27.506,0.82513,0.82531,2.62,1.00
2017.08.01 12:12:27.760,0.82516,0.82532,1.00,1.00
2017.08.01 12:12:28.347,0.82514,0.82532,1.87,1.00
2017.08.01 12:12:28.883,0.82513,0.82531,2.25,1.00
2017.08.01 12:12:29.196,0.82521,0.82535,1.00,1.87
2017.08.01 12:12:29.450,0.82523,0.82539,1.00,1.00
2017.08.01 12:12:29.962,0.82523,0.8254,1.00,1.00
2017.08.01 12:12:30.586,0.82525,0.82542,1.50,1.12
2017.08.01 12:12:30.914,0.82527,0.82544,1.00,1.00
2017.08.01 12:12:31.471,0.82525,0.82544,2.25,1.00
2017.08.01 12:12:32.223,0.82525,0.82543,1.50,1.00
2017.08.01 12:12:33.257,0.82525,0.82543,1.00,1.00
2017.08.01 12:12:33.789,0.82526,0.82543,1.00,1.00
2017.08.01 12:12:34.146,0.82531,0.82546,1.50,2.25
2017.08.01 12:12:34.349,0.82534,0.8255,1.50,1.12
2017.08.01 12:12:34.494,0.82536,0.82554,1.00,1.50
2017.08.01 12:12:34.545,0.82536,0.82551,1.00,1.00
2017.08.01 12:12:35.191,0.82536,0.82552,1.00,1.00
2017.08.01 12:12:35.703,0.82535,0.82551,1.75,1.00
2017.08.01 12:12:35.855,0.82533,0.82551,1.37,1.00
2017.08.01 12:12:36.091,0.82532,0.82551,1.50,1.00
2017.08.01 12:12:36.731,0.82533,0.82551,1.00,1.00
2017.08.01 12:12:38.195,0.82532,0.82551,1.50,1.00
2017.08.01 12:12:38.712,0.82533,0.8255,1.00,1.00
2017.08.01 12:12:39.220,0.82533,0.82549,1.00,1.00
2017.08.01 12:12:39.373,0.82533,0.82551,1.00,1.00
2017.08.01 12:12:40.375,0.82532,0.82551,1.50,1.00
2017.08.01 12:12:40.937,0.82533,0.82551,1.00,1.00
2017.08.01 12:12:42.242,0.82533,0.8255,1.50,1.00
2017.08.01 12:12:43.946,0.82536,0.82552,1.00,1.00
2017.08.01 12:12:44.453,0.82534,0.82551,1.00,1.00
2017.08.01 12:12:46.232,0.82534,0.8255,1.00,1.00
2017.08.01 12:12:48.265,0.82533,0.8255,1.00,1.00
2017.08.01 12:12:48.317,0.82533,0.82547,1.00,1.00
2017.08.01 12:12:48.830,0.82532,0.82548,1.00,1.00
2017.08.01 12:12:49.371,0.82533,0.82549,1.00,1.00
2017.08.01 12:12:50.051,0.82532,0.82549,1.50,1.00
2017.08.01 12:12:50.757,0.82533,0.8255,1.00,1.00
2017.08.01 12:12:54.919,0.82533,0.82551,1.00,1.00
2017.08.01 12:12:55.253,0.82535,0.82552,1.00,1.00
2017.08.01 12:12:55.581,0.82534,0.8255,1.00,1.00
2017.08.01 12:12:57.132,0.82533,0.82549,1.50,1.00
2017.08.01 12:12:59.217,0.82531,0.82549,3.75,1.00
2017.08.01 12:12:59.779,0.82533,0.82549,1.00,1.00
2017.08.01 12:13:00.364,0.82534,0.8255,1.00,1.00
2017.08.01 12:13:02.614,0.82533,0.8255,1.00,1.00
2017.08.01 12:13:04.893,0.82535,0.82551,1.00,1.00
2017.08.01 12:13:08.553,0.82537,0.82552,1.00,1.00
2017.08.01 12:13:09.068,0.82536,0.82553,1.00,1.00
2017.08.01 12:13:09.614,0.82536,0.82552,1.00,1.50
2017.08.01 12:13:10.509,0.82534,0.82551,1.00,1.00
2017.08.01 12:13:11.027,0.82533,0.8255,1.00,1.00
2017.08.01 12:13:11.592,0.82534,0.8255,1.00,1.00
2017.08.01 12:13:13.407,0.82532,0.82551,1.87,1.00
2017.08.01 12:13:14.362,0.82535,0.82551,1.00,1.00
2017.08.01 12:13:15.006,0.82535,0.82552,1.00,1.00
2017.08.01 12:13:15.764,0.82534,0.82551,1.00,1.00
2017.08.01 12:13:16.334,0.82534,0.82552,1.00,1.00
2017.08.01 12:13:17.382,0.82535,0.82552,1.00,1.00
2017.08.01 12:13:17.965,0.82536,0.82552,1.00,1.00
2017.08.01 12:13:23.603,0.82537,0.82553,1.00,1.00
2017.08.01 12:13:24.250,0.82536,0.82553,1.50,1.00
2017.08.01 12:13:24.888,0.82536,0.82552,1.00,1.00
2017.08.01 12:13:25.868,0.82535,0.82552,1.12,1.00
2017.08.01 12:13:26.122,0.8254,0.82558,1.50,1.00
2017.08.01 12:13:27.008,0.8254,0.82559,1.50,1.00
2017.08.01 12:13:29.752,0.82539,0.82559,2.25,1.00
2017.08.01 12:13:29.985,0.8254,0.82555,1.00,1.00
2017.08.01 12:13:30.289,0.82537,0.82554,1.12,1.00
2017.08.01 12:13:30.492,0.82538,0.82556,1.00,1.00
2017.08.01 12:13:30.543,0.8254,0.82556,1.00,1.00
2017.08.01 12:13:31.145,0.82539,0.82556,1.12,1.00
2017.08.01 12:13:31.660,0.8254,0.82556,1.00,1.00
2017.08.01 12:13:32.184,0.8254,0.82557,1.00,1.00
2017.08.01 12:13:32.691,0.82543,0.82559,1.00,1.50
2017.08.01 12:13:33.194,0.82544,0.8256,1.00,1.00
2017.08.01 12:13:33.901,0.82544,0.82561,1.00,1.00
2017.08.01 12:13:34.204,0.82543,0.82559,1.50,1.00
2017.08.01 12:13:34.753,0.82542,0.82558,1.12,1.00
2017.08.01 12:13:35.449,0.82541,0.82559,2.25,1.00
2017.08.01 12:13:41.856,0.82541,0.8256,1.50,1.00
2017.08.01 12:13:43.092,0.8254,0.8256,1.37,1.00
2017.08.01 12:13:43.396,0.82539,0.82556,1.87,1.00
2017.08.01 12:13:44.221,0.82539,0.82557,1.87,1.00
2017.08.01 12:13:44.676,0.82542,0.82559,1.00,1.00
2017.08.01 12:13:45.157,0.82544,0.8256,1.00,1.00
2017.08.01 12:13:47.708,0.82544,0.82561,1.50,1.00
2017.08.01 12:13:48.864,0.82543,0.8256,1.00,1.00
2017.08.01 12:13:50.316,0.82544,0.82562,1.00,1.00
2017.08.01 12:13:50.713,0.82543,0.8256,1.00,1.00
2017.08.01 12:13:51.214,0.82544,0.82561,1.00,1.50
2017.08.01 12:13:51.528,0.82542,0.82559,1.12,1.00
2017.08.01 12:13:55.409,0.82543,0.82559,1.00,1.00
2017.08.01 12:13:55.713,0.82541,0.82557,1.12,1.00
2017.08.01 12:13:56.059,0.82539,0.82556,1.00,1.00
2017.08.01 12:13:56.312,0.82536,0.82555,1.87,1.50
2017.08.01 12:13:56.363,0.82539,0.82555,1.00,1.00
2017.08.01 12:13:56.516,0.82538,0.82558,1.87,1.37
2017.08.01 12:13:56.567,0.8254,0.82559,1.00,2.62
2017.08.01 12:13:56.877,0.82539,0.82557,1.00,1.00
2017.08.01 12:13:57.620,0.8254,0.82557,1.00,1.00
2017.08.01 12:13:58.866,0.82543,0.82559,1.00,1.12
2017.08.01 12:13:59.413,0.82542,0.82558,1.12,1.00
2017.08.01 12:13:59.667,0.82539,0.82556,1.87,1.00
2017.08.01 12:14:00.224,0.82537,0.82555,2.25,1.00
2017.08.01 12:14:00.275,0.82537,0.82555,1.87,1.00
2017.08.01 12:14:00.815,0.82537,0.82554,1.87,1.00
2017.08.01 12:14:01.342,0.82536,0.82553,2.25,1.00
2017.08.01 12:14:02.178,0.82535,0.8255,1.75,1.00
2017.08.01 12:14:02.381,0.82533,0.82549,1.12,1.00
2017.08.01 12:14:03.328,0.82534,0.82549,1.00,1.00
2017.08.01 12:14:03.452,0.82534,0.82552,1.00,2.10
2017.08.01 12:14:03.504,0.82533,0.82549,1.12,1.00
2017.08.01 12:14:03.658,0.82531,0.8255,1.50,1.00
2017.08.01 12:14:04.417,0.82531,0.82549,2.25,1.00
2017.08.01 12:14:04.976,0.82532,0.82549,1.00,1.00
2017.08.01 12:14:05.357,0.82532,0.82551,1.00,1.12
2017.08.01 12:14:05.907,0.82532,0.82552,1.00,3.00
2017.08.01 12:14:06.469,0.82531,0.82552,1.50,3.00
2017.08.01 12:14:06.798,0.82534,0.82551,1.00,1.50
2017.08.01 12:14:07.177,0.82541,0.82553,1.00,2.25
2017.08.01 12:14:07.380,0.82542,0.8256,1.12,1.00
2017.08.01 12:14:08.084,0.82542,0.82561,1.12,1.00
2017.08.01 12:14:09.145,0.82542,0.8256,1.12,1.00
2017.08.01 12:14:09.300,0.8254,0.82557,1.50,1.00
2017.08.01 12:14:09.452,0.82541,0.82559,1.37,1.50
2017.08.01 12:14:11.383,0.82544,0.82561,1.00,1.00
2017.08.01 12:14:11.916,0.82544,0.82562,2.25,1.00
2017.08.01 12:14:12.500,0.82544,0.82561,1.12,1.00
2017.08.01 12:14:13.500,0.82543,0.82561,1.00,1.00
2017.08.01 12:14:14.877,0.82542,0.82561,1.12,1.00
2017.08.01 12:14:16.161,0.82541,0.82558,1.50,1.00
2017.08.01 12:14:16.415,0.8254,0.82559,1.50,1.00
2017.08.01 12:14:18.599,0.82542,0.82559,1.00,1.00
2017.08.01 12:14:19.625,0.82543,0.82559,1.00,1.00
2017.08.01 12:14:20.339,0.82543,0.8256,1.00,1.87
2017.08.01 12:14:24.772,0.82542,0.8256,1.87,1.00
2017.08.01 12:14:25.090,0.82544,0.82562,1.00,1.00
2017.08.01 12:14:25.596,0.82543,0.82561,1.00,1.00
2017.08.01 12:14:25.951,0.82542,0.82559,1.12,1.00
2017.08.01 12:14:26.499,0.82541,0.82559,1.00,1.00
2017.08.01 12:14:27.162,0.82541,0.82558,1.00,1.00
2017.08.01 12:14:27.465,0.82547,0.82563,1.00,1.75
2017.08.01 12:14:27.618,0.82547,0.82563,1.00,1.00
2017.08.01 12:14:29.928,0.82547,0.82564,1.00,1.00
2017.08.01 12:14:30.267,0.82547,0.82566,1.00,2.25
2017.08.01 12:14:30.773,0.82548,0.82566,1.00,1.00
2017.08.01 12:14:31.311,0.82547,0.82565,1.00,1.50
2017.08.01 12:14:32.921,0.82547,0.82566,1.50,1.50
2017.08.01 12:14:34.607,0.82547,0.82565,1.00,1.00
2017.08.01 12:14:35.148,0.82546,0.82565,1.00,1.00
2017.08.01 12:14:35.532,0.82548,0.82566,1.00,1.00
2017.08.01 12:14:35.835,0.8255,0.82568,1.00,1.50
2017.08.01 12:14:36.305,0.82548,0.82564,1.87,1.00
2017.08.01 12:14:36.806,0.82547,0.82564,1.00,1.50
2017.08.01 12:14:37.726,0.82546,0.82564,1.00,1.00
2017.08.01 12:14:38.345,0.82546,0.82563,1.00,1.00
2017.08.01 12:14:38.867,0.82545,0.82562,1.87,1.00
2017.08.01 12:14:39.450,0.82545,0.82561,1.12,1.00
2017.08.01 12:14:39.552,0.82543,0.82561,1.00,1.00
2017.08.01 12:14:40.260,0.82545,0.82561,1.00,1.00
2017.08.01 12:14:40.737,0.82545,0.82563,1.00,1.50
2017.08.01 12:14:41.638,0.82546,0.82564,1.00,1.50
2017.08.01 12:14:42.605,0.82548,0.82565,1.00,1.50
2017.08.01 12:14:43.238,0.82548,0.82564,1.00,1.00
2017.08.01 12:14:43.440,0.82546,0.82564,1.00,1.00
2017.08.01 12:14:44.193,0.82546,0.82563,1.00,1.00
2017.08.01 12:14:44.724,0.82545,0.82563,1.00,1.50
2017.08.01 12:14:45.811,0.82546,0.82563,1.00,1.50
2017.08.01 12:14:46.870,0.82547,0.82564,1.00,1.50
2017.08.01 12:14:47.123,0.82549,0.82566,1.00,1.00
2017.08.01 12:14:48.109,0.82549,0.82567,1.00,1.50
2017.08.01 12:14:49.191,0.8255,0.82567,1.00,1.50
2017.08.01 12:14:52.959,0.8255,0.82566,1.00,1.00
2017.08.01 12:14:53.111,0.82548,0.82565,1.00,1.00
2017.08.01 12:14:53.746,0.82549,0.82566,1.00,1.00
2017.08.01 12:14:59.966,0.82549,0.82565,1.00,1.00
2017.08.01 12:15:00.580,0.82549,0.82564,1.00,1.00
2017.08.01 12:15:00.682,0.82547,0.82564,1.00,1.50
2017.08.01 12:15:02.951,0.82548,0.82564,1.00,2.25
2017.08.01 12:15:03.103,0.82544,0.82561,1.00,1.00
2017.08.01 12:15:03.154,0.82546,0.82561,1.00,1.00
2017.08.01 12:15:03.306,0.82546,0.82563,1.00,1.00
2017.08.01 12:15:03.357,0.82545,0.82561,1.00,1.00
2017.08.01 12:15:03.458,0.82543,0.8256,1.50,1.00
2017.08.01 12:15:03.983,0.82544,0.82561,1.00,1.00
2017.08.01 12:15:04.554,0.82545,0.82562,1.00,1.50
2017.08.01 12:15:05.096,0.82544,0.82561,1.00,1.00
2017.08.01 12:15:05.611,0.82544,0.8256,1.00,1.00
2017.08.01 12:15:06.610,0.82544,0.82561,1.00,1.00
2017.08.01 12:15:07.118,0.82544,0.82562,2.25,1.00
2017.08.01 12:15:08.129,0.82546,0.82563,1.00,1.00
2017.08.01 12:15:09.207,0.82545,0.82562,1.00,1.00
2017.08.01 12:15:13.705,0.82546,0.82563,1.00,1.00
2017.08.01 12:15:14.215,0.82547,0.82564,1.00,1.87
2017.08.01 12:15:14.945,0.82548,0.82565,1.00,1.50
2017.08.01 12:15:15.199,0.82549,0.82566,1.00,1.50
2017.08.01 12:15:15.766,0.8255,0.82566,1.00,1.00
2017.08.01 12:15:16.039,0.82546,0.82565,1.12,1.00
2017.08.01 12:15:16.393,0.82545,0.82563,1.50,1.00
2017.08.01 12:15:16.743,0.82541,0.82558,1.00,1.35
2017.08.01 12:15:17.368,0.82542,0.82559,1.00,1.50
2017.08.01 12:15:18.538,0.82541,0.82558,1.50,1.00
2017.08.01 12:15:19.045,0.82542,0.8256,1.00,1.50
2017.08.01 12:15:19.097,0.82541,0.82562,1.50,1.50
2017.08.01 12:15:19.295,0.82543,0.8256,1.00,1.00
2017.08.01 12:15:20.030,0.82544,0.82561,1.00,1.00
2017.08.01 12:15:20.081,0.82541,0.82559,1.00,1.00
2017.08.01 12:15:20.422,0.82543,0.8256,1.00,1.00
2017.08.01 12:15:21.035,0.82542,0.82561,1.00,1.00
2017.08.01 12:15:21.556,0.82543,0.82561,1.00,1.00
2017.08.01 12:15:22.062,0.82543,0.82562,1.00,2.25
2017.08.01 12:15:22.669,0.82543,0.82561,1.00,1.00
2017.08.01 12:15:23.179,0.82544,0.82561,1.00,1.00
2017.08.01 12:15:26.184,0.82543,0.82561,1.50,1.00
2017.08.01 12:15:26.498,0.82545,0.82561,1.00,1.00
2017.08.01 12:15:26.802,0.82545,0.82559,1.00,1.00
2017.08.01 12:15:26.976,0.82543,0.82559,1.87,1.00
2017.08.01 12:15:27.542,0.82544,0.8256,1.00,1.00
2017.08.01 12:15:28.215,0.82543,0.8256,1.87,1.00
2017.08.01 12:15:28.738,0.82544,0.82561,1.00,1.00
2017.08.01 12:15:29.364,0.82545,0.82561,1.00,1.00
2017.08.01 12:15:29.617,0.82546,0.82563,1.00,1.12
2017.08.01 12:15:30.470,0.82544,0.82561,1.50,1.00
2017.08.01 12:15:31.002,0.82544,0.8256,1.00,1.00
2017.08.01 12:15:33.279,0.82544,0.82561,1.00,1.00
2017.08.01 12:15:35.681,0.82543,0.82561,1.87,1.00
2017.08.01 12:15:36.685,0.82544,0.82561,1.00,1.00
2017.08.01 12:15:36.910,0.82544,0.82563,1.00,1.00
2017.08.01 12:15:37.776,0.82546,0.82562,1.00,1.00
2017.08.01 12:15:38.295,0.82546,0.82563,1.00,1.00
2017.08.01 12:15:39.080,0.82547,0.82563,1.00,1.00
2017.08.01 12:15:40.076,0.82547,0.82564,1.00,1.00
2017.08.01 12:15:41.519,0.82546,0.82563,1.00,1.00
2017.08.01 12:15:41.715,0.82542,0.82561,2.25,1.00
2017.08.01 12:15:41.767,0.82541,0.82561,1.00,1.50
2017.08.01 12:15:43.947,0.82542,0.82561,1.00,1.50
2017.08.01 12:15:43.998,0.82544,0.82562,1.00,1.50
2017.08.01 12:15:44.714,0.82545,0.82562,1.00,1.00
2017.08.01 12:15:45.221,0.82543,0.82562,1.50,1.50
2017.08.01 12:15:46.073,0.82544,0.82562,1.00,1.00
2017.08.01 12:15:46.577,0.82543,0.82561,1.00,1.00
2017.08.01 12:15:47.123,0.82542,0.82561,1.50,1.00
2017.08.01 12:15:49.192,0.82543,0.82562,1.00,1.50
2017.08.01 12:15:50.358,0.82544,0.82562,1.00,1.00
2017.08.01 12:15:50.772,0.82542,0.82558,3.00,1.00
2017.08.01 12:15:50.874,0.82538,0.82557,2.62,1.00
2017.08.01 12:15:50.925,0.82541,0.82557,1.00,1.00
2017.08.01 12:15:52.066,0.82542,0.82558,1.00,1.00
2017.08.01 12:15:52.653,0.82542,0.82559,1.00,1.12
2017.08.01 12:15:52.957,0.82547,0.82564,1.00,1.00
2017.08.01 12:15:53.629,0.82547,0.82563,1.00,1.00
2017.08.01 12:15:54.076,0.82545,0.82562,1.87,1.00
2017.08.01 12:15:54.545,0.82544,0.8256,1.50,1.00
2017.08.01 12:15:54.799,0.82539,0.82556,1.12,1.00
2017.08.01 12:15:55.197,0.82538,0.82551,1.12,1.00
2017.08.01 12:15:55.401,0.82532,0.82548,1.00,1.00
2017.08.01 12:15:55.554,0.82535,0.82549,1.50,1.00
2017.08.01 12:15:55.606,0.82535,0.82553,1.87,1.00
2017.08.01 12:15:55.984,0.82547,0.82555,1.00,1.00
2017.08.01 12:15:56.085,0.82543,0.8256,1.00,2.25
2017.08.01 12:15:56.136,0.82546,0.8256,1.00,2.25
2017.08.01 12:15:56.238,0.82543,0.82561,1.00,1.00
2017.08.01 12:15:56.290,0.82543,0.82563,1.00,3.49
2017.08.01 12:15:56.473,0.82543,0.82559,1.00,1.00
2017.08.01 12:15:56.676,0.82544,0.82561,1.00,1.00
2017.08.01 12:15:56.880,0.82541,0.82559,2.25,1.00
2017.08.01 12:15:57.134,0.8254,0.82558,1.00,1.00
2017.08.01 12:15:57.643,0.82538,0.82557,1.50,1.00
2017.08.01 12:15:57.999,0.8254,0.82559,1.00,3.00
2017.08.01 12:15:58.302,0.82537,0.82557,1.50,1.00
2017.08.01 12:15:58.761,0.82539,0.82558,1.00,1.12
2017.08.01 12:15:59.486,0.82538,0.82558,1.50,1.87
2017.08.01 12:16:00.017,0.82539,0.82558,1.00,1.12
2017.08.01 12:16:00.321,0.82542,0.8256,1.00,1.75
2017.08.01 12:16:00.569,0.82542,0.82562,1.87,1.50
2017.08.01 12:16:00.671,0.82545,0.82563,1.00,1.12
2017.08.01 12:16:01.279,0.82545,0.82565,1.12,1.50
2017.08.01 12:16:01.330,0.82545,0.82562,1.12,1.00
2017.08.01 12:16:01.623,0.82541,0.82559,1.00,1.00
2017.08.01 12:16:01.949,0.82541,0.82561,1.00,1.87
2017.08.01 12:16:02.051,0.82543,0.82564,1.50,2.25
2017.08.01 12:16:02.153,0.82543,0.82564,1.87,1.87
2017.08.01 12:16:02.559,0.82546,0.82565,1.00,1.50
2017.08.01 12:16:03.350,0.82546,0.82563,1.00,1.00
2017.08.01 12:16:03.734,0.82544,0.82561,1.00,1.00
2017.08.01 12:16:03.889,0.82545,0.82564,1.00,1.12
2017.08.01 12:16:03.991,0.82547,0.82566,1.00,2.25
2017.08.01 12:16:04.143,0.82548,0.82566,1.00,1.00
2017.08.01 12:16:04.655,0.82547,0.82566,1.87,1.00
2017.08.01 12:16:05.164,0.82548,0.82566,1.00,1.00
2017.08.01 12:16:06.565,0.82547,0.82565,1.87,1.00
2017.08.01 12:16:07.973,0.82545,0.82564,1.87,1.00
2017.08.01 12:16:08.328,0.82546,0.82566,1.00,2.62
2017.08.01 12:16:08.430,0.82548,0.82566,1.00,1.12
2017.08.01 12:16:08.978,0.82547,0.82566,1.50,1.12
2017.08.01 12:16:09.640,0.82546,0.82565,1.00,1.00
2017.08.01 12:16:10.184,0.82546,0.82564,1.00,1.00
2017.08.01 12:16:10.488,0.82544,0.82562,1.50,1.00
2017.08.01 12:16:11.012,0.82544,0.82563,1.50,1.50
2017.08.01 12:16:11.546,0.82546,0.82562,1.00,1.12
2017.08.01 12:16:12.213,0.82548,0.82562,1.00,1.12
2017.08.01 12:16:12.417,0.8255,0.82568,1.50,1.50
2017.08.01 12:16:14.395,0.82551,0.82569,1.00,1.50
2017.08.01 12:16:15.086,0.82551,0.82568,1.00,1.00
2017.08.01 12:16:15.289,0.82549,0.82568,1.50,1.00
2017.08.01 12:16:15.868,0.8255,0.82568,1.00,1.00
2017.08.01 12:16:16.376,0.82549,0.82568,1.50,1.00
2017.08.01 12:16:16.694,0.82551,0.82568,1.00,1.00
2017.08.01 12:16:17.119,0.8255,0.82566,1.00,1.00
2017.08.01 12:16:17.272,0.82548,0.82566,2.62,1.00
2017.08.01 12:16:17.605,0.8255,0.82567,1.00,1.00
2017.08.01 12:16:17.706,0.82548,0.82566,1.50,1.87
2017.08.01 12:16:19.229,0.82548,0.82565,1.00,1.00
2017.08.01 12:16:19.742,0.82548,0.82566,1.50,1.87
2017.08.01 12:16:19.793,0.82548,0.82564,1.00,1.00
2017.08.01 12:16:20.180,0.82549,0.82566,1.00,1.12
2017.08.01 12:16:20.833,0.82548,0.82566,1.50,1.12
2017.08.01 12:16:22.565,0.82547,0.82565,1.50,1.00
2017.08.01 12:16:25.098,0.82547,0.82563,1.00,1.00
2017.08.01 12:16:25.679,0.82548,0.82564,1.00,1.87
2017.08.01 12:16:26.189,0.82549,0.82566,1.00,2.25
2017.08.01 12:16:27.827,0.82548,0.82564,1.00,1.12
2017.08.01 12:16:28.353,0.82548,0.82563,1.00,1.00
2017.08.01 12:16:28.916,0.82548,0.82564,1.00,1.12
2017.08.01 12:16:29.017,0.82546,0.82565,1.50,2.25
2017.08.01 12:16:29.119,0.82548,0.82565,1.00,2.25
2017.08.01 12:16:29.966,0.82547,0.82562,1.00,1.00
2017.08.01 12:16:30.483,0.82546,0.82562,1.00,1.00
2017.08.01 12:16:30.698,0.82544,0.82561,1.00,1.00
2017.08.01 12:16:31.103,0.82541,0.82557,1.50,1.00
2017.08.01 12:16:31.616,0.82541,0.82557,1.00,1.00
2017.08.01 12:16:32.128,0.82541,0.82558,1.00,1.87
2017.08.01 12:16:32.589,0.82543,0.82558,1.00,1.12
2017.08.01 12:16:32.843,0.82544,0.8256,1.00,1.00
2017.08.01 12:16:33.380,0.82543,0.82559,1.00,1.00
2017.08.01 12:16:33.898,0.82542,0.82559,1.00,1.00
2017.08.01 12:16:34.952,0.82543,0.82559,1.00,1.00
2017.08.01 12:16:35.820,0.82544,0.8256,1.00,1.00
2017.08.01 12:16:36.397,0.82544,0.82561,1.00,1.12
2017.08.01 12:16:38.639,0.82543,0.82557,1.00,1.00
2017.08.01 12:16:38.741,0.8254,0.82557,1.12,1.00
2017.08.01 12:16:39.070,0.82542,0.82558,1.00,1.00
2017.08.01 12:16:39.372,0.82544,0.82559,1.00,1.00
2017.08.01 12:16:39.474,0.82544,0.82561,1.00,1.87
2017.08.01 12:16:39.525,0.82543,0.82559,1.00,1.00
2017.08.01 12:16:39.627,0.82544,0.82561,1.00,1.12
2017.08.01 12:16:39.982,0.82545,0.82563,1.50,1.00
2017.08.01 12:16:43.460,0.82545,0.82562,1.00,1.00
2017.08.01 12:16:43.561,0.82544,0.8256,1.50,1.00
2017.08.01 12:16:44.068,0.82543,0.82559,1.50,1.00
2017.08.01 12:16:44.869,0.82543,0.8256,1.50,1.12
2017.08.01 12:16:47.509,0.82544,0.82561,1.00,1.00
2017.08.01 12:16:47.827,0.82547,0.82564,1.00,2.25
2017.08.01 12:16:48.285,0.82545,0.82562,1.00,1.00
2017.08.01 12:16:48.791,0.82545,0.82563,1.00,1.00
2017.08.01 12:16:49.119,0.82547,0.82564,1.50,1.50
2017.08.01 12:16:49.837,0.82547,0.82563,1.50,1.00
2017.08.01 12:16:51.187,0.82546,0.82563,1.50,1.50
2017.08.01 12:16:51.787,0.82547,0.82563,1.00,1.00
2017.08.01 12:16:53.582,0.82547,0.82564,1.50,1.12
2017.08.01 12:16:54.417,0.82547,0.82563,1.00,1.50
2017.08.01 12:16:55.647,0.82547,0.82564,1.50,1.12
2017.08.01 12:16:56.339,0.82547,0.82563,1.50,1.00
2017.08.01 12:16:58.311,0.82548,0.82564,1.00,1.12
2017.08.01 12:16:58.826,0.82547,0.82564,1.50,1.12
2017.08.01 12:16:59.370,0.82548,0.82564,1.00,1.12
2017.08.01 12:16:59.938,0.82549,0.82566,1.50,1.75
2017.08.01 12:17:00.039,0.82549,0.82566,1.50,1.12
2017.08.01 12:17:00.191,0.82551,0.82567,1.00,1.50
2017.08.01 12:17:00.343,0.82548,0.82567,1.50,1.50
2017.08.01 12:17:00.445,0.82548,0.82564,1.50,1.00
2017.08.01 12:17:01.132,0.8255,0.82566,1.00,1.12
2017.08.01 12:17:01.964,0.82548,0.82565,1.87,1.00
2017.08.01 12:17:02.910,0.82549,0.82565,1.00,1.00
2017.08.01 12:17:03.432,0.82548,0.82565,1.50,1.00
2017.08.01 12:17:04.197,0.82548,0.82567,1.50,1.50
2017.08.01 12:17:05.196,0.82549,0.82565,1.00,1.00
2017.08.01 12:17:06.646,0.82549,0.82567,1.00,1.50
2017.08.01 12:17:07.319,0.82549,0.82564,1.00,1.00
2017.08.01 12:17:07.838,0.82548,0.82564,1.00,1.00
2017.08.01 12:17:09.758,0.82548,0.82566,1.00,1.00
2017.08.01 12:17:10.062,0.82547,0.82564,1.12,1.00
2017.08.01 12:17:10.922,0.82548,0.82564,1.00,1.12
2017.08.01 12:17:11.457,0.82549,0.82565,1.00,1.50
2017.08.01 12:17:12.417,0.82548,0.82565,1.00,1.50
2017.08.01 12:17:13.493,0.82547,0.82564,2.25,1.00
2017.08.01 12:17:14.247,0.82548,0.82565,1.00,1.00
2017.08.01 12:17:15.022,0.82549,0.82566,1.00,1.00
2017.08.01 12:17:15.323,0.82551,0.82567,1.00,1.12
2017.08.01 12:17:15.928,0.8255,0.82567,1.00,1.87
2017.08.01 12:17:16.536,0.82551,0.82568,1.00,1.50
2017.08.01 12:17:17.041,0.82552,0.82569,1.00,2.25
2017.08.01 12:17:17.193,0.82552,0.82569,1.00,1.50
2017.08.01 12:17:19.960,0.82553,0.82569,1.00,1.00
2017.08.01 12:17:20.011,0.82555,0.82571,1.00,1.50
2017.08.01 12:17:20.558,0.82555,0.82571,1.00,1.00
2017.08.01 12:17:21.086,0.82554,0.82571,1.00,1.00
2017.08.01 12:17:21.394,0.82552,0.82569,1.00,1.50
2017.08.01 12:17:24.689,0.82553,0.8257,1.00,1.00
2017.08.01 12:17:25.202,0.82552,0.82569,1.00,1.00
2017.08.01 12:17:28.849,0.82553,0.8257,1.00,1.00
2017.08.01 12:17:30.023,0.82553,0.8257,1.00,1.37
2017.08.01 12:17:30.573,0.82555,0.82571,1.00,1.75
2017.08.01 12:17:30.725,0.82555,0.82571,1.00,1.00
2017.08.01 12:17:31.231,0.82556,0.82573,1.00,1.50
2017.08.01 12:17:31.811,0.82557,0.82573,1.00,2.25
2017.08.01 12:17:32.427,0.82556,0.82573,1.00,2.25
2017.08.01 12:17:32.955,0.82555,0.82572,1.00,1.12
2017.08.01 12:17:33.465,0.82554,0.82572,1.00,1.12
2017.08.01 12:17:33.997,0.82554,0.82571,1.00,1.00
2017.08.01 12:17:34.829,0.82552,0.8257,1.00,1.00
2017.08.01 12:17:35.833,0.82553,0.8257,1.00,1.00
2017.08.01 12:17:36.834,0.82552,0.8257,1.00,1.00
2017.08.01 12:17:39.826,0.82552,0.82569,1.00,1.00
2017.08.01 12:17:41.145,0.82553,0.8257,1.00,1.00
2017.08.01 12:17:43.147,0.82554,0.82571,1.00,1.50
2017.08.01 12:17:43.696,0.82556,0.82573,1.00,1.50
2017.08.01 12:17:43.848,0.82557,0.82575,1.00,1.12
2017.08.01 12:17:45.188,0.82558,0.82575,1.00,1.12
2017.08.01 12:17:45.872,0.82558,0.82576,1.00,1.12
2017.08.01 12:17:46.128,0.82558,0.82573,1.50,1.00
2017.08.01 12:17:46.282,0.82555,0.82571,1.12,1.00
2017.08.01 12:17:46.892,0.82553,0.8257,2.25,1.00
2017.08.01 12:17:47.117,0.82555,0.82571,1.00,1.00
2017.08.01 12:17:47.646,0.82554,0.82571,1.50,1.00
2017.08.01 12:17:48.165,0.82555,0.82571,1.00,1.00
2017.08.01 12:17:50.895,0.82556,0.82571,1.00,1.00
2017.08.01 12:17:51.465,0.82556,0.82572,1.00,1.50
2017.08.01 12:17:52.725,0.82556,0.82571,1.00,1.00
2017.08.01 12:17:54.488,0.82556,0.82572,1.00,1.00
2017.08.01 12:17:54.995,0.82557,0.82573,1.00,1.00
2017.08.01 12:17:55.498,0.82556,0.82573,1.50,1.00
2017.08.01 12:17:56.043,0.82556,0.82572,1.00,1.00
2017.08.01 12:17:56.573,0.82556,0.82573,1.00,1.87
2017.08.01 12:17:57.251,0.82556,0.82571,1.00,1.00
2017.08.01 12:17:57.353,0.82554,0.82571,1.00,1.50
2017.08.01 12:17:57.861,0.82555,0.82571,1.00,1.50
2017.08.01 12:17:59.180,0.82555,0.82572,1.50,1.00
2017.08.01 12:17:59.546,0.82554,0.8257,1.00,1.00
2017.08.01 12:18:00.354,0.82553,0.8257,1.00,1.00
2017.08.01 12:18:00.867,0.82552,0.82569,1.50,1.00
2017.08.01 12:18:01.408,0.82551,0.82568,1.12,1.00
2017.08.01 12:18:01.960,0.82551,0.82567,1.12,1.00
2017.08.01 12:18:02.468,0.82551,0.82568,1.50,1.00
2017.08.01 12:18:03.424,0.82551,0.82567,1.00,1.00
2017.08.01 12:18:03.970,0.82551,0.82568,1.00,1.50
2017.08.01 12:18:04.274,0.82548,0.82563,1.12,1.00
2017.08.01 12:18:04.813,0.82547,0.82563,1.00,1.00
2017.08.01 12:18:04.915,0.82548,0.82565,1.00,1.50
2017.08.01 12:18:05.977,0.82551,0.82567,1.00,1.00
2017.08.01 12:18:06.332,0.82553,0.8257,1.00,1.75
2017.08.01 12:18:06.484,0.82553,0.8257,1.00,1.00
2017.08.01 12:18:07.007,0.82552,0.82569,1.50,1.00
2017.08.01 12:18:08.003,0.82552,0.82568,1.00,1.00
2017.08.01 12:18:08.533,0.82551,0.82568,1.87,1.00
2017.08.01 12:18:08.749,0.82551,0.82566,1.12,1.00
2017.08.01 12:18:09.277,0.82551,0.82567,1.12,1.00
2017.08.01 12:18:09.784,0.82552,0.82568,1.00,1.00
2017.08.01 12:18:10.234,0.8255,0.82567,1.50,1.00
2017.08.01 12:18:10.857,0.82551,0.82571,1.00,2.10
2017.08.01 12:18:11.355,0.82553,0.82569,1.00,1.00
2017.08.01 12:18:12.241,0.82553,0.8257,1.00,1.00
2017.08.01 12:18:13.548,0.82553,0.82569,1.50,1.00
2017.08.01 12:18:14.082,0.82553,0.8257,1.00,1.00
2017.08.01 12:18:14.404,0.8255,0.82566,1.12,1.00
2017.08.01 12:18:14.910,0.82549,0.82566,1.00,1.00
2017.08.01 12:18:15.455,0.82549,0.82567,1.00,1.12
2017.08.01 12:18:15.988,0.82548,0.82567,1.50,1.12
2017.08.01 12:18:16.865,0.8255,0.82567,1.00,1.12
2017.08.01 12:18:17.375,0.82551,0.82567,1.00,1.12
2017.08.01 12:18:18.150,0.82551,0.82566,1.00,1.00
2017.08.01 12:18:18.622,0.82549,0.82566,1.50,1.00
2017.08.01 12:18:18.952,0.82552,0.82566,1.00,1.00
2017.08.01 12:18:19.181,0.82552,0.82569,1.50,1.00
2017.08.01 12:18:20.149,0.82552,0.82568,1.00,1.00
2017.08.01 12:18:20.988,0.82551,0.82568,1.50,1.00
2017.08.01 12:18:23.847,0.8255,0.82568,1.87,1.00
2017.08.01 12:18:24.397,0.82549,0.82567,1.50,1.00
2017.08.01 12:18:24.995,0.82549,0.82566,1.00,1.00
2017.08.01 12:18:26.027,0.82548,0.82565,1.50,1.00
2017.08.01 12:18:26.563,0.82549,0.82566,1.00,1.00
2017.08.01 12:18:27.500,0.82547,0.82566,2.62,1.00
2017.08.01 12:18:28.095,0.82548,0.82566,1.00,1.00
2017.08.01 12:18:28.602,0.82548,0.82567,1.00,1.00
2017.08.01 12:18:29.532,0.82548,0.82566,1.00,1.00
2017.08.01 12:18:29.750,0.82547,0.82563,1.87,1.00
2017.08.01 12:18:30.407,0.82545,0.82562,2.25,1.00
2017.08.01 12:18:32.028,0.82545,0.82563,2.25,1.00
2017.08.01 12:18:33.308,0.82545,0.82564,1.50,3.00
2017.08.01 12:18:33.954,0.82546,0.82564,1.00,1.50
2017.08.01 12:18:35.941,0.82546,0.82566,1.00,3.22
2017.08.01 12:18:35.992,0.82549,0.82566,1.00,3.22
2017.08.01 12:18:36.296,0.8255,0.82568,1.00,1.00
2017.08.01 12:18:37.034,0.8255,0.82567,1.50,1.00
2017.08.01 12:18:38.747,0.82551,0.82567,1.00,1.00
2017.08.01 12:18:39.078,0.82551,0.82569,1.50,1.87
2017.08.01 12:18:39.335,0.8255,0.82567,1.50,1.00
2017.08.01 12:18:42.518,0.8255,0.82566,1.00,1.00
2017.08.01 12:18:43.625,0.82549,0.82566,1.00,1.00
2017.08.01 12:18:43.928,0.82548,0.82564,1.00,1.00
2017.08.01 12:18:44.744,0.82547,0.82566,1.12,1.50
2017.08.01 12:18:45.284,0.82548,0.82564,1.00,1.00
2017.08.01 12:18:45.895,0.82547,0.82563,1.00,1.00
2017.08.01 12:18:46.401,0.82546,0.82562,1.50,1.00
2017.08.01 12:18:48.506,0.82546,0.8256,1.00,1.00
2017.08.01 12:18:48.709,0.82543,0.82561,1.00,1.00
2017.08.01 12:18:49.229,0.82543,0.8256,1.00,1.00
2017.08.01 12:18:51.066,0.82543,0.82561,1.00,1.50
2017.08.01 12:18:52.066,0.82543,0.8256,1.00,1.00
2017.08.01 12:18:52.451,0.82541,0.82557,1.12,1.00
2017.08.01 12:18:52.654,0.82539,0.82556,1.00,1.00
2017.08.01 12:18:52.705,0.82542,0.82559,1.00,1.87
2017.08.01 12:18:53.533,0.82543,0.8256,1.00,2.25
2017.08.01 12:18:54.761,0.82542,0.8256,1.50,2.25
2017.08.01 12:18:54.863,0.82544,0.82562,1.00,1.12
2017.08.01 12:18:55.404,0.82545,0.82563,1.00,1.50
2017.08.01 12:18:56.371,0.82546,0.82563,1.00,1.50
2017.08.01 12:18:57.454,0.82545,0.82563,1.50,1.50
2017.08.01 12:18:59.673,0.82546,0.82563,1.00,1.00
2017.08.01 12:19:00.648,0.82547,0.82564,1.00,1.00
2017.08.01 12:19:00.847,0.82544,0.82562,1.87,1.00
2017.08.01 12:19:01.100,0.82544,0.82559,1.00,1.00
2017.08.01 12:19:01.303,0.82543,0.82561,1.00,1.00
2017.08.01 12:19:01.966,0.82542,0.8256,1.50,1.00
2017.08.01 12:19:02.137,0.82541,0.82557,1.12,1.00
2017.08.01 12:19:02.391,0.82539,0.82557,1.50,1.00
2017.08.01 12:19:02.442,0.82541,0.82558,1.00,1.00
2017.08.01 12:19:03.158,0.8254,0.82557,1.00,1.00
2017.08.01 12:19:03.703,0.82541,0.82558,1.50,1.00
2017.08.01 12:19:04.307,0.82541,0.82557,1.50,1.00
2017.08.01 12:19:04.662,0.8254,0.82559,1.00,1.12
2017.08.01 12:19:05.264,0.82543,0.82561,1.00,3.00
2017.08.01 12:19:05.466,0.82541,0.82559,1.50,1.12
2017.08.01 12:19:06.104,0.82542,0.8256,1.00,1.50
2017.08.01 12:19:06.653,0.82541,0.82559,1.00,1.87
2017.08.01 12:19:07.538,0.82542,0.82558,1.00,1.00
2017.08.01 12:19:07.589,0.8254,0.82558,2.25,1.00
2017.08.01 12:19:08.136,0.82541,0.82559,1.00,1.12
2017.08.01 12:19:08.624,0.82543,0.82559,1.00,1.12
2017.08.01 12:19:09.002,0.82541,0.8256,2.62,1.00
2017.08.01 12:19:10.080,0.82543,0.8256,1.00,1.00
2017.08.01 12:19:10.625,0.82543,0.82561,1.00,1.50
2017.08.01 12:19:11.150,0.82543,0.8256,1.00,1.00
2017.08.01 12:19:11.780,0.82543,0.82561,1.00,1.00
2017.08.01 12:19:12.295,0.82543,0.8256,1.00,1.00
2017.08.01 12:19:12.887,0.82543,0.82561,1.00,1.50
2017.08.01 12:19:13.538,0.82543,0.8256,1.00,1.00
2017.08.01 12:19:14.077,0.82542,0.82559,1.00,1.00
2017.08.01 12:19:15.162,0.82543,0.8256,1.00,1.00
2017.08.01 12:19:15.314,0.82543,0.82562,1.00,2.62
2017.08.01 12:19:16.056,0.82543,0.8256,1.00,1.00
2017.08.01 12:19:17.082,0.82543,0.82561,1.00,1.00
2017.08.01 12:19:18.302,0.82543,0.8256,1.00,1.00
2017.08.01 12:19:21.139,0.82542,0.8256,1.00,1.00
2017.08.01 12:19:22.140,0.82542,0.82559,1.00,1.00
2017.08.01 12:19:23.133,0.82541,0.8256,1.12,2.25
2017.08.01 12:19:23.659,0.8254,0.82559,1.00,1.12
2017.08.01 12:19:24.284,0.82542,0.82559,1.00,1.87
2017.08.01 12:19:25.500,0.8254,0.82558,1.50,1.00
2017.08.01 12:19:26.487,0.82541,0.82559,1.00,1.87
2017.08.01 12:19:27.078,0.82547,0.82559,1.00,1.12
2017.08.01 12:19:27.264,0.82549,0.82566,1.00,1.37
2017.08.01 12:19:27.315,0.82552,0.82566,1.00,1.00
2017.08.01 12:19:27.417,0.82549,0.82566,1.12,1.00
2017.08.01 12:19:28.106,0.82548,0.82566,1.87,1.00
2017.08.01 12:19:29.069,0.82549,0.82567,1.00,1.00
2017.08.01 12:19:29.595,0.8255,0.82568,1.50,1.00
2017.08.01 12:19:30.282,0.82551,0.82569,1.00,1.50
2017.08.01 12:19:30.853,0.8255,0.82568,1.00,1.00
2017.08.01 12:19:33.683,0.82551,0.82568,1.00,1.00
2017.08.01 12:19:34.216,0.82552,0.82571,1.00,2.25
2017.08.01 12:19:34.418,0.82552,0.82571,1.50,1.50
2017.08.01 12:19:36.151,0.82552,0.8257,1.50,1.00
2017.08.01 12:19:37.443,0.82552,0.82571,2.25,1.50
2017.08.01 12:19:38.554,0.82554,0.82571,1.00,1.50
2017.08.01 12:19:39.553,0.82553,0.8257,1.00,1.00
2017.08.01 12:19:42.627,0.82558,0.82571,1.00,1.00
2017.08.01 12:19:42.829,0.82562,0.82581,1.00,2.62
2017.08.01 12:19:43.072,0.82564,0.82581,1.50,1.12
2017.08.01 12:19:43.326,0.82561,0.82579,1.50,1.00
2017.08.01 12:19:45.117,0.82562,0.82579,1.00,1.00
2017.08.01 12:19:45.219,0.82563,0.82581,1.50,1.00
2017.08.01 12:19:45.726,0.82562,0.82581,1.00,1.00
2017.08.01 12:19:45.778,0.82562,0.82579,1.00,1.00
2017.08.01 12:19:46.083,0.82558,0.82575,1.00,1.00
2017.08.01 12:19:47.147,0.82558,0.82576,1.00,1.87
2017.08.01 12:19:47.456,0.82556,0.82575,1.50,1.50
2017.08.01 12:19:47.849,0.82555,0.82573,1.50,1.00
2017.08.01 12:19:48.360,0.82559,0.82575,1.00,1.50
2017.08.01 12:19:48.564,0.82561,0.8258,1.50,3.60
2017.08.01 12:19:49.113,0.8256,0.8258,1.50,3.00
2017.08.01 12:19:49.699,0.82561,0.8258,1.00,2.25
2017.08.01 12:19:50.008,0.82562,0.82572,1.00,1.00
2017.08.01 12:19:50.059,0.8256,0.82577,1.12,2.47
2017.08.01 12:19:50.110,0.8256,0.82575,1.12,1.00
2017.08.01 12:19:50.262,0.8256,0.82577,1.00,1.12
2017.08.01 12:19:50.440,0.82558,0.82577,2.25,1.12
2017.08.01 12:19:50.593,0.82557,0.82575,1.00,1.00
2017.08.01 12:19:51.099,0.82556,0.82576,1.50,2.17
2017.08.01 12:19:51.404,0.82555,0.82575,1.00,1.80
2017.08.01 12:19:51.455,0.82556,0.82575,1.00,1.05
2017.08.01 12:19:51.925,0.82558,0.82576,1.00,2.25
2017.08.01 12:19:52.332,0.82556,0.82577,2.62,1.12
2017.08.01 12:19:52.524,0.82556,0.82575,1.12,1.00
2017.08.01 12:19:52.931,0.82554,0.82573,2.25,1.00
2017.08.01 12:19:53.033,0.82552,0.82573,2.25,2.25
2017.08.01 12:19:53.574,0.82553,0.82572,1.12,1.00
2017.08.01 12:19:53.727,0.8255,0.8257,3.75,1.00
2017.08.01 12:19:53.778,0.8255,0.8257,1.12,1.00
2017.08.01 12:19:53.829,0.8255,0.82568,1.12,1.00
2017.08.01 12:19:53.930,0.8255,0.8257,1.12,1.50
2017.08.01 12:19:54.032,0.82548,0.82568,1.75,1.00
2017.08.01 12:19:54.133,0.82547,0.82568,3.37,1.87
2017.08.01 12:19:54.353,0.82549,0.82568,1.00,1.12
2017.08.01 12:19:55.528,0.82548,0.82568,1.00,1.87
2017.08.01 12:19:55.832,0.82549,0.82569,1.00,1.75
2017.08.01 12:19:55.985,0.82549,0.82569,1.00,1.12
2017.08.01 12:19:56.497,0.8255,0.82569,1.00,1.12
2017.08.01 12:19:56.751,0.82552,0.82569,1.00,1.12
2017.08.01 12:19:57.364,0.82552,0.82571,1.00,1.37
2017.08.01 12:19:57.466,0.8255,0.82571,1.12,1.50
2017.08.01 12:19:57.518,0.8255,0.82569,1.12,1.00
2017.08.01 12:19:58.025,0.82549,0.82568,1.50,1.00
2017.08.01 12:19:58.882,0.82548,0.82568,1.00,1.50
2017.08.01 12:19:59.431,0.82549,0.82569,1.00,2.25
2017.08.01 12:19:59.952,0.82547,0.82566,1.00,1.00
2017.08.01 12:20:00.003,0.82547,0.82568,1.50,1.50
2017.08.01 12:20:00.105,0.82547,0.82565,1.50,1.00
2017.08.01 12:20:00.274,0.82544,0.82564,1.50,1.12
2017.08.01 12:20:00.730,0.82547,0.82566,1.00,2.25
2017.08.01 12:20:00.882,0.82547,0.82568,1.75,1.60
2017.08.01 12:20:01.021,0.82546,0.82565,1.75,1.00
2017.08.01 12:20:01.072,0.82544,0.82564,1.75,1.00
2017.08.01 12:20:01.276,0.82543,0.82564,1.00,1.50
2017.08.01 12:20:01.973,0.82547,0.82564,1.00,1.50
2017.08.01 12:20:02.178,0.82548,0.82568,1.50,1.00
2017.08.01 12:20:02.279,0.8255,0.82569,1.00,1.87
2017.08.01 12:20:02.785,0.82549,0.8257,1.50,1.37
2017.08.01 12:20:03.459,0.8255,0.82569,1.00,1.12
2017.08.01 12:20:03.768,0.82545,0.82565,1.50,2.10
2017.08.01 12:20:03.819,0.82545,0.82565,1.12,1.87
2017.08.01 12:20:04.668,0.82545,0.82564,1.00,1.00
2017.08.01 12:20:05.296,0.82546,0.82564,1.00,1.00
2017.08.01 12:20:05.815,0.82545,0.82564,1.00,1.00
2017.08.01 12:20:06.342,0.82545,0.82565,1.00,1.87
2017.08.01 12:20:06.805,0.82545,0.82562,1.00,1.00
2017.08.01 12:20:06.931,0.82542,0.82562,2.25,1.50
2017.08.01 12:20:06.982,0.82545,0.82564,1.00,1.50
2017.08.01 12:20:07.491,0.82545,0.82565,1.50,1.12
2017.08.01 12:20:08.062,0.82544,0.82565,2.25,1.87
2017.08.01 12:20:08.367,0.82543,0.82562,1.12,1.00
2017.08.01 12:20:08.671,0.8254,0.82558,1.00,1.00
2017.08.01 12:20:09.192,0.82539,0.82559,1.50,2.25
2017.08.01 12:20:09.394,0.8254,0.82559,1.50,1.00
2017.08.01 12:20:10.021,0.8254,0.82561,1.00,1.50
2017.08.01 12:20:10.781,0.82542,0.82562,1.50,2.25
2017.08.01 12:20:10.934,0.82542,0.82562,1.50,1.50
2017.08.01 12:20:11.482,0.82543,0.82562,1.00,1.50
2017.08.01 12:20:12.358,0.82543,0.82563,1.00,1.00
2017.08.01 12:20:12.878,0.82543,0.82562,1.50,1.00
2017.08.01 12:20:13.423,0.82544,0.82562,1.00,1.50
2017.08.01 12:20:13.953,0.82543,0.82562,1.00,1.00
2017.08.01 12:20:14.257,0.82542,0.8256,2.25,1.00
2017.08.01 12:20:14.358,0.82543,0.82563,1.50,2.25
2017.08.01 12:20:14.410,0.82543,0.82562,1.00,1.75
2017.08.01 12:20:14.511,0.82543,0.82562,1.00,1.00
2017.08.01 12:20:15.027,0.82542,0.8256,1.12,1.00
2017.08.01 12:20:15.280,0.82539,0.82559,2.62,1.00
2017.08.01 12:20:15.705,0.82541,0.82559,1.00,1.00
2017.08.01 12:20:16.222,0.82542,0.8256,1.00,1.87
2017.08.01 12:20:16.782,0.82543,0.82561,1.00,1.50
2017.08.01 12:20:17.108,0.82544,0.82562,1.00,1.50
2017.08.01 12:20:17.745,0.82544,0.82563,1.50,1.12
2017.08.01 12:20:19.194,0.82544,0.82562,1.00,1.00
2017.08.01 12:20:19.701,0.82543,0.82561,1.00,1.00
2017.08.01 12:20:19.980,0.8254,0.82559,3.75,1.00
2017.08.01 12:20:20.133,0.8254,0.82559,1.50,1.00
2017.08.01 12:20:20.184,0.82542,0.8256,1.00,1.12
2017.08.01 12:20:20.918,0.82542,0.82561,1.50,1.87
2017.08.01 12:20:21.229,0.82544,0.82561,1.00,1.87
2017.08.01 12:20:21.280,0.82542,0.82561,2.25,1.87
2017.08.01 12:20:21.827,0.82543,0.82561,1.00,1.00
2017.08.01 12:20:22.131,0.82542,0.82559,1.50,1.00
2017.08.01 12:20:22.334,0.82539,0.82558,2.62,1.00
2017.08.01 12:20:22.385,0.82541,0.82559,1.00,1.00
2017.08.01 12:20:22.742,0.82542,0.82562,3.37,1.00
2017.08.01 12:20:23.512,0.82542,0.82561,2.62,1.00
2017.08.01 12:20:23.873,0.8254,0.8256,1.50,1.87
2017.08.01 12:20:24.076,0.8254,0.82558,1.00,1.00
2017.08.01 12:20:24.583,0.82539,0.82558,1.87,1.50
2017.08.01 12:20:25.400,0.8254,0.82558,1.00,1.00
2017.08.01 12:20:25.704,0.82542,0.8256,1.00,1.12
2017.08.01 12:20:27.703,0.82541,0.8256,1.50,1.12
2017.08.01 12:20:28.223,0.82542,0.82561,1.00,3.00
2017.08.01 12:20:28.787,0.82541,0.8256,2.25,1.12
2017.08.01 12:20:29.091,0.82543,0.82562,1.00,2.10
2017.08.01 12:20:29.394,0.82541,0.8256,2.25,1.00
2017.08.01 12:20:29.980,0.82541,0.8256,1.00,1.87
2017.08.01 12:20:30.693,0.82542,0.82562,1.00,2.25
2017.08.01 12:20:31.170,0.82542,0.82562,1.50,1.50
2017.08.01 12:20:32.080,0.82543,0.82562,1.00,1.50
2017.08.01 12:20:32.629,0.82543,0.82561,1.00,1.00
2017.08.01 12:20:33.148,0.82542,0.8256,1.00,1.00
2017.08.01 12:20:33.845,0.82543,0.82561,1.00,1.00
2017.08.01 12:20:34.420,0.82544,0.82562,1.00,1.50
2017.08.01 12:20:34.958,0.82543,0.82561,1.00,1.00
2017.08.01 12:20:35.471,0.82544,0.82561,1.00,1.00
2017.08.01 12:20:35.998,0.82545,0.82561,1.00,1.00
2017.08.01 12:20:36.201,0.82545,0.82563,1.00,1.12
2017.08.01 12:20:36.573,0.82548,0.82563,1.00,1.12
2017.08.01 12:20:36.775,0.82548,0.82566,1.00,1.00
2017.08.01 12:20:37.360,0.82548,0.82567,1.00,1.72
2017.08.01 12:20:37.893,0.82548,0.82566,1.00,1.00
2017.08.01 12:20:39.789,0.82547,0.82566,2.25,1.00
2017.08.01 12:20:40.841,0.82547,0.82559,1.50,1.00
2017.08.01 12:20:40.942,0.82542,0.82557,1.75,1.00
2017.08.01 12:20:41.095,0.8254,0.82557,1.00,1.00
2017.08.01 12:20:41.704,0.82542,0.82558,1.00,1.00
2017.08.01 12:20:42.211,0.82541,0.82559,1.00,1.87
2017.08.01 12:20:42.527,0.82538,0.82556,1.87,1.00
2017.08.01 12:20:42.832,0.82535,0.82553,1.00,1.00
2017.08.01 12:20:43.672,0.82535,0.82551,1.00,1.00
2017.08.01 12:20:43.926,0.82532,0.8255,1.00,1.00
2017.08.01 12:20:43.977,0.82531,0.82548,1.12,1.00
2017.08.01 12:20:44.505,0.8253,0.82547,1.00,1.00
2017.08.01 12:20:45.028,0.82529,0.82547,1.00,1.50
2017.08.01 12:20:45.539,0.8253,0.82546,1.00,1.00
2017.08.01 12:20:46.043,0.82529,0.82547,1.00,1.50
2017.08.01 12:20:46.358,0.82524,0.8254,2.25,1.00
2017.08.01 12:20:46.409,0.82523,0.8254,1.75,1.00
2017.08.01 12:20:46.511,0.82522,0.8254,1.00,1.00
2017.08.01 12:20:47.057,0.82523,0.8254,1.00,1.00
2017.08.01 12:20:47.621,0.82522,0.8254,1.00,1.00
2017.08.01 12:20:48.421,0.82522,0.82539,1.00,1.00
2017.08.01 12:20:48.935,0.82522,0.8254,1.00,1.00
2017.08.01 12:20:49.492,0.82523,0.82541,1.00,1.00
2017.08.01 12:20:50.004,0.82522,0.82539,1.00,1.00
2017.08.01 12:20:50.511,0.82523,0.8254,1.00,1.00
2017.08.01 12:20:50.562,0.82521,0.82539,1.87,1.00
2017.08.01 12:20:50.765,0.82523,0.8254,1.00,1.87
2017.08.01 12:20:51.540,0.82522,0.82539,1.00,1.00
2017.08.01 12:20:52.669,0.82521,0.82538,1.00,1.00
2017.08.01 12:20:53.187,0.82522,0.82539,1.00,1.50
2017.08.01 12:20:53.805,0.82521,0.82539,1.50,1.50
2017.08.01 12:20:54.341,0.82522,0.82539,1.50,1.00
2017.08.01 12:20:54.949,0.82523,0.82539,1.00,1.00
2017.08.01 12:20:55.039,0.82523,0.82541,1.00,1.50
2017.08.01 12:20:55.474,0.82525,0.82542,1.00,1.00
2017.08.01 12:20:55.779,0.82522,0.82539,1.50,1.00
2017.08.01 12:20:56.130,0.82526,0.8254,1.00,1.00
2017.08.01 12:20:56.333,0.82528,0.82546,1.00,1.00
2017.08.01 12:20:56.656,0.8253,0.82548,1.00,1.00
2017.08.01 12:20:57.011,0.82529,0.82544,1.50,1.00
2017.08.01 12:20:57.062,0.82527,0.82544,2.25,1.00
2017.08.01 12:20:57.328,0.82524,0.82543,1.00,1.00
2017.08.01 12:20:57.835,0.82525,0.82543,1.00,1.00
2017.08.01 12:20:58.375,0.82526,0.82543,1.00,1.00
2017.08.01 12:21:00.108,0.82525,0.82543,2.25,1.00
2017.08.01 12:21:00.571,0.82523,0.82542,1.50,1.00
2017.08.01 12:21:00.824,0.82522,0.8254,1.50,1.00
2017.08.01 12:21:01.370,0.82523,0.82541,1.00,1.00
2017.08.01 12:21:01.877,0.82524,0.82542,1.00,1.50
2017.08.01 12:21:02.048,0.82522,0.82542,1.50,1.00
2017.08.01 12:21:02.237,0.82524,0.82542,1.00,1.00
2017.08.01 12:21:02.288,0.82522,0.82541,1.50,1.00
2017.08.01 12:21:02.339,0.82522,0.82541,2.25,1.00
2017.08.01 12:21:02.853,0.82522,0.8254,2.25,1.00
2017.08.01 12:21:03.647,0.82522,0.82539,1.50,1.00
2017.08.01 12:21:03.851,0.82524,0.82541,1.00,1.50
2017.08.01 12:21:05.765,0.82524,0.8254,1.12,1.00
2017.08.01 12:21:06.069,0.8252,0.82537,2.25,1.00
2017.08.01 12:21:06.170,0.8252,0.82539,1.50,1.00
2017.08.01 12:21:06.678,0.82521,0.82539,1.00,1.00
2017.08.01 12:21:07.187,0.82522,0.82539,1.00,1.00
2017.08.01 12:21:07.398,0.82523,0.82541,1.00,1.12
2017.08.01 12:21:07.551,0.82524,0.82543,1.50,2.62
2017.08.01 12:21:08.111,0.82525,0.82543,1.00,1.12
2017.08.01 12:21:08.655,0.82526,0.82545,1.00,1.00
2017.08.01 12:21:09.463,0.82526,0.82544,1.00,1.00
2017.08.01 12:21:10.069,0.82525,0.82544,1.87,1.00
2017.08.01 12:21:10.456,0.8253,0.82546,1.00,1.50
2017.08.01 12:21:11.001,0.8253,0.82547,1.50,1.87
2017.08.01 12:21:12.158,0.82531,0.82547,1.00,1.12
2017.08.01 12:21:12.816,0.82532,0.82549,1.00,2.25
2017.08.01 12:21:12.867,0.82532,0.82549,1.00,1.50
2017.08.01 12:21:13.461,0.82533,0.8255,1.50,1.12
2017.08.01 12:21:14.699,0.82533,0.82551,1.50,1.50
2017.08.01 12:21:17.244,0.82533,0.82549,1.50,1.00
2017.08.01 12:21:17.295,0.82533,0.82551,1.00,1.00
2017.08.01 12:21:17.498,0.82531,0.8255,1.12,1.00
2017.08.01 12:21:18.033,0.82531,0.82549,1.12,2.10
2017.08.01 12:21:18.084,0.8253,0.82547,1.00,1.00
2017.08.01 12:21:18.387,0.82528,0.82547,1.50,1.00
2017.08.01 12:21:18.592,0.82529,0.82544,1.00,1.00
2017.08.01 12:21:18.795,0.82525,0.82542,1.00,1.00
2017.08.01 12:21:18.933,0.82525,0.82545,1.00,2.25
2017.08.01 12:21:19.700,0.82526,0.82545,1.00,1.50
2017.08.01 12:21:20.088,0.8253,0.82547,1.00,1.12
2017.08.01 12:21:21.711,0.8253,0.82546,1.00,1.00
2017.08.01 12:21:22.726,0.8253,0.82547,1.00,1.87
2017.08.01 12:21:23.699,0.8253,0.82546,1.00,1.00
2017.08.01 12:21:27.244,0.8253,0.82545,1.00,1.00
2017.08.01 12:21:27.485,0.82526,0.82542,1.12,1.00
2017.08.01 12:21:27.997,0.82525,0.82542,1.50,1.00
2017.08.01 12:21:28.511,0.82526,0.82543,1.00,1.00
2017.08.01 12:21:30.070,0.82532,0.82545,1.00,1.12
2017.08.01 12:21:30.223,0.82533,0.82553,1.00,2.81
2017.08.01 12:21:30.275,0.82535,0.82552,1.00,1.00
2017.08.01 12:21:31.144,0.82535,0.82551,1.00,1.00
2017.08.01 12:21:32.409,0.82535,0.82552,1.00,1.00
2017.08.01 12:21:33.740,0.82535,0.82553,1.00,1.12
2017.08.01 12:21:34.061,0.82539,0.82555,1.00,1.75
2017.08.01 12:21:34.162,0.82539,0.82555,1.00,1.00
2017.08.01 12:21:34.955,0.82538,0.82554,1.00,1.00
2017.08.01 12:21:36.390,0.82537,0.82554,1.50,1.00
2017.08.01 12:21:37.900,0.82537,0.82556,1.00,1.50
2017.08.01 12:21:38.002,0.82537,0.82554,1.00,1.00
2017.08.01 12:21:39.009,0.82538,0.82554,1.00,1.00
2017.08.01 12:21:39.538,0.82539,0.82555,1.00,1.12
2017.08.01 12:21:40.074,0.82538,0.82555,1.00,1.12
2017.08.01 12:21:40.580,0.82538,0.82554,1.00,1.00
2017.08.01 12:21:42.489,0.82537,0.82554,1.00,1.00
2017.08.01 12:21:42.742,0.8254,0.82558,1.00,1.12
2017.08.01 12:21:43.532,0.8254,0.82557,1.00,1.00
2017.08.01 12:21:45.176,0.82541,0.82558,1.00,1.00
2017.08.01 12:21:45.278,0.82543,0.82558,1.00,1.00
2017.08.01 12:21:45.820,0.82542,0.82558,1.00,1.00
2017.08.01 12:21:46.048,0.8254,0.82558,1.00,1.00
2017.08.01 12:21:46.607,0.82539,0.82558,1.87,1.00
2017.08.01 12:21:47.775,0.82541,0.82557,1.00,1.00
2017.08.01 12:21:48.316,0.8254,0.82556,1.00,1.00
2017.08.01 12:21:48.666,0.82538,0.82555,1.00,1.00
2017.08.01 12:21:48.978,0.82536,0.82555,1.50,1.00
2017.08.01 12:21:49.529,0.82536,0.82553,1.00,1.50
2017.08.01 12:21:50.483,0.82537,0.82553,1.00,1.50
2017.08.01 12:21:51.243,0.82539,0.82553,1.00,1.00
2017.08.01 12:21:51.433,0.82536,0.82553,1.00,1.00
2017.08.01 12:21:52.345,0.82537,0.82553,1.00,1.00
2017.08.01 12:21:52.896,0.82537,0.82554,1.00,1.00
2017.08.01 12:21:53.715,0.82538,0.82554,1.00,1.00
2017.08.01 12:21:54.231,0.82539,0.82555,1.00,1.00
2017.08.01 12:21:55.004,0.8254,0.82556,1.00,1.50
2017.08.01 12:21:55.055,0.82541,0.82558,1.00,2.25
2017.08.01 12:21:55.156,0.82538,0.82556,1.37,1.00
2017.08.01 12:21:55.369,0.82538,0.82556,1.12,1.50
2017.08.01 12:21:55.723,0.82539,0.82558,1.00,1.50
2017.08.01 12:21:56.349,0.82538,0.82557,2.62,1.00
2017.08.01 12:21:56.878,0.82538,0.82556,2.62,1.00
2017.08.01 12:21:57.384,0.82538,0.82555,1.12,1.50
2017.08.01 12:21:57.931,0.8254,0.82556,1.00,1.12
2017.08.01 12:21:58.066,0.82542,0.82559,1.00,1.87
2017.08.01 12:21:58.117,0.8254,0.82559,1.00,2.62
2017.08.01 12:21:58.168,0.82539,0.82557,1.00,1.00
2017.08.01 12:21:58.595,0.8254,0.82559,1.00,2.62
2017.08.01 12:21:59.116,0.82539,0.82559,1.00,1.87
2017.08.01 12:21:59.652,0.8254,0.82559,1.00,1.87
2017.08.01 12:22:00.171,0.8254,0.82558,1.00,1.00
2017.08.01 12:22:00.685,0.8254,0.8256,1.00,2.25
2017.08.01 12:22:01.208,0.82539,0.82559,1.50,1.12
2017.08.01 12:22:01.718,0.8254,0.82559,1.00,1.12
2017.08.01 12:22:02.510,0.82541,0.8256,1.50,2.25
2017.08.01 12:22:03.193,0.82542,0.82561,1.00,2.25
2017.08.01 12:22:03.621,0.82543,0.82561,1.00,1.00
2017.08.01 12:22:04.139,0.82543,0.8256,1.00,1.00
2017.08.01 12:22:04.894,0.82542,0.8256,1.12,1.00
2017.08.01 12:22:05.401,0.82543,0.82561,1.00,1.00
2017.08.01 12:22:05.676,0.82545,0.82563,1.00,1.00
2017.08.01 12:22:06.184,0.82544,0.82563,2.25,1.00
2017.08.01 12:22:07.838,0.82545,0.82563,1.00,1.00
2017.08.01 12:22:08.351,0.82546,0.82564,1.00,1.12
2017.08.01 12:22:09.508,0.82546,0.82563,1.00,1.00
2017.08.01 12:22:10.975,0.82545,0.82563,1.00,1.00
2017.08.01 12:22:11.532,0.82545,0.82564,1.00,2.62
2017.08.01 12:22:12.188,0.82545,0.82563,1.00,1.00
2017.08.01 12:22:12.492,0.82556,0.82568,1.00,1.75
2017.08.01 12:22:12.644,0.82556,0.82572,1.00,1.00
2017.08.01 12:22:12.899,0.8256,0.82574,1.00,1.12
2017.08.01 12:22:13.188,0.8256,0.82578,1.00,1.50
2017.08.01 12:22:13.396,0.82562,0.82578,1.00,1.00
2017.08.01 12:22:15.838,0.82561,0.82578,1.00,1.00
2017.08.01 12:22:16.142,0.82563,0.8258,1.00,1.12
2017.08.01 12:22:17.517,0.82563,0.82582,1.00,1.00
2017.08.01 12:22:18.029,0.82563,0.82581,1.00,1.00
2017.08.01 12:22:18.577,0.82564,0.8258,1.00,1.00
2017.08.01 12:22:19.084,0.82564,0.82581,1.00,1.50
2017.08.01 12:22:20.282,0.82564,0.8258,1.00,1.00
2017.08.01 12:22:21.280,0.82562,0.82579,1.87,1.00
2017.08.01 12:22:21.805,0.82563,0.8258,1.00,1.00
2017.08.01 12:22:22.171,0.82565,0.82581,1.00,1.00
2017.08.01 12:22:23.392,0.82565,0.82579,1.00,1.00
2017.08.01 12:22:23.544,0.82561,0.82579,2.25,1.50
2017.08.01 12:22:24.056,0.82563,0.82579,1.00,1.50
2017.08.01 12:22:24.668,0.82561,0.8258,2.25,1.50
2017.08.01 12:22:24.719,0.82561,0.82576,1.50,1.00
2017.08.01 12:22:25.024,0.8256,0.82574,1.00,1.00
2017.08.01 12:22:25.817,0.82558,0.82574,1.00,1.50
2017.08.01 12:22:26.349,0.82559,0.82573,1.00,1.00
2017.08.01 12:22:27.340,0.82557,0.82573,1.00,1.00
2017.08.01 12:22:27.442,0.82562,0.82573,1.00,1.00
2017.08.01 12:22:27.589,0.82562,0.82576,1.00,1.00
2017.08.01 12:22:27.944,0.82559,0.82575,1.37,1.50
2017.08.01 12:22:27.995,0.82558,0.82573,1.87,1.00
2017.08.01 12:22:28.299,0.8256,0.82575,1.00,1.00
2017.08.01 12:22:28.805,0.8256,0.82576,1.00,1.50
2017.08.01 12:22:29.329,0.82559,0.82576,1.00,1.50
2017.08.01 12:22:29.633,0.82559,0.82574,1.00,1.00
2017.08.01 12:22:29.937,0.82561,0.82576,1.00,1.00
2017.08.01 12:22:30.243,0.82562,0.82574,1.00,1.00
2017.08.01 12:22:30.294,0.82562,0.82576,1.00,1.00
2017.08.01 12:22:30.820,0.82562,0.82575,1.00,1.00
2017.08.01 12:22:30.972,0.82562,0.82577,1.00,1.00
2017.08.01 12:22:32.160,0.82561,0.82577,1.00,1.50
2017.08.01 12:22:32.312,0.82561,0.82575,1.00,1.00
2017.08.01 12:22:32.515,0.82561,0.82577,1.00,1.00
2017.08.01 12:22:33.118,0.8256,0.82577,1.00,1.00
2017.08.01 12:22:33.270,0.82559,0.82575,1.00,1.00
2017.08.01 12:22:33.574,0.82557,0.82574,1.00,1.50
2017.08.01 12:22:34.433,0.82559,0.82575,1.00,1.00
2017.08.01 12:22:34.586,0.82557,0.82574,1.00,2.25
2017.08.01 12:22:36.511,0.82558,0.82574,1.00,1.50
2017.08.01 12:22:39.830,0.82559,0.82575,1.00,1.00
2017.08.01 12:22:40.810,0.82559,0.82576,1.00,1.12
2017.08.01 12:22:41.063,0.82557,0.82575,1.00,1.00
2017.08.01 12:22:41.931,0.82558,0.82575,1.00,1.00
2017.08.01 12:22:47.420,0.82558,0.82574,1.00,1.00
2017.08.01 12:22:48.180,0.82558,0.82575,1.00,1.50
2017.08.01 12:22:49.011,0.82558,0.82574,1.00,1.00
2017.08.01 12:22:49.726,0.82558,0.82575,1.00,1.50
2017.08.01 12:22:50.271,0.82558,0.82574,1.00,1.00
2017.08.01 12:22:51.598,0.82558,0.82575,1.00,1.50
2017.08.01 12:22:52.146,0.82558,0.82574,1.00,1.00
2017.08.01 12:22:53.869,0.82559,0.82574,1.00,1.00
2017.08.01 12:22:55.711,0.82559,0.82575,1.00,1.50
2017.08.01 12:22:56.224,0.8256,0.82575,1.00,1.00
2017.08.01 12:22:56.614,0.82558,0.82574,1.00,1.00
2017.08.01 12:22:56.917,0.82556,0.82573,1.12,1.50
2017.08.01 12:22:57.208,0.82555,0.82571,1.00,1.00
2017.08.01 12:22:58.208,0.82554,0.82571,1.12,1.50
2017.08.01 12:23:01.829,0.82553,0.8257,1.00,1.00
2017.08.01 12:23:03.265,0.82555,0.82571,1.00,1.50
2017.08.01 12:23:03.779,0.82556,0.82572,1.00,1.87
2017.08.01 12:23:03.880,0.82554,0.82571,1.00,1.00
2017.08.01 12:23:04.483,0.82554,0.8257,1.00,1.00
2017.08.01 12:23:05.099,0.82554,0.82571,1.00,1.50
2017.08.01 12:23:06.091,0.82554,0.8257,1.00,1.00
2017.08.01 12:23:06.415,0.82556,0.82572,1.00,1.87
2017.08.01 12:23:07.012,0.82555,0.82572,1.00,1.12
2017.08.01 12:23:07.345,0.82555,0.8257,1.00,1.00
2017.08.01 12:23:07.848,0.82555,0.82571,1.00,1.50
2017.08.01 12:23:09.361,0.82556,0.82571,1.00,1.00
2017.08.01 12:23:09.669,0.82558,0.82573,1.00,1.00
2017.08.01 12:23:10.183,0.82558,0.82574,1.00,1.50
2017.08.01 12:23:10.418,0.82556,0.82574,1.00,1.00
2017.08.01 12:23:11.380,0.82558,0.82574,1.00,1.50
2017.08.01 12:23:14.425,0.82558,0.82575,1.00,1.50
2017.08.01 12:23:14.780,0.82557,0.82573,1.00,1.00
2017.08.01 12:23:15.320,0.82556,0.82572,1.00,1.00
2017.08.01 12:23:15.624,0.82554,0.82571,1.00,1.00
2017.08.01 12:23:15.827,0.82556,0.82572,1.00,1.00
2017.08.01 12:23:16.372,0.82556,0.82573,1.00,1.00
2017.08.01 12:23:16.878,0.82555,0.82572,1.00,1.50
2017.08.01 12:23:17.481,0.82554,0.82572,1.12,1.50
2017.08.01 12:23:18.011,0.82556,0.82572,1.00,1.50
2017.08.01 12:23:18.062,0.82554,0.82571,1.12,1.00
2017.08.01 12:23:19.021,0.82556,0.82571,1.00,1.00
2017.08.01 12:23:19.136,0.82553,0.82571,1.50,1.00
2017.08.01 12:23:19.849,0.82553,0.82571,1.00,1.00
2017.08.01 12:23:20.390,0.82554,0.8257,1.00,1.00
2017.08.01 12:23:21.065,0.82554,0.82569,1.00,1.00
2017.08.01 12:23:21.387,0.82552,0.82569,1.00,1.50
2017.08.01 12:23:22.287,0.82553,0.82569,1.00,1.50
2017.08.01 12:23:23.218,0.82554,0.8257,1.00,1.87
2017.08.01 12:23:25.031,0.82553,0.8257,1.00,1.87
2017.08.01 12:23:25.540,0.82552,0.82569,1.00,1.50
2017.08.01 12:23:26.283,0.82552,0.82568,1.00,1.00
2017.08.01 12:23:26.848,0.82551,0.82568,1.00,1.50
2017.08.01 12:23:27.889,0.82552,0.82569,1.00,1.50
2017.08.01 12:23:28.792,0.82553,0.82569,1.00,1.00
2017.08.01 12:23:29.430,0.82552,0.82568,1.00,1.00
2017.08.01 12:23:30.068,0.82553,0.82568,1.00,1.00
2017.08.01 12:23:31.023,0.82553,0.82569,1.00,1.50
2017.08.01 12:23:31.989,0.82553,0.82568,1.00,1.00
2017.08.01 12:23:35.009,0.82552,0.82568,1.50,1.50
2017.08.01 12:23:35.579,0.82553,0.82568,1.00,1.50
2017.08.01 12:23:36.104,0.82553,0.82569,1.00,1.50
2017.08.01 12:23:37.175,0.82553,0.8257,1.50,1.00
2017.08.01 12:23:37.277,0.82555,0.82571,1.00,1.50
2017.08.01 12:23:37.516,0.82558,0.82575,1.87,1.50
2017.08.01 12:23:38.170,0.82559,0.82575,1.00,1.50
2017.08.01 12:23:38.889,0.82559,0.82576,1.00,1.50
2017.08.01 12:23:39.901,0.82559,0.82575,1.00,1.00
2017.08.01 12:23:40.421,0.8256,0.82576,1.00,1.00
2017.08.01 12:23:40.632,0.82562,0.82577,1.00,1.00
2017.08.01 12:23:40.765,0.82563,0.8258,1.50,1.00
2017.08.01 12:23:41.293,0.82564,0.82581,1.00,1.00
2017.08.01 12:23:42.153,0.82563,0.8258,1.50,1.00
2017.08.01 12:23:44.151,0.82564,0.82581,1.00,1.00
2017.08.01 12:23:45.113,0.82565,0.82581,1.00,1.00
2017.08.01 12:23:45.979,0.82564,0.8258,1.00,1.00
2017.08.01 12:23:46.509,0.82564,0.82581,1.00,1.00
2017.08.01 12:23:47.029,0.82563,0.82579,1.50,1.00
2017.08.01 12:23:47.723,0.82564,0.8258,1.00,1.50
2017.08.01 12:23:48.176,0.82568,0.82583,1.00,1.00
2017.08.01 12:23:48.378,0.82568,0.82586,2.25,1.50
2017.08.01 12:23:48.429,0.82571,0.82586,1.00,1.00
2017.08.01 12:23:48.685,0.82569,0.82585,1.87,1.00
2017.08.01 12:23:48.736,0.82572,0.82588,1.00,1.50
2017.08.01 12:23:49.290,0.82571,0.82587,1.50,1.00
2017.08.01 12:23:49.796,0.8257,0.82587,1.50,1.00
2017.08.01 12:23:50.335,0.82571,0.82587,1.00,1.00
2017.08.01 12:23:51.686,0.8257,0.82587,1.00,1.00
2017.08.01 12:23:52.187,0.82571,0.82587,1.00,1.00
2017.08.01 12:23:52.977,0.82571,0.82588,1.00,1.00
2017.08.01 12:23:53.484,0.82571,0.82587,1.00,1.00
2017.08.01 12:23:53.839,0.82569,0.82587,1.87,1.00
2017.08.01 12:23:55.507,0.8257,0.82587,1.00,1.00
2017.08.01 12:23:56.033,0.8257,0.82588,1.50,1.00
2017.08.01 12:23:56.566,0.82571,0.82588,1.87,1.00
2017.08.01 12:23:57.073,0.8257,0.82587,1.00,1.00
2017.08.01 12:23:57.402,0.82571,0.8259,1.50,2.47
2017.08.01 12:23:57.917,0.82571,0.82589,1.50,1.00
2017.08.01 12:23:58.417,0.8257,0.82587,1.12,1.00
2017.08.01 12:23:58.935,0.8257,0.82586,1.00,1.00
2017.08.01 12:23:59.444,0.82567,0.82585,2.25,1.50
2017.08.01 12:23:59.494,0.82567,0.82584,1.87,1.00
2017.08.01 12:24:01.103,0.82567,0.82583,1.12,1.00
2017.08.01 12:24:01.642,0.82567,0.82584,1.12,1.00
2017.08.01 12:24:02.240,0.82567,0.82582,1.12,1.00
2017.08.01 12:24:02.568,0.82564,0.82581,1.00,1.00
2017.08.01 12:24:03.081,0.82564,0.82582,2.25,1.00
2017.08.01 12:24:07.115,0.82565,0.82583,1.12,1.00
2017.08.01 12:24:07.621,0.82565,0.82582,1.12,1.00
2017.08.01 12:24:08.241,0.82565,0.82583,1.12,1.00
2017.08.01 12:24:08.750,0.82566,0.82583,1.00,1.00
2017.08.01 12:24:09.304,0.82566,0.82584,1.00,1.00
2017.08.01 12:24:11.939,0.82567,0.82584,1.00,1.00
2017.08.01 12:24:13.406,0.82567,0.82583,1.00,1.00
2017.08.01 12:24:13.982,0.82566,0.82583,1.00,1.00
2017.08.01 12:24:14.509,0.82566,0.82582,1.00,1.00
2017.08.01 12:24:14.712,0.82563,0.8258,1.75,1.00
2017.08.01 12:24:15.016,0.82562,0.82579,1.87,1.00
2017.08.01 12:24:15.148,0.82564,0.82579,1.00,1.00
2017.08.01 12:24:15.250,0.82567,0.82583,2.25,1.12
2017.08.01 12:24:15.352,0.8257,0.82586,1.00,1.12
2017.08.01 12:24:15.863,0.82569,0.82586,1.00,1.00
2017.08.01 12:24:16.661,0.82569,0.82585,1.00,1.00
2017.08.01 12:24:16.870,0.82566,0.82585,3.00,1.00
2017.08.01 12:24:17.405,0.82568,0.82586,1.00,1.50
2017.08.01 12:24:18.476,0.82569,0.82586,1.00,1.00
2017.08.01 12:24:19.068,0.82569,0.82587,1.00,1.50
2017.08.01 12:24:19.601,0.82568,0.82586,1.50,1.00
2017.08.01 12:24:20.528,0.82568,0.82585,1.50,1.00
2017.08.01 12:24:21.054,0.82568,0.82584,1.00,1.00
2017.08.01 12:24:22.985,0.82567,0.82584,1.87,1.50
2017.08.01 12:24:23.441,0.82568,0.82586,1.12,1.00
2017.08.01 12:24:24.418,0.82569,0.82586,1.00,1.50
2017.08.01 12:24:25.425,0.82569,0.82585,1.00,1.00
2017.08.01 12:24:26.175,0.82568,0.82585,1.12,1.00
2017.08.01 12:24:26.826,0.82567,0.82584,1.00,1.00
2017.08.01 12:24:26.878,0.82565,0.82583,1.12,1.00
2017.08.01 12:24:26.929,0.82563,0.82579,1.75,1.00
2017.08.01 12:24:27.233,0.82563,0.82581,1.75,1.00
2017.08.01 12:24:29.479,0.82563,0.82581,1.50,1.00
2017.08.01 12:24:30.715,0.82564,0.82581,1.00,1.00
2017.08.01 12:24:37.250,0.82565,0.82582,1.12,1.00
2017.08.01 12:24:37.402,0.82565,0.82579,1.12,1.00
2017.08.01 12:24:37.504,0.82561,0.82579,1.87,1.00
2017.08.01 12:24:37.757,0.82561,0.82577,1.87,1.00
2017.08.01 12:24:38.301,0.82562,0.82578,1.00,1.00
2017.08.01 12:24:39.081,0.82562,0.82579,1.00,1.50
2017.08.01 12:24:40.162,0.82561,0.82578,1.87,1.00
2017.08.01 12:24:40.673,0.82562,0.82578,1.00,1.00
2017.08.01 12:24:41.250,0.82562,0.82579,1.00,1.50
2017.08.01 12:24:42.180,0.82561,0.82579,1.87,1.50
2017.08.01 12:24:43.576,0.82561,0.82578,1.87,1.00
2017.08.01 12:24:44.100,0.82561,0.82577,1.87,1.00
2017.08.01 12:24:44.663,0.82561,0.82578,1.87,1.50
2017.08.01 12:24:46.180,0.82562,0.82578,1.00,1.50
2017.08.01 12:24:46.484,0.82563,0.8258,1.00,1.50
2017.08.01 12:24:47.382,0.82564,0.82581,1.00,1.00
2017.08.01 12:24:48.021,0.82564,0.82582,1.00,1.00
2017.08.01 12:24:48.732,0.82564,0.82581,1.00,1.00
2017.08.01 12:24:50.376,0.82563,0.82581,1.50,1.00
2017.08.01 12:24:50.904,0.82564,0.82581,1.00,1.00
2017.08.01 12:24:51.905,0.82563,0.8258,1.50,1.00
2017.08.01 12:24:53.947,0.82563,0.82579,1.12,1.00
2017.08.01 12:24:55.691,0.82563,0.82578,1.12,1.00
2017.08.01 12:24:59.909,0.82563,0.8258,1.12,1.00
2017.08.01 12:25:00.011,0.82566,0.82583,1.12,1.00
2017.08.01 12:25:00.113,0.82566,0.82585,1.87,1.00
2017.08.01 12:25:00.669,0.82567,0.82585,1.00,1.00
2017.08.01 12:25:01.119,0.82565,0.82585,1.12,1.37
2017.08.01 12:25:02.054,0.82566,0.82584,1.00,1.12
2017.08.01 12:25:02.612,0.82565,0.82586,1.50,1.50
2017.08.01 12:25:03.425,0.82567,0.82585,1.00,1.37
2017.08.01 12:25:04.036,0.82567,0.82586,1.50,1.87
2017.08.01 12:25:04.549,0.82568,0.82586,1.00,1.00
2017.08.01 12:25:04.752,0.8257,0.82587,1.00,1.00
2017.08.01 12:25:05.323,0.82569,0.82587,1.87,1.00
2017.08.01 12:25:05.869,0.8257,0.82588,1.00,1.35
2017.08.01 12:25:06.284,0.82568,0.82585,1.50,1.00
2017.08.01 12:25:06.817,0.82567,0.82586,2.25,1.00
2017.08.01 12:25:07.372,0.82568,0.82585,1.50,1.00
2017.08.01 12:25:08.091,0.8257,0.82587,1.00,1.00
2017.08.01 12:25:08.622,0.82568,0.82586,2.25,1.00
2017.08.01 12:25:09.695,0.82568,0.82585,1.50,1.00
2017.08.01 12:25:10.252,0.82568,0.82585,1.00,1.00
2017.08.01 12:25:10.787,0.82568,0.82584,1.00,1.00
2017.08.01 12:25:11.492,0.82568,0.82585,1.00,1.50
2017.08.01 12:25:11.695,0.82566,0.82584,1.12,1.00
2017.08.01 12:25:11.747,0.8257,0.82585,1.00,1.00
2017.08.01 12:25:11.798,0.82571,0.82587,1.00,1.00
2017.08.01 12:25:12.051,0.82568,0.82587,1.87,1.50
2017.08.01 12:25:12.571,0.82568,0.82586,1.87,1.00
2017.08.01 12:25:13.082,0.82569,0.82585,1.00,1.00
2017.08.01 12:25:13.617,0.82569,0.82586,1.00,1.50
2017.08.01 12:25:16.234,0.82568,0.82586,1.12,1.50
2017.08.01 12:25:17.697,0.82569,0.82586,1.00,1.00
2017.08.01 12:25:18.251,0.82568,0.82586,1.12,1.50
2017.08.01 12:25:24.940,0.82569,0.82587,1.00,2.25
2017.08.01 12:25:25.483,0.82569,0.82586,1.00,1.00
2017.08.01 12:25:26.061,0.82568,0.82586,1.12,1.00
2017.08.01 12:25:27.832,0.82568,0.82585,1.00,1.00
2017.08.01 12:25:28.383,0.82568,0.82586,1.00,1.50
2017.08.01 12:25:29.829,0.82569,0.82586,1.00,1.00
2017.08.01 12:25:30.384,0.82569,0.82587,1.00,1.00
2017.08.01 12:25:31.641,0.82569,0.82586,1.00,1.00
2017.08.01 12:25:31.838,0.82568,0.82584,1.12,1.00
2017.08.01 12:25:32.041,0.82568,0.82587,2.62,1.00
2017.08.01 12:25:32.142,0.82568,0.82585,1.87,1.00
2017.08.01 12:25:32.446,0.8257,0.82585,1.00,1.00
2017.08.01 12:25:32.984,0.82569,0.82585,1.00,1.00
2017.08.01 12:25:33.498,0.82569,0.82586,1.00,1.00
2017.08.01 12:25:34.030,0.82568,0.82586,1.12,1.00
2017.08.01 12:25:37.435,0.82567,0.82585,1.50,1.00
2017.08.01 12:25:38.065,0.82567,0.82584,1.00,1.00
2017.08.01 12:25:39.523,0.82567,0.82585,1.00,1.50
2017.08.01 12:25:40.024,0.82568,0.82586,1.00,1.50
2017.08.01 12:25:40.575,0.82568,0.82585,1.00,1.00
2017.08.01 12:25:41.080,0.82568,0.82586,1.00,1.50
2017.08.01 12:25:41.665,0.82568,0.82585,1.00,1.00
2017.08.01 12:25:41.974,0.82573,0.8259,1.50,1.37
2017.08.01 12:25:42.025,0.82573,0.8259,1.87,1.00
2017.08.01 12:25:42.352,0.82571,0.82587,1.75,1.00
2017.08.01 12:25:42.403,0.8257,0.82587,1.12,1.00
2017.08.01 12:25:42.504,0.82568,0.82585,1.50,1.00
2017.08.01 12:25:42.680,0.82566,0.82583,1.00,1.00
2017.08.01 12:25:42.731,0.82566,0.82585,1.00,1.50
2017.08.01 12:25:43.273,0.82566,0.82584,1.00,1.00
2017.08.01 12:25:43.806,0.82567,0.82584,1.00,1.00
2017.08.01 12:25:44.598,0.82566,0.82584,1.00,1.00
2017.08.01 12:25:45.138,0.82567,0.82585,1.12,1.00
2017.08.01 12:25:45.736,0.82567,0.82584,1.12,1.00
2017.08.01 12:25:46.253,0.82567,0.82585,1.12,1.00
2017.08.01 12:25:50.160,0.82567,0.82586,1.87,1.50
2017.08.01 12:25:50.687,0.82568,0.82586,1.00,1.50
2017.08.01 12:25:51.193,0.82567,0.82586,1.87,1.50
2017.08.01 12:25:55.844,0.82567,0.82584,1.12,1.00
2017.08.01 12:25:56.133,0.82565,0.82583,1.12,1.00
2017.08.01 12:25:57.607,0.82565,0.82585,1.87,2.10
2017.08.01 12:26:01.317,0.82566,0.82584,1.00,1.35
2017.08.01 12:26:02.984,0.82566,0.82586,1.00,1.87
2017.08.01 12:26:03.035,0.82568,0.82586,1.50,1.12
2017.08.01 12:26:03.339,0.82571,0.82589,1.87,1.00
2017.08.01 12:26:04.065,0.82569,0.82588,3.00,1.00
2017.08.01 12:26:05.190,0.82571,0.82589,1.12,1.00
2017.08.01 12:26:08.895,0.82571,0.82587,1.12,1.00
2017.08.01 12:26:09.249,0.82567,0.82586,1.12,1.50
2017.08.01 12:26:09.755,0.82567,0.82585,1.12,1.00
2017.08.01 12:26:15.953,0.82568,0.82585,1.00,1.00
2017.08.01 12:26:16.463,0.82567,0.82585,1.12,1.00
2017.08.01 12:26:16.966,0.82567,0.82586,1.12,1.00
2017.08.01 12:26:17.552,0.82567,0.82584,1.12,1.00
2017.08.01 12:26:18.186,0.82567,0.82583,1.12,1.00
2017.08.01 12:26:21.144,0.82568,0.82583,1.00,1.00
2017.08.01 12:26:21.296,0.82568,0.82585,1.00,1.00
2017.08.01 12:26:21.905,0.82568,0.82584,1.00,1.00
2017.08.01 12:26:22.522,0.82566,0.82585,2.25,1.00
2017.08.01 12:26:23.493,0.82567,0.82584,1.12,1.00
2017.08.01 12:26:24.764,0.82567,0.82584,1.50,1.00
2017.08.01 12:26:25.304,0.82568,0.82585,1.12,1.00
2017.08.01 12:26:25.375,0.82568,0.82587,1.12,1.00
2017.08.01 12:26:25.679,0.82567,0.82585,2.25,1.00
2017.08.01 12:26:26.614,0.82567,0.82584,1.50,1.00
2017.08.01 12:26:27.119,0.82566,0.82583,1.75,1.00
2017.08.01 12:26:27.272,0.82564,0.82583,3.00,1.00
2017.08.01 12:26:27.526,0.82569,0.82584,1.00,1.00
2017.08.01 12:26:27.663,0.82569,0.82586,1.00,1.12
2017.08.01 12:26:27.714,0.82569,0.82588,1.00,1.50
2017.08.01 12:26:30.890,0.8257,0.82588,1.50,1.00
2017.08.01 12:26:31.387,0.82573,0.82589,1.00,1.12
2017.08.01 12:26:31.590,0.82574,0.82592,1.00,1.50
2017.08.01 12:26:32.451,0.82574,0.82593,1.00,1.87
2017.08.01 12:26:33.419,0.82575,0.82593,1.00,1.87
2017.08.01 12:26:33.963,0.82574,0.82592,1.00,1.00
2017.08.01 12:26:34.472,0.82573,0.82591,1.00,1.00
2017.08.01 12:26:35.281,0.82572,0.82591,2.62,1.00
2017.08.01 12:26:35.333,0.82572,0.82589,1.12,1.00
2017.08.01 12:26:35.761,0.8257,0.82589,1.50,1.00
2017.08.01 12:26:36.295,0.82571,0.82589,1.00,1.00
2017.08.01 12:26:37.166,0.8257,0.82588,1.00,1.00
2017.08.01 12:26:37.773,0.82571,0.82589,1.00,1.50
2017.08.01 12:26:39.153,0.82571,0.82588,1.00,1.00
2017.08.01 12:26:39.355,0.82572,0.82591,1.00,2.62
2017.08.01 12:26:39.406,0.82577,0.82592,1.00,1.87
2017.08.01 12:26:39.457,0.82575,0.82591,1.00,1.12
2017.08.01 12:26:39.508,0.82576,0.82593,1.00,1.00
2017.08.01 12:26:40.055,0.82577,0.82594,1.12,1.00
2017.08.01 12:26:42.347,0.82577,0.82593,1.00,1.00
2017.08.01 12:26:42.628,0.82574,0.82591,1.50,1.00
2017.08.01 12:26:42.832,0.82574,0.82593,1.00,1.50
2017.08.01 12:26:43.417,0.82573,0.82593,1.87,1.50
2017.08.01 12:26:44.436,0.82573,0.82592,1.87,1.00
2017.08.01 12:26:45.038,0.82572,0.8259,2.25,1.00
2017.08.01 12:26:45.578,0.82573,0.82591,1.12,1.00
2017.08.01 12:26:46.087,0.82573,0.8259,1.12,1.00
2017.08.01 12:26:46.138,0.82573,0.82592,1.12,1.50
2017.08.01 12:26:47.725,0.82573,0.8259,1.12,1.00
2017.08.01 12:26:48.249,0.82574,0.82591,1.00,1.50
2017.08.01 12:26:48.690,0.82572,0.82587,1.50,1.00
2017.08.01 12:26:48.944,0.82569,0.82586,1.00,1.50
2017.08.01 12:26:49.710,0.82567,0.82585,1.12,1.00
2017.08.01 12:26:50.334,0.82568,0.82586,1.00,1.00
2017.08.01 12:26:50.385,0.8257,0.82586,1.00,1.00
2017.08.01 12:26:50.437,0.82571,0.82588,1.00,1.00
2017.08.01 12:26:50.987,0.82571,0.82587,1.00,1.50
2017.08.01 12:26:51.522,0.82571,0.82586,1.00,1.00
2017.08.01 12:26:52.048,0.82571,0.82587,1.00,1.00
2017.08.01 12:26:52.790,0.82571,0.82588,1.00,1.50
2017.08.01 12:26:53.634,0.82568,0.82587,2.25,1.00
2017.08.01 12:26:53.937,0.8257,0.82589,1.00,1.12
2017.08.01 12:26:54.584,0.8257,0.8259,1.50,1.00
2017.08.01 12:26:55.187,0.82571,0.82589,1.12,1.00
2017.08.01 12:26:58.394,0.8257,0.82588,2.25,1.00
2017.08.01 12:26:58.922,0.8257,0.82589,2.25,1.00
2017.08.01 12:26:59.990,0.82571,0.8259,1.12,1.00
2017.08.01 12:27:00.992,0.82571,0.82589,1.12,1.00
2017.08.01 12:27:01.641,0.8257,0.8259,2.25,1.00
2017.08.01 12:27:01.844,0.8257,0.82586,2.25,1.00
2017.08.01 12:27:02.035,0.82567,0.82585,1.87,1.00
2017.08.01 12:27:02.642,0.82567,0.82586,1.87,1.00
2017.08.01 12:27:03.853,0.82567,0.82585,1.87,1.00
2017.08.01 12:27:05.152,0.82569,0.82586,1.00,1.50
2017.08.01 12:27:05.659,0.82567,0.82585,2.62,1.00
2017.08.01 12:27:08.531,0.82567,0.82584,1.12,1.00
2017.08.01 12:27:08.784,0.82567,0.82586,1.12,1.50
2017.08.01 12:27:12.197,0.82567,0.82584,1.12,1.00
2017.08.01 12:27:13.699,0.82567,0.82585,1.12,1.50
2017.08.01 12:27:14.345,0.82569,0.82586,1.00,2.25
2017.08.01 12:27:14.903,0.82569,0.82586,1.00,1.00
2017.08.01 12:27:15.319,0.82568,0.82584,1.00,1.00
2017.08.01 12:27:15.624,0.82566,0.82582,1.50,1.00
2017.08.01 12:27:16.137,0.82566,0.82583,1.00,1.00
2017.08.01 12:27:17.022,0.82567,0.82583,1.00,1.00
2017.08.01 12:27:17.525,0.82566,0.82583,1.00,1.00
2017.08.01 12:27:18.077,0.82566,0.82582,1.00,1.00
2017.08.01 12:27:19.084,0.82565,0.82582,1.00,1.00
2017.08.01 12:27:20.233,0.82564,0.8258,1.50,1.00
2017.08.01 12:27:20.573,0.82562,0.82581,1.50,2.25
2017.08.01 12:27:20.624,0.82562,0.82579,1.50,1.00
2017.08.01 12:27:21.150,0.82561,0.82578,1.50,1.00
2017.08.01 12:27:22.019,0.82562,0.82578,1.00,1.00
2017.08.01 12:27:26.484,0.82564,0.8258,1.00,1.00
2017.08.01 12:27:27.023,0.82565,0.82581,1.00,1.00
2017.08.01 12:27:27.533,0.82566,0.82582,1.00,1.00
2017.08.01 12:27:31.015,0.82567,0.82582,1.00,1.12
2017.08.01 12:27:31.614,0.82566,0.82582,1.50,1.87
2017.08.01 12:27:42.207,0.82567,0.82583,1.00,1.00
2017.08.01 12:27:43.557,0.82568,0.82584,1.00,1.00
2017.08.01 12:27:43.770,0.82566,0.82583,1.00,1.00
2017.08.01 12:27:43.821,0.82564,0.82583,1.12,1.00
2017.08.01 12:27:44.350,0.82565,0.82584,1.00,1.50
2017.08.01 12:27:45.922,0.82566,0.82582,1.00,1.00
2017.08.01 12:27:46.276,0.82563,0.8258,2.25,1.00
2017.08.01 12:27:46.782,0.82563,0.8258,1.00,1.00
2017.08.01 12:27:47.293,0.82563,0.82579,1.00,1.00
2017.08.01 12:27:47.433,0.82563,0.82581,1.00,1.50
2017.08.01 12:27:47.984,0.82563,0.8258,1.00,1.00
2017.08.01 12:27:48.503,0.82563,0.82579,1.00,1.00
2017.08.01 12:27:50.540,0.82564,0.8258,1.00,1.12
2017.08.01 12:27:51.050,0.82563,0.82579,1.00,1.00
2017.08.01 12:27:51.797,0.82564,0.82579,1.00,1.00
2017.08.01 12:27:52.203,0.82565,0.82581,1.00,1.12
2017.08.01 12:27:52.710,0.82566,0.82582,1.00,1.50
2017.08.01 12:27:53.305,0.82565,0.82581,2.25,1.00
2017.08.01 12:27:53.845,0.82566,0.82583,1.00,1.12
2017.08.01 12:27:54.927,0.82567,0.82583,1.00,1.00
2017.08.01 12:27:57.153,0.82568,0.82584,1.00,1.00
2017.08.01 12:27:57.204,0.82571,0.82585,1.00,1.12
2017.08.01 12:27:57.457,0.82571,0.82588,1.50,1.00
2017.08.01 12:27:58.263,0.82572,0.82588,1.00,1.00
2017.08.01 12:27:59.329,0.82574,0.82591,1.00,1.50
2017.08.01 12:27:59.431,0.82574,0.82592,1.00,1.37
2017.08.01 12:27:59.940,0.82574,0.82592,1.00,1.00
2017.08.01 12:28:00.529,0.82573,0.82591,1.12,1.00
2017.08.01 12:28:00.580,0.82573,0.82589,1.12,1.00
2017.08.01 12:28:00.732,0.82573,0.82591,1.00,1.12
2017.08.01 12:28:01.461,0.82572,0.82589,1.00,1.00
2017.08.01 12:28:02.005,0.82573,0.8259,1.00,1.00
2017.08.01 12:28:02.861,0.82572,0.8259,1.00,1.00
2017.08.01 12:28:03.711,0.82573,0.82589,1.00,1.00
2017.08.01 12:28:06.001,0.82572,0.82589,1.00,1.00
2017.08.01 12:28:06.559,0.82573,0.82589,1.00,1.00
2017.08.01 12:28:07.317,0.82572,0.82589,1.00,1.00
2017.08.01 12:28:07.832,0.82572,0.82588,1.00,1.00
2017.08.01 12:28:09.228,0.82571,0.82588,1.00,1.00
2017.08.01 12:28:12.587,0.82571,0.82587,1.00,1.00
2017.08.01 12:28:15.109,0.8257,0.82587,1.87,1.00
2017.08.01 12:28:15.674,0.8257,0.82586,1.00,1.00
2017.08.01 12:28:16.278,0.82569,0.82586,1.00,1.00
2017.08.01 12:28:16.852,0.8257,0.82586,1.00,1.00
2017.08.01 12:28:17.443,0.8257,0.82587,1.00,1.00
2017.08.01 12:28:17.986,0.82571,0.82587,1.00,1.00
2017.08.01 12:28:19.771,0.82571,0.82588,1.00,1.00
2017.08.01 12:28:26.955,0.82571,0.82587,1.00,1.00
2017.08.01 12:28:28.402,0.8257,0.82587,1.00,1.00
2017.08.01 12:28:29.382,0.82571,0.82588,1.00,1.50
2017.08.01 12:28:31.893,0.82572,0.82588,1.00,1.00
2017.08.01 12:28:32.884,0.82571,0.82587,1.00,1.00
2017.08.01 12:28:33.404,0.82571,0.82588,1.00,1.50
2017.08.01 12:28:34.358,0.82571,0.82587,1.00,1.00
2017.08.01 12:28:34.873,0.8257,0.82586,1.00,1.00
2017.08.01 12:28:35.143,0.82571,0.82588,1.00,1.50
2017.08.01 12:28:36.142,0.82572,0.82588,1.00,1.50
2017.08.01 12:28:36.685,0.82571,0.82588,1.00,1.50
2017.08.01 12:28:37.196,0.82572,0.82588,1.00,1.50
2017.08.01 12:28:37.836,0.82571,0.82588,1.00,1.50
2017.08.01 12:28:38.739,0.82569,0.82588,1.50,1.00
2017.08.01 12:28:39.616,0.82569,0.82589,1.00,2.62
2017.08.01 12:28:40.164,0.82571,0.82588,1.00,1.50
2017.08.01 12:28:43.782,0.82569,0.82588,1.00,1.50
2017.08.01 12:28:46.825,0.82569,0.82586,1.00,1.00
2017.08.01 12:28:47.411,0.82568,0.82586,1.50,1.00
2017.08.01 12:28:48.086,0.82569,0.82586,1.00,1.00
2017.08.01 12:28:49.584,0.82568,0.82584,1.00,1.00
2017.08.01 12:28:49.685,0.82566,0.82583,1.00,1.00
2017.08.01 12:28:49.736,0.82567,0.82585,1.00,1.00
2017.08.01 12:28:50.441,0.82566,0.82585,1.00,1.00
2017.08.01 12:28:50.990,0.82568,0.82588,1.00,2.25
2017.08.01 12:28:51.092,0.8257,0.82589,1.50,1.12
2017.08.01 12:28:51.576,0.82568,0.82588,1.72,1.00
2017.08.01 12:28:52.086,0.82568,0.82587,1.72,1.00
2017.08.01 12:28:52.634,0.82568,0.82586,1.30,1.00
2017.08.01 12:28:52.942,0.82569,0.82588,1.00,1.50
2017.08.01 12:28:53.914,0.82569,0.82589,1.00,1.12
2017.08.01 12:28:54.452,0.8257,0.8259,1.00,1.50
2017.08.01 12:28:54.807,0.82572,0.8259,1.00,2.25
2017.08.01 12:28:56.276,0.82571,0.82589,1.00,1.12
2017.08.01 12:28:57.506,0.82572,0.8259,1.00,2.25
2017.08.01 12:29:01.035,0.8257,0.8259,1.00,2.25
2017.08.01 12:29:01.903,0.82571,0.8259,1.00,1.50
2017.08.01 12:29:02.031,0.82573,0.82592,1.00,1.75
2017.08.01 12:29:02.184,0.82574,0.82593,1.00,1.00
2017.08.01 12:29:03.034,0.82573,0.82593,1.00,1.50
2017.08.01 12:29:03.656,0.82572,0.82591,1.00,1.00
2017.08.01 12:29:04.042,0.82573,0.82593,1.00,1.00
2017.08.01 12:29:04.650,0.82573,0.82594,1.00,2.25
2017.08.01 12:29:05.189,0.82573,0.82593,1.00,1.00
2017.08.01 12:29:05.783,0.82572,0.82593,1.50,1.50
2017.08.01 12:29:06.159,0.82571,0.8259,1.50,1.00
2017.08.01 12:29:06.499,0.82573,0.8259,1.00,1.12
2017.08.01 12:29:07.599,0.82572,0.8259,1.00,1.12
2017.08.01 12:29:08.784,0.82573,0.8259,1.00,1.12
2017.08.01 12:29:09.815,0.82572,0.8259,1.00,1.12
2017.08.01 12:29:10.580,0.82573,0.8259,1.00,1.12
2017.08.01 12:29:10.783,0.82573,0.82592,1.00,1.00
2017.08.01 12:29:11.329,0.82573,0.82593,1.00,1.87
2017.08.01 12:29:11.850,0.82572,0.82591,1.12,1.35
2017.08.01 12:29:12.228,0.82568,0.82585,1.00,1.50
2017.08.01 12:29:12.330,0.82566,0.82586,1.50,1.12
2017.08.01 12:29:12.938,0.82568,0.82584,1.00,1.00
2017.08.01 12:29:13.040,0.82566,0.82584,1.00,1.00
2017.08.01 12:29:13.349,0.82565,0.82581,1.00,1.00
2017.08.01 12:29:13.898,0.82564,0.82582,1.00,1.87
2017.08.01 12:29:14.205,0.82566,0.82583,1.00,1.12
2017.08.01 12:29:16.681,0.82565,0.82583,1.00,1.87
2017.08.01 12:29:17.461,0.82565,0.82582,1.00,1.00
2017.08.01 12:29:17.877,0.82567,0.82583,1.00,1.12
2017.08.01 12:29:18.384,0.82566,0.82583,1.00,1.12
2017.08.01 12:29:18.913,0.82565,0.82583,1.00,1.87
2017.08.01 12:29:19.233,0.82568,0.82586,1.00,1.75
2017.08.01 12:29:19.385,0.82568,0.82586,1.00,1.00
2017.08.01 12:29:20.794,0.82567,0.82585,1.00,1.00
2017.08.01 12:29:21.021,0.82569,0.82587,1.00,1.12
2017.08.01 12:29:21.224,0.8257,0.82589,1.00,1.00
2017.08.01 12:29:21.730,0.82571,0.82589,1.00,1.00
2017.08.01 12:29:22.434,0.8257,0.82587,1.00,1.50
2017.08.01 12:29:23.426,0.82571,0.82588,1.00,1.50
2017.08.01 12:29:23.528,0.82571,0.82589,1.00,1.00
2017.08.01 12:29:24.055,0.8257,0.82588,1.50,1.00
2017.08.01 12:29:24.207,0.82569,0.82586,1.12,1.00
2017.08.01 12:29:24.463,0.82568,0.82588,1.50,1.00
2017.08.01 12:29:25.027,0.82568,0.82587,1.00,1.00
2017.08.01 12:29:25.646,0.82567,0.82587,2.10,1.00
2017.08.01 12:29:25.698,0.82569,0.82588,1.00,1.50
2017.08.01 12:29:26.649,0.8257,0.82588,1.00,1.50
2017.08.01 12:29:27.090,0.8257,0.8259,1.50,1.00
2017.08.01 12:29:27.736,0.8257,0.82591,1.50,1.50
2017.08.01 12:29:28.380,0.82571,0.8259,1.00,1.00
2017.08.01 12:29:28.939,0.82573,0.82591,1.00,1.50
2017.08.01 12:29:29.450,0.82574,0.82592,1.00,1.50
2017.08.01 12:29:29.881,0.82576,0.82592,1.00,1.00
2017.08.01 12:29:30.746,0.82576,0.82593,1.00,1.50
2017.08.01 12:29:31.051,0.82579,0.82597,1.00,1.75
2017.08.01 12:29:31.153,0.82576,0.82597,1.50,2.25
2017.08.01 12:29:31.204,0.82576,0.82597,1.87,1.87
2017.08.01 12:29:31.357,0.82576,0.82595,1.12,1.00
2017.08.01 12:29:31.644,0.82577,0.82598,1.00,2.25
2017.08.01 12:29:32.516,0.82578,0.82597,1.00,1.87
2017.08.01 12:29:33.394,0.82579,0.82597,1.00,1.87
2017.08.01 12:29:34.236,0.82578,0.82596,1.00,1.00
2017.08.01 12:29:34.777,0.82577,0.82595,1.00,1.12
2017.08.01 12:29:34.929,0.82575,0.82596,1.00,2.25
2017.08.01 12:29:37.066,0.82583,0.82595,1.00,1.12
2017.08.01 12:29:37.117,0.82578,0.82598,1.00,1.75
2017.08.01 12:29:37.219,0.82577,0.82597,1.00,1.12
2017.08.01 12:29:37.613,0.82579,0.82597,1.00,1.12
2017.08.01 12:29:38.069,0.82577,0.82597,1.00,1.12
2017.08.01 12:29:38.597,0.82575,0.82595,1.50,1.00
2017.08.01 12:29:40.034,0.82575,0.82596,1.50,1.00
2017.08.01 12:29:40.583,0.82576,0.82595,1.12,1.00
2017.08.01 12:29:42.842,0.82574,0.82595,1.00,2.25
2017.08.01 12:29:43.908,0.82573,0.82592,1.12,1.00
2017.08.01 12:29:44.855,0.82572,0.82593,1.50,1.00
2017.08.01 12:29:45.159,0.82572,0.8259,1.50,1.00
2017.08.01 12:29:45.708,0.82572,0.82591,1.00,1.50
2017.08.01 12:29:46.103,0.8257,0.8259,1.00,1.00
2017.08.01 12:29:46.154,0.82568,0.82588,1.50,1.00
2017.08.01 12:29:46.356,0.82564,0.82586,1.50,1.12
2017.08.01 12:29:46.761,0.82565,0.82584,1.12,1.00
2017.08.01 12:29:47.065,0.8257,0.82591,1.00,4.12
2017.08.01 12:29:47.167,0.8257,0.82591,1.00,1.87
2017.08.01 12:29:47.320,0.82572,0.82591,1.00,1.12
2017.08.01 12:29:47.550,0.82573,0.82594,1.00,1.12
2017.08.01 12:29:47.753,0.82573,0.82592,1.00,1.00
2017.08.01 12:29:47.854,0.8257,0.82591,1.50,1.12
2017.08.01 12:29:48.107,0.82568,0.82589,1.37,1.00
2017.08.01 12:29:50.224,0.82566,0.82587,1.75,1.00
2017.08.01 12:29:50.377,0.82566,0.82587,1.12,1.00
2017.08.01 12:29:51.990,0.82566,0.82593,1.12,4.12
2017.08.01 12:29:52.092,0.82566,0.82593,1.00,1.00
2017.08.01 12:29:52.264,0.82569,0.82597,1.00,1.00
2017.08.01 12:29:52.568,0.82568,0.82595,1.00,1.00
2017.08.01 12:29:52.721,0.82565,0.82594,1.00,1.00
2017.08.01 12:29:53.200,0.82562,0.82595,1.19,1.00
2017.08.01 12:29:54.108,0.82564,0.82596,1.25,1.00
2017.08.01 12:29:54.160,0.8257,0.826,1.00,1.50
2017.08.01 12:29:54.364,0.82568,0.826,1.00,1.00
2017.08.01 12:29:54.835,0.82568,0.82595,1.00,1.00
2017.08.01 12:29:54.886,0.82568,0.826,1.00,1.00
2017.08.01 12:29:55.115,0.82563,0.826,1.69,1.00
2017.08.01 12:29:55.167,0.82567,0.826,1.00,1.00
2017.08.01 12:29:55.886,0.82564,0.826,1.00,1.50
2017.08.01 12:29:55.936,0.82566,0.826,1.00,1.50
2017.08.01 12:29:56.249,0.82563,0.82601,1.19,2.25
2017.08.01 12:29:56.300,0.82566,0.826,1.00,1.00
2017.08.01 12:29:56.604,0.82571,0.826,1.00,1.00
2017.08.01 12:29:56.655,0.82569,0.826,1.00,1.00
2017.08.01 12:29:56.821,0.82567,0.82599,1.00,1.00
2017.08.01 12:29:56.872,0.82571,0.82605,1.00,1.00
2017.08.01 12:29:56.923,0.82569,0.82607,1.00,1.50
2017.08.01 12:29:56.975,0.82574,0.82605,1.00,1.00
2017.08.01 12:29:57.026,0.82573,0.82607,1.00,1.00
2017.08.01 12:29:57.128,0.82571,0.82605,1.00,1.00
2017.08.01 12:29:57.432,0.82575,0.82605,1.00,1.00
2017.08.01 12:29:57.611,0.82575,0.82608,1.00,1.50
2017.08.01 12:29:57.713,0.82573,0.82606,1.50,1.00
2017.08.01 12:29:57.815,0.82574,0.82608,1.00,1.00
2017.08.01 12:29:57.866,0.82577,0.8261,1.00,1.50
2017.08.01 12:29:58.222,0.82575,0.8261,1.00,1.50
2017.08.01 12:29:58.474,0.82578,0.8261,1.00,1.50
2017.08.01 12:29:58.576,0.82573,0.82608,1.00,1.00
2017.08.01 12:29:58.627,0.82574,0.826,1.50,1.00
2017.08.01 12:29:58.678,0.82572,0.82603,1.50,1.00
2017.08.01 12:29:58.729,0.82569,0.82601,1.00,1.00
2017.08.01 12:29:58.830,0.82572,0.82601,1.00,1.50
2017.08.01 12:29:58.982,0.82565,0.826,1.00,1.00
2017.08.01 12:29:59.033,0.82572,0.82603,1.00,1.00
2017.08.01 12:29:59.378,0.82571,0.826,1.00,1.00
2017.08.01 12:29:59.581,0.82566,0.82604,1.00,1.50
2017.08.01 12:29:59.632,0.82569,0.82604,1.00,1.50
2017.08.01 12:29:59.835,0.82566,0.82604,1.00,1.50
2017.08.01 12:30:00.055,0.82569,0.82604,1.00,1.50
2017.08.01 12:30:00.131,0.82565,0.82603,1.00,1.00
2017.08.01 12:30:00.183,0.82565,0.826,1.50,1.00
2017.08.01 12:30:00.487,0.82571,0.82604,1.00,1.00
2017.08.01 12:30:00.589,0.82567,0.82602,1.00,1.50
2017.08.01 12:30:00.691,0.82573,0.82601,1.00,1.00
2017.08.01 12:30:00.792,0.82569,0.82602,1.00,1.00
2017.08.01 12:30:00.907,0.82569,0.82604,1.00,1.00
2017.08.01 12:30:00.958,0.82572,0.82603,1.00,1.00
2017.08.01 12:30:01.110,0.82569,0.82603,1.00,1.00
2017.08.01 12:30:01.162,0.82571,0.82603,1.00,1.00
2017.08.01 12:30:01.264,0.82572,0.82605,1.00,1.50
2017.08.01 12:30:01.416,0.82574,0.82605,1.00,1.00
2017.08.01 12:30:01.687,0.82568,0.82603,1.00,1.00
2017.08.01 12:30:01.738,0.82577,0.82603,1.00,1.00
2017.08.01 12:30:01.789,0.82583,0.82612,1.00,1.00
2017.08.01 12:30:01.841,0.82586,0.82615,1.00,1.50
2017.08.01 12:30:01.943,0.82577,0.82611,1.00,1.00
2017.08.01 12:30:01.995,0.82573,0.82611,1.00,1.00
2017.08.01 12:30:02.048,0.82577,0.82611,1.50,1.50
2017.08.01 12:30:02.201,0.82572,0.82607,1.00,1.00
2017.08.01 12:30:02.347,0.82586,0.82613,1.00,1.00
2017.08.01 12:30:02.398,0.82586,0.82615,1.00,1.00
2017.08.01 12:30:02.501,0.82585,0.82612,1.00,1.00
2017.08.01 12:30:02.603,0.82586,0.82615,1.00,1.00
2017.08.01 12:30:02.756,0.82589,0.82617,1.00,1.00
2017.08.01 12:30:02.859,0.82585,0.82615,1.00,1.00
2017.08.01 12:30:02.911,0.82588,0.82615,1.00,1.00
2017.08.01 12:30:03.243,0.82584,0.8261,1.00,1.00
2017.08.01 12:30:03.294,0.82583,0.82614,1.00,1.50
2017.08.01 12:30:03.345,0.82586,0.82614,1.00,1.00
2017.08.01 12:30:03.600,0.82583,0.82614,1.00,1.00
2017.08.01 12:30:03.702,0.8258,0.82612,1.19,1.50
2017.08.01 12:30:04.080,0.82579,0.82607,1.25,1.00
2017.08.01 12:30:04.385,0.82585,0.82614,1.00,1.00
2017.08.01 12:30:04.436,0.82581,0.82611,1.00,1.00
2017.08.01 12:30:04.487,0.82579,0.82609,1.19,1.00
2017.08.01 12:30:04.678,0.82576,0.82607,1.25,1.00
2017.08.01 12:30:04.731,0.82583,0.8261,1.00,1.00
2017.08.01 12:30:04.833,0.82579,0.82609,1.00,1.00
2017.08.01 12:30:04.884,0.82578,0.82601,1.00,1.00
2017.08.01 12:30:04.987,0.82581,0.8261,1.00,1.00
2017.08.01 12:30:05.191,0.82584,0.8261,1.00,1.00
2017.08.01 12:30:05.243,0.82584,0.82614,1.00,1.00
2017.08.01 12:30:05.401,0.82581,0.82613,1.50,1.00
2017.08.01 12:30:05.452,0.82586,0.82619,1.00,1.00
2017.08.01 12:30:05.503,0.82584,0.82619,1.00,1.00
2017.08.01 12:30:05.554,0.82585,0.82623,1.00,2.25
2017.08.01 12:30:05.657,0.8258,0.8261,1.19,1.00
2017.08.01 12:30:05.759,0.82574,0.82612,1.19,1.00
2017.08.01 12:30:05.810,0.82574,0.82612,1.19,1.00
2017.08.01 12:30:06.150,0.82573,0.8261,1.19,1.00
2017.08.01 12:30:06.463,0.82582,0.82614,1.00,1.00
2017.08.01 12:30:06.665,0.82576,0.82614,1.00,1.00
2017.08.01 12:30:06.767,0.82576,0.82612,1.50,1.00
2017.08.01 12:30:07.081,0.8258,0.82606,1.00,1.00
2017.08.01 12:30:07.132,0.82577,0.82606,1.00,1.00
2017.08.01 12:30:07.183,0.82577,0.82608,1.50,1.00
2017.08.01 12:30:07.633,0.82577,0.82606,1.00,1.00
2017.08.01 12:30:07.735,0.82579,0.82609,1.50,1.00
2017.08.01 12:30:07.938,0.82577,0.82608,1.00,1.00
2017.08.01 12:30:07.990,0.82576,0.82605,1.69,1.00
2017.08.01 12:30:08.095,0.82576,0.82604,1.69,1.00
2017.08.01 12:30:08.146,0.82572,0.82602,1.19,1.00
2017.08.01 12:30:08.248,0.82572,0.82599,1.00,1.00
2017.08.01 12:30:08.434,0.82572,0.82601,1.00,1.00
2017.08.01 12:30:08.536,0.82575,0.82604,1.00,1.00
2017.08.01 12:30:08.587,0.82573,0.82604,1.00,1.00
2017.08.01 12:30:08.637,0.82575,0.82604,1.00,1.00
2017.08.01 12:30:09.078,0.82575,0.82607,1.00,1.50
2017.08.01 12:30:09.586,0.82572,0.82604,1.69,1.50
2017.08.01 12:30:09.998,0.82574,0.82604,1.00,1.50
2017.08.01 12:30:10.151,0.82572,0.82604,1.00,2.25
2017.08.01 12:30:10.202,0.82572,0.82602,1.00,1.00
2017.08.01 12:30:10.253,0.82572,0.82604,1.00,2.44
2017.08.01 12:30:10.830,0.82574,0.82602,1.00,1.00
2017.08.01 12:30:10.881,0.8257,0.82601,1.00,1.50
2017.08.01 12:30:10.933,0.82573,0.82604,1.50,2.25
2017.08.01 12:30:11.238,0.82575,0.82606,1.00,1.00
2017.08.01 12:30:11.846,0.8258,0.82606,1.00,1.00
2017.08.01 12:30:11.948,0.8258,0.8261,1.00,1.25
2017.08.01 12:30:12.151,0.82585,0.82612,1.00,1.00
2017.08.01 12:30:12.202,0.82587,0.82618,1.00,1.19
2017.08.01 12:30:12.375,0.82585,0.82616,1.00,1.19
2017.08.01 12:30:12.477,0.82585,0.82617,1.19,3.00
2017.08.01 12:30:12.833,0.82588,0.82618,1.00,1.00
2017.08.01 12:30:13.210,0.8259,0.82619,1.00,1.00
2017.08.01 12:30:13.261,0.8259,0.82621,1.00,1.50
2017.08.01 12:30:13.779,0.8259,0.8262,1.00,1.00
2017.08.01 12:30:14.918,0.82589,0.8262,1.50,1.00
2017.08.01 12:30:15.202,0.82586,0.82618,1.25,1.00
2017.08.01 12:30:15.304,0.82588,0.82618,1.00,1.00
2017.08.01 12:30:15.407,0.8259,0.82622,1.00,1.50
2017.08.01 12:30:15.509,0.82595,0.82623,1.00,1.00
2017.08.01 12:30:15.814,0.82591,0.82622,3.75,1.00
2017.08.01 12:30:16.103,0.82594,0.82622,1.00,1.00
2017.08.01 12:30:16.356,0.82596,0.82625,1.00,1.00
2017.08.01 12:30:16.458,0.82594,0.82624,1.00,1.00
2017.08.01 12:30:16.611,0.82596,0.82626,1.00,1.25
2017.08.01 12:30:16.938,0.82591,0.82621,1.50,1.00
2017.08.01 12:30:17.545,0.82595,0.82625,1.00,1.00
2017.08.01 12:30:17.825,0.82593,0.82625,1.25,1.50
2017.08.01 12:30:17.926,0.82593,0.82623,1.00,1.00
2017.08.01 12:30:17.977,0.82593,0.82625,1.00,3.75
2017.08.01 12:30:18.028,0.82593,0.82623,1.00,1.00
2017.08.01 12:30:18.332,0.8259,0.82621,1.69,1.00
2017.08.01 12:30:18.825,0.82594,0.82622,1.00,1.50
2017.08.01 12:30:18.927,0.82596,0.82625,1.00,2.25
2017.08.01 12:30:19.453,0.82596,0.82624,1.00,1.00
2017.08.01 12:30:19.631,0.82589,0.82619,1.50,1.00
2017.08.01 12:30:19.682,0.82591,0.82619,1.00,1.00
2017.08.01 12:30:19.986,0.82594,0.82622,1.00,1.00
2017.08.01 12:30:20.291,0.82585,0.82614,1.19,1.00
2017.08.01 12:30:20.342,0.82585,0.82613,1.00,1.50
2017.08.01 12:30:20.923,0.82585,0.82615,1.50,1.00
2017.08.01 12:30:21.025,0.82586,0.82611,1.00,1.00
2017.08.01 12:30:21.575,0.82586,0.8261,1.00,1.00
2017.08.01 12:30:22.083,0.82585,0.82611,2.25,1.00
2017.08.01 12:30:22.389,0.82587,0.82611,1.00,1.00
2017.08.01 12:30:23.217,0.82585,0.82609,2.25,1.00
2017.08.01 12:30:23.321,0.82593,0.82618,1.00,1.00
2017.08.01 12:30:23.424,0.82597,0.82621,1.50,1.50
2017.08.01 12:30:23.830,0.82595,0.82619,1.00,1.00
2017.08.01 12:30:24.140,0.82595,0.82617,1.00,1.00
2017.08.01 12:30:24.782,0.82595,0.82616,1.12,1.12
2017.08.01 12:30:26.873,0.82595,0.82614,1.12,1.00
2017.08.01 12:30:26.924,0.82595,0.82616,1.87,1.12
2017.08.01 12:30:27.025,0.82597,0.82618,1.00,1.75
2017.08.01 12:30:27.733,0.82595,0.82616,1.12,1.12
2017.08.01 12:30:30.549,0.82594,0.82614,1.50,1.00
2017.08.01 12:30:31.204,0.82594,0.82615,1.50,1.00
2017.08.01 12:30:31.633,0.82591,0.82611,1.50,1.00
2017.08.01 12:30:31.684,0.82591,0.8261,1.50,1.00
2017.08.01 12:30:31.786,0.8259,0.8261,1.00,1.12
2017.08.01 12:30:32.292,0.82589,0.8261,1.87,1.12
2017.08.01 12:30:32.343,0.82588,0.82608,3.00,1.00
2017.08.01 12:30:32.664,0.82587,0.82608,1.00,1.50
2017.08.01 12:30:32.969,0.82583,0.82603,1.00,1.12
2017.08.01 12:30:34.381,0.82582,0.82601,1.12,1.00
2017.08.01 12:30:34.482,0.82579,0.82599,1.00,1.00
2017.08.01 12:30:34.837,0.82581,0.82598,1.00,1.00
2017.08.01 12:30:35.092,0.82585,0.82603,1.00,1.00
2017.08.01 12:30:35.523,0.82585,0.82605,1.00,1.12
2017.08.01 12:30:36.643,0.82585,0.82602,1.00,1.00
2017.08.01 12:30:36.896,0.82584,0.82604,1.87,1.00
2017.08.01 12:30:36.998,0.82585,0.82602,1.00,1.00
2017.08.01 12:30:37.526,0.82584,0.82605,1.50,1.75
2017.08.01 12:30:37.628,0.82584,0.82605,1.00,1.00
2017.08.01 12:30:38.051,0.82584,0.826,1.00,1.00
2017.08.01 12:30:38.322,0.82575,0.82594,1.69,1.75
2017.08.01 12:30:38.373,0.82571,0.82594,1.87,1.75
2017.08.01 12:30:39.057,0.82572,0.82593,1.00,1.50
2017.08.01 12:30:39.158,0.82572,0.8259,1.00,1.00
2017.08.01 12:30:39.849,0.82569,0.82588,2.62,1.00
2017.08.01 12:30:39.900,0.82569,0.82588,2.25,1.12
2017.08.01 12:30:40.469,0.8257,0.82588,1.00,1.12
2017.08.01 12:30:40.621,0.82573,0.82588,1.00,1.12
2017.08.01 12:30:40.829,0.82573,0.82592,1.50,1.12
2017.08.01 12:30:40.981,0.82574,0.8259,1.00,1.00
2017.08.01 12:30:41.083,0.82572,0.82591,1.00,1.00
2017.08.01 12:30:41.236,0.82571,0.8259,1.00,1.50
2017.08.01 12:30:41.388,0.82568,0.82588,1.00,1.00
2017.08.01 12:30:42.197,0.82568,0.82587,1.00,1.00
2017.08.01 12:30:43.194,0.82567,0.82587,1.12,1.50
2017.08.01 12:30:43.245,0.82567,0.82585,1.12,1.00
2017.08.01 12:30:43.409,0.82565,0.82585,1.50,1.12
2017.08.01 12:30:44.467,0.82565,0.82583,1.00,1.00
2017.08.01 12:30:44.978,0.82564,0.82583,1.00,1.00
2017.08.01 12:30:46.038,0.82564,0.82584,1.00,3.00
2017.08.01 12:30:46.360,0.82566,0.82582,1.00,2.25
2017.08.01 12:30:46.411,0.82564,0.82582,1.00,1.12
2017.08.01 12:30:46.462,0.82565,0.82582,1.00,1.50
2017.08.01 12:30:46.564,0.82565,0.82584,1.50,1.50
2017.08.01 12:30:46.766,0.82566,0.82585,1.00,1.00
2017.08.01 12:30:47.158,0.82564,0.82583,1.50,1.00
2017.08.01 12:30:47.506,0.82564,0.82584,1.00,1.75
2017.08.01 12:30:48.024,0.82566,0.82583,1.00,1.75
2017.08.01 12:30:48.176,0.82569,0.82585,1.50,1.50
2017.08.01 12:30:48.329,0.82569,0.82587,1.00,1.00
2017.08.01 12:30:48.450,0.82567,0.82585,1.00,1.12
2017.08.01 12:30:48.754,0.82565,0.8258,1.00,1.00
2017.08.01 12:30:48.857,0.82561,0.82579,1.00,1.00
2017.08.01 12:30:48.959,0.8256,0.82578,1.00,1.50
2017.08.01 12:30:49.569,0.82559,0.82578,1.00,1.50
2017.08.01 12:30:50.094,0.82558,0.82578,1.00,2.25
2017.08.01 12:30:50.246,0.82555,0.82575,1.00,1.12
2017.08.01 12:30:51.240,0.82555,0.82572,1.00,1.00
2017.08.01 12:30:51.392,0.82552,0.82572,1.87,1.00
2017.08.01 12:30:51.929,0.82552,0.82573,1.00,1.50
2017.08.01 12:30:52.709,0.82551,0.82572,2.25,1.12
2017.08.01 12:30:54.182,0.82551,0.8257,1.50,1.00
2017.08.01 12:30:54.509,0.82557,0.82575,1.00,1.12
2017.08.01 12:30:55.440,0.82558,0.82575,1.00,1.00
2017.08.01 12:30:55.542,0.82556,0.82574,1.12,1.00
2017.08.01 12:30:55.745,0.82555,0.82576,1.50,1.00
2017.08.01 12:30:56.258,0.82557,0.82576,1.00,1.00
2017.08.01 12:30:56.360,0.82558,0.82579,1.00,2.25
2017.08.01 12:30:56.462,0.82561,0.8258,1.00,1.00
2017.08.01 12:30:56.513,0.82559,0.8258,1.87,1.00
2017.08.01 12:30:56.846,0.82557,0.82577,1.75,1.00
2017.08.01 12:30:56.948,0.82556,0.82577,1.12,1.50
2017.08.01 12:30:57.050,0.82556,0.82575,1.12,1.00
2017.08.01 12:30:57.354,0.82557,0.82579,2.25,3.00
2017.08.01 12:30:57.406,0.82561,0.82579,1.00,1.50
2017.08.01 12:30:57.854,0.82559,0.82576,1.50,1.00
2017.08.01 12:30:57.957,0.82558,0.82578,2.25,1.00
2017.08.01 12:30:58.059,0.82558,0.82578,1.00,1.00
2017.08.01 12:30:58.561,0.82558,0.82579,1.00,2.62
2017.08.01 12:30:59.491,0.82559,0.82579,1.00,1.12
2017.08.01 12:30:59.690,0.82562,0.82581,1.00,2.25
2017.08.01 12:30:59.885,0.82563,0.82582,1.12,1.00
2017.08.01 12:31:00.189,0.82563,0.82579,1.12,1.00
2017.08.01 12:31:00.240,0.82561,0.82581,1.75,1.50
2017.08.01 12:31:00.291,0.82563,0.82578,1.12,1.00
2017.08.01 12:31:00.343,0.82563,0.8258,1.12,1.00
2017.08.01 12:31:00.640,0.82564,0.82582,1.50,1.00
2017.08.01 12:31:00.692,0.82566,0.82583,1.00,1.00
2017.08.01 12:31:00.795,0.82565,0.82586,3.00,1.00
2017.08.01 12:31:00.897,0.82566,0.82584,1.12,1.00
2017.08.01 12:31:01.154,0.82563,0.82584,1.12,1.50
2017.08.01 12:31:01.206,0.82561,0.82581,1.75,1.00
2017.08.01 12:31:01.257,0.82561,0.82581,1.00,1.12
2017.08.01 12:31:01.389,0.82559,0.82579,1.12,1.00
2017.08.01 12:31:01.694,0.82563,0.82582,1.00,1.50
2017.08.01 12:31:01.796,0.82563,0.82583,1.12,1.00
2017.08.01 12:31:02.715,0.82563,0.82582,1.12,1.00
2017.08.01 12:31:03.223,0.82563,0.82583,1.12,1.00
2017.08.01 12:31:03.601,0.82568,0.82586,1.00,1.75
2017.08.01 12:31:03.703,0.82568,0.82586,1.00,1.00
2017.08.01 12:31:04.108,0.8257,0.82589,1.12,1.00
2017.08.01 12:31:04.604,0.82573,0.82592,1.12,1.00
2017.08.01 12:31:04.933,0.82575,0.82594,1.00,1.12
2017.08.01 12:31:05.589,0.82573,0.82593,1.87,1.00
2017.08.01 12:31:06.045,0.82571,0.82589,1.75,1.00
2017.08.01 12:31:06.096,0.82569,0.82589,1.00,1.87
2017.08.01 12:31:06.642,0.8257,0.82591,1.50,1.75
2017.08.01 12:31:07.329,0.82569,0.82591,1.50,1.75
2017.08.01 12:31:07.858,0.82567,0.82588,2.25,1.50
2017.08.01 12:31:08.401,0.82567,0.82589,2.25,1.87
2017.08.01 12:31:08.992,0.82567,0.82588,2.25,1.50
2017.08.01 12:31:10.250,0.82566,0.82586,1.75,1.00
2017.08.01 12:31:10.505,0.82553,0.82573,2.62,1.00
2017.08.01 12:31:11.028,0.82553,0.82573,1.00,2.25
2017.08.01 12:31:11.702,0.82552,0.82572,1.50,1.00
2017.08.01 12:31:12.213,0.82554,0.82572,1.00,1.00
2017.08.01 12:31:12.779,0.82553,0.82573,1.00,3.75
2017.08.01 12:31:13.130,0.82555,0.82573,1.00,1.00
2017.08.01 12:31:14.266,0.82553,0.82569,1.00,1.00
2017.08.01 12:31:14.368,0.8255,0.82568,1.00,1.00
2017.08.01 12:31:14.419,0.82548,0.82567,1.00,1.00
2017.08.01 12:31:14.723,0.82551,0.82568,1.00,1.12
2017.08.01 12:31:15.208,0.82554,0.82571,1.00,1.75
2017.08.01 12:31:15.259,0.82552,0.82571,1.50,2.25
2017.08.01 12:31:15.310,0.82552,0.8257,1.00,1.00
2017.08.01 12:31:15.462,0.8255,0.82568,1.50,1.00
2017.08.01 12:31:15.564,0.82549,0.82568,1.00,1.12
2017.08.01 12:31:15.716,0.82547,0.82568,1.87,1.87
2017.08.01 12:31:15.869,0.82547,0.82566,1.12,1.00
2017.08.01 12:31:16.234,0.82549,0.82569,1.00,1.50
2017.08.01 12:31:16.436,0.82545,0.82566,1.00,1.50
2017.08.01 12:31:16.970,0.82543,0.82563,1.50,1.00
2017.08.01 12:31:17.224,0.82542,0.82562,1.00,1.12
2017.08.01 12:31:17.645,0.82539,0.82558,1.75,1.00
2017.08.01 12:31:17.752,0.82536,0.82556,1.00,1.50
2017.08.01 12:31:17.856,0.82537,0.82558,1.00,1.87
2017.08.01 12:31:18.426,0.82535,0.82559,2.62,1.50
2017.08.01 12:31:18.944,0.82536,0.82558,1.50,1.12
2017.08.01 12:31:19.543,0.82537,0.82558,1.00,1.12
2017.08.01 12:31:20.052,0.82536,0.82558,1.00,1.12
2017.08.01 12:31:20.722,0.82537,0.82558,1.00,1.87
2017.08.01 12:31:21.230,0.82536,0.82557,2.25,1.00
2017.08.01 12:31:21.451,0.82536,0.82557,1.50,1.00
2017.08.01 12:31:21.990,0.82535,0.82556,1.87,1.50
2017.08.01 12:31:22.198,0.82535,0.82554,1.12,1.00
2017.08.01 12:31:22.785,0.82534,0.82554,1.00,1.50
2017.08.01 12:31:23.430,0.82535,0.82554,1.00,1.00
2017.08.01 12:31:23.980,0.82534,0.82555,1.50,1.12
2017.08.01 12:31:24.296,0.82536,0.82555,1.00,1.12
2017.08.01 12:31:24.841,0.82537,0.82556,1.00,1.50
2017.08.01 12:31:25.854,0.82536,0.82556,1.00,1.50
2017.08.01 12:31:26.483,0.82536,0.82557,1.50,1.50
2017.08.01 12:31:26.983,0.82538,0.82556,1.00,1.00
2017.08.01 12:31:27.034,0.82538,0.82558,1.00,1.00
2017.08.01 12:31:27.136,0.8254,0.8256,1.00,1.87
2017.08.01 12:31:27.187,0.82538,0.8256,1.00,2.62
2017.08.01 12:31:27.440,0.82537,0.82558,1.12,1.00
2017.08.01 12:31:27.883,0.82534,0.82557,2.17,2.25
2017.08.01 12:31:28.188,0.82534,0.82554,2.17,1.00
2017.08.01 12:31:28.691,0.82534,0.82554,1.00,1.12
2017.08.01 12:31:29.238,0.82533,0.82553,1.50,1.00
2017.08.01 12:31:29.588,0.82537,0.82556,1.00,1.00
2017.08.01 12:31:30.095,0.82538,0.82556,1.00,1.50
2017.08.01 12:31:30.872,0.82538,0.82555,1.00,1.00
2017.08.01 12:31:31.143,0.82536,0.82555,1.50,1.50
2017.08.01 12:31:31.245,0.82538,0.82555,1.00,1.00
2017.08.01 12:31:31.759,0.82538,0.82556,1.00,1.00
2017.08.01 12:31:32.293,0.82539,0.82555,1.00,1.00
2017.08.01 12:31:32.435,0.82534,0.82554,1.00,1.00
2017.08.01 12:31:32.688,0.82539,0.82554,1.00,1.00
2017.08.01 12:31:32.790,0.8254,0.8256,1.00,1.37
2017.08.01 12:31:32.892,0.8254,0.82559,1.00,1.12
2017.08.01 12:31:32.993,0.82538,0.82558,1.00,1.00
2017.08.01 12:31:33.094,0.82537,0.82548,1.00,1.00
2017.08.01 12:31:33.316,0.82527,0.82543,1.25,1.87
2017.08.01 12:31:33.469,0.82521,0.82542,1.50,1.12
2017.08.01 12:31:33.774,0.82523,0.82543,1.00,1.00
2017.08.01 12:31:34.122,0.82532,0.82549,1.00,1.00
2017.08.01 12:31:34.848,0.82532,0.8255,1.00,1.12
2017.08.01 12:31:35.182,0.82537,0.82556,1.00,2.25
2017.08.01 12:31:35.284,0.82538,0.82554,1.00,1.00
2017.08.01 12:31:35.386,0.82538,0.82551,1.00,1.12
2017.08.01 12:31:35.538,0.82533,0.82551,1.50,1.12
2017.08.01 12:31:36.487,0.82532,0.82551,1.00,1.12
2017.08.01 12:31:37.574,0.82533,0.82554,1.00,1.87
2017.08.01 12:31:37.676,0.82533,0.82555,1.50,2.62
2017.08.01 12:31:37.778,0.82533,0.8255,1.00,1.00
2017.08.01 12:31:37.982,0.82528,0.82548,1.12,2.62
2017.08.01 12:31:38.084,0.82526,0.82548,1.00,2.62
2017.08.01 12:31:38.185,0.82528,0.82548,1.00,1.87
2017.08.01 12:31:38.675,0.82531,0.82548,1.00,1.12
2017.08.01 12:31:39.182,0.8253,0.8255,1.00,2.25
2017.08.01 12:31:39.487,0.82532,0.82553,1.50,1.12
2017.08.01 12:31:39.842,0.82534,0.82553,1.00,1.12
2017.08.01 12:31:40.148,0.82533,0.82551,1.00,1.00
2017.08.01 12:31:40.251,0.82534,0.82554,1.00,1.50
2017.08.01 12:31:40.800,0.82535,0.82554,1.00,1.50
2017.08.01 12:31:41.003,0.82534,0.82551,1.00,1.00
2017.08.01 12:31:41.054,0.82531,0.82549,1.50,1.00
2017.08.01 12:31:41.106,0.82536,0.82549,1.00,1.00
2017.08.01 12:31:41.207,0.82537,0.82556,1.50,3.37
2017.08.01 12:31:41.296,0.82537,0.82556,1.50,1.37
2017.08.01 12:31:41.399,0.82538,0.82557,1.00,1.12
2017.08.01 12:31:41.754,0.8254,0.82557,1.00,1.12
2017.08.01 12:31:42.110,0.82542,0.8256,1.00,1.00
2017.08.01 12:31:42.668,0.82541,0.8256,1.00,1.00
2017.08.01 12:31:43.178,0.82542,0.8256,1.00,1.00
2017.08.01 12:31:43.728,0.82543,0.82562,1.00,1.50
2017.08.01 12:31:44.344,0.82544,0.82563,1.00,1.75
2017.08.01 12:31:44.395,0.82546,0.82564,1.00,1.75
2017.08.01 12:31:44.598,0.82546,0.82566,1.00,1.00
2017.08.01 12:31:44.700,0.82546,0.82563,1.00,1.00
2017.08.01 12:31:44.833,0.82543,0.82563,2.25,1.00
2017.08.01 12:31:44.935,0.82545,0.82563,1.00,1.00
2017.08.01 12:31:45.139,0.82541,0.82562,2.25,1.00
2017.08.01 12:31:45.242,0.82539,0.82562,3.00,1.50
2017.08.01 12:31:45.589,0.82541,0.82561,1.00,1.00
2017.08.01 12:31:46.291,0.82542,0.82561,1.00,1.00
2017.08.01 12:31:46.968,0.82541,0.82561,1.50,1.00
2017.08.01 12:31:47.633,0.82541,0.82561,1.50,1.50
2017.08.01 12:31:48.166,0.82542,0.82561,1.00,1.50
2017.08.01 12:31:49.137,0.82543,0.82563,1.50,2.25
2017.08.01 12:31:49.339,0.82544,0.82563,1.00,1.00
2017.08.01 12:31:49.629,0.82546,0.82562,1.00,1.00
2017.08.01 12:31:49.681,0.82545,0.82565,1.50,1.50
2017.08.01 12:31:50.281,0.82546,0.82565,1.00,1.50
2017.08.01 12:31:50.891,0.82545,0.82565,1.00,1.50
2017.08.01 12:31:50.993,0.82544,0.82561,1.00,1.00
2017.08.01 12:31:51.044,0.82542,0.82561,1.00,1.00
2017.08.01 12:31:52.931,0.82543,0.82561,1.00,1.12
2017.08.01 12:31:53.440,0.82542,0.82561,2.25,1.12
2017.08.01 12:31:54.461,0.82543,0.82561,1.00,1.12
2017.08.01 12:31:55.009,0.82542,0.82561,1.00,1.12
2017.08.01 12:31:55.060,0.8254,0.82561,1.00,1.12
2017.08.01 12:31:55.583,0.82539,0.82561,2.25,1.12
2017.08.01 12:31:56.114,0.82541,0.82561,1.00,1.12
2017.08.01 12:31:56.418,0.82544,0.82562,1.00,1.50
2017.08.01 12:31:56.622,0.82546,0.82564,1.00,1.00
2017.08.01 12:31:57.203,0.82546,0.82565,1.50,1.12
2017.08.01 12:31:57.672,0.82544,0.82565,1.50,1.87
2017.08.01 12:31:57.723,0.82544,0.82562,1.50,1.00
2017.08.01 12:31:59.363,0.82543,0.82562,1.50,1.12
2017.08.01 12:32:00.292,0.82542,0.82563,1.00,2.25
2017.08.01 12:32:00.629,0.82542,0.8256,1.50,1.00
2017.08.01 12:32:00.803,0.82542,0.82562,1.00,1.12
2017.08.01 12:32:00.955,0.82542,0.8256,1.50,1.00
2017.08.01 12:32:01.359,0.8254,0.82559,1.00,1.00
2017.08.01 12:32:01.768,0.82542,0.82561,1.00,1.75
2017.08.01 12:32:01.871,0.82543,0.82563,1.50,1.75
2017.08.01 12:32:01.972,0.82541,0.82564,1.50,2.25
2017.08.01 12:32:02.074,0.82543,0.82564,1.00,1.12
2017.08.01 12:32:02.599,0.82542,0.82564,1.50,1.12
2017.08.01 12:32:02.861,0.82545,0.82566,2.25,1.75
2017.08.01 12:32:03.064,0.82547,0.82569,1.50,1.87
2017.08.01 12:32:03.402,0.82549,0.82569,1.00,1.12
2017.08.01 12:32:03.757,0.82547,0.82569,2.25,1.12
2017.08.01 12:32:04.266,0.82546,0.82569,1.12,1.87
2017.08.01 12:32:04.769,0.82546,0.82568,1.87,1.50
2017.08.01 12:32:04.871,0.82549,0.82568,1.00,1.50
2017.08.01 12:32:04.972,0.82546,0.82566,1.12,1.00
2017.08.01 12:32:05.881,0.82547,0.82566,1.00,1.87
2017.08.01 12:32:06.033,0.82547,0.82564,1.00,1.00
2017.08.01 12:32:06.135,0.82545,0.82565,1.00,1.50
2017.08.01 12:32:06.237,0.82544,0.82563,1.50,1.00
2017.08.01 12:32:06.570,0.82546,0.82566,1.00,1.75
2017.08.01 12:32:06.672,0.82546,0.82566,1.00,1.50
2017.08.01 12:32:07.421,0.82545,0.82566,1.00,2.25
2017.08.01 12:32:07.523,0.82547,0.82567,1.00,1.75
2017.08.01 12:32:07.777,0.82544,0.82566,2.62,1.00
2017.08.01 12:32:08.296,0.82545,0.82566,1.50,1.50
2017.08.01 12:32:09.260,0.82548,0.82567,1.00,1.12
2017.08.01 12:32:09.788,0.82545,0.82566,1.50,1.50
2017.08.01 12:32:09.889,0.82545,0.82563,1.50,1.00
2017.08.01 12:32:10.193,0.82549,0.82568,1.00,2.62
2017.08.01 12:32:10.295,0.82547,0.82566,1.50,1.00
2017.08.01 12:32:10.682,0.82547,0.82568,1.50,1.87
2017.08.01 12:32:10.885,0.82547,0.82566,1.00,1.00
2017.08.01 12:32:10.936,0.82547,0.82568,1.00,2.62
2017.08.01 12:32:10.987,0.82546,0.82566,1.00,1.00
2017.08.01 12:32:11.746,0.82545,0.82566,1.87,1.00
2017.08.01 12:32:12.089,0.82547,0.82566,1.50,1.00
2017.08.01 12:32:12.192,0.82547,0.82568,1.50,1.87
2017.08.01 12:32:13.082,0.82548,0.82568,1.00,1.87
2017.08.01 12:32:13.430,0.82547,0.82566,1.00,1.00
2017.08.01 12:32:13.481,0.82544,0.82565,3.00,2.25
2017.08.01 12:32:14.007,0.82544,0.82564,1.00,1.00
2017.08.01 12:32:14.425,0.82546,0.82564,1.00,1.00
2017.08.01 12:32:14.992,0.82544,0.82564,1.00,1.00
2017.08.01 12:32:15.499,0.82543,0.82563,2.62,1.00
2017.08.01 12:32:16.218,0.82544,0.82563,1.00,1.50
2017.08.01 12:32:16.738,0.82542,0.82562,3.00,1.00
2017.08.01 12:32:16.789,0.82542,0.8256,1.50,1.00
2017.08.01 12:32:17.345,0.82542,0.82562,1.00,2.62
2017.08.01 12:32:17.889,0.82543,0.82562,1.00,1.87
2017.08.01 12:32:18.395,0.82541,0.82561,3.00,1.00
2017.08.01 12:32:18.926,0.82542,0.82562,1.50,1.87
2017.08.01 12:32:18.977,0.82542,0.8256,1.00,1.50
2017.08.01 12:32:19.484,0.82543,0.8256,1.50,1.00
2017.08.01 12:32:19.535,0.82544,0.82562,1.00,1.12
2017.08.01 12:32:19.992,0.82542,0.8256,1.00,1.00
2017.08.01 12:32:20.315,0.82538,0.82557,1.00,1.00
2017.08.01 12:32:20.948,0.82537,0.82556,2.62,1.00
2017.08.01 12:32:21.453,0.82538,0.82556,1.00,1.12
2017.08.01 12:32:21.605,0.8254,0.82557,1.00,1.50
2017.08.01 12:32:22.178,0.82542,0.82557,1.00,1.50
2017.08.01 12:32:22.280,0.82542,0.82558,1.50,1.00
2017.08.01 12:32:22.812,0.82541,0.82558,1.50,1.00
2017.08.01 12:32:23.320,0.82542,0.82558,1.50,1.00
2017.08.01 12:32:23.851,0.82543,0.82558,1.00,1.00
2017.08.01 12:32:24.053,0.82543,0.8256,1.00,1.12
2017.08.01 12:32:24.766,0.82542,0.8256,1.50,1.12
2017.08.01 12:32:25.241,0.82544,0.82564,1.00,2.25
2017.08.01 12:32:25.394,0.82543,0.82562,1.00,1.00
2017.08.01 12:32:25.496,0.8254,0.82559,1.00,1.12
2017.08.01 12:32:25.891,0.82541,0.82563,1.87,1.12
2017.08.01 12:32:26.245,0.82543,0.82564,1.00,1.50
2017.08.01 12:32:26.592,0.82545,0.82565,1.50,1.75
2017.08.01 12:32:26.694,0.82545,0.82565,1.12,1.00
2017.08.01 12:32:27.205,0.82545,0.82563,1.12,1.00
2017.08.01 12:32:27.440,0.82543,0.82563,1.50,1.12
2017.08.01 12:32:28.434,0.82542,0.82563,2.62,1.87
2017.08.01 12:32:28.616,0.8254,0.82559,2.25,1.00
2017.08.01 12:32:28.718,0.8254,0.82559,1.00,1.00
2017.08.01 12:32:29.195,0.82542,0.82558,1.00,1.00
2017.08.01 12:32:29.246,0.82542,0.8256,1.50,1.12
2017.08.01 12:32:29.927,0.82541,0.8256,1.00,1.12
2017.08.01 12:32:30.130,0.82539,0.82558,1.00,1.00
2017.08.01 12:32:30.677,0.82539,0.82556,1.00,1.00
2017.08.01 12:32:30.983,0.82541,0.82559,1.00,1.75
2017.08.01 12:32:31.034,0.82541,0.82559,1.00,1.00
2017.08.01 12:32:31.086,0.82539,0.82559,1.50,1.50
2017.08.01 12:32:31.139,0.82541,0.82559,1.00,1.00
2017.08.01 12:32:31.470,0.82537,0.82556,2.25,1.12
2017.08.01 12:32:32.333,0.82538,0.82556,1.00,1.12
2017.08.01 12:32:32.891,0.82536,0.82556,1.00,1.12
2017.08.01 12:32:33.609,0.82537,0.82556,1.50,1.12
2017.08.01 12:32:34.393,0.82536,0.82556,1.00,1.12
2017.08.01 12:32:34.933,0.82537,0.82558,1.00,1.75
2017.08.01 12:32:35.326,0.82541,0.82558,1.00,2.25
2017.08.01 12:32:35.427,0.82542,0.82558,1.00,1.00
2017.08.01 12:32:35.529,0.82543,0.82561,1.00,1.12
2017.08.01 12:32:36.107,0.82543,0.82563,1.87,1.37
2017.08.01 12:32:36.433,0.82543,0.82564,1.87,1.87
2017.08.01 12:32:37.041,0.82544,0.82564,1.00,1.87
2017.08.01 12:32:37.564,0.82543,0.82564,4.12,1.87
2017.08.01 12:32:37.868,0.82545,0.82564,1.00,1.12
2017.08.01 12:32:38.227,0.82543,0.82564,3.37,1.12
2017.08.01 12:32:38.330,0.82545,0.82564,1.00,1.12
2017.08.01 12:32:38.651,0.82548,0.82566,1.00,2.25
2017.08.01 12:32:38.702,0.82546,0.82565,1.00,1.37
2017.08.01 12:32:39.234,0.82545,0.82564,1.12,1.00
2017.08.01 12:32:39.285,0.82542,0.82562,1.75,1.50
2017.08.01 12:32:39.336,0.82542,0.82562,1.00,1.12
2017.08.01 12:32:40.003,0.82543,0.82564,1.00,3.00
2017.08.01 12:32:40.883,0.82542,0.82562,1.00,1.12
2017.08.01 12:32:41.130,0.82545,0.82564,1.00,1.50
2017.08.01 12:32:41.574,0.82543,0.82564,1.87,2.25
2017.08.01 12:32:42.030,0.82543,0.82562,1.12,1.00
2017.08.01 12:32:42.534,0.82543,0.82561,1.00,1.00
2017.08.01 12:32:43.614,0.82544,0.82561,1.00,1.00
2017.08.01 12:32:44.117,0.82544,0.82563,1.00,1.50
2017.08.01 12:32:44.718,0.82545,0.82562,1.00,1.12
2017.08.01 12:32:45.119,0.82543,0.82562,1.50,1.12
2017.08.01 12:32:45.323,0.82542,0.8256,1.00,1.00
2017.08.01 12:32:45.872,0.82541,0.82559,1.00,1.00
2017.08.01 12:32:46.658,0.82541,0.82558,1.50,1.00
2017.08.01 12:32:46.969,0.82537,0.82556,1.00,1.00
2017.08.01 12:32:47.480,0.82536,0.82555,1.12,1.00
2017.08.01 12:32:47.988,0.82535,0.82556,3.00,1.00
2017.08.01 12:32:48.529,0.82536,0.82555,1.12,1.00
2017.08.01 12:32:49.080,0.82535,0.82556,3.00,1.50
2017.08.01 12:32:49.521,0.82538,0.82556,1.00,1.50
2017.08.01 12:32:49.740,0.82536,0.82555,1.12,1.00
2017.08.01 12:32:49.791,0.82536,0.82553,1.12,1.50
2017.08.01 12:32:50.095,0.82534,0.82553,1.00,1.75
2017.08.01 12:32:50.481,0.82534,0.82555,1.50,2.62
2017.08.01 12:32:52.320,0.82534,0.82554,2.25,1.00
2017.08.01 12:32:52.371,0.82536,0.82554,1.00,1.00
2017.08.01 12:32:52.672,0.82533,0.82551,1.12,1.50
2017.08.01 12:32:53.211,0.82531,0.8255,1.75,1.00
2017.08.01 12:32:54.426,0.82531,0.82549,1.75,1.00
2017.08.01 12:32:54.578,0.82531,0.8255,1.00,2.25
2017.08.01 12:32:54.680,0.82531,0.8255,1.12,1.00
2017.08.01 12:32:55.484,0.82531,0.82549,1.00,1.00
2017.08.01 12:32:55.998,0.82531,0.8255,1.00,1.12
2017.08.01 12:32:56.049,0.82533,0.8255,1.00,1.12
2017.08.01 12:32:56.373,0.82533,0.82553,1.50,2.25
2017.08.01 12:32:56.958,0.82534,0.82552,1.00,1.00
2017.08.01 12:32:57.605,0.82534,0.82553,1.50,1.00
2017.08.01 12:32:57.707,0.82537,0.82553,1.00,1.00
2017.08.01 12:32:57.758,0.82537,0.82556,1.00,1.87
2017.08.01 12:32:57.860,0.82537,0.82558,3.00,3.00
2017.08.01 12:32:58.238,0.82539,0.82557,1.00,1.00
2017.08.01 12:32:58.778,0.82539,0.82556,1.00,1.00
2017.08.01 12:32:59.308,0.82537,0.82558,3.00,1.50
2017.08.01 12:32:59.852,0.82538,0.82557,1.12,1.00
2017.08.01 12:33:00.338,0.8254,0.82558,1.00,1.00
2017.08.01 12:33:00.440,0.8254,0.8256,1.50,1.87
2017.08.01 12:33:00.972,0.8254,0.82559,1.00,1.00
2017.08.01 12:33:01.688,0.8254,0.82558,1.00,1.00
2017.08.01 12:33:01.877,0.82541,0.8256,1.00,1.87
2017.08.01 12:33:02.080,0.82537,0.82557,2.25,1.00
2017.08.01 12:33:02.587,0.82539,0.82558,1.50,1.00
2017.08.01 12:33:03.090,0.82539,0.82559,1.00,2.62
2017.08.01 12:33:03.848,0.8254,0.82558,1.00,1.00
2017.08.01 12:33:04.356,0.82541,0.82562,2.25,2.25
2017.08.01 12:33:04.885,0.82541,0.8256,1.12,1.00
2017.08.01 12:33:05.190,0.82539,0.82557,1.00,1.00
2017.08.01 12:33:05.730,0.82538,0.82557,1.87,1.00
2017.08.01 12:33:06.035,0.8254,0.82558,1.00,1.00
2017.08.01 12:33:06.390,0.8254,0.8256,1.00,1.87
2017.08.01 12:33:06.769,0.82538,0.82559,2.62,1.50
2017.08.01 12:33:07.280,0.82538,0.82558,2.62,1.00
2017.08.01 12:33:07.381,0.8254,0.82559,1.00,1.50
2017.08.01 12:33:07.891,0.8254,0.8256,1.50,1.87
2017.08.01 12:33:08.408,0.8254,0.82559,1.50,1.00
2017.08.01 12:33:08.929,0.82541,0.8256,1.00,1.12
2017.08.01 12:33:10.998,0.8254,0.82556,1.50,1.00
2017.08.01 12:33:11.100,0.82537,0.82556,1.12,1.00
2017.08.01 12:33:11.624,0.82537,0.82557,1.50,1.12
2017.08.01 12:33:11.996,0.82539,0.82558,1.00,3.00
2017.08.01 12:33:12.499,0.82539,0.82558,1.00,2.25
2017.08.01 12:33:13.086,0.8254,0.82558,1.00,1.50
2017.08.01 12:33:13.188,0.82541,0.8256,1.00,1.12
2017.08.01 12:33:13.697,0.8254,0.82559,1.50,1.00
2017.08.01 12:33:14.210,0.8254,0.82561,1.00,3.75
2017.08.01 12:33:15.061,0.82541,0.8256,1.00,1.87
2017.08.01 12:33:15.592,0.8254,0.82558,1.00,1.00
2017.08.01 12:33:15.914,0.82541,0.8256,1.00,1.87
2017.08.01 12:33:16.462,0.8254,0.82559,1.50,1.00
2017.08.01 12:33:17.109,0.8254,0.8256,1.00,1.87
2017.08.01 12:33:18.467,0.82541,0.8256,1.00,1.12
2017.08.01 12:33:20.463,0.82542,0.82561,1.00,2.25
2017.08.01 12:33:20.980,0.82541,0.82561,1.50,2.25
2017.08.01 12:33:21.233,0.82544,0.82561,1.00,1.50
2017.08.01 12:33:21.537,0.82546,0.82564,1.00,1.37
2017.08.01 12:33:21.588,0.82546,0.82564,1.00,1.00
2017.08.01 12:33:21.640,0.82546,0.82562,1.00,1.00
2017.08.01 12:33:22.038,0.82548,0.82566,1.00,2.25
2017.08.01 12:33:22.190,0.82549,0.82567,1.00,1.12
2017.08.01 12:33:24.165,0.82551,0.82569,1.00,1.75
2017.08.01 12:33:24.672,0.8255,0.82571,1.00,3.00
2017.08.01 12:33:24.774,0.8255,0.82569,1.12,1.00
2017.08.01 12:33:24.875,0.82552,0.82569,1.00,1.00
2017.08.01 12:33:25.078,0.8255,0.82568,1.12,1.00
2017.08.01 12:33:25.624,0.82548,0.82567,2.25,1.00
2017.08.01 12:33:25.984,0.8255,0.82569,1.12,1.50
2017.08.01 12:33:28.225,0.8255,0.8257,1.87,1.50
2017.08.01 12:33:28.638,0.82549,0.82569,1.12,2.62
2017.08.01 12:33:29.280,0.82548,0.82568,2.25,1.12
2017.08.01 12:33:30.283,0.82549,0.82568,1.00,1.12
2017.08.01 12:33:30.906,0.82548,0.82568,2.25,1.12
2017.08.01 12:33:31.327,0.82551,0.82568,1.00,1.12
2017.08.01 12:33:31.590,0.82549,0.82568,1.00,1.12
2017.08.01 12:33:31.791,0.82548,0.82566,1.50,1.00
2017.08.01 12:33:32.299,0.82547,0.82566,2.62,1.00
2017.08.01 12:33:32.602,0.82552,0.82571,1.00,2.25
2017.08.01 12:33:32.704,0.82552,0.82571,1.00,1.87
2017.08.01 12:33:33.251,0.82551,0.82571,1.50,1.87
2017.08.01 12:33:33.777,0.82552,0.82571,1.50,1.87
2017.08.01 12:33:33.992,0.82555,0.82573,1.00,1.75
2017.08.01 12:33:34.194,0.82555,0.82573,1.12,1.00
2017.08.01 12:33:36.030,0.82555,0.82574,1.12,1.00
2017.08.01 12:33:36.539,0.82555,0.82575,2.62,1.00
2017.08.01 12:33:37.288,0.82555,0.82572,1.12,1.00
2017.08.01 12:33:37.493,0.82552,0.82572,1.50,1.12
2017.08.01 12:33:37.639,0.82554,0.82572,1.00,1.12
2017.08.01 12:33:37.794,0.82554,0.82574,1.00,1.87
2017.08.01 12:33:37.895,0.82554,0.82572,1.00,1.00
2017.08.01 12:33:38.804,0.82554,0.82573,1.00,1.00
2017.08.01 12:33:39.567,0.82555,0.82573,1.00,1.00
2017.08.01 12:33:40.117,0.82554,0.82573,1.00,1.50
2017.08.01 12:33:40.945,0.82555,0.82573,1.00,1.00
2017.08.01 12:33:41.833,0.82558,0.82576,1.00,3.00
2017.08.01 12:33:42.037,0.82558,0.82577,1.00,1.00
2017.08.01 12:33:42.290,0.82557,0.82574,1.12,1.00
2017.08.01 12:33:42.805,0.82556,0.82574,1.00,1.50
2017.08.01 12:33:44.496,0.82556,0.82573,1.12,1.00
2017.08.01 12:33:45.040,0.82556,0.82574,1.12,1.50
2017.08.01 12:33:45.612,0.82559,0.82576,1.00,1.50
2017.08.01 12:33:46.165,0.82558,0.82575,1.00,1.00
2017.08.01 12:33:46.965,0.82559,0.82575,1.00,1.00
2017.08.01 12:33:47.130,0.82557,0.82575,2.25,1.00
2017.08.01 12:33:47.678,0.82558,0.82576,1.50,1.00
2017.08.01 12:33:48.220,0.82558,0.82577,1.50,1.12
2017.08.01 12:33:49.008,0.82559,0.82577,1.00,1.12
2017.08.01 12:33:49.514,0.82558,0.82576,1.00,1.00
2017.08.01 12:33:50.051,0.82557,0.82574,1.50,1.50
2017.08.01 12:33:50.152,0.82555,0.82573,1.12,1.00
2017.08.01 12:33:50.347,0.82554,0.82571,1.00,1.00
2017.08.01 12:33:50.509,0.82552,0.82571,1.50,1.12
2017.08.01 12:33:51.030,0.82552,0.8257,1.00,1.00
2017.08.01 12:33:51.572,0.82552,0.82569,1.00,1.00
2017.08.01 12:33:51.774,0.82552,0.82571,1.00,1.87
2017.08.01 12:33:51.825,0.8255,0.82571,2.62,1.87
2017.08.01 12:33:52.024,0.8255,0.82569,2.62,1.00
2017.08.01 12:33:52.830,0.8255,0.82571,2.62,1.87
2017.08.01 12:33:53.379,0.82551,0.82571,1.00,1.87
2017.08.01 12:33:54.338,0.8255,0.8257,2.62,1.00
2017.08.01 12:33:54.945,0.82551,0.82569,1.00,1.00
2017.08.01 12:33:55.831,0.82552,0.8257,1.00,1.00
2017.08.01 12:33:57.070,0.82551,0.82569,1.00,1.00
2017.08.01 12:33:57.546,0.82552,0.82571,1.00,1.87
2017.08.01 12:33:57.647,0.82554,0.82573,1.00,1.75
2017.08.01 12:33:57.749,0.82554,0.82573,1.00,1.00
2017.08.01 12:33:58.569,0.82554,0.82572,1.00,1.00
2017.08.01 12:33:58.671,0.82556,0.82574,1.00,1.50
2017.08.01 12:33:59.050,0.82558,0.82575,1.00,1.12
2017.08.01 12:33:59.557,0.82559,0.82577,1.00,2.62
2017.08.01 12:34:00.673,0.82558,0.82576,1.00,1.00
2017.08.01 12:34:01.203,0.82557,0.82577,1.50,1.87
2017.08.01 12:34:01.304,0.82557,0.82575,1.00,1.00
2017.08.01 12:34:01.937,0.82558,0.82576,1.00,1.00
2017.08.01 12:34:02.241,0.8256,0.82578,1.50,1.00
2017.08.01 12:34:02.292,0.8256,0.8258,1.50,1.87
2017.08.01 12:34:04.091,0.82561,0.8258,1.00,1.87
2017.08.01 12:34:04.633,0.8256,0.82578,1.50,1.00
2017.08.01 12:34:04.938,0.82555,0.82573,2.62,1.00
2017.08.01 12:34:05.478,0.82555,0.82573,1.00,1.00
2017.08.01 12:34:05.990,0.82556,0.82573,1.00,1.00
2017.08.01 12:34:06.491,0.82555,0.82573,1.00,1.50
2017.08.01 12:34:08.045,0.82556,0.82573,1.00,1.00
2017.08.01 12:34:09.592,0.82557,0.82573,1.00,1.50
2017.08.01 12:34:09.643,0.82555,0.82573,1.00,1.50
2017.08.01 12:34:10.130,0.82557,0.82573,1.00,1.50
2017.08.01 12:34:10.231,0.82555,0.82573,1.00,1.50
2017.08.01 12:34:10.734,0.82556,0.82572,1.00,1.00
2017.08.01 12:34:11.268,0.82556,0.82573,1.00,1.50
2017.08.01 12:34:12.142,0.82554,0.8257,1.12,1.00
2017.08.01 12:34:12.395,0.82541,0.82558,1.00,1.00
2017.08.01 12:34:13.538,0.82541,0.82557,1.00,1.00
2017.08.01 12:34:14.105,0.82541,0.82558,1.00,1.50
2017.08.01 12:34:14.360,0.82541,0.8256,1.50,1.00
2017.08.01 12:34:14.568,0.82542,0.82558,1.00,1.00
2017.08.01 12:34:14.949,0.82544,0.8256,1.00,1.00
2017.08.01 12:34:15.831,0.82544,0.82562,1.00,2.25
2017.08.01 12:34:16.379,0.82544,0.82561,1.00,1.00
2017.08.01 12:34:17.243,0.82544,0.82562,1.00,2.25
2017.08.01 12:34:17.295,0.82544,0.8256,1.00,1.00
2017.08.01 12:34:19.254,0.82545,0.82561,1.00,1.50
2017.08.01 12:34:20.549,0.82546,0.82562,1.00,1.00
2017.08.01 12:34:20.600,0.82547,0.82564,1.00,1.12
2017.08.01 12:34:20.702,0.82546,0.82562,1.50,1.00
2017.08.01 12:34:20.946,0.82547,0.82564,1.00,1.00
2017.08.01 12:34:21.555,0.82548,0.82564,1.00,1.00
2017.08.01 12:34:22.940,0.82547,0.82564,1.00,1.00
2017.08.01 12:34:23.872,0.82548,0.82564,1.00,1.00
2017.08.01 12:34:24.395,0.82548,0.82565,1.50,1.00
2017.08.01 12:34:24.954,0.82549,0.82567,1.00,1.50
2017.08.01 12:34:29.931,0.8255,0.82567,1.00,1.00
2017.08.01 12:34:30.387,0.82551,0.82569,1.00,1.87
2017.08.01 12:34:31.182,0.82552,0.82569,1.50,1.00
2017.08.01 12:34:31.981,0.82552,0.82568,1.00,1.00
2017.08.01 12:34:32.488,0.82551,0.82569,1.00,1.50
2017.08.01 12:34:32.672,0.82552,0.82567,1.00,1.00
2017.08.01 12:34:32.724,0.82549,0.82566,2.25,1.00
2017.08.01 12:34:33.185,0.8255,0.82568,1.00,2.25
2017.08.01 12:34:33.687,0.82551,0.82568,1.00,1.50
2017.08.01 12:34:35.247,0.8255,0.82566,1.00,1.00
2017.08.01 12:34:36.712,0.8255,0.82567,1.50,1.00
2017.08.01 12:34:37.989,0.82551,0.82568,1.00,1.00
2017.08.01 12:34:38.527,0.8255,0.82567,1.50,1.00
2017.08.01 12:34:39.477,0.8255,0.82568,1.00,1.50
2017.08.01 12:34:39.982,0.8255,0.82567,1.00,1.50
2017.08.01 12:34:40.508,0.82549,0.82566,1.00,1.50
2017.08.01 12:34:41.491,0.8255,0.82567,1.00,1.50
2017.08.01 12:34:42.389,0.82551,0.82567,1.00,1.00
2017.08.01 12:34:42.490,0.82552,0.82569,1.00,2.25
2017.08.01 12:34:42.799,0.8255,0.82567,1.50,1.00
2017.08.01 12:34:43.317,0.82551,0.82568,1.50,1.00
2017.08.01 12:34:43.877,0.82551,0.82567,1.00,1.00
2017.08.01 12:34:44.480,0.82551,0.82568,1.50,1.00
2017.08.01 12:34:46.242,0.82551,0.82567,1.00,1.00
2017.08.01 12:34:46.518,0.82551,0.82569,1.00,2.25
2017.08.01 12:34:47.026,0.82553,0.8257,1.00,1.37
2017.08.01 12:34:47.532,0.82553,0.8257,1.00,1.00
2017.08.01 12:34:48.076,0.82552,0.8257,1.50,1.00
2017.08.01 12:34:48.381,0.82554,0.8257,1.00,1.00
2017.08.01 12:34:48.888,0.82553,0.82571,1.00,1.00
2017.08.01 12:34:49.402,0.82553,0.8257,1.00,1.00
2017.08.01 12:34:49.503,0.82553,0.82572,1.00,1.50
2017.08.01 12:34:49.554,0.82553,0.8257,1.00,1.00
2017.08.01 12:34:49.860,0.82556,0.82573,1.00,1.12
2017.08.01 12:34:50.375,0.82557,0.82573,1.00,1.00
2017.08.01 12:34:51.543,0.82557,0.82574,1.00,1.87
2017.08.01 12:34:52.074,0.82556,0.82573,1.00,1.00
2017.08.01 12:34:52.666,0.82557,0.82574,1.00,1.12
2017.08.01 12:34:53.181,0.82556,0.82574,1.00,1.12
2017.08.01 12:34:53.706,0.82557,0.82575,1.00,2.25
2017.08.01 12:34:54.974,0.82557,0.82573,1.00,1.00
2017.08.01 12:34:55.278,0.82557,0.82569,1.00,1.00
2017.08.01 12:34:55.329,0.82553,0.82569,1.12,1.00
2017.08.01 12:34:55.601,0.82555,0.82573,1.00,3.00
2017.08.01 12:34:55.702,0.82555,0.82573,1.00,1.87
2017.08.01 12:34:56.006,0.82554,0.82571,1.00,1.00
2017.08.01 12:34:56.512,0.82553,0.8257,1.00,1.50
2017.08.01 12:34:56.613,0.82551,0.8257,1.50,2.25
2017.08.01 12:34:56.765,0.8255,0.82568,1.00,1.50
2017.08.01 12:34:57.036,0.82548,0.82567,1.00,1.00
2017.08.01 12:34:57.210,0.8255,0.82566,1.00,1.00
2017.08.01 12:34:57.730,0.82549,0.82566,1.00,1.00
2017.08.01 12:34:58.135,0.82549,0.82568,1.00,1.87
2017.08.01 12:34:58.671,0.8255,0.82568,1.50,1.87
2017.08.01 12:34:59.807,0.82551,0.82568,1.00,1.87
2017.08.01 12:35:01.047,0.82551,0.82567,1.00,1.00
2017.08.01 12:35:01.557,0.82552,0.82568,1.00,1.87
2017.08.01 12:35:02.253,0.82551,0.8257,1.00,3.00
2017.08.01 12:35:02.676,0.82553,0.8257,1.00,2.25
2017.08.01 12:35:02.778,0.82552,0.8257,1.00,1.00
2017.08.01 12:35:04.223,0.82552,0.82567,1.00,1.00
2017.08.01 12:35:04.729,0.82553,0.82569,1.00,1.50
2017.08.01 12:35:04.881,0.82553,0.8257,1.00,1.00
2017.08.01 12:35:05.930,0.82553,0.82571,1.00,1.87
2017.08.01 12:35:06.459,0.82553,0.8257,1.00,1.50
2017.08.01 12:35:07.034,0.82552,0.8257,1.00,1.00
2017.08.01 12:35:07.540,0.82553,0.8257,1.00,1.00
2017.08.01 12:35:08.151,0.82554,0.8257,1.00,1.00
2017.08.01 12:35:08.739,0.82553,0.8257,1.00,1.00
2017.08.01 12:35:09.280,0.82554,0.8257,1.00,1.00
2017.08.01 12:35:09.784,0.82553,0.8257,1.00,1.00
2017.08.01 12:35:10.561,0.82554,0.82571,1.00,1.12
2017.08.01 12:35:11.090,0.82554,0.8257,1.00,1.00
2017.08.01 12:35:11.603,0.82554,0.82571,1.50,1.12
2017.08.01 12:35:14.438,0.82553,0.8257,1.50,1.00
2017.08.01 12:35:15.026,0.82554,0.82571,1.00,1.12
2017.08.01 12:35:15.536,0.82554,0.8257,1.00,1.00
2017.08.01 12:35:16.043,0.82552,0.82571,1.87,1.50
2017.08.01 12:35:16.659,0.82553,0.8257,1.00,1.00
2017.08.01 12:35:17.522,0.82552,0.82571,1.87,1.50
2017.08.01 12:35:18.046,0.82553,0.82571,1.00,1.00
2017.08.01 12:35:18.579,0.82553,0.8257,1.00,1.00
2017.08.01 12:35:18.993,0.82553,0.82572,1.00,1.50
2017.08.01 12:35:19.521,0.82554,0.82571,1.00,1.00
2017.08.01 12:35:20.033,0.82554,0.82572,1.00,1.50
2017.08.01 12:35:21.260,0.82553,0.82572,1.50,2.25
2017.08.01 12:35:21.795,0.82554,0.82572,1.00,1.50
2017.08.01 12:35:22.436,0.82553,0.82572,1.50,2.25
2017.08.01 12:35:23.601,0.82553,0.82571,1.00,1.00
2017.08.01 12:35:24.142,0.82551,0.82571,1.87,2.25
2017.08.01 12:35:24.395,0.82551,0.82569,1.87,1.00
2017.08.01 12:35:24.902,0.82551,0.82569,1.50,1.12
2017.08.01 12:35:25.569,0.82549,0.82569,1.50,1.87
2017.08.01 12:35:26.139,0.8255,0.82569,1.00,1.87
2017.08.01 12:35:26.850,0.82551,0.82569,1.00,1.87
2017.08.01 12:35:27.580,0.8255,0.82569,1.00,2.62
2017.08.01 12:35:28.191,0.8255,0.82568,1.00,1.00
2017.08.01 12:35:28.722,0.82549,0.82567,1.00,1.00
2017.08.01 12:35:29.529,0.82549,0.82566,1.00,1.00
2017.08.01 12:35:30.044,0.82548,0.82566,1.50,1.00
2017.08.01 12:35:30.564,0.82547,0.82565,1.12,1.00
2017.08.01 12:35:31.069,0.82547,0.82566,1.50,2.62
2017.08.01 12:35:31.693,0.82548,0.82566,1.00,1.87
2017.08.01 12:35:35.558,0.82548,0.82565,1.00,1.00
2017.08.01 12:35:36.080,0.82548,0.82567,1.50,1.50
2017.08.01 12:35:36.282,0.8255,0.82568,1.00,1.75
2017.08.01 12:35:36.825,0.82549,0.82568,1.50,3.00
2017.08.01 12:35:37.560,0.82549,0.82568,1.50,2.25
2017.08.01 12:35:38.072,0.82548,0.82567,1.00,1.50
2017.08.01 12:35:39.990,0.82548,0.82566,1.00,1.00
2017.08.01 12:35:40.513,0.82547,0.82565,1.87,1.00
2017.08.01 12:35:41.029,0.82546,0.82565,1.00,1.87
2017.08.01 12:35:41.552,0.82546,0.82564,1.00,1.00
2017.08.01 12:35:42.942,0.82545,0.82564,1.50,1.00
2017.08.01 12:35:43.094,0.82545,0.82562,1.00,1.00
2017.08.01 12:35:44.072,0.82545,0.82563,1.00,1.50
2017.08.01 12:35:44.661,0.82545,0.82562,1.00,1.00
2017.08.01 12:35:45.535,0.82546,0.82562,1.00,1.00
2017.08.01 12:35:46.114,0.82546,0.82563,1.00,1.00
2017.08.01 12:35:46.839,0.82547,0.82563,1.00,1.00
2017.08.01 12:35:47.491,0.82546,0.82563,1.00,1.50
2017.08.01 12:35:49.589,0.82546,0.82564,1.00,1.00
2017.08.01 12:35:50.474,0.82545,0.82563,1.50,1.00
2017.08.01 12:35:50.796,0.82547,0.82563,1.00,1.00
2017.08.01 12:35:51.474,0.82546,0.82563,1.00,1.50
2017.08.01 12:35:52.485,0.82545,0.82563,1.50,1.00
2017.08.01 12:35:53.518,0.82546,0.82564,1.00,1.50
2017.08.01 12:35:53.822,0.82549,0.82566,1.00,3.00
2017.08.01 12:35:55.537,0.82549,0.82566,1.00,1.00
2017.08.01 12:35:55.842,0.82552,0.82569,1.00,2.25
2017.08.01 12:35:57.548,0.82553,0.8257,1.00,2.25
2017.08.01 12:35:57.903,0.82549,0.82567,1.50,1.00
2017.08.01 12:35:58.409,0.82549,0.82566,1.00,1.50
2017.08.01 12:35:58.980,0.82548,0.82566,1.00,1.00
2017.08.01 12:36:00.419,0.82549,0.82566,1.00,1.00
2017.08.01 12:36:00.925,0.82548,0.82567,1.00,1.87
2017.08.01 12:36:01.431,0.82547,0.82565,1.50,1.00
2017.08.01 12:36:01.777,0.82549,0.82567,1.50,1.12
2017.08.01 12:36:02.342,0.8255,0.82568,1.00,2.25
2017.08.01 12:36:02.494,0.8255,0.82569,1.50,1.00
2017.08.01 12:36:03.044,0.82551,0.8257,1.00,1.50
2017.08.01 12:36:04.196,0.82551,0.82569,1.00,1.00
2017.08.01 12:36:04.533,0.8255,0.82567,1.00,1.00
2017.08.01 12:36:05.022,0.8255,0.82569,1.00,1.00
2017.08.01 12:36:05.621,0.82549,0.82569,1.12,1.50
2017.08.01 12:36:06.019,0.82552,0.8257,1.00,1.00
2017.08.01 12:36:06.604,0.82551,0.8257,1.50,1.00
2017.08.01 12:36:06.925,0.82551,0.82568,1.00,1.00
2017.08.01 12:36:07.450,0.82552,0.82568,1.00,1.00
2017.08.01 12:36:07.888,0.82553,0.82571,1.00,1.87
2017.08.01 12:36:08.394,0.82552,0.8257,1.00,1.00
2017.08.01 12:36:09.400,0.82554,0.8257,1.00,1.00
2017.08.01 12:36:09.553,0.82554,0.82573,2.25,1.12
2017.08.01 12:36:10.083,0.82555,0.82573,1.50,1.12
2017.08.01 12:36:10.585,0.82553,0.82572,1.00,1.00
2017.08.01 12:36:11.095,0.82553,0.82571,1.00,1.00
2017.08.01 12:36:11.608,0.82552,0.82571,3.37,1.50
2017.08.01 12:36:11.844,0.82554,0.82571,1.00,1.00
2017.08.01 12:36:12.377,0.82554,0.82572,1.00,1.00
2017.08.01 12:36:12.895,0.82555,0.82572,1.00,1.00
2017.08.01 12:36:12.946,0.82553,0.82572,2.25,1.00
2017.08.01 12:36:13.357,0.82555,0.82572,1.00,1.00
2017.08.01 12:36:13.560,0.82553,0.82572,3.00,1.00
2017.08.01 12:36:16.193,0.82554,0.82572,1.00,1.00
2017.08.01 12:36:16.710,0.82555,0.82573,1.00,1.12
2017.08.01 12:36:17.259,0.82556,0.82573,1.00,1.12
2017.08.01 12:36:18.666,0.82555,0.82574,1.50,2.25
2017.08.01 12:36:19.196,0.82556,0.82574,1.00,1.50
2017.08.01 12:36:19.918,0.82555,0.82574,1.00,2.25
2017.08.01 12:36:20.796,0.82557,0.82574,1.00,1.50
2017.08.01 12:36:20.898,0.82558,0.82575,1.00,1.50
2017.08.01 12:36:21.033,0.8256,0.82578,1.00,3.00
2017.08.01 12:36:21.186,0.82561,0.82578,1.50,1.00
2017.08.01 12:36:21.692,0.8256,0.82578,1.00,1.00
2017.08.01 12:36:22.213,0.82559,0.82578,1.00,2.25
2017.08.01 12:36:22.722,0.82558,0.82577,1.00,1.50
2017.08.01 12:36:23.258,0.82556,0.82574,2.25,1.00
2017.08.01 12:36:23.797,0.82556,0.82574,1.00,1.00
2017.08.01 12:36:24.333,0.82555,0.82574,1.50,1.00
2017.08.01 12:36:24.637,0.82557,0.82576,1.00,2.25
2017.08.01 12:36:25.173,0.82555,0.82574,1.50,1.00
2017.08.01 12:36:25.712,0.82554,0.82574,1.50,1.00
2017.08.01 12:36:26.292,0.82555,0.82574,1.00,1.00
2017.08.01 12:36:26.979,0.82555,0.82575,1.00,2.62
2017.08.01 12:36:27.490,0.82555,0.82574,1.00,1.00
2017.08.01 12:36:27.993,0.82554,0.82574,1.00,1.00
2017.08.01 12:36:29.704,0.82555,0.82574,1.00,1.50
2017.08.01 12:36:30.029,0.82557,0.82574,1.00,1.00
2017.08.01 12:36:30.080,0.82557,0.82576,1.00,1.00
2017.08.01 12:36:30.582,0.82557,0.82575,1.00,1.00
2017.08.01 12:36:31.736,0.82558,0.82575,1.00,1.00
2017.08.01 12:36:32.472,0.82558,0.82574,1.00,1.00
2017.08.01 12:36:32.995,0.82558,0.82575,1.00,1.12
2017.08.01 12:36:33.521,0.82557,0.82576,1.00,1.50
2017.08.01 12:36:34.204,0.82558,0.82575,1.00,1.12
2017.08.01 12:36:35.638,0.82556,0.82574,1.50,1.00
2017.08.01 12:36:35.867,0.82554,0.82573,2.62,1.00
2017.08.01 12:36:35.969,0.82556,0.82573,1.00,1.00
2017.08.01 12:36:36.070,0.82554,0.82573,4.12,1.00
2017.08.01 12:36:36.273,0.82556,0.82575,1.00,1.12
2017.08.01 12:36:36.857,0.82557,0.82575,1.50,1.12
2017.08.01 12:36:38.385,0.82558,0.82575,1.00,1.12
2017.08.01 12:36:39.392,0.8256,0.82575,1.00,1.12
2017.08.01 12:36:39.443,0.82557,0.82579,1.50,1.75
2017.08.01 12:36:41.644,0.82558,0.82575,1.00,1.12
2017.08.01 12:36:41.847,0.82559,0.82578,1.00,1.00
2017.08.01 12:36:42.285,0.82557,0.82576,2.25,1.00
2017.08.01 12:36:42.549,0.82554,0.82574,1.87,1.00
2017.08.01 12:36:43.146,0.82556,0.82574,1.00,1.00
2017.08.01 12:36:43.248,0.82556,0.82576,1.00,3.00
2017.08.01 12:36:43.783,0.82556,0.82575,1.00,1.00
2017.08.01 12:36:43.986,0.82556,0.82573,1.00,1.00
2017.08.01 12:36:45.183,0.82555,0.82573,1.50,1.12
2017.08.01 12:36:47.598,0.82557,0.82573,1.00,1.12
2017.08.01 12:36:48.581,0.82556,0.82573,1.00,1.12
2017.08.01 12:36:49.364,0.82556,0.82571,1.00,1.00
2017.08.01 12:36:50.551,0.82557,0.82571,1.00,1.12
2017.08.01 12:36:53.240,0.82556,0.82571,1.00,1.12
2017.08.01 12:36:53.815,0.82555,0.82571,1.00,1.12
2017.08.01 12:36:54.935,0.82555,0.82573,1.00,1.87
2017.08.01 12:36:55.650,0.82556,0.82574,1.00,2.25
2017.08.01 12:36:56.185,0.82557,0.82573,1.00,1.12
2017.08.01 12:36:58.826,0.82556,0.82574,1.00,2.25
2017.08.01 12:36:59.934,0.82557,0.82573,1.00,1.12
2017.08.01 12:37:00.897,0.82557,0.82572,1.00,1.00
2017.08.01 12:37:01.902,0.82557,0.82573,1.50,1.00
2017.08.01 12:37:02.441,0.82557,0.82572,1.00,1.00
2017.08.01 12:37:03.362,0.82557,0.82573,1.00,1.00
2017.08.01 12:37:03.905,0.82556,0.82574,1.00,2.25
2017.08.01 12:37:06.251,0.82556,0.82572,1.00,1.00
2017.08.01 12:37:06.762,0.82556,0.82571,1.00,1.00
2017.08.01 12:37:07.241,0.82553,0.82569,1.50,1.00
2017.08.01 12:37:07.393,0.82553,0.82571,1.00,1.00
2017.08.01 12:37:07.444,0.82555,0.82572,1.00,1.50
2017.08.01 12:37:08.007,0.82556,0.82572,1.00,1.00
2017.08.01 12:37:09.008,0.82556,0.82571,1.00,1.00
2017.08.01 12:37:13.352,0.82555,0.82573,1.00,1.50
2017.08.01 12:37:13.930,0.82557,0.82572,1.00,1.00
2017.08.01 12:37:14.883,0.82557,0.82573,1.00,1.50
2017.08.01 12:37:15.339,0.82559,0.82575,1.00,1.00
2017.08.01 12:37:15.643,0.82557,0.82572,1.00,1.00
2017.08.01 12:37:15.846,0.82552,0.82568,1.00,1.00
2017.08.01 12:37:16.385,0.82551,0.82568,1.00,1.00
2017.08.01 12:37:16.841,0.8255,0.82566,1.00,1.00
2017.08.01 12:37:17.500,0.82551,0.82566,1.00,1.00
2017.08.01 12:37:18.530,0.8255,0.82566,1.00,1.00
2017.08.01 12:37:20.065,0.82552,0.82567,1.00,1.00
2017.08.01 12:37:20.600,0.82552,0.82568,1.00,1.00
2017.08.01 12:37:21.107,0.82553,0.82568,1.00,1.00
2017.08.01 12:37:22.391,0.82552,0.82568,1.50,1.00
2017.08.01 12:37:23.289,0.82551,0.82569,1.00,1.12
2017.08.01 12:37:23.596,0.82553,0.82568,1.00,1.00
2017.08.01 12:37:24.116,0.82553,0.82567,1.00,1.00
2017.08.01 12:37:24.648,0.82552,0.82567,1.00,1.50
2017.08.01 12:37:25.732,0.8255,0.82565,1.00,1.00
2017.08.01 12:37:25.833,0.82548,0.82565,1.87,1.00
2017.08.01 12:37:26.354,0.82548,0.82564,1.87,1.00
2017.08.01 12:37:26.954,0.82547,0.82564,1.50,1.00
2017.08.01 12:37:27.472,0.82548,0.82563,1.00,1.00
2017.08.01 12:37:28.868,0.82549,0.82564,1.00,1.00
2017.08.01 12:37:29.637,0.82549,0.82565,1.50,1.50
2017.08.01 12:37:30.199,0.8255,0.82565,1.00,1.00
2017.08.01 12:37:30.739,0.82551,0.82566,1.00,1.00
2017.08.01 12:37:34.952,0.82551,0.82568,1.00,1.00
2017.08.01 12:37:35.003,0.82553,0.82568,1.00,1.00
2017.08.01 12:37:35.332,0.82555,0.8257,1.00,1.00
2017.08.01 12:37:36.184,0.82554,0.82569,1.00,1.00
2017.08.01 12:37:36.697,0.82553,0.82568,1.00,1.00
2017.08.01 12:37:36.958,0.82553,0.8257,1.00,1.87
2017.08.01 12:37:37.673,0.82553,0.82568,1.00,1.00
2017.08.01 12:37:37.724,0.82553,0.8257,1.00,1.87
2017.08.01 12:37:38.102,0.82553,0.82568,1.00,1.00
2017.08.01 12:37:38.153,0.82553,0.8257,1.00,1.87
2017.08.01 12:37:38.266,0.82553,0.82568,1.00,1.00
2017.08.01 12:37:38.782,0.82552,0.82567,1.00,1.00
2017.08.01 12:37:39.510,0.82551,0.82566,1.50,1.00
2017.08.01 12:37:40.025,0.82552,0.82567,1.00,1.00
2017.08.01 12:37:40.547,0.82551,0.82567,1.00,1.00
2017.08.01 12:37:41.043,0.8255,0.82564,1.00,1.00
2017.08.01 12:37:41.582,0.82549,0.82564,1.00,1.00
2017.08.01 12:37:42.720,0.82548,0.82563,1.50,1.00
2017.08.01 12:37:44.250,0.82549,0.82564,1.00,1.00
2017.08.01 12:37:44.571,0.82551,0.82566,1.00,2.25
2017.08.01 12:37:44.724,0.8255,0.82567,1.50,1.12
2017.08.01 12:37:45.207,0.82552,0.82569,1.00,1.75
2017.08.01 12:37:45.359,0.82552,0.82569,1.00,1.00
2017.08.01 12:37:45.901,0.82551,0.82568,1.50,1.00
2017.08.01 12:37:46.768,0.82551,0.82567,1.00,1.00
2017.08.01 12:37:47.313,0.8255,0.82566,1.00,1.00
2017.08.01 12:37:47.741,0.8255,0.82564,1.00,1.00
2017.08.01 12:37:49.456,0.82548,0.82565,1.50,1.50
2017.08.01 12:37:50.000,0.82549,0.82565,1.00,1.50
2017.08.01 12:37:51.183,0.82549,0.82563,1.00,1.00
2017.08.01 12:37:51.285,0.82547,0.82562,1.50,1.00
2017.08.01 12:37:51.488,0.82546,0.8256,1.50,1.00
2017.08.01 12:37:51.539,0.82546,0.82563,1.00,1.50
2017.08.01 12:37:51.590,0.82545,0.82561,1.50,1.00
2017.08.01 12:37:51.891,0.82547,0.82563,1.00,1.50
2017.08.01 12:37:52.582,0.82546,0.82562,1.50,1.00
2017.08.01 12:37:53.350,0.82546,0.82563,1.00,1.50
2017.08.01 12:37:53.655,0.82551,0.82565,1.50,1.50
2017.08.01 12:37:53.757,0.82551,0.82567,1.50,1.00
2017.08.01 12:37:54.349,0.82551,0.82568,1.00,1.87
2017.08.01 12:37:55.691,0.82551,0.82567,1.00,1.00
2017.08.01 12:37:56.215,0.8255,0.82566,1.00,1.00
2017.08.01 12:37:56.760,0.8255,0.82567,1.00,1.00
2017.08.01 12:37:57.267,0.8255,0.82566,1.00,1.87
2017.08.01 12:37:57.811,0.82549,0.82565,1.00,1.00
2017.08.01 12:37:58.064,0.82551,0.82566,1.00,1.00
2017.08.01 12:37:58.636,0.8255,0.82566,1.00,1.00
2017.08.01 12:37:59.222,0.8255,0.82565,1.00,1.00
2017.08.01 12:37:59.273,0.82548,0.82564,1.00,1.00
2017.08.01 12:37:59.324,0.82548,0.82566,1.00,1.00
2017.08.01 12:37:59.732,0.8255,0.82567,1.00,1.00
2017.08.01 12:38:00.593,0.82551,0.82568,1.00,1.87
2017.08.01 12:38:01.231,0.8255,0.82566,1.00,1.00
2017.08.01 12:38:01.536,0.82549,0.82568,1.50,1.12
2017.08.01 12:38:01.587,0.82551,0.82569,1.50,1.50
2017.08.01 12:38:02.309,0.82549,0.82567,1.00,1.00
2017.08.01 12:38:02.854,0.82547,0.82562,1.12,1.00
2017.08.01 12:38:03.006,0.82545,0.82562,1.00,1.50
2017.08.01 12:38:03.161,0.82543,0.8256,1.00,1.00
2017.08.01 12:38:05.158,0.82545,0.82561,1.00,1.00
2017.08.01 12:38:05.736,0.82545,0.82562,1.00,1.50
2017.08.01 12:38:08.373,0.82545,0.82563,1.00,1.50
2017.08.01 12:38:08.989,0.82545,0.82562,1.00,1.00
2017.08.01 12:38:09.394,0.82544,0.8256,1.00,1.00
2017.08.01 12:38:10.167,0.82546,0.82562,1.00,1.00
2017.08.01 12:38:10.682,0.82545,0.82561,1.00,1.00
2017.08.01 12:38:12.549,0.82544,0.8256,1.00,1.00
2017.08.01 12:38:13.379,0.82542,0.82561,1.87,1.50
2017.08.01 12:38:13.532,0.82542,0.82558,1.00,1.00
2017.08.01 12:38:14.542,0.82542,0.82559,1.00,1.00
2017.08.01 12:38:15.044,0.82543,0.82558,1.00,1.00
2017.08.01 12:38:16.663,0.82544,0.82559,1.00,1.12
2017.08.01 12:38:17.773,0.82543,0.82558,1.00,1.00
2017.08.01 12:38:18.302,0.82545,0.8256,1.00,1.50
2017.08.01 12:38:18.808,0.82545,0.8256,1.00,1.00
2017.08.01 12:38:18.921,0.82541,0.82558,1.50,1.00
2017.08.01 12:38:19.175,0.82541,0.82556,1.00,1.00
2017.08.01 12:38:21.332,0.82542,0.82556,1.00,1.00
2017.08.01 12:38:21.773,0.8254,0.82557,1.00,1.00
2017.08.01 12:38:21.925,0.82542,0.82556,1.00,1.00
2017.08.01 12:38:22.421,0.82539,0.82554,1.00,1.00
2017.08.01 12:38:23.500,0.82538,0.82553,1.00,1.00
2017.08.01 12:38:25.040,0.82537,0.82552,1.00,1.00
2017.08.01 12:38:26.030,0.82538,0.82552,1.00,1.00
2017.08.01 12:38:26.591,0.82537,0.82552,1.00,1.00
2017.08.01 12:38:27.170,0.82536,0.82551,1.50,1.00
2017.08.01 12:38:27.293,0.82538,0.82554,1.00,1.00
2017.08.01 12:38:28.692,0.82537,0.82553,1.00,1.00
2017.08.01 12:38:29.693,0.82536,0.82551,1.00,1.00
2017.08.01 12:38:30.030,0.82539,0.82554,1.00,1.00
2017.08.01 12:38:31.104,0.8254,0.82555,1.00,1.87
2017.08.01 12:38:31.402,0.82538,0.82554,1.50,1.00
2017.08.01 12:38:31.957,0.8254,0.82555,1.00,1.87
2017.08.01 12:38:32.289,0.82543,0.82559,1.00,1.87
2017.08.01 12:38:32.611,0.82541,0.82557,1.00,1.00
2017.08.01 12:38:33.195,0.82542,0.82558,1.00,1.00
2017.08.01 12:38:35.060,0.8254,0.82556,1.00,1.00
2017.08.01 12:38:35.414,0.82539,0.82554,1.00,1.00
2017.08.01 12:38:35.924,0.82538,0.82554,1.00,1.00
2017.08.01 12:38:36.380,0.82536,0.82553,1.50,1.00
2017.08.01 12:38:37.196,0.82536,0.82552,1.00,1.00
2017.08.01 12:38:37.772,0.82537,0.82553,1.00,1.00
2017.08.01 12:38:38.465,0.82538,0.82554,1.00,1.12
2017.08.01 12:38:38.819,0.8254,0.82554,1.00,1.00
2017.08.01 12:38:38.870,0.82537,0.82556,1.50,1.50
2017.08.01 12:38:39.170,0.82537,0.82554,1.50,1.00
2017.08.01 12:38:39.904,0.82537,0.82553,1.00,1.00
2017.08.01 12:38:40.437,0.82535,0.82552,1.87,1.00
2017.08.01 12:38:41.395,0.82535,0.82551,1.12,1.00
2017.08.01 12:38:41.704,0.82533,0.82549,1.00,1.00
2017.08.01 12:38:42.210,0.82532,0.82548,1.00,1.00
2017.08.01 12:38:42.730,0.82531,0.82548,1.50,1.87
2017.08.01 12:38:43.355,0.8253,0.82547,1.00,1.00
2017.08.01 12:38:43.659,0.82532,0.82548,1.00,1.12
2017.08.01 12:38:43.983,0.82534,0.82549,1.00,2.25
2017.08.01 12:38:46.112,0.82536,0.8255,1.00,1.75
2017.08.01 12:38:46.316,0.82536,0.82554,1.00,1.50
2017.08.01 12:38:46.643,0.82535,0.82551,1.00,1.00
2017.08.01 12:38:47.135,0.82533,0.8255,1.00,1.00
2017.08.01 12:38:47.236,0.82532,0.82547,1.12,1.00
2017.08.01 12:38:47.415,0.82529,0.82546,1.00,1.00
2017.08.01 12:38:47.669,0.82533,0.82549,1.00,1.12
2017.08.01 12:38:48.661,0.82538,0.8255,1.00,1.50
2017.08.01 12:38:48.813,0.82539,0.82555,1.00,2.25
2017.08.01 12:38:48.915,0.82539,0.82555,1.00,1.87
2017.08.01 12:38:49.814,0.82538,0.82555,1.50,1.12
2017.08.01 12:38:51.550,0.82538,0.82554,1.50,1.00
2017.08.01 12:38:52.161,0.82539,0.82555,1.00,1.87
2017.08.01 12:38:52.649,0.82537,0.82553,1.50,1.00
2017.08.01 12:38:52.954,0.82534,0.82551,1.12,1.50
2017.08.01 12:38:53.462,0.82534,0.8255,1.00,1.00
2017.08.01 12:38:53.917,0.82538,0.82552,1.00,1.87
2017.08.01 12:38:54.197,0.82538,0.82554,1.00,1.00
2017.08.01 12:38:54.868,0.82539,0.82555,1.00,1.87
2017.08.01 12:38:56.294,0.82538,0.82554,1.50,1.00
2017.08.01 12:38:56.865,0.82537,0.82554,1.50,1.00
2017.08.01 12:38:57.498,0.82537,0.82552,1.00,1.00
2017.08.01 12:38:58.037,0.82536,0.82552,1.50,1.00
2017.08.01 12:38:58.590,0.82535,0.82551,1.50,1.00
2017.08.01 12:38:59.640,0.82536,0.82552,1.00,1.00
2017.08.01 12:39:00.153,0.82535,0.82551,1.00,1.00
2017.08.01 12:39:01.041,0.82534,0.82553,1.50,1.87
2017.08.01 12:39:01.499,0.82537,0.82553,1.00,1.87
2017.08.01 12:39:01.813,0.8254,0.82556,1.00,1.00
2017.08.01 12:39:02.118,0.82539,0.82554,1.00,1.00
2017.08.01 12:39:02.645,0.82539,0.82555,1.00,1.00
2017.08.01 12:39:03.164,0.82538,0.82553,1.00,1.00
2017.08.01 12:39:03.684,0.82538,0.82554,1.50,1.00
2017.08.01 12:39:05.383,0.82537,0.82553,1.50,1.00
2017.08.01 12:39:06.517,0.82538,0.82554,1.00,1.00
2017.08.01 12:39:08.718,0.82539,0.82554,1.00,1.00
2017.08.01 12:39:09.388,0.82538,0.82554,1.50,1.00
2017.08.01 12:39:09.691,0.82536,0.82551,1.00,1.00
2017.08.01 12:39:10.353,0.82539,0.82552,1.00,1.00
2017.08.01 12:39:10.556,0.82542,0.82558,1.50,1.00
2017.08.01 12:39:11.372,0.82541,0.82557,1.00,1.00
2017.08.01 12:39:12.474,0.8254,0.82556,1.50,1.00
2017.08.01 12:39:12.677,0.82538,0.82555,1.00,1.00
2017.08.01 12:39:12.879,0.8254,0.82555,1.00,1.00
2017.08.01 12:39:13.403,0.8254,0.82556,1.00,1.00
2017.08.01 12:39:14.512,0.82539,0.82556,1.00,1.50
2017.08.01 12:39:15.001,0.82538,0.82553,1.00,1.00
2017.08.01 12:39:15.974,0.82537,0.82552,1.00,1.00
2017.08.01 12:39:16.126,0.82537,0.82554,1.00,1.12
2017.08.01 12:39:16.428,0.82536,0.82551,1.00,1.00
2017.08.01 12:39:19.536,0.82536,0.82552,1.00,1.00
2017.08.01 12:39:21.885,0.82536,0.82551,1.00,1.00
2017.08.01 12:39:21.987,0.82537,0.82554,1.00,1.12
2017.08.01 12:39:23.313,0.82537,0.82553,1.50,1.00
2017.08.01 12:39:23.854,0.82538,0.82553,1.00,1.00
2017.08.01 12:39:25.098,0.82541,0.82556,1.00,1.75
2017.08.01 12:39:25.727,0.8254,0.82555,1.00,1.00
2017.08.01 12:39:26.430,0.82539,0.82554,1.00,1.00
2017.08.01 12:39:27.847,0.82538,0.82553,1.00,1.00
2017.08.01 12:39:28.592,0.82538,0.82555,1.00,1.50
2017.08.01 12:39:28.751,0.82538,0.82553,1.00,1.00
2017.08.01 12:39:28.802,0.82538,0.82555,1.00,1.50
2017.08.01 12:39:28.904,0.82538,0.82555,1.00,2.25
2017.08.01 12:39:30.295,0.8254,0.82556,1.00,1.87
2017.08.01 12:39:30.599,0.82542,0.82558,1.00,1.00
2017.08.01 12:39:31.141,0.82541,0.82557,1.00,1.00
2017.08.01 12:39:31.650,0.8254,0.82555,1.00,1.00
2017.08.01 12:39:31.752,0.82538,0.82555,1.12,1.00
2017.08.01 12:39:32.018,0.82539,0.82555,1.00,1.75
2017.08.01 12:39:32.120,0.82539,0.82555,1.00,1.00
2017.08.01 12:39:33.207,0.82542,0.82556,1.00,1.87
2017.08.01 12:39:33.359,0.8254,0.82556,1.50,1.12
2017.08.01 12:39:33.663,0.82539,0.82553,1.00,1.00
2017.08.01 12:39:33.714,0.82537,0.82552,1.00,1.00
2017.08.01 12:39:34.231,0.82536,0.82552,1.00,1.00
2017.08.01 12:39:35.016,0.82537,0.82553,1.00,1.00
2017.08.01 12:39:35.703,0.82536,0.82553,1.50,1.00
2017.08.01 12:39:36.159,0.82534,0.82551,1.50,1.00
2017.08.01 12:39:36.491,0.82533,0.82549,1.50,1.00
2017.08.01 12:39:36.997,0.82532,0.82549,1.50,1.00
2017.08.01 12:39:37.505,0.82533,0.8255,2.25,1.87
2017.08.01 12:39:38.029,0.82533,0.82549,1.50,1.00
2017.08.01 12:39:38.979,0.82534,0.8255,1.00,1.87
2017.08.01 12:39:39.325,0.82538,0.82555,1.00,1.00
2017.08.01 12:39:40.351,0.82538,0.82554,1.00,1.00
2017.08.01 12:39:40.672,0.82536,0.82555,2.25,1.00
2017.08.01 12:39:41.615,0.82538,0.82554,1.00,1.00
2017.08.01 12:39:42.142,0.82537,0.82553,1.00,1.00
2017.08.01 12:39:42.696,0.82536,0.82552,1.50,1.00
2017.08.01 12:39:43.245,0.82537,0.82552,1.00,1.00
2017.08.01 12:39:43.754,0.82537,0.82553,1.00,1.00
2017.08.01 12:39:44.261,0.82536,0.82552,1.00,1.00
2017.08.01 12:39:45.625,0.82534,0.8255,1.50,1.00
2017.08.01 12:39:45.676,0.82534,0.82552,1.50,1.87
2017.08.01 12:39:47.950,0.82534,0.8255,1.00,1.00
2017.08.01 12:39:49.408,0.82536,0.82552,1.00,1.87
2017.08.01 12:39:49.857,0.82534,0.8255,1.00,1.00
2017.08.01 12:39:50.374,0.82533,0.82549,1.00,1.00
2017.08.01 12:39:50.992,0.82533,0.82548,1.00,1.00
2017.08.01 12:39:51.539,0.82535,0.82549,1.00,1.00
2017.08.01 12:39:52.583,0.82538,0.82553,1.00,1.37
2017.08.01 12:39:52.791,0.82539,0.82554,1.00,1.00
2017.08.01 12:39:53.302,0.82538,0.82554,1.50,1.00
2017.08.01 12:39:53.674,0.82538,0.82551,1.00,1.00
2017.08.01 12:39:53.878,0.82532,0.82549,1.12,1.00
2017.08.01 12:39:53.988,0.82531,0.82547,1.00,1.00
2017.08.01 12:39:54.923,0.8253,0.82546,1.00,1.00
2017.08.01 12:39:55.588,0.82531,0.82546,1.00,1.00
2017.08.01 12:39:56.358,0.82532,0.82546,1.00,1.00
2017.08.01 12:39:56.427,0.82529,0.82546,1.50,1.00
2017.08.01 12:39:57.412,0.8253,0.82547,1.00,1.00
2017.08.01 12:39:58.758,0.82531,0.82546,1.00,1.00
2017.08.01 12:39:59.993,0.8253,0.82545,1.00,1.00
2017.08.01 12:40:02.999,0.82529,0.82544,1.50,1.00
2017.08.01 12:40:03.786,0.82528,0.82542,1.00,1.00
2017.08.01 12:40:05.302,0.82527,0.82542,1.50,1.00
2017.08.01 12:40:05.843,0.82529,0.82544,1.00,1.87
2017.08.01 12:40:06.350,0.8253,0.82545,1.00,1.00
2017.08.01 12:40:07.347,0.82531,0.82545,1.00,1.00
2017.08.01 12:40:08.108,0.82529,0.82544,1.50,1.00
2017.08.01 12:40:09.093,0.82528,0.82542,1.00,1.00
2017.08.01 12:40:09.144,0.82529,0.82545,1.00,1.12
2017.08.01 12:40:09.195,0.82528,0.82542,1.50,1.00
2017.08.01 12:40:09.296,0.82526,0.82544,1.00,1.00
2017.08.01 12:40:09.492,0.82526,0.82542,1.50,1.00
2017.08.01 12:40:09.908,0.82524,0.82541,1.00,1.00
2017.08.01 12:40:10.428,0.82523,0.8254,1.50,1.00
2017.08.01 12:40:10.746,0.82528,0.82543,1.00,1.12
2017.08.01 12:40:10.848,0.82529,0.82546,1.00,1.50
2017.08.01 12:40:10.949,0.82528,0.82543,1.00,1.00
2017.08.01 12:40:11.459,0.82527,0.82543,1.00,1.00
2017.08.01 12:40:11.712,0.82525,0.82542,1.00,1.00
2017.08.01 12:40:12.506,0.82524,0.82542,1.50,1.00
2017.08.01 12:40:12.929,0.82524,0.82539,1.50,1.00
2017.08.01 12:40:13.132,0.82524,0.82541,1.00,1.00
2017.08.01 12:40:13.799,0.82524,0.82539,1.50,1.00
2017.08.01 12:40:14.233,0.82528,0.82541,1.00,1.00
2017.08.01 12:40:14.774,0.82529,0.82542,1.00,1.00
2017.08.01 12:40:14.977,0.8253,0.82545,1.00,1.00
2017.08.01 12:40:15.480,0.82531,0.82546,1.00,1.00
2017.08.01 12:40:15.926,0.8253,0.82544,1.50,1.00
2017.08.01 12:40:16.028,0.8253,0.82546,1.00,1.00
2017.08.01 12:40:16.534,0.82529,0.82546,1.50,1.50
2017.08.01 12:40:17.056,0.8253,0.82546,1.00,1.50
2017.08.01 12:40:17.597,0.82529,0.82544,1.00,1.00
2017.08.01 12:40:17.648,0.82529,0.82546,1.00,1.50
2017.08.01 12:40:17.800,0.82527,0.82543,1.50,1.00
2017.08.01 12:40:18.127,0.82526,0.82541,1.00,1.00
2017.08.01 12:40:18.280,0.82524,0.82541,1.00,1.00
2017.08.01 12:40:18.590,0.82522,0.82538,1.50,1.00
2017.08.01 12:40:19.171,0.82523,0.82538,1.00,1.00
2017.08.01 12:40:19.486,0.82521,0.82538,1.50,1.00
2017.08.01 12:40:19.890,0.82521,0.82536,1.00,1.00
2017.08.01 12:40:20.331,0.82523,0.82538,1.00,1.00
2017.08.01 12:40:20.635,0.82526,0.82541,1.00,1.50
2017.08.01 12:40:21.158,0.82526,0.82541,1.50,1.00
2017.08.01 12:40:21.694,0.82527,0.82542,1.00,1.00
2017.08.01 12:40:22.040,0.82531,0.82546,1.00,1.75
2017.08.01 12:40:22.141,0.82531,0.82546,1.00,1.00
2017.08.01 12:40:22.243,0.82529,0.82545,1.50,1.00
2017.08.01 12:40:23.207,0.8253,0.82545,1.00,1.00
2017.08.01 12:40:23.711,0.82531,0.82546,1.00,1.00
2017.08.01 12:40:23.863,0.82529,0.82544,1.50,1.00
2017.08.01 12:40:24.627,0.82529,0.82542,1.00,1.00
2017.08.01 12:40:24.729,0.82527,0.82542,1.12,1.50
2017.08.01 12:40:25.177,0.82525,0.82541,1.00,1.00
2017.08.01 12:40:25.633,0.82525,0.82539,1.50,1.00
2017.08.01 12:40:25.996,0.82526,0.82542,1.00,1.50
2017.08.01 12:40:26.974,0.82526,0.82541,1.00,1.00
2017.08.01 12:40:27.949,0.82526,0.82542,1.50,1.50
2017.08.01 12:40:28.505,0.82527,0.82542,1.00,1.50
2017.08.01 12:40:29.047,0.82526,0.82541,1.50,1.00
2017.08.01 12:40:29.712,0.82527,0.82541,1.00,1.00
2017.08.01 12:40:30.867,0.82527,0.8254,1.50,1.00
2017.08.01 12:40:30.969,0.82527,0.82542,1.50,1.00
2017.08.01 12:40:31.858,0.82527,0.82541,1.50,1.00
2017.08.01 12:40:32.678,0.8253,0.82545,1.00,2.25
2017.08.01 12:40:32.830,0.82534,0.82549,1.00,1.12
2017.08.01 12:40:32.881,0.82536,0.82552,1.00,1.37
2017.08.01 12:40:32.932,0.82536,0.82552,1.00,1.12
2017.08.01 12:40:33.034,0.82536,0.8255,1.00,1.00
2017.08.01 12:40:33.314,0.82523,0.82539,1.00,1.00
2017.08.01 12:40:33.466,0.82522,0.82543,1.50,2.25
2017.08.01 12:40:33.775,0.82524,0.82542,1.00,1.50
2017.08.01 12:40:34.323,0.82524,0.82541,1.00,1.00
2017.08.01 12:40:34.874,0.82523,0.82541,1.00,1.00
2017.08.01 12:40:35.625,0.82524,0.82541,1.00,1.00
2017.08.01 12:40:36.133,0.82524,0.82542,1.00,1.00
2017.08.01 12:40:36.720,0.82524,0.82541,1.50,1.00
2017.08.01 12:40:36.872,0.82522,0.8254,1.87,1.00
2017.08.01 12:40:37.271,0.82523,0.82538,1.00,1.00
2017.08.01 12:40:37.321,0.82522,0.8254,1.12,1.00
2017.08.01 12:40:37.423,0.82521,0.82538,1.50,1.00
2017.08.01 12:40:37.710,0.8252,0.82537,1.12,1.00
2017.08.01 12:40:38.217,0.82521,0.82536,1.00,1.00
2017.08.01 12:40:38.766,0.8252,0.82536,1.87,1.00
2017.08.01 12:40:39.347,0.82519,0.82536,1.12,1.00
2017.08.01 12:40:39.977,0.82519,0.82535,1.00,1.00
2017.08.01 12:40:40.505,0.82519,0.82536,1.00,1.00
2017.08.01 12:40:40.693,0.82516,0.82534,1.87,1.00
2017.08.01 12:40:40.744,0.82518,0.82535,1.00,2.62
2017.08.01 12:40:42.020,0.82518,0.82534,1.00,1.00
2017.08.01 12:40:42.475,0.82516,0.82533,1.87,1.00
2017.08.01 12:40:43.436,0.82516,0.82532,1.87,1.00
2017.08.01 12:40:44.173,0.82516,0.82531,1.12,1.00
2017.08.01 12:40:44.850,0.82515,0.82531,1.87,1.00
2017.08.01 12:40:45.390,0.82516,0.82532,1.00,1.00
2017.08.01 12:40:45.896,0.82516,0.82533,1.50,1.00
2017.08.01 12:40:45.999,0.82518,0.82534,1.00,1.87
2017.08.01 12:40:46.992,0.82518,0.82536,1.00,1.50
2017.08.01 12:40:47.980,0.82518,0.82534,1.50,1.00
2017.08.01 12:40:49.026,0.82518,0.8253,1.00,1.00
2017.08.01 12:40:49.178,0.82513,0.82529,1.37,1.00
2017.08.01 12:40:49.229,0.82513,0.82529,1.00,1.00
2017.08.01 12:40:49.330,0.82511,0.82529,1.50,1.00
2017.08.01 12:40:49.483,0.82511,0.82527,1.00,1.00
2017.08.01 12:40:50.285,0.8251,0.82527,2.62,1.00
2017.08.01 12:40:50.797,0.82511,0.82529,1.00,1.00
2017.08.01 12:40:53.087,0.82512,0.82529,1.00,1.00
2017.08.01 12:40:53.693,0.82511,0.82529,1.00,1.00
2017.08.01 12:40:53.744,0.82511,0.82527,1.00,1.00
2017.08.01 12:40:54.314,0.82512,0.82528,1.50,1.00
2017.08.01 12:40:54.833,0.82512,0.82527,1.50,1.00
2017.08.01 12:40:55.376,0.82511,0.82526,1.00,1.00
2017.08.01 12:40:56.109,0.82511,0.82528,1.00,1.00
2017.08.01 12:40:56.896,0.82511,0.82526,1.00,1.00
2017.08.01 12:40:57.403,0.82512,0.82527,1.00,1.00
2017.08.01 12:41:00.498,0.82515,0.82532,1.00,1.87
2017.08.01 12:41:01.006,0.82515,0.82532,1.00,1.00
2017.08.01 12:41:01.532,0.82514,0.8253,1.50,1.00
2017.08.01 12:41:02.300,0.82515,0.8253,1.00,1.00
2017.08.01 12:41:02.606,0.82518,0.82534,1.00,1.12
2017.08.01 12:41:03.357,0.82519,0.82535,1.00,2.25
2017.08.01 12:41:03.509,0.82517,0.8253,1.50,1.00
2017.08.01 12:41:03.860,0.82505,0.8252,1.25,1.50
2017.08.01 12:41:03.911,0.82503,0.82517,1.00,1.00
2017.08.01 12:41:03.962,0.82499,0.8252,1.87,2.10
2017.08.01 12:41:04.013,0.82499,0.82515,1.87,1.00
2017.08.01 12:41:05.015,0.82499,0.82516,1.87,1.00
2017.08.01 12:41:07.554,0.825,0.82516,1.00,1.00
2017.08.01 12:41:08.736,0.82499,0.82516,1.12,1.00
2017.08.01 12:41:09.090,0.82497,0.82514,2.25,1.00
2017.08.01 12:41:09.405,0.82489,0.82506,1.50,1.50
2017.08.01 12:41:10.114,0.82488,0.82504,1.00,1.00
2017.08.01 12:41:10.215,0.82489,0.82506,1.00,1.00
2017.08.01 12:41:10.758,0.8249,0.82506,1.50,1.00
2017.08.01 12:41:11.405,0.82489,0.82506,1.00,1.12
2017.08.01 12:41:12.304,0.82488,0.82506,1.50,1.87
2017.08.01 12:41:13.034,0.82488,0.82505,1.00,1.00
2017.08.01 12:41:13.358,0.82488,0.82503,1.00,1.00
2017.08.01 12:41:13.511,0.82486,0.82502,1.00,1.00
2017.08.01 12:41:13.824,0.82487,0.82504,1.00,1.12
2017.08.01 12:41:14.330,0.82488,0.82504,1.00,1.12
2017.08.01 12:41:14.991,0.82487,0.82504,1.50,1.12
2017.08.01 12:41:15.554,0.82488,0.82505,1.00,1.50
2017.08.01 12:41:16.238,0.82488,0.82506,1.00,1.12
2017.08.01 12:41:16.340,0.82488,0.82504,1.00,1.00
2017.08.01 12:41:16.646,0.82486,0.82504,1.00,1.00
2017.08.01 12:41:17.181,0.82487,0.82504,1.00,1.12
2017.08.01 12:41:17.990,0.82486,0.82501,1.00,1.00
2017.08.01 12:41:18.520,0.82488,0.82503,1.00,1.50
2017.08.01 12:41:18.723,0.82488,0.82505,1.50,1.00
2017.08.01 12:41:19.066,0.82493,0.82505,1.00,1.00
2017.08.01 12:41:19.218,0.82494,0.8251,1.00,2.25
2017.08.01 12:41:19.319,0.82492,0.8251,1.50,2.25
2017.08.01 12:41:19.370,0.82494,0.82512,1.00,1.75
2017.08.01 12:41:19.698,0.82498,0.82513,1.00,1.12
2017.08.01 12:41:20.204,0.82499,0.82513,1.00,1.12
2017.08.01 12:41:20.509,0.82497,0.82513,1.00,1.12
2017.08.01 12:41:21.531,0.82496,0.82513,1.00,1.12
2017.08.01 12:41:21.937,0.82495,0.82511,1.00,1.00
2017.08.01 12:41:21.988,0.82494,0.82513,1.00,4.12
2017.08.01 12:41:22.152,0.82497,0.82514,1.00,1.87
2017.08.01 12:41:22.608,0.82495,0.82511,1.00,1.00
2017.08.01 12:41:23.115,0.82496,0.82512,1.00,1.50
2017.08.01 12:41:23.664,0.82494,0.82511,1.00,1.00
2017.08.01 12:41:24.171,0.82493,0.8251,1.50,1.50
2017.08.01 12:41:24.692,0.82493,0.82509,1.00,1.12
2017.08.01 12:41:25.552,0.82491,0.82508,1.00,1.00
2017.08.01 12:41:26.090,0.82501,0.82508,1.00,1.00
2017.08.01 12:41:26.141,0.82497,0.82509,1.00,1.12
2017.08.01 12:41:26.345,0.82496,0.82515,1.50,2.62
2017.08.01 12:41:26.803,0.82499,0.82515,1.00,1.12
2017.08.01 12:41:27.114,0.82496,0.82511,1.00,1.00
2017.08.01 12:41:27.480,0.82495,0.82508,1.00,1.00
2017.08.01 12:41:27.531,0.82493,0.82508,1.00,1.00
2017.08.01 12:41:28.066,0.82493,0.82509,1.00,1.00
2017.08.01 12:41:28.692,0.82494,0.82509,1.00,1.00
2017.08.01 12:41:29.444,0.82492,0.82509,2.25,1.00
2017.08.01 12:41:29.965,0.82492,0.82508,1.50,1.50
2017.08.01 12:41:30.118,0.8249,0.82508,2.62,2.25
2017.08.01 12:41:30.659,0.8249,0.82507,1.87,1.50
2017.08.01 12:41:31.092,0.82489,0.82505,1.50,1.00
2017.08.01 12:41:31.658,0.82489,0.82505,1.00,1.50
2017.08.01 12:41:32.343,0.82489,0.82504,1.00,1.00
2017.08.01 12:41:32.445,0.82486,0.82503,3.00,1.50
2017.08.01 12:41:32.496,0.82486,0.825,1.50,1.00
2017.08.01 12:41:32.700,0.82485,0.825,1.00,1.00
2017.08.01 12:41:33.237,0.82484,0.82501,1.87,1.00
2017.08.01 12:41:33.507,0.82484,0.82503,1.87,1.00
2017.08.01 12:41:33.962,0.82485,0.82505,1.00,2.25
2017.08.01 12:41:34.496,0.82485,0.82504,1.00,1.50
2017.08.01 12:41:35.021,0.82484,0.82503,1.12,1.00
2017.08.01 12:41:35.792,0.82485,0.82503,1.00,1.00
2017.08.01 12:41:36.302,0.82486,0.82503,1.00,1.00
2017.08.01 12:41:36.808,0.82487,0.82504,1.00,1.00
2017.08.01 12:41:37.826,0.82488,0.82506,1.00,1.12
2017.08.01 12:41:38.374,0.82489,0.82507,1.00,2.25
2017.08.01 12:41:39.561,0.82488,0.82506,1.50,1.12
2017.08.01 12:41:39.900,0.82489,0.82503,1.00,1.00
2017.08.01 12:41:40.414,0.82488,0.82503,1.00,1.12
2017.08.01 12:41:41.512,0.82489,0.82503,1.00,1.12
2017.08.01 12:41:41.665,0.82489,0.82506,1.50,1.00
2017.08.01 12:41:42.171,0.82488,0.82506,1.00,1.50
2017.08.01 12:41:42.717,0.82487,0.82506,1.50,2.25
2017.08.01 12:41:43.278,0.82486,0.82506,2.62,1.50
2017.08.01 12:41:43.402,0.82488,0.82506,1.00,1.50
2017.08.01 12:41:43.778,0.82489,0.82508,1.50,2.62
2017.08.01 12:41:44.132,0.82488,0.82506,1.00,1.00
2017.08.01 12:41:44.636,0.82487,0.82506,1.50,1.50
2017.08.01 12:41:45.306,0.82486,0.82505,2.62,1.00
2017.08.01 12:41:45.814,0.82486,0.82504,1.50,1.50
2017.08.01 12:41:46.321,0.82485,0.82504,2.25,1.50
2017.08.01 12:41:46.690,0.82485,0.82503,1.50,1.37
2017.08.01 12:41:46.895,0.82485,0.82504,1.00,1.50
2017.08.01 12:41:46.997,0.82485,0.82502,1.00,1.00
2017.08.01 12:41:47.505,0.82484,0.82502,1.00,1.12
2017.08.01 12:41:48.128,0.82485,0.82503,1.00,2.25
2017.08.01 12:41:48.230,0.82483,0.82502,1.00,1.12
2017.08.01 12:41:48.756,0.82484,0.82502,1.00,1.12
2017.08.01 12:41:49.298,0.82485,0.82504,1.00,3.75
2017.08.01 12:41:49.924,0.82485,0.82504,1.00,3.00
2017.08.01 12:41:50.473,0.82484,0.82503,1.50,1.00
2017.08.01 12:41:50.982,0.82485,0.82502,1.50,1.12
2017.08.01 12:41:51.601,0.82486,0.82502,1.00,1.12
2017.08.01 12:41:51.652,0.8249,0.82502,1.00,1.12
2017.08.01 12:41:51.880,0.82494,0.82511,1.00,1.00
2017.08.01 12:41:52.033,0.82494,0.82508,1.00,1.00
2017.08.01 12:41:52.185,0.82493,0.82511,1.00,1.50
2017.08.01 12:41:52.745,0.82494,0.82511,1.00,1.00
2017.08.01 12:41:52.847,0.82498,0.82515,1.00,3.00
2017.08.01 12:41:52.898,0.82498,0.82516,1.50,1.12
2017.08.01 12:41:52.949,0.825,0.82516,1.00,1.12
2017.08.01 12:41:53.253,0.82502,0.82517,1.00,1.37
2017.08.01 12:41:53.557,0.82499,0.82515,1.00,1.00
2017.08.01 12:41:53.793,0.82496,0.82514,1.00,1.00
2017.08.01 12:41:54.049,0.82499,0.82516,1.00,1.12
2017.08.01 12:41:54.353,0.82497,0.82515,1.50,1.00
2017.08.01 12:41:54.869,0.82497,0.82517,2.62,1.50
2017.08.01 12:41:55.376,0.82498,0.82517,2.25,2.25
2017.08.01 12:41:55.477,0.82501,0.82517,1.00,1.00
2017.08.01 12:41:55.731,0.82501,0.8252,1.50,1.00
2017.08.01 12:41:55.900,0.82501,0.82517,2.62,1.00
2017.08.01 12:41:56.001,0.82502,0.82519,1.00,1.00
2017.08.01 12:41:56.153,0.825,0.82519,1.00,1.50
2017.08.01 12:41:56.508,0.825,0.82517,1.50,1.00
2017.08.01 12:41:56.698,0.825,0.82519,1.00,1.50
2017.08.01 12:41:56.902,0.82499,0.82517,1.12,1.00
2017.08.01 12:41:57.004,0.82499,0.82519,1.12,1.50
2017.08.01 12:41:57.526,0.82498,0.82518,3.00,1.00
2017.08.01 12:41:58.050,0.82499,0.82519,1.12,2.25
2017.08.01 12:41:59.460,0.82498,0.82517,3.00,1.00
2017.08.01 12:42:00.012,0.82498,0.82518,3.00,1.00
2017.08.01 12:42:00.379,0.82498,0.82516,1.50,1.00
2017.08.01 12:42:00.721,0.82502,0.8252,1.00,1.37
2017.08.01 12:42:00.772,0.82502,0.82521,1.50,2.62
2017.08.01 12:42:01.156,0.825,0.82519,2.62,1.00
2017.08.01 12:42:02.330,0.825,0.82516,1.12,1.00
2017.08.01 12:42:02.584,0.82496,0.82515,1.12,1.00
2017.08.01 12:42:03.271,0.82496,0.82514,1.87,1.00
2017.08.01 12:42:04.440,0.82498,0.82514,1.00,1.00
2017.08.01 12:42:04.492,0.82496,0.82515,1.50,1.12
2017.08.01 12:42:04.594,0.82498,0.82517,1.00,1.37
2017.08.01 12:42:05.128,0.82497,0.82515,1.12,1.00
2017.08.01 12:42:05.658,0.82498,0.82516,1.00,1.50
2017.08.01 12:42:06.675,0.82499,0.82516,1.00,1.00
2017.08.01 12:42:08.183,0.82499,0.82517,1.00,1.50
2017.08.01 12:42:08.885,0.825,0.82517,1.00,1.00
2017.08.01 12:42:09.578,0.82502,0.82518,1.00,1.00
2017.08.01 12:42:09.679,0.82501,0.8252,2.25,1.00
2017.08.01 12:42:10.210,0.825,0.82519,1.87,1.50
2017.08.01 12:42:11.825,0.825,0.82518,1.87,1.00
2017.08.01 12:42:13.103,0.82501,0.82519,1.00,1.50
2017.08.01 12:42:13.635,0.82502,0.8252,1.00,1.50
2017.08.01 12:42:14.144,0.82502,0.82519,1.00,1.00
2017.08.01 12:42:14.458,0.82504,0.8252,1.00,1.00
2017.08.01 12:42:14.805,0.82506,0.82522,1.00,1.00
2017.08.01 12:42:15.109,0.82502,0.8252,2.62,1.00
2017.08.01 12:42:16.920,0.82502,0.82521,1.87,1.50
2017.08.01 12:42:17.426,0.82503,0.82521,1.00,1.00
2017.08.01 12:42:18.114,0.82503,0.82522,1.00,1.50
2017.08.01 12:42:18.622,0.82504,0.82522,1.00,1.00
2017.08.01 12:42:19.137,0.82505,0.82522,1.00,1.00
2017.08.01 12:42:19.672,0.82505,0.82523,1.50,1.12
2017.08.01 12:42:20.187,0.82505,0.82524,1.12,1.00
2017.08.01 12:42:20.701,0.82506,0.82525,1.50,1.50
2017.08.01 12:42:21.209,0.82507,0.82525,1.50,1.00
2017.08.01 12:42:21.960,0.82509,0.82525,1.00,1.00
2017.08.01 12:42:22.465,0.82509,0.82526,1.12,1.00
2017.08.01 12:42:23.062,0.82509,0.82525,1.12,1.00
2017.08.01 12:42:23.355,0.8251,0.82528,1.50,1.50
2017.08.01 12:42:23.406,0.82512,0.82528,1.00,1.00
2017.08.01 12:42:23.711,0.82512,0.8253,1.00,1.50
2017.08.01 12:42:24.413,0.82512,0.82531,1.50,1.50
2017.08.01 12:42:24.870,0.82515,0.82532,1.00,1.00
2017.08.01 12:42:25.022,0.82515,0.82535,2.62,1.50
2017.08.01 12:42:25.074,0.82518,0.82535,1.00,2.25
2017.08.01 12:42:25.687,0.82517,0.82534,1.50,1.00
2017.08.01 12:42:26.042,0.82517,0.82536,1.75,1.00
2017.08.01 12:42:26.144,0.82517,0.82535,1.50,1.00
2017.08.01 12:42:26.739,0.82517,0.82534,1.00,1.00
2017.08.01 12:42:27.286,0.82517,0.82533,1.00,1.00
2017.08.01 12:42:27.867,0.82514,0.82532,1.75,1.00
2017.08.01 12:42:27.918,0.82514,0.82532,1.12,1.50
2017.08.01 12:42:29.117,0.82514,0.82533,1.12,1.00
2017.08.01 12:42:29.975,0.82514,0.82532,1.87,1.00
2017.08.01 12:42:30.506,0.82514,0.82531,1.87,1.00
2017.08.01 12:42:30.805,0.82514,0.82534,2.62,2.25
2017.08.01 12:42:31.115,0.82516,0.82534,1.00,1.50
2017.08.01 12:42:31.689,0.82516,0.82535,1.12,1.00
2017.08.01 12:42:32.845,0.82516,0.82534,1.12,1.00
2017.08.01 12:42:33.731,0.82516,0.82532,1.12,1.00
2017.08.01 12:42:34.549,0.82516,0.82533,1.12,1.00
2017.08.01 12:42:35.103,0.82515,0.82532,2.25,1.00
2017.08.01 12:42:35.726,0.82519,0.82532,1.00,1.00
2017.08.01 12:42:35.926,0.82519,0.82536,1.12,1.00
2017.08.01 12:42:36.434,0.82519,0.82535,1.12,1.00
2017.08.01 12:42:38.797,0.82517,0.82535,1.00,2.25
2017.08.01 12:42:39.156,0.82517,0.82533,1.00,1.00
2017.08.01 12:42:41.905,0.82516,0.82533,1.12,1.00
2017.08.01 12:42:42.581,0.82516,0.82534,1.12,1.50
2017.08.01 12:42:43.121,0.82517,0.82534,1.00,1.50
2017.08.01 12:42:43.657,0.82517,0.82533,1.00,1.00
2017.08.01 12:42:44.180,0.82515,0.82532,3.00,1.00
2017.08.01 12:42:44.484,0.82513,0.8253,1.87,1.00
2017.08.01 12:42:44.535,0.82513,0.8253,1.50,1.50
2017.08.01 12:42:45.071,0.82513,0.82529,1.00,1.00
2017.08.01 12:42:45.344,0.82515,0.82528,1.00,1.00
2017.08.01 12:42:45.395,0.82513,0.82528,1.00,1.00
2017.08.01 12:42:45.446,0.82516,0.8253,1.00,1.00
2017.08.01 12:42:45.750,0.82518,0.82532,1.00,1.00
2017.08.01 12:42:46.256,0.82517,0.82533,1.75,1.00
2017.08.01 12:42:46.307,0.82517,0.82533,1.00,1.00
2017.08.01 12:42:47.054,0.82517,0.82532,1.00,1.00
2017.08.01 12:42:47.351,0.82515,0.82531,1.00,1.00
2017.08.01 12:42:47.554,0.82512,0.82531,2.25,1.00
2017.08.01 12:42:47.606,0.82516,0.82531,1.00,1.00
2017.08.01 12:42:48.115,0.82516,0.82532,1.12,1.00
2017.08.01 12:42:48.425,0.82516,0.8253,1.12,1.00
2017.08.01 12:42:48.928,0.82513,0.8253,1.50,1.00
2017.08.01 12:42:48.979,0.82513,0.8253,1.12,1.00
2017.08.01 12:42:49.457,0.82511,0.82527,1.75,1.00
2017.08.01 12:42:49.610,0.8251,0.82528,1.12,1.50
2017.08.01 12:42:49.964,0.82511,0.82526,1.00,1.00
2017.08.01 12:42:50.536,0.82509,0.82526,1.50,1.50
2017.08.01 12:42:51.385,0.82509,0.82525,1.50,1.00
2017.08.01 12:42:51.638,0.82508,0.82525,1.00,1.00
2017.08.01 12:42:51.747,0.82509,0.82528,1.00,1.50
2017.08.01 12:42:51.900,0.82512,0.82528,1.00,1.00
2017.08.01 12:42:52.103,0.82515,0.82532,1.50,1.00
2017.08.01 12:42:52.154,0.82519,0.82532,1.00,1.00
2017.08.01 12:42:52.256,0.82519,0.82535,1.12,1.00
2017.08.01 12:42:53.162,0.82519,0.82536,1.12,1.00
2017.08.01 12:42:53.466,0.8252,0.82534,1.00,1.00
2017.08.01 12:42:53.730,0.82517,0.82533,1.37,1.00
2017.08.01 12:42:54.115,0.82516,0.82533,1.12,1.00
2017.08.01 12:42:54.618,0.82517,0.82534,1.00,1.50
2017.08.01 12:42:54.823,0.82519,0.82534,1.00,1.00
2017.08.01 12:42:54.873,0.82519,0.82537,1.12,1.00
2017.08.01 12:42:54.924,0.82521,0.82537,1.00,1.00
2017.08.01 12:42:55.346,0.82519,0.82533,1.12,1.00
2017.08.01 12:42:55.448,0.82519,0.82535,1.12,1.00
2017.08.01 12:42:56.345,0.82516,0.82535,2.25,1.00
2017.08.01 12:42:56.448,0.82516,0.82534,1.12,1.00
2017.08.01 12:42:56.549,0.8252,0.82534,1.00,1.00
2017.08.01 12:42:56.651,0.82521,0.82537,1.37,1.00
2017.08.01 12:42:56.956,0.82522,0.82539,1.12,1.50
2017.08.01 12:42:57.450,0.82523,0.82542,1.00,1.50
2017.08.01 12:42:57.552,0.82523,0.82543,2.62,1.50
2017.08.01 12:42:57.704,0.82523,0.82542,1.87,1.00
2017.08.01 12:42:58.266,0.82523,0.8254,1.12,1.00
2017.08.01 12:42:58.832,0.82523,0.82539,1.12,1.00
2017.08.01 12:42:59.035,0.82521,0.82538,1.12,1.00
2017.08.01 12:42:59.618,0.82521,0.82537,1.12,1.00
2017.08.01 12:43:00.202,0.82519,0.82535,1.75,1.00
2017.08.01 12:43:00.354,0.82517,0.82534,1.50,1.00
2017.08.01 12:43:00.892,0.82517,0.82534,1.00,1.00
2017.08.01 12:43:01.927,0.82518,0.82534,1.00,1.00
2017.08.01 12:43:02.030,0.82521,0.82534,1.00,1.00
2017.08.01 12:43:02.081,0.8252,0.82537,1.50,1.00
2017.08.01 12:43:02.132,0.82522,0.82537,1.50,1.00
2017.08.01 12:43:02.183,0.82522,0.8254,1.87,1.00
2017.08.01 12:43:02.691,0.82523,0.82538,1.00,1.50
2017.08.01 12:43:03.162,0.82522,0.8254,1.12,1.00
2017.08.01 12:43:03.314,0.82525,0.82541,1.00,1.00
2017.08.01 12:43:03.365,0.82523,0.82541,1.00,1.00
2017.08.01 12:43:03.568,0.82525,0.82541,1.00,1.00
2017.08.01 12:43:03.619,0.82523,0.82541,1.00,1.50
2017.08.01 12:43:03.671,0.82521,0.8254,3.00,1.00
2017.08.01 12:43:03.772,0.82521,0.8254,2.62,1.00
2017.08.01 12:43:03.873,0.82521,0.8254,1.50,1.00
2017.08.01 12:43:03.976,0.82524,0.82541,1.00,1.00
2017.08.01 12:43:04.495,0.82523,0.82542,1.87,1.00
2017.08.01 12:43:05.077,0.82523,0.82541,1.37,1.00
2017.08.01 12:43:05.363,0.82521,0.82539,1.12,1.00
2017.08.01 12:43:07.379,0.82521,0.82538,1.12,1.00
2017.08.01 12:43:08.199,0.82523,0.8254,1.00,1.00
2017.08.01 12:43:08.504,0.82519,0.82537,1.75,1.00
2017.08.01 12:43:09.036,0.82519,0.82536,1.75,1.00
2017.08.01 12:43:09.556,0.82526,0.82535,1.00,1.00
2017.08.01 12:43:09.607,0.82526,0.82539,1.00,1.00
2017.08.01 12:43:09.708,0.82525,0.82542,1.12,1.00
2017.08.01 12:43:10.063,0.82526,0.82544,1.00,1.00
2017.08.01 12:43:10.605,0.82531,0.82545,1.00,1.00
2017.08.01 12:43:10.807,0.82532,0.82548,1.00,1.00
2017.08.01 12:43:10.858,0.82532,0.8255,1.00,1.00
2017.08.01 12:43:10.960,0.82535,0.82551,1.00,1.50
2017.08.01 12:43:11.264,0.82534,0.82549,1.00,1.00
2017.08.01 12:43:11.416,0.82532,0.82549,1.50,1.00
2017.08.01 12:43:13.541,0.82537,0.82549,1.00,1.00
2017.08.01 12:43:13.592,0.82539,0.82554,1.00,2.25
2017.08.01 12:43:13.694,0.82539,0.82556,1.00,1.00
2017.08.01 12:43:14.196,0.82539,0.82557,1.00,1.00
2017.08.01 12:43:14.730,0.82539,0.82558,1.00,1.87
2017.08.01 12:43:15.059,0.82541,0.82558,1.00,1.87
2017.08.01 12:43:15.576,0.82541,0.82559,1.00,1.50
2017.08.01 12:43:16.081,0.82541,0.82558,1.00,1.00
2017.08.01 12:43:17.225,0.82541,0.82557,1.00,1.00
2017.08.01 12:43:17.326,0.82539,0.82557,3.00,1.00
2017.08.01 12:43:17.377,0.82542,0.82558,1.00,1.00
2017.08.01 12:43:17.928,0.82542,0.82559,1.00,1.50
2017.08.01 12:43:18.235,0.82542,0.82559,2.62,1.00
2017.08.01 12:43:18.336,0.82542,0.82558,1.87,1.00
2017.08.01 12:43:19.199,0.82543,0.82559,1.00,1.00
2017.08.01 12:43:19.727,0.82542,0.82558,1.00,1.00
2017.08.01 12:43:20.238,0.82542,0.82557,1.00,1.00
2017.08.01 12:43:20.744,0.82542,0.82556,1.00,1.00
2017.08.01 12:43:20.999,0.8254,0.82556,1.50,1.00
2017.08.01 12:43:22.137,0.8254,0.82555,1.50,1.00
2017.08.01 12:43:23.733,0.8254,0.82554,1.00,1.00
2017.08.01 12:43:23.991,0.82543,0.82557,1.00,1.00
2017.08.01 12:43:24.542,0.82543,0.82558,1.87,1.00
2017.08.01 12:43:24.845,0.82549,0.82564,1.12,1.00
2017.08.01 12:43:25.351,0.82546,0.82564,1.00,1.50
2017.08.01 12:43:25.569,0.82548,0.82564,1.00,1.50
2017.08.01 12:43:26.437,0.82548,0.82563,1.00,1.00
2017.08.01 12:43:26.954,0.82549,0.82565,1.00,1.50
2017.08.01 12:43:27.362,0.82547,0.82564,1.00,1.00
2017.08.01 12:43:28.090,0.82546,0.8256,1.12,1.00
2017.08.01 12:43:28.243,0.82542,0.8256,1.00,1.50
2017.08.01 12:43:28.396,0.82542,0.82557,1.00,1.00
2017.08.01 12:43:28.604,0.82542,0.82559,1.00,1.00
2017.08.01 12:43:29.738,0.82545,0.82561,1.00,1.12
2017.08.01 12:43:30.030,0.82548,0.82566,1.00,1.12
2017.08.01 12:43:30.283,0.82546,0.82565,1.00,1.00
2017.08.01 12:43:30.334,0.82546,0.82563,1.00,1.00
2017.08.01 12:43:30.835,0.82545,0.82563,3.00,1.00
2017.08.01 12:43:31.527,0.82546,0.82562,1.50,1.00
2017.08.01 12:43:32.258,0.82546,0.82563,1.50,1.00
2017.08.01 12:43:33.392,0.82546,0.82562,1.50,1.00
2017.08.01 12:43:35.687,0.82546,0.8256,1.50,1.00
2017.08.01 12:43:35.738,0.82544,0.8256,1.12,1.00
2017.08.01 12:43:35.941,0.82543,0.82557,1.50,1.00
2017.08.01 12:43:36.039,0.82541,0.82557,1.50,1.00
2017.08.01 12:43:37.121,0.82543,0.82558,1.00,1.00
2017.08.01 12:43:38.057,0.82543,0.82559,1.00,1.00
2017.08.01 12:43:38.763,0.82542,0.82559,1.50,1.00
2017.08.01 12:43:39.137,0.8255,0.82565,1.50,1.12
2017.08.01 12:43:39.290,0.82553,0.82569,1.50,1.12
2017.08.01 12:43:40.554,0.82554,0.82569,1.00,1.00
2017.08.01 12:43:42.964,0.82554,0.82568,1.00,1.00
2017.08.01 12:43:43.292,0.82553,0.8257,1.50,1.00
2017.08.01 12:43:46.666,0.82553,0.82571,1.87,1.00
2017.08.01 12:43:46.717,0.82553,0.82568,1.12,1.00
2017.08.01 12:43:47.041,0.82548,0.82565,1.37,1.00
2017.08.01 12:43:47.092,0.82548,0.82565,1.00,1.00
2017.08.01 12:43:47.678,0.82548,0.82566,1.00,1.00
2017.08.01 12:43:48.337,0.82549,0.82566,1.00,1.00
2017.08.01 12:43:48.839,0.82548,0.82567,1.50,1.00
2017.08.01 12:43:49.352,0.82548,0.82566,1.00,1.00
2017.08.01 12:43:50.028,0.82547,0.82566,2.62,1.00
2017.08.01 12:43:50.704,0.82547,0.82567,1.87,1.50
2017.08.01 12:43:50.807,0.82549,0.82567,1.00,1.00
2017.08.01 12:43:51.111,0.82551,0.82567,1.12,1.00
2017.08.01 12:43:51.452,0.82551,0.82565,1.12,1.00
2017.08.01 12:43:52.002,0.82551,0.82566,1.12,1.00
2017.08.01 12:43:52.823,0.82549,0.82565,1.75,1.00
2017.08.01 12:43:53.026,0.8255,0.82567,1.50,1.50
2017.08.01 12:43:53.535,0.8255,0.82567,1.00,1.00
2017.08.01 12:43:55.407,0.8255,0.82568,1.00,1.00
2017.08.01 12:43:55.987,0.82551,0.82569,1.50,1.00
2017.08.01 12:43:56.522,0.82552,0.82569,1.00,1.00
2017.08.01 12:43:57.406,0.82552,0.82568,1.12,1.00
2017.08.01 12:43:58.143,0.82552,0.82567,1.12,1.00
2017.08.01 12:43:58.737,0.82551,0.82568,1.50,1.00
2017.08.01 12:43:59.620,0.8255,0.82568,1.37,1.00
2017.08.01 12:44:00.161,0.8255,0.82568,1.50,1.50
2017.08.01 12:44:02.997,0.82549,0.82567,1.50,1.00
2017.08.01 12:44:03.536,0.8255,0.82568,1.00,1.50
2017.08.01 12:44:04.055,0.82551,0.82568,1.00,1.00
2017.08.01 12:44:04.157,0.82554,0.8257,1.00,1.00
2017.08.01 12:44:04.465,0.82558,0.82575,1.00,1.50
2017.08.01 12:44:04.567,0.82557,0.82573,1.00,1.50
2017.08.01 12:44:05.224,0.82556,0.82573,1.00,1.50
2017.08.01 12:44:05.725,0.82555,0.82572,1.12,1.50
2017.08.01 12:44:06.609,0.82556,0.82572,1.00,1.00
2017.08.01 12:44:07.790,0.82556,0.82573,1.50,1.00
2017.08.01 12:44:08.140,0.82558,0.82575,1.00,1.00
2017.08.01 12:44:08.444,0.82556,0.82573,1.00,1.00
2017.08.01 12:44:08.986,0.82555,0.82572,1.12,1.50
2017.08.01 12:44:09.138,0.82555,0.82574,1.87,1.50
2017.08.01 12:44:09.673,0.82556,0.82574,1.00,1.00
2017.08.01 12:44:11.182,0.82555,0.82574,1.12,1.00
2017.08.01 12:44:11.878,0.82556,0.82574,1.00,1.00
2017.08.01 12:44:12.457,0.82555,0.82574,1.87,1.50
2017.08.01 12:44:12.987,0.82556,0.82572,1.50,1.00
2017.08.01 12:44:13.038,0.82556,0.82574,1.50,1.50
2017.08.01 12:44:13.241,0.82555,0.82572,1.12,1.00
2017.08.01 12:44:13.826,0.82554,0.82571,1.37,1.00
2017.08.01 12:44:14.378,0.82555,0.82572,1.12,1.00
2017.08.01 12:44:14.924,0.82557,0.82573,1.00,1.00
2017.08.01 12:44:15.154,0.82557,0.82575,1.50,1.50
2017.08.01 12:44:15.886,0.82557,0.82576,1.50,1.50
2017.08.01 12:44:15.987,0.82557,0.82574,2.25,1.00
2017.08.01 12:44:19.023,0.82559,0.82575,1.50,1.00
2017.08.01 12:44:19.545,0.82559,0.82576,1.50,1.00
2017.08.01 12:44:20.295,0.82561,0.82576,1.00,1.00
2017.08.01 12:44:20.907,0.82565,0.82577,1.50,1.00
2017.08.01 12:44:21.110,0.82568,0.82582,1.00,1.00
2017.08.01 12:44:21.161,0.82566,0.82582,1.00,1.50
2017.08.01 12:44:21.212,0.82565,0.8258,1.00,1.00
2017.08.01 12:44:21.884,0.82564,0.8258,1.00,1.50
2017.08.01 12:44:22.393,0.82564,0.82579,1.00,1.00
2017.08.01 12:44:22.623,0.82562,0.82579,1.50,1.00
2017.08.01 12:44:22.674,0.82567,0.82583,1.00,1.87
2017.08.01 12:44:22.852,0.82565,0.82583,1.00,1.00
2017.08.01 12:44:23.004,0.82565,0.82581,1.00,1.00
2017.08.01 12:44:23.515,0.82562,0.8258,3.00,1.50
2017.08.01 12:44:24.094,0.82562,0.82579,2.25,1.00
2017.08.01 12:44:24.402,0.82566,0.82582,1.00,1.00
2017.08.01 12:44:24.908,0.82566,0.82583,1.00,1.00
2017.08.01 12:44:25.445,0.82566,0.82584,1.00,1.50
2017.08.01 12:44:26.252,0.82566,0.82585,1.50,1.50
2017.08.01 12:44:26.894,0.82567,0.82585,1.50,1.00
2017.08.01 12:44:27.186,0.82567,0.82582,1.50,1.00
2017.08.01 12:44:27.288,0.82562,0.8258,2.25,1.50
2017.08.01 12:44:27.339,0.82562,0.8258,1.50,1.50
2017.08.01 12:44:27.873,0.82561,0.8258,3.37,1.50
2017.08.01 12:44:28.399,0.82562,0.8258,1.50,1.50
2017.08.01 12:44:29.639,0.82562,0.82581,1.50,1.00
2017.08.01 12:44:29.740,0.82564,0.82582,1.00,1.50
2017.08.01 12:44:30.178,0.82562,0.8258,2.25,1.00
2017.08.01 12:44:30.705,0.82564,0.82581,1.12,1.00
2017.08.01 12:44:31.262,0.82562,0.8258,2.25,1.00
2017.08.01 12:44:31.575,0.82562,0.82578,1.00,1.00
2017.08.01 12:44:32.102,0.8256,0.82578,3.00,1.50
2017.08.01 12:44:32.406,0.8256,0.82576,1.50,1.00
2017.08.01 12:44:32.711,0.82559,0.82575,1.00,1.00
2017.08.01 12:44:33.017,0.82559,0.82577,1.00,1.00
2017.08.01 12:44:33.220,0.82561,0.82578,1.00,1.00
2017.08.01 12:44:33.678,0.82562,0.82581,1.87,1.50
2017.08.01 12:44:33.730,0.82564,0.82581,1.00,1.00
2017.08.01 12:44:34.243,0.82564,0.82582,1.00,1.50
2017.08.01 12:44:34.496,0.82562,0.82581,2.62,1.00
2017.08.01 12:44:36.186,0.82564,0.82581,1.00,1.00
2017.08.01 12:44:36.600,0.82564,0.82583,2.44,1.00
2017.08.01 12:44:37.798,0.82565,0.82583,1.00,1.00
2017.08.01 12:44:37.899,0.82563,0.82582,2.62,1.00
2017.08.01 12:44:38.001,0.82565,0.8258,1.00,1.00
2017.08.01 12:44:38.519,0.82565,0.82581,1.00,1.00
2017.08.01 12:44:39.045,0.82565,0.8258,1.00,1.00
2017.08.01 12:44:39.149,0.82563,0.8258,1.87,1.00
2017.08.01 12:44:40.310,0.82563,0.82579,1.87,1.00
2017.08.01 12:44:41.588,0.82563,0.82581,1.12,1.50
2017.08.01 12:44:42.433,0.82563,0.8258,1.12,1.00
2017.08.01 12:44:42.737,0.82562,0.82582,2.62,1.00
2017.08.01 12:44:42.939,0.82564,0.82581,1.00,1.00
2017.08.01 12:44:43.464,0.82564,0.82582,1.00,1.50
2017.08.01 12:44:43.834,0.82562,0.82581,1.87,1.50
2017.08.01 12:44:44.370,0.82563,0.8258,1.00,1.00
2017.08.01 12:44:44.811,0.82561,0.82578,2.25,1.00
2017.08.01 12:44:44.931,0.82559,0.82576,1.00,1.00
2017.08.01 12:44:45.336,0.82557,0.82575,1.50,1.50
2017.08.01 12:44:46.473,0.82558,0.82575,1.00,1.00
2017.08.01 12:44:46.830,0.82556,0.82575,3.37,1.50
2017.08.01 12:44:46.982,0.82558,0.82574,1.00,1.87
2017.08.01 12:44:47.134,0.82558,0.82576,1.50,1.00
2017.08.01 12:44:47.616,0.82556,0.82575,1.87,1.00
2017.08.01 12:44:47.920,0.82554,0.82573,1.50,1.00
2017.08.01 12:44:48.327,0.82556,0.82574,1.00,2.25
2017.08.01 12:44:49.036,0.82555,0.82574,2.25,1.50
2017.08.01 12:44:49.583,0.82556,0.82574,1.00,1.50
2017.08.01 12:44:50.097,0.82558,0.82576,1.00,1.50
2017.08.01 12:44:50.442,0.8256,0.82578,1.00,1.00
2017.08.01 12:44:50.933,0.82557,0.82575,1.50,1.50
2017.08.01 12:44:51.714,0.82557,0.82574,1.00,1.00
2017.08.01 12:44:52.221,0.82559,0.82577,1.00,1.37
2017.08.01 12:44:52.407,0.8256,0.82578,1.00,1.00
2017.08.01 12:44:52.953,0.82561,0.82578,1.00,1.50
2017.08.01 12:44:53.478,0.8256,0.82577,1.00,1.00
2017.08.01 12:44:53.994,0.82559,0.82577,1.12,1.00
2017.08.01 12:44:54.147,0.82561,0.82578,1.00,1.50
2017.08.01 12:44:54.685,0.82561,0.82579,1.00,1.50
2017.08.01 12:44:56.090,0.8256,0.82579,2.25,1.50
2017.08.01 12:44:56.621,0.82561,0.82578,1.00,1.00
2017.08.01 12:44:57.153,0.82562,0.82579,1.00,1.00
2017.08.01 12:44:57.558,0.82561,0.82575,1.00,1.00
2017.08.01 12:44:57.711,0.82556,0.82573,2.25,1.00
2017.08.01 12:44:57.762,0.82556,0.82574,1.87,1.50
2017.08.01 12:44:58.292,0.82556,0.82573,1.50,1.00
2017.08.01 12:44:58.597,0.82554,0.82573,2.62,1.50
2017.08.01 12:44:59.253,0.82555,0.82573,1.00,1.00
2017.08.01 12:44:59.304,0.82557,0.82574,1.00,1.00
2017.08.01 12:44:59.507,0.82555,0.82573,1.00,1.00
2017.08.01 12:45:00.064,0.82556,0.82573,1.00,1.00
2017.08.01 12:45:01.010,0.82554,0.82573,1.87,1.50
2017.08.01 12:45:01.545,0.82554,0.82572,1.12,1.00
2017.08.01 12:45:02.117,0.82554,0.82571,1.12,1.00
2017.08.01 12:45:02.523,0.82553,0.82569,1.00,1.00
2017.08.01 12:45:03.130,0.82552,0.8257,1.50,1.50
2017.08.01 12:45:03.434,0.82554,0.82572,1.50,2.25
2017.08.01 12:45:03.863,0.82557,0.82571,1.00,1.00
2017.08.01 12:45:03.965,0.82555,0.82572,1.50,1.50
2017.08.01 12:45:04.542,0.82554,0.82572,1.87,1.00
2017.08.01 12:45:04.952,0.82556,0.82575,2.25,1.87
2017.08.01 12:45:05.357,0.82558,0.82575,1.00,1.00
2017.08.01 12:45:05.923,0.82557,0.82575,3.37,1.50
2017.08.01 12:45:06.404,0.82556,0.82573,1.50,1.00
2017.08.01 12:45:06.557,0.82555,0.82572,1.00,1.50
2017.08.01 12:45:07.066,0.82554,0.82572,1.12,1.50
2017.08.01 12:45:07.851,0.82554,0.82571,1.12,1.00
2017.08.01 12:45:08.831,0.82553,0.8257,1.50,1.50
2017.08.01 12:45:08.882,0.82552,0.82568,1.75,1.00
2017.08.01 12:45:08.983,0.82551,0.82568,1.00,1.50
2017.08.01 12:45:09.530,0.8255,0.82568,1.50,1.50
2017.08.01 12:45:10.909,0.82551,0.82568,1.00,1.00
2017.08.01 12:45:11.626,0.82551,0.82569,1.50,1.50
2017.08.01 12:45:12.391,0.82553,0.82569,1.00,1.00
2017.08.01 12:45:12.544,0.82554,0.82572,1.50,1.37
2017.08.01 12:45:12.722,0.82555,0.82573,1.00,1.00
2017.08.01 12:45:13.348,0.82554,0.82572,2.25,1.50
2017.08.01 12:45:13.972,0.82553,0.82572,3.37,1.50
2017.08.01 12:45:15.631,0.82554,0.82572,1.00,1.50
2017.08.01 12:45:17.234,0.82553,0.82571,3.37,1.00
2017.08.01 12:45:17.701,0.82553,0.82569,1.12,1.00
2017.08.01 12:45:17.904,0.82549,0.82566,1.00,1.00
2017.08.01 12:45:18.158,0.82547,0.82565,1.12,1.00
2017.08.01 12:45:18.704,0.82546,0.82564,2.25,1.50
2017.08.01 12:45:19.483,0.82546,0.82562,1.50,1.00
2017.08.01 12:45:19.706,0.82546,0.82564,1.00,1.50
2017.08.01 12:45:20.011,0.82545,0.82562,1.87,1.00
2017.08.01 12:45:20.315,0.82543,0.8256,1.00,1.00
2017.08.01 12:45:20.820,0.82543,0.82559,1.00,1.00
2017.08.01 12:45:21.353,0.82542,0.8256,1.50,1.00
2017.08.01 12:45:21.659,0.82546,0.82563,1.00,1.12
2017.08.01 12:45:21.998,0.82548,0.82565,1.00,2.25
2017.08.01 12:45:22.049,0.82546,0.82565,1.50,2.25
2017.08.01 12:45:22.151,0.82546,0.82563,1.00,1.00
2017.08.01 12:45:22.455,0.82544,0.82561,1.00,1.50
2017.08.01 12:45:23.176,0.82543,0.82561,1.50,2.25
2017.08.01 12:45:24.361,0.82542,0.8256,2.62,1.00
2017.08.01 12:45:24.903,0.82543,0.82561,1.00,3.00
2017.08.01 12:45:26.322,0.82542,0.8256,2.62,1.00
2017.08.01 12:45:27.127,0.82544,0.8256,1.00,1.00
2017.08.01 12:45:27.178,0.82545,0.82562,1.00,1.50
2017.08.01 12:45:27.684,0.82546,0.82562,1.00,1.00
2017.08.01 12:45:28.256,0.82545,0.82562,1.00,1.00
2017.08.01 12:45:28.550,0.82542,0.8256,2.62,1.00
2017.08.01 12:45:28.602,0.82542,0.8256,2.25,1.00
2017.08.01 12:45:29.114,0.82542,0.82559,1.00,1.00
2017.08.01 12:45:29.433,0.8254,0.82558,2.62,1.00
2017.08.01 12:45:29.534,0.82543,0.82558,1.00,1.00
2017.08.01 12:45:29.686,0.82544,0.82562,1.00,1.37
2017.08.01 12:45:29.822,0.82544,0.82562,1.00,1.00
2017.08.01 12:45:30.352,0.82545,0.82562,1.00,1.00
2017.08.01 12:45:30.555,0.82543,0.82561,1.00,2.25
2017.08.01 12:45:31.021,0.82541,0.82559,3.00,1.00
2017.08.01 12:45:31.325,0.82539,0.82555,1.12,1.00
2017.08.01 12:45:31.987,0.82538,0.82555,1.00,1.00
2017.08.01 12:45:32.494,0.82538,0.82556,1.00,2.25
2017.08.01 12:45:32.824,0.82538,0.82553,1.00,1.00
2017.08.01 12:45:33.001,0.82537,0.82555,1.00,1.50
2017.08.01 12:45:33.784,0.82538,0.82556,1.00,1.50
2017.08.01 12:45:35.228,0.82537,0.82555,1.00,1.00
2017.08.01 12:45:36.226,0.82536,0.82554,1.12,1.00
2017.08.01 12:45:36.806,0.82535,0.82553,3.00,1.00
2017.08.01 12:45:37.351,0.82535,0.82553,1.50,1.00
2017.08.01 12:45:37.906,0.82536,0.82553,1.00,1.00
2017.08.01 12:45:38.458,0.82536,0.82554,1.50,1.00
2017.08.01 12:45:39.247,0.82537,0.82554,1.00,1.00
2017.08.01 12:45:39.771,0.82537,0.82555,1.00,1.12
2017.08.01 12:45:39.873,0.82539,0.82555,1.00,1.12
2017.08.01 12:45:40.429,0.82539,0.82556,1.00,1.50
2017.08.01 12:45:40.953,0.82538,0.82556,1.00,1.50
2017.08.01 12:45:41.856,0.82539,0.82556,1.00,1.50
2017.08.01 12:45:42.396,0.82538,0.82556,1.00,1.50
2017.08.01 12:45:42.990,0.82537,0.82556,1.50,1.50
2017.08.01 12:45:43.503,0.82537,0.82555,1.00,1.00
2017.08.01 12:45:44.021,0.82536,0.82553,1.00,1.00
2017.08.01 12:45:44.482,0.82535,0.82551,1.00,1.00
2017.08.01 12:45:45.536,0.82534,0.82551,1.00,1.00
2017.08.01 12:45:46.045,0.82532,0.8255,1.00,1.00
2017.08.01 12:45:46.096,0.8253,0.8255,1.50,1.00
2017.08.01 12:45:46.198,0.82531,0.82548,1.00,1.00
2017.08.01 12:45:46.484,0.82534,0.82552,1.00,2.25
2017.08.01 12:45:47.035,0.82536,0.82551,1.00,1.00
2017.08.01 12:45:47.136,0.82534,0.82552,1.00,1.50
2017.08.01 12:45:47.390,0.82533,0.82549,1.00,1.00
2017.08.01 12:45:48.307,0.82534,0.82549,1.00,1.00
2017.08.01 12:45:48.633,0.82534,0.82551,1.00,1.87
2017.08.01 12:45:48.765,0.82532,0.8255,1.50,1.00
2017.08.01 12:45:49.272,0.82531,0.82549,2.62,1.00
2017.08.01 12:45:49.960,0.82533,0.82549,1.00,1.00
2017.08.01 12:45:50.493,0.82533,0.82551,1.00,1.50
2017.08.01 12:45:50.696,0.82535,0.82551,1.00,1.50
2017.08.01 12:45:51.197,0.82535,0.82552,2.25,1.00
2017.08.01 12:45:51.741,0.82535,0.82553,1.50,1.87
2017.08.01 12:45:53.146,0.82536,0.82553,1.00,1.00
2017.08.01 12:45:54.154,0.82535,0.82553,1.00,1.00
2017.08.01 12:45:56.125,0.82536,0.82553,1.00,1.00
2017.08.01 12:45:56.687,0.82535,0.82553,1.00,1.50
2017.08.01 12:45:57.292,0.82536,0.82553,1.00,1.00
2017.08.01 12:45:58.089,0.82536,0.82554,1.00,2.25
2017.08.01 12:45:58.641,0.82535,0.82553,1.00,1.00
2017.08.01 12:45:59.184,0.82536,0.82554,1.00,2.25
2017.08.01 12:45:59.705,0.82535,0.82553,1.00,1.50
2017.08.01 12:46:00.264,0.82535,0.82552,1.00,1.00
2017.08.01 12:46:01.852,0.82536,0.82553,1.00,1.50
2017.08.01 12:46:02.398,0.82537,0.82554,1.00,2.25
2017.08.01 12:46:03.640,0.82537,0.82553,1.00,1.00
2017.08.01 12:46:04.173,0.82536,0.82552,1.00,1.00
2017.08.01 12:46:04.932,0.82535,0.82551,1.00,1.00
2017.08.01 12:46:05.447,0.82533,0.82551,1.50,1.00
2017.08.01 12:46:05.973,0.82533,0.8255,1.00,1.00
2017.08.01 12:46:06.515,0.82533,0.82549,1.00,1.00
2017.08.01 12:46:07.060,0.82533,0.8255,1.00,1.50
2017.08.01 12:46:07.863,0.82533,0.82549,1.00,1.00
2017.08.01 12:46:08.876,0.82533,0.8255,1.00,1.00
2017.08.01 12:46:09.421,0.82534,0.82551,1.00,2.25
2017.08.01 12:46:10.326,0.82533,0.82551,1.00,2.25
2017.08.01 12:46:10.828,0.82534,0.82551,1.00,1.00
2017.08.01 12:46:12.132,0.82534,0.82552,1.50,1.50
2017.08.01 12:46:12.545,0.82534,0.8255,1.00,1.00
2017.08.01 12:46:13.060,0.82534,0.82551,1.00,1.00
2017.08.01 12:46:13.531,0.82536,0.82553,1.00,1.12
2017.08.01 12:46:14.516,0.82537,0.82554,1.00,1.50
2017.08.01 12:46:15.057,0.82539,0.82555,1.00,1.00
2017.08.01 12:46:16.544,0.82539,0.82556,1.00,1.87
2017.08.01 12:46:17.101,0.82539,0.82555,1.00,1.50
2017.08.01 12:46:17.699,0.82538,0.82555,1.00,1.50
2017.08.01 12:46:18.426,0.82537,0.82554,1.00,1.00
2017.08.01 12:46:21.479,0.82535,0.82551,1.12,1.00
2017.08.01 12:46:22.412,0.82535,0.82552,1.12,1.00
2017.08.01 12:46:23.099,0.82535,0.82551,1.12,1.00
2017.08.01 12:46:24.076,0.82535,0.82552,1.12,1.50
2017.08.01 12:46:25.386,0.82535,0.82551,1.12,1.00
2017.08.01 12:46:25.791,0.82541,0.82553,1.00,1.00
2017.08.01 12:46:25.843,0.82541,0.82555,1.00,1.00
2017.08.01 12:46:25.945,0.82541,0.82558,1.00,1.50
2017.08.01 12:46:26.529,0.82542,0.82559,1.00,1.50
2017.08.01 12:46:27.052,0.82541,0.82558,1.00,1.00
2017.08.01 12:46:28.027,0.82542,0.82558,1.00,1.00
2017.08.01 12:46:29.417,0.82541,0.82559,1.00,1.00
2017.08.01 12:46:30.875,0.82542,0.82559,1.00,1.00
2017.08.01 12:46:32.740,0.82544,0.8256,1.00,1.87
2017.08.01 12:46:33.044,0.82546,0.82562,1.50,1.00
2017.08.01 12:46:33.680,0.82547,0.82564,1.00,1.50
2017.08.01 12:46:33.782,0.82546,0.82565,1.00,1.50
2017.08.01 12:46:34.087,0.82547,0.82563,1.00,1.00
2017.08.01 12:46:34.189,0.82545,0.82562,1.87,1.00
2017.08.01 12:46:34.930,0.82544,0.82561,3.00,1.00
2017.08.01 12:46:36.659,0.82544,0.82559,1.50,1.00
2017.08.01 12:46:36.862,0.82542,0.82559,1.00,1.87
2017.08.01 12:46:37.496,0.8254,0.82558,2.25,1.00
2017.08.01 12:46:38.175,0.82542,0.82558,1.00,1.00
2017.08.01 12:46:38.726,0.82542,0.82559,1.00,1.87
2017.08.01 12:46:39.232,0.82543,0.8256,1.00,2.25
2017.08.01 12:46:39.843,0.82541,0.82558,1.00,1.00
2017.08.01 12:46:40.046,0.82539,0.82556,1.50,1.00
2017.08.01 12:46:40.583,0.82538,0.82556,1.87,1.00
2017.08.01 12:46:41.090,0.82539,0.82556,1.00,1.00
2017.08.01 12:46:41.998,0.82538,0.82556,2.62,1.50
2017.08.01 12:46:42.302,0.8254,0.82556,1.00,1.00
2017.08.01 12:46:42.454,0.8254,0.82558,1.00,1.50
2017.08.01 12:46:43.175,0.82541,0.82558,1.00,1.00
2017.08.01 12:46:44.351,0.8254,0.82558,1.50,1.50
2017.08.01 12:46:44.971,0.8254,0.82556,1.50,1.00
2017.08.01 12:46:45.072,0.82537,0.82554,1.12,1.00
2017.08.01 12:46:46.191,0.82538,0.82555,1.00,1.50
2017.08.01 12:46:46.765,0.82539,0.82556,1.00,2.62
2017.08.01 12:46:48.568,0.82541,0.82557,1.00,1.50
2017.08.01 12:46:48.720,0.82539,0.82558,1.50,2.25
2017.08.01 12:46:49.221,0.8254,0.82558,1.00,1.50
2017.08.01 12:46:49.727,0.82541,0.82557,1.00,1.00
2017.08.01 12:46:50.588,0.82542,0.82558,1.00,1.00
2017.08.01 12:46:52.199,0.82542,0.82559,1.00,1.12
2017.08.01 12:46:52.755,0.82542,0.82558,1.00,1.00
2017.08.01 12:46:53.679,0.82541,0.82558,1.50,1.00
2017.08.01 12:46:54.378,0.82541,0.82559,1.50,1.12
2017.08.01 12:46:54.919,0.82542,0.82559,1.00,1.12
2017.08.01 12:46:55.425,0.82541,0.82559,1.00,1.12
2017.08.01 12:46:55.966,0.82542,0.82558,1.00,1.00
2017.08.01 12:46:56.261,0.82544,0.8256,1.00,1.50
2017.08.01 12:46:56.413,0.82542,0.82562,2.25,1.12
2017.08.01 12:46:56.767,0.82544,0.82562,1.00,1.12
2017.08.01 12:46:56.819,0.82542,0.82563,1.50,2.25
2017.08.01 12:46:56.870,0.82544,0.82562,1.00,1.12
2017.08.01 12:46:57.175,0.82546,0.82564,1.00,1.00
2017.08.01 12:46:57.689,0.82544,0.82563,1.50,1.50
2017.08.01 12:46:57.942,0.82547,0.82563,1.00,1.00
2017.08.01 12:46:58.448,0.82546,0.82563,1.12,1.00
2017.08.01 12:46:58.958,0.82545,0.82562,1.12,1.00
2017.08.01 12:46:59.274,0.82543,0.82559,1.50,1.00
2017.08.01 12:46:59.528,0.8254,0.82559,2.25,1.50
2017.08.01 12:46:59.841,0.82542,0.82559,1.00,1.00
2017.08.01 12:46:59.994,0.8254,0.82558,1.00,1.00
2017.08.01 12:47:00.593,0.82539,0.82557,1.50,1.00
2017.08.01 12:47:01.111,0.8254,0.82556,1.00,1.00
2017.08.01 12:47:02.102,0.8254,0.82557,1.00,1.00
2017.08.01 12:47:02.685,0.8254,0.82558,1.50,1.50
2017.08.01 12:47:03.270,0.8254,0.82557,1.50,1.00
2017.08.01 12:47:05.488,0.8254,0.82558,1.50,1.50
2017.08.01 12:47:05.662,0.8254,0.82555,1.00,1.00
2017.08.01 12:47:05.995,0.8254,0.82557,1.50,1.00
2017.08.01 12:47:06.588,0.8254,0.82558,1.50,1.50
2017.08.01 12:47:07.131,0.82541,0.82558,1.00,1.50
2017.08.01 12:47:07.283,0.82543,0.82558,1.50,1.00
2017.08.01 12:47:07.334,0.82543,0.82561,1.00,1.00
2017.08.01 12:47:07.385,0.82542,0.82559,2.25,1.00
2017.08.01 12:47:08.271,0.82541,0.82559,1.87,1.00
2017.08.01 12:47:08.777,0.82542,0.8256,1.00,1.50
2017.08.01 12:47:09.611,0.8254,0.82558,3.75,1.00
2017.08.01 12:47:09.859,0.82539,0.82557,2.25,1.00
2017.08.01 12:47:10.365,0.82538,0.82556,1.12,1.00
2017.08.01 12:47:10.870,0.82537,0.82555,3.00,1.00
2017.08.01 12:47:11.925,0.82538,0.82556,1.12,1.00
2017.08.01 12:47:12.602,0.82538,0.82555,2.62,1.00
2017.08.01 12:47:14.120,0.82539,0.82555,1.00,1.50
2017.08.01 12:47:16.528,0.82539,0.82556,1.00,1.00
2017.08.01 12:47:17.791,0.8254,0.82556,1.00,1.00
2017.08.01 12:47:18.045,0.82542,0.82558,1.00,1.50
2017.08.01 12:47:18.593,0.82543,0.82559,1.00,1.50
2017.08.01 12:47:19.099,0.82543,0.8256,1.00,1.50
2017.08.01 12:47:20.028,0.82542,0.82559,1.00,1.00
2017.08.01 12:47:20.578,0.82542,0.82558,1.00,1.00
2017.08.01 12:47:21.085,0.82543,0.82559,1.00,1.50
2017.08.01 12:47:21.405,0.82539,0.82555,1.00,1.00
2017.08.01 12:47:23.221,0.8254,0.82556,1.00,1.00
2017.08.01 12:47:23.424,0.82542,0.82559,1.00,1.00
2017.08.01 12:47:24.312,0.82543,0.82559,1.00,1.00
2017.08.01 12:47:29.134,0.82544,0.82561,1.00,1.00
2017.08.01 12:47:30.282,0.82544,0.82562,1.50,1.12
2017.08.01 12:47:30.586,0.82545,0.82564,2.62,1.00
2017.08.01 12:47:30.827,0.82549,0.82567,1.00,1.37
2017.08.01 12:47:31.334,0.82548,0.82566,1.00,1.12
2017.08.01 12:47:31.863,0.82547,0.82565,1.50,1.00
2017.08.01 12:47:32.389,0.82546,0.82565,2.25,1.00
2017.08.01 12:47:32.917,0.82545,0.82563,1.12,1.00
2017.08.01 12:47:33.502,0.82543,0.82562,3.00,1.00
2017.08.01 12:47:34.027,0.82544,0.82561,1.37,1.00
2017.08.01 12:47:34.529,0.82544,0.8256,1.37,1.00
2017.08.01 12:47:35.040,0.82544,0.8256,1.00,1.00
2017.08.01 12:47:36.182,0.82545,0.82561,1.00,1.00
2017.08.01 12:47:37.190,0.82544,0.82561,1.00,1.00
2017.08.01 12:47:38.280,0.82545,0.82561,1.00,1.00
2017.08.01 12:47:39.291,0.82545,0.82562,1.00,1.12
2017.08.01 12:47:39.836,0.82546,0.82562,1.00,1.12
2017.08.01 12:47:41.682,0.82547,0.82564,1.00,3.00
2017.08.01 12:47:41.987,0.82547,0.82564,1.00,1.50
2017.08.01 12:47:42.499,0.82546,0.82563,1.00,1.00
2017.08.01 12:47:43.057,0.82546,0.82562,1.00,1.00
2017.08.01 12:47:43.621,0.82546,0.82563,1.00,1.00
2017.08.01 12:47:44.367,0.82547,0.82563,1.00,1.00
2017.08.01 12:47:45.620,0.82546,0.82563,1.00,1.00
2017.08.01 12:47:46.371,0.82545,0.82562,1.00,1.00
2017.08.01 12:47:46.864,0.82547,0.82563,1.00,1.00
2017.08.01 12:47:48.889,0.82546,0.82563,1.00,1.00
2017.08.01 12:47:50.571,0.82547,0.82563,1.00,1.00
2017.08.01 12:47:52.065,0.82546,0.82563,1.00,1.00
2017.08.01 12:47:53.135,0.82547,0.82563,1.00,1.00
2017.08.01 12:47:53.643,0.82546,0.82562,1.00,1.00
2017.08.01 12:47:54.186,0.82545,0.82561,1.00,1.00
2017.08.01 12:47:54.614,0.82543,0.82558,1.50,1.00
2017.08.01 12:47:54.817,0.82542,0.82558,1.00,1.00
2017.08.01 12:47:55.584,0.82541,0.82558,1.50,1.00
2017.08.01 12:47:56.112,0.82542,0.82558,1.00,1.00
2017.08.01 12:47:56.971,0.82542,0.82559,1.00,1.50
2017.08.01 12:47:57.506,0.82542,0.82558,1.00,1.00
2017.08.01 12:47:58.040,0.82543,0.82559,1.00,1.50
2017.08.01 12:47:59.008,0.82542,0.82559,1.00,1.50
2017.08.01 12:47:59.539,0.82542,0.82558,1.00,1.00
2017.08.01 12:48:00.092,0.82542,0.82559,1.00,1.50
2017.08.01 12:48:00.603,0.82542,0.82558,1.00,1.00
2017.08.01 12:48:01.107,0.82542,0.82559,1.00,1.50
2017.08.01 12:48:01.638,0.82542,0.82558,1.00,1.00
2017.08.01 12:48:02.197,0.82542,0.82559,1.00,2.62
2017.08.01 12:48:02.713,0.82543,0.82558,1.00,1.00
2017.08.01 12:48:02.865,0.82541,0.82558,1.00,1.50
2017.08.01 12:48:03.017,0.82543,0.82558,1.00,1.00
2017.08.01 12:48:03.975,0.8254,0.82556,1.50,1.00
2017.08.01 12:48:04.481,0.82539,0.82556,1.00,1.00
2017.08.01 12:48:05.271,0.8254,0.82555,1.00,1.00
2017.08.01 12:48:05.849,0.8254,0.82556,1.00,1.00
2017.08.01 12:48:06.846,0.82541,0.82556,1.00,1.00
2017.08.01 12:48:06.999,0.82539,0.82554,1.00,1.00
2017.08.01 12:48:07.944,0.82538,0.82554,1.00,1.00
2017.08.01 12:48:08.487,0.82538,0.82555,1.00,1.50
2017.08.01 12:48:09.695,0.82538,0.82554,1.00,1.00
2017.08.01 12:48:10.265,0.82539,0.82554,1.00,1.00
2017.08.01 12:48:11.012,0.82538,0.82555,1.00,1.00
2017.08.01 12:48:11.574,0.82538,0.82554,1.00,1.00
2017.08.01 12:48:12.075,0.82538,0.82555,1.00,1.00
2017.08.01 12:48:12.823,0.82536,0.82552,1.00,1.00
2017.08.01 12:48:13.349,0.82536,0.82553,1.00,1.00
2017.08.01 12:48:13.867,0.82537,0.82553,1.00,1.00
2017.08.01 12:48:14.325,0.82538,0.82555,1.00,1.50
2017.08.01 12:48:14.941,0.82537,0.82555,1.00,1.50
2017.08.01 12:48:15.451,0.82538,0.82555,1.00,1.50
2017.08.01 12:48:17.183,0.82539,0.82555,1.00,1.00
2017.08.01 12:48:18.739,0.82538,0.82555,1.00,1.50
2017.08.01 12:48:19.143,0.82536,0.82552,2.25,1.00
2017.08.01 12:48:20.134,0.82535,0.82552,1.87,1.00
2017.08.01 12:48:21.131,0.82536,0.82552,1.00,1.00
2017.08.01 12:48:21.675,0.82535,0.82552,1.12,1.00
2017.08.01 12:48:22.207,0.82536,0.82552,1.00,1.00
2017.08.01 12:48:23.202,0.82535,0.82552,1.50,1.00
2017.08.01 12:48:24.192,0.82535,0.82551,1.00,1.00
2017.08.01 12:48:24.724,0.82535,0.82552,1.00,1.87
2017.08.01 12:48:27.785,0.82534,0.82551,1.50,1.00
2017.08.01 12:48:28.307,0.82535,0.82552,1.00,1.87
2017.08.01 12:48:28.854,0.82534,0.82551,1.00,1.00
2017.08.01 12:48:29.971,0.82535,0.82552,1.00,1.87
2017.08.01 12:48:30.993,0.82534,0.82551,1.00,1.00
2017.08.01 12:48:32.725,0.82533,0.82551,1.50,1.00
2017.08.01 12:48:33.702,0.82534,0.82551,1.00,1.00
2017.08.01 12:48:34.047,0.82531,0.82547,1.00,1.00
2017.08.01 12:48:34.554,0.82531,0.82548,1.00,1.50
2017.08.01 12:48:35.086,0.8253,0.82547,1.00,1.00
2017.08.01 12:48:35.625,0.82531,0.82547,1.00,1.00
2017.08.01 12:48:36.101,0.82529,0.82545,1.00,1.00
2017.08.01 12:48:36.152,0.82528,0.82547,2.62,1.50
2017.08.01 12:48:36.254,0.82528,0.82545,1.12,1.00
2017.08.01 12:48:36.945,0.82527,0.82545,1.00,1.00
2017.08.01 12:48:37.249,0.8253,0.82547,2.25,1.12
2017.08.01 12:48:37.813,0.8253,0.82548,1.00,1.87
2017.08.01 12:48:38.361,0.82531,0.82549,1.00,2.62
2017.08.01 12:48:38.884,0.8253,0.82548,1.50,1.00
2017.08.01 12:48:39.402,0.82531,0.82549,1.00,1.00
2017.08.01 12:48:39.706,0.82533,0.82551,1.00,1.87
2017.08.01 12:48:40.304,0.82532,0.8255,1.00,1.00
2017.08.01 12:48:40.816,0.82531,0.82549,1.00,1.50
2017.08.01 12:48:41.632,0.8253,0.82549,3.37,1.50
2017.08.01 12:48:42.164,0.82531,0.82549,1.50,1.50
2017.08.01 12:48:42.467,0.82534,0.82551,1.00,1.87
2017.08.01 12:48:42.742,0.82535,0.82553,1.00,2.25
2017.08.01 12:48:43.248,0.82536,0.82552,1.00,1.00
2017.08.01 12:48:43.749,0.82535,0.82551,1.50,1.00
2017.08.01 12:48:43.851,0.82535,0.82553,1.87,1.50
2017.08.01 12:48:44.532,0.82533,0.8255,1.50,1.00
2017.08.01 12:48:44.772,0.82531,0.8255,1.00,2.62
2017.08.01 12:48:45.029,0.8253,0.82548,1.00,1.00
2017.08.01 12:48:45.536,0.82531,0.82549,1.50,1.00
2017.08.01 12:48:46.082,0.82532,0.8255,1.00,2.47
2017.08.01 12:48:46.437,0.82532,0.82548,1.00,1.00
2017.08.01 12:48:46.846,0.82532,0.8255,1.00,1.12
2017.08.01 12:48:47.420,0.82533,0.8255,1.12,1.00
2017.08.01 12:48:48.841,0.82533,0.82549,1.87,1.00
2017.08.01 12:48:49.044,0.82533,0.82551,1.12,1.50
2017.08.01 12:48:49.343,0.82533,0.82549,1.12,1.00
2017.08.01 12:48:49.863,0.82533,0.8255,1.12,1.00
2017.08.01 12:48:50.369,0.82533,0.82549,1.87,1.00
2017.08.01 12:48:51.379,0.82531,0.8255,1.75,1.50
2017.08.01 12:48:51.532,0.82531,0.8255,1.00,1.50
2017.08.01 12:48:51.735,0.82531,0.82548,1.00,1.00
2017.08.01 12:48:52.283,0.82531,0.82549,1.00,1.00
2017.08.01 12:48:53.453,0.82531,0.82548,1.00,1.00
2017.08.01 12:48:54.119,0.82532,0.82548,1.00,1.50
2017.08.01 12:48:54.644,0.82531,0.82547,1.00,1.00
2017.08.01 12:48:55.201,0.82532,0.82548,1.00,1.00
2017.08.01 12:48:55.774,0.82532,0.82549,1.50,1.50
2017.08.01 12:49:00.583,0.82534,0.82549,1.00,1.00
2017.08.01 12:49:01.181,0.82534,0.8255,1.00,1.00
2017.08.01 12:49:01.717,0.82533,0.8255,1.00,1.00
2017.08.01 12:49:02.241,0.82532,0.82549,1.50,1.00
2017.08.01 12:49:02.750,0.82531,0.82548,1.00,1.00
2017.08.01 12:49:03.173,0.82531,0.8255,1.50,1.50
2017.08.01 12:49:03.224,0.82531,0.82548,1.50,1.00
2017.08.01 12:49:03.528,0.82529,0.82545,2.25,1.00
2017.08.01 12:49:04.063,0.82529,0.82545,1.00,1.00
2017.08.01 12:49:04.566,0.82528,0.82546,1.00,1.00
2017.08.01 12:49:05.681,0.82529,0.82545,1.00,1.00
2017.08.01 12:49:06.636,0.82528,0.82544,1.00,1.00
2017.08.01 12:49:06.864,0.82525,0.82542,2.25,1.00
2017.08.01 12:49:07.067,0.8253,0.82545,1.00,1.12
2017.08.01 12:49:07.271,0.8253,0.82547,1.00,1.00
2017.08.01 12:49:08.082,0.8253,0.82546,1.00,1.00
2017.08.01 12:49:08.628,0.82531,0.82547,1.00,1.12
2017.08.01 12:49:11.359,0.82532,0.82548,1.00,1.00
2017.08.01 12:49:12.332,0.82532,0.82549,1.00,1.87
2017.08.01 12:49:13.648,0.82534,0.82549,1.00,1.12
2017.08.01 12:49:13.895,0.82536,0.82553,1.50,1.00
2017.08.01 12:49:14.650,0.82537,0.82553,1.00,1.00
2017.08.01 12:49:15.155,0.82536,0.82553,1.00,1.00
2017.08.01 12:49:16.493,0.82535,0.82549,1.00,1.00
2017.08.01 12:49:16.595,0.82533,0.82549,1.87,1.00
2017.08.01 12:49:17.483,0.82532,0.82549,1.50,1.50
2017.08.01 12:49:19.254,0.82532,0.8255,1.00,1.00
2017.08.01 12:49:22.494,0.82531,0.82548,2.25,1.00
2017.08.01 12:49:23.503,0.8253,0.82548,1.87,1.00
2017.08.01 12:49:23.924,0.82536,0.82549,1.00,1.00
2017.08.01 12:49:24.101,0.82536,0.82552,1.50,1.00
2017.08.01 12:49:24.607,0.82536,0.82553,1.50,1.00
2017.08.01 12:49:24.962,0.82535,0.82551,1.00,1.00
2017.08.01 12:49:25.186,0.82537,0.82554,1.00,1.50
2017.08.01 12:49:25.721,0.82538,0.82554,1.00,1.00
2017.08.01 12:49:26.198,0.82536,0.82553,1.50,1.00
2017.08.01 12:49:26.881,0.82536,0.82552,1.00,1.00
2017.08.01 12:49:27.390,0.82537,0.82554,1.00,2.62
2017.08.01 12:49:27.566,0.82538,0.82555,1.00,1.50
2017.08.01 12:49:28.872,0.82538,0.82554,1.00,1.00
2017.08.01 12:49:28.974,0.82536,0.82553,1.50,1.00
2017.08.01 12:49:29.481,0.82537,0.82554,1.00,1.50
2017.08.01 12:49:30.064,0.82538,0.82555,1.00,2.25
2017.08.01 12:49:30.115,0.82536,0.82554,1.00,1.50
2017.08.01 12:49:30.369,0.82534,0.82551,1.50,1.00
2017.08.01 12:49:30.420,0.82533,0.82551,1.50,1.00
2017.08.01 12:49:31.192,0.82534,0.8255,1.00,1.00
2017.08.01 12:49:32.135,0.82533,0.8255,1.00,1.00
2017.08.01 12:49:32.643,0.82534,0.82551,1.00,1.50
2017.08.01 12:49:33.795,0.82535,0.82551,1.00,1.00
2017.08.01 12:49:34.343,0.82534,0.82551,1.00,1.00
2017.08.01 12:49:34.723,0.82532,0.82549,1.87,1.00
2017.08.01 12:49:36.306,0.82533,0.8255,1.00,1.00
2017.08.01 12:49:36.357,0.82533,0.82552,1.00,2.10
2017.08.01 12:49:36.509,0.82535,0.82552,1.00,1.00
2017.08.01 12:49:36.813,0.82532,0.82548,1.00,1.00
2017.08.01 12:49:36.914,0.8253,0.82547,1.00,1.00
2017.08.01 12:49:37.866,0.8253,0.82546,1.00,1.00
2017.08.01 12:49:39.412,0.82529,0.82545,1.00,1.00
2017.08.01 12:49:39.817,0.82527,0.82543,1.50,1.00
2017.08.01 12:49:40.331,0.82528,0.82544,1.00,1.00
2017.08.01 12:49:41.631,0.82527,0.82544,1.00,1.50
2017.08.01 12:49:41.992,0.82526,0.82542,1.00,1.00
2017.08.01 12:49:42.990,0.82526,0.82543,1.00,1.00
2017.08.01 12:49:43.780,0.82524,0.82542,1.87,1.00
2017.08.01 12:49:44.356,0.82524,0.82541,1.12,1.00
2017.08.01 12:49:50.892,0.82522,0.82539,1.50,1.50
2017.08.01 12:49:51.421,0.82521,0.82538,1.00,1.00
2017.08.01 12:49:56.015,0.82523,0.82539,1.00,1.00
2017.08.01 12:49:56.423,0.82521,0.82538,1.50,1.00
2017.08.01 12:49:56.525,0.82517,0.82534,1.75,1.00
2017.08.01 12:49:56.679,0.82516,0.82533,1.00,1.00
2017.08.01 12:49:57.187,0.82516,0.82532,1.00,1.50
2017.08.01 12:49:58.624,0.82517,0.82532,1.00,1.00
2017.08.01 12:49:58.726,0.82522,0.82534,1.50,1.50
2017.08.01 12:49:58.827,0.82524,0.82538,1.50,1.50
2017.08.01 12:49:58.878,0.82526,0.8254,1.00,1.00
2017.08.01 12:49:58.929,0.82528,0.82542,1.00,1.00
2017.08.01 12:49:59.237,0.82536,0.82549,1.00,1.00
2017.08.01 12:49:59.834,0.82536,0.8255,1.00,1.00
2017.08.01 12:50:00.347,0.82536,0.82549,1.50,1.00
2017.08.01 12:50:01.025,0.82536,0.8255,1.50,1.00
2017.08.01 12:50:01.541,0.82537,0.82552,1.00,1.50
2017.08.01 12:50:01.704,0.82539,0.82552,1.00,1.50
2017.08.01 12:50:02.226,0.82538,0.82552,1.00,1.00
2017.08.01 12:50:02.678,0.82536,0.8255,1.50,1.00
2017.08.01 12:50:03.023,0.82539,0.8255,1.00,1.00
2017.08.01 12:50:03.685,0.82538,0.82551,1.00,1.00
2017.08.01 12:50:04.181,0.82539,0.82553,1.00,1.50
2017.08.01 12:50:04.945,0.82539,0.82552,1.00,1.00
2017.08.01 12:50:07.124,0.8254,0.82552,1.00,1.00
2017.08.01 12:50:07.276,0.82535,0.82553,3.00,1.00
2017.08.01 12:50:07.429,0.82535,0.8255,1.12,1.00
2017.08.01 12:50:07.744,0.82538,0.8255,1.00,1.00
2017.08.01 12:50:08.454,0.82536,0.8255,1.00,1.00
2017.08.01 12:50:09.250,0.82536,0.82551,1.00,1.50
2017.08.01 12:50:09.779,0.82535,0.82551,1.87,1.50
2017.08.01 12:50:09.931,0.82532,0.82548,1.75,1.00
2017.08.01 12:50:10.234,0.82526,0.82541,1.12,1.00
2017.08.01 12:50:10.639,0.82522,0.82538,2.25,1.00
2017.08.01 12:50:10.740,0.82522,0.82536,1.87,1.00
2017.08.01 12:50:10.813,0.82522,0.82532,1.12,1.00
2017.08.01 12:50:10.921,0.82514,0.82531,1.75,1.00
2017.08.01 12:50:11.023,0.82515,0.8253,1.00,1.00
2017.08.01 12:50:11.074,0.82513,0.82531,1.00,1.50
2017.08.01 12:50:11.675,0.82513,0.82529,1.00,1.00
2017.08.01 12:50:11.878,0.82515,0.82534,2.25,1.87
2017.08.01 12:50:12.132,0.82516,0.8253,1.50,1.00
2017.08.01 12:50:12.491,0.82523,0.82536,1.00,2.25
2017.08.01 12:50:12.547,0.82523,0.82537,1.00,1.00
2017.08.01 12:50:12.649,0.82522,0.82539,2.62,1.50
2017.08.01 12:50:13.178,0.82523,0.82541,2.25,1.50
2017.08.01 12:50:13.454,0.82525,0.82541,1.00,1.00
2017.08.01 12:50:13.788,0.82525,0.82543,1.50,1.00
2017.08.01 12:50:14.193,0.82528,0.82544,1.00,1.00
2017.08.01 12:50:14.702,0.82528,0.82543,1.00,1.00
2017.08.01 12:50:15.217,0.82528,0.82544,1.00,1.00
2017.08.01 12:50:15.716,0.8253,0.82545,1.00,1.00
2017.08.01 12:50:16.021,0.82534,0.82551,1.50,1.00
2017.08.01 12:50:16.123,0.82536,0.82551,1.00,1.00
2017.08.01 12:50:16.642,0.82535,0.82551,1.00,1.50
2017.08.01 12:50:16.946,0.82533,0.8255,1.00,1.00
2017.08.01 12:50:17.463,0.82533,0.82549,1.00,1.50
2017.08.01 12:50:17.763,0.82536,0.82549,1.00,1.00
2017.08.01 12:50:17.865,0.82538,0.82553,1.50,1.50
2017.08.01 12:50:18.018,0.82541,0.82555,1.00,1.50
2017.08.01 12:50:18.322,0.8254,0.82557,1.50,1.00
2017.08.01 12:50:19.212,0.8254,0.82555,1.50,1.00
2017.08.01 12:50:19.729,0.82541,0.82556,1.00,1.00
2017.08.01 12:50:20.085,0.82543,0.82558,1.00,1.00
2017.08.01 12:50:20.136,0.82543,0.8256,1.50,1.50
2017.08.01 12:50:20.648,0.82543,0.82559,2.25,1.00
2017.08.01 12:50:21.776,0.82543,0.82558,1.50,1.00
2017.08.01 12:50:22.798,0.82544,0.82558,1.00,1.00
2017.08.01 12:50:23.302,0.82544,0.82559,1.00,1.00
2017.08.01 12:50:24.304,0.82544,0.82558,1.00,1.00
2017.08.01 12:50:24.821,0.82545,0.82558,1.00,1.00
2017.08.01 12:50:25.729,0.82543,0.82558,1.50,1.00
2017.08.01 12:50:26.994,0.82541,0.82558,1.50,1.00
2017.08.01 12:50:27.044,0.82541,0.82555,1.50,1.00
2017.08.01 12:50:27.280,0.82538,0.82555,2.25,1.00
2017.08.01 12:50:27.799,0.82539,0.82556,1.00,1.50
2017.08.01 12:50:27.850,0.82538,0.82553,1.50,1.00
2017.08.01 12:50:28.103,0.82534,0.82553,1.50,1.50
2017.08.01 12:50:28.268,0.82536,0.82553,1.00,1.50
2017.08.01 12:50:28.915,0.82535,0.82552,1.50,1.00
2017.08.01 12:50:29.263,0.82534,0.8255,3.00,1.00
2017.08.01 12:50:29.800,0.82535,0.82551,2.25,1.00
2017.08.01 12:50:30.409,0.82527,0.82543,1.75,1.50
2017.08.01 12:50:30.545,0.82524,0.8254,3.75,1.00
2017.08.01 12:50:30.596,0.82521,0.82538,2.25,1.50
2017.08.01 12:50:30.698,0.82521,0.82538,2.25,1.50
2017.08.01 12:50:30.749,0.82525,0.82538,1.00,1.00
2017.08.01 12:50:30.851,0.82526,0.8254,1.00,1.00
2017.08.01 12:50:30.902,0.82528,0.82543,1.00,1.75
2017.08.01 12:50:31.003,0.82528,0.82543,1.00,1.00
2017.08.01 12:50:31.054,0.82526,0.82542,1.00,1.00
2017.08.01 12:50:31.561,0.82524,0.82542,2.25,1.00
2017.08.01 12:50:41.146,0.82524,0.8254,1.50,1.00
2017.08.01 12:50:41.400,0.82522,0.8254,1.87,1.00
2017.08.01 12:50:41.906,0.82522,0.82539,1.12,1.00
2017.08.01 12:50:42.712,0.82524,0.8254,1.00,1.00
2017.08.01 12:50:43.244,0.82525,0.82541,1.00,1.50
2017.08.01 12:50:44.410,0.82525,0.82542,1.00,1.00
2017.08.01 12:50:47.114,0.82525,0.8254,1.00,1.00
2017.08.01 12:50:47.166,0.82523,0.8254,1.00,1.00
2017.08.01 12:50:47.670,0.82524,0.82541,1.00,1.50
2017.08.01 12:50:48.509,0.82524,0.8254,1.00,1.50
2017.08.01 12:50:49.238,0.82523,0.82539,1.00,1.00
2017.08.01 12:50:50.035,0.82521,0.82538,2.25,1.00
2017.08.01 12:50:51.544,0.82521,0.82537,1.50,1.00
2017.08.01 12:50:51.810,0.82521,0.82533,1.50,1.00
2017.08.01 12:50:51.964,0.82515,0.82533,1.12,1.00
2017.08.01 12:50:52.465,0.82514,0.82533,1.00,2.62
2017.08.01 12:50:54.904,0.82514,0.82531,1.00,1.00
2017.08.01 12:50:56.803,0.82513,0.82528,1.00,1.00
2017.08.01 12:50:57.006,0.8251,0.82528,1.00,1.00
2017.08.01 12:50:57.158,0.82511,0.8253,1.50,1.50
2017.08.01 12:50:57.876,0.82511,0.82528,2.25,1.00
2017.08.01 12:50:59.713,0.82511,0.82527,1.00,1.00
2017.08.01 12:51:00.219,0.82509,0.82527,1.50,1.00
2017.08.01 12:51:01.045,0.82511,0.82529,1.50,1.50
2017.08.01 12:51:01.146,0.82513,0.82531,1.50,1.87
2017.08.01 12:51:01.459,0.82513,0.82529,1.12,1.00
2017.08.01 12:51:01.848,0.82509,0.82525,1.37,1.00
2017.08.01 12:51:01.899,0.82509,0.82525,1.00,1.00
2017.08.01 12:51:02.406,0.82507,0.82526,3.00,1.00
2017.08.01 12:51:03.145,0.82507,0.82525,1.50,1.00
2017.08.01 12:51:03.676,0.82507,0.82525,1.00,1.00
2017.08.01 12:51:04.290,0.82508,0.82525,1.00,1.00
2017.08.01 12:51:04.824,0.82508,0.82526,1.00,1.12
2017.08.01 12:51:05.693,0.82508,0.82525,1.00,1.00
2017.08.01 12:51:06.383,0.8251,0.82526,1.00,1.12
2017.08.01 12:51:06.715,0.82508,0.82524,1.00,1.00
2017.08.01 12:51:07.393,0.82506,0.82523,2.25,1.00
2017.08.01 12:51:07.797,0.82505,0.82522,1.00,1.00
2017.08.01 12:51:13.241,0.82505,0.82523,1.00,1.00
2017.08.01 12:51:13.342,0.82507,0.82524,1.00,1.00
2017.08.01 12:51:13.588,0.82509,0.82527,1.00,1.00
2017.08.01 12:51:14.208,0.82511,0.82527,1.00,1.00
2017.08.01 12:51:15.211,0.8251,0.82527,1.00,1.00
2017.08.01 12:51:19.354,0.82509,0.82527,2.25,1.00
2017.08.01 12:51:19.658,0.82513,0.82531,1.00,1.00
2017.08.01 12:51:20.145,0.82511,0.82529,1.37,1.00
2017.08.01 12:51:20.460,0.8251,0.82528,1.00,1.00
2017.08.01 12:51:21.605,0.82511,0.82529,1.00,1.00
2017.08.01 12:51:24.982,0.82512,0.82529,1.00,1.00
2017.08.01 12:51:25.523,0.8251,0.82525,1.00,1.00
2017.08.01 12:51:25.675,0.82506,0.82523,2.62,1.00
2017.08.01 12:51:25.827,0.82507,0.82525,1.00,1.87
2017.08.01 12:51:26.030,0.8251,0.82527,1.00,1.50
2017.08.01 12:51:26.934,0.8251,0.82526,1.00,1.00
2017.08.01 12:51:28.326,0.8251,0.82527,1.00,1.00
2017.08.01 12:51:29.714,0.82509,0.82524,1.50,1.00
2017.08.01 12:51:29.867,0.82507,0.82524,1.12,1.00
2017.08.01 12:51:30.725,0.82506,0.82524,1.50,1.00
2017.08.01 12:51:31.288,0.82506,0.82523,1.50,1.00
2017.08.01 12:51:32.273,0.82505,0.82523,2.62,1.00
2017.08.01 12:51:33.251,0.82506,0.82523,1.00,1.00
2017.08.01 12:51:35.103,0.82505,0.82523,2.62,1.00
2017.08.01 12:51:35.224,0.82505,0.82521,1.12,1.00
2017.08.01 12:51:35.487,0.82504,0.82523,1.50,1.50
2017.08.01 12:51:36.218,0.82505,0.82523,1.00,1.00
2017.08.01 12:51:36.816,0.82504,0.82524,1.50,2.62
2017.08.01 12:51:37.374,0.82504,0.82523,1.50,1.00
2017.08.01 12:51:37.885,0.82504,0.82524,1.50,1.87
2017.08.01 12:51:37.987,0.82506,0.82523,1.00,1.50
2017.08.01 12:51:39.106,0.82506,0.82524,1.50,1.12
2017.08.01 12:51:40.038,0.82506,0.82523,1.50,1.00
2017.08.01 12:51:40.526,0.82509,0.82525,1.00,1.50
2017.08.01 12:51:40.858,0.82507,0.82519,1.00,1.00
2017.08.01 12:51:40.910,0.82504,0.82518,1.50,1.00
2017.08.01 12:51:40.961,0.82504,0.8252,2.25,1.00
2017.08.01 12:51:41.215,0.82506,0.82522,1.50,1.00
2017.08.01 12:51:41.424,0.82508,0.82524,1.00,1.00
2017.08.01 12:51:41.475,0.82509,0.82527,1.50,1.12
2017.08.01 12:51:41.526,0.82509,0.82519,1.00,1.00
2017.08.01 12:51:41.729,0.825,0.82518,1.00,1.00
2017.08.01 12:51:41.955,0.82502,0.82519,1.00,1.50
2017.08.01 12:51:42.402,0.825,0.82517,1.00,1.00
2017.08.01 12:51:42.706,0.82498,0.82515,1.00,1.50
2017.08.01 12:51:42.936,0.82496,0.82515,1.50,1.00
2017.08.01 12:51:43.458,0.82496,0.82516,1.00,1.00
2017.08.01 12:51:44.146,0.82496,0.82514,1.00,1.00
2017.08.01 12:51:44.451,0.82495,0.82512,1.00,1.00
2017.08.01 12:51:45.015,0.82494,0.82512,1.50,1.00
2017.08.01 12:51:45.563,0.82495,0.82512,1.00,1.00
2017.08.01 12:51:46.669,0.82494,0.82512,1.00,1.00
2017.08.01 12:51:47.192,0.82495,0.82513,1.00,1.00
2017.08.01 12:51:49.420,0.82495,0.82512,1.00,1.00
2017.08.01 12:51:50.285,0.82495,0.82513,1.00,1.00
2017.08.01 12:51:50.790,0.82496,0.82513,1.00,1.00
2017.08.01 12:51:51.818,0.82495,0.82512,1.50,1.00
2017.08.01 12:51:54.089,0.82496,0.82512,1.00,1.00
2017.08.01 12:51:54.708,0.82495,0.82512,1.50,1.00
2017.08.01 12:51:55.292,0.82495,0.82513,1.50,1.00
2017.08.01 12:51:56.535,0.82495,0.82512,1.00,1.00
2017.08.01 12:51:57.041,0.82496,0.82513,1.50,1.00
2017.08.01 12:52:00.253,0.82496,0.82514,1.00,1.50
2017.08.01 12:52:00.556,0.82499,0.82515,1.00,1.00
2017.08.01 12:52:00.856,0.82501,0.82518,1.00,1.00
2017.08.01 12:52:00.907,0.82503,0.82519,1.00,1.00
2017.08.01 12:52:01.162,0.82505,0.82523,1.00,1.00
2017.08.01 12:52:01.956,0.82505,0.82522,1.00,1.00
2017.08.01 12:52:02.492,0.82504,0.82521,2.62,1.00
2017.08.01 12:52:04.086,0.82504,0.82519,1.12,1.00
2017.08.01 12:52:04.188,0.82502,0.82519,1.50,1.00
2017.08.01 12:52:04.703,0.82501,0.82518,1.00,1.50
2017.08.01 12:52:04.754,0.82499,0.82516,1.50,1.00
2017.08.01 12:52:05.261,0.82498,0.82515,1.12,1.50
2017.08.01 12:52:05.414,0.82499,0.82517,1.50,1.00
2017.08.01 12:52:05.947,0.825,0.82516,1.00,1.00
2017.08.01 12:52:06.099,0.82498,0.82515,1.12,1.00
2017.08.01 12:52:06.200,0.82501,0.82515,1.00,1.00
2017.08.01 12:52:06.251,0.82501,0.82517,1.00,1.12
2017.08.01 12:52:06.302,0.82499,0.82516,1.00,1.00
2017.08.01 12:52:06.353,0.82499,0.82514,1.00,1.00
2017.08.01 12:52:06.913,0.82499,0.82515,1.00,1.00
2017.08.01 12:52:07.621,0.82499,0.82514,1.00,1.00
2017.08.01 12:52:08.151,0.82497,0.82514,1.50,1.00
2017.08.01 12:52:08.667,0.82497,0.82514,1.00,1.00
2017.08.01 12:52:09.074,0.82499,0.82514,1.00,1.00
2017.08.01 12:52:09.125,0.82499,0.82516,1.00,1.00
2017.08.01 12:52:09.635,0.825,0.82516,1.00,1.00
2017.08.01 12:52:10.040,0.82497,0.82515,1.00,1.00
2017.08.01 12:52:10.543,0.82497,0.82514,1.00,1.00
2017.08.01 12:52:10.945,0.82499,0.82515,1.00,1.00
2017.08.01 12:52:11.046,0.825,0.82517,1.00,1.50
2017.08.01 12:52:13.232,0.82499,0.82517,1.00,2.25
2017.08.01 12:52:13.435,0.82498,0.82515,1.00,1.00
2017.08.01 12:52:13.961,0.82499,0.82515,1.00,1.00
2017.08.01 12:52:14.984,0.82498,0.82515,1.00,1.50
2017.08.01 12:52:16.077,0.82497,0.82517,1.00,2.25
2017.08.01 12:52:16.128,0.825,0.82517,1.00,2.25
2017.08.01 12:52:16.331,0.82501,0.82519,1.50,1.00
2017.08.01 12:52:16.787,0.82502,0.82521,1.00,1.12
2017.08.01 12:52:17.814,0.82502,0.82515,1.00,1.00
2017.08.01 12:52:17.865,0.82499,0.82515,1.12,1.00
2017.08.01 12:52:18.018,0.82497,0.82515,1.50,1.00
2017.08.01 12:52:18.543,0.82497,0.82514,1.50,1.00
2017.08.01 12:52:18.790,0.82499,0.82516,1.00,2.62
2017.08.01 12:52:19.361,0.82498,0.82514,1.00,1.00
2017.08.01 12:52:19.879,0.82497,0.82514,1.00,1.00
2017.08.01 12:52:21.119,0.82497,0.82515,1.00,1.00
2017.08.01 12:52:22.634,0.82498,0.82515,1.00,1.00
2017.08.01 12:52:23.440,0.82497,0.82514,1.00,1.00
2017.08.01 12:52:24.151,0.82496,0.82513,1.50,1.00
2017.08.01 12:52:24.845,0.82496,0.8251,1.00,1.00
2017.08.01 12:52:25.048,0.82489,0.82505,1.00,1.00
2017.08.01 12:52:25.576,0.82491,0.82505,1.00,1.00
2017.08.01 12:52:25.779,0.82487,0.82503,1.00,1.00
2017.08.01 12:52:26.305,0.82486,0.82503,1.00,1.00
2017.08.01 12:52:27.410,0.82486,0.82502,1.00,1.00
2017.08.01 12:52:27.893,0.82484,0.82501,1.50,1.00
2017.08.01 12:52:34.472,0.82483,0.82501,1.00,1.00
2017.08.01 12:52:44.781,0.82483,0.825,1.00,1.00
2017.08.01 12:52:45.771,0.82483,0.82501,1.50,1.00
2017.08.01 12:52:47.413,0.82484,0.82502,1.00,2.25
2017.08.01 12:52:47.975,0.82485,0.82502,1.00,1.50
2017.08.01 12:52:48.512,0.82484,0.82502,1.50,1.50
2017.08.01 12:52:49.033,0.82484,0.82501,1.00,1.00
2017.08.01 12:52:49.545,0.82482,0.82499,1.50,1.00
2017.08.01 12:52:49.697,0.8248,0.82498,2.25,1.00
2017.08.01 12:52:50.221,0.82479,0.82497,1.50,1.50
2017.08.01 12:52:50.373,0.82481,0.82497,1.00,1.00
2017.08.01 12:52:50.424,0.8248,0.82499,2.25,1.12
2017.08.01 12:52:50.576,0.82483,0.82499,1.50,1.12
2017.08.01 12:52:51.083,0.82484,0.82499,1.00,1.12
2017.08.01 12:52:51.882,0.82482,0.82499,1.50,1.12
2017.08.01 12:52:52.085,0.82484,0.82499,1.00,1.12
2017.08.01 12:52:52.652,0.82484,0.825,1.00,1.00
2017.08.01 12:52:54.068,0.82483,0.825,1.00,1.00
2017.08.01 12:52:54.580,0.82484,0.825,1.00,1.00
2017.08.01 12:52:55.207,0.82483,0.825,1.50,1.00
2017.08.01 12:52:59.431,0.82484,0.82501,1.00,1.50
2017.08.01 12:53:03.418,0.82484,0.82502,1.50,1.12
2017.08.01 12:53:03.925,0.82485,0.82503,1.00,3.60
2017.08.01 12:53:04.532,0.82484,0.82502,1.50,1.12
2017.08.01 12:53:06.415,0.82484,0.82501,1.50,1.00
2017.08.01 12:53:06.723,0.82486,0.82505,1.50,1.00
2017.08.01 12:53:07.331,0.82488,0.82505,1.00,1.12
2017.08.01 12:53:09.219,0.8249,0.82506,1.00,1.50
2017.08.01 12:53:09.625,0.82489,0.82503,1.00,1.00
2017.08.01 12:53:09.727,0.82487,0.82503,1.00,1.00
2017.08.01 12:53:09.879,0.82487,0.82505,1.00,1.12
2017.08.01 12:53:11.863,0.8249,0.82508,1.00,3.60
2017.08.01 12:53:12.052,0.82489,0.82507,1.50,1.00
2017.08.01 12:53:12.613,0.82488,0.82506,1.00,1.50
2017.08.01 12:53:13.162,0.82488,0.82505,1.00,1.00
2017.08.01 12:53:14.871,0.82489,0.82506,1.00,1.50
2017.08.01 12:53:14.922,0.82487,0.82506,1.50,1.00
2017.08.01 12:53:15.074,0.82489,0.82506,1.00,1.00
2017.08.01 12:53:15.442,0.82491,0.82506,1.00,1.00
2017.08.01 12:53:15.645,0.82492,0.82509,1.00,1.12
2017.08.01 12:53:15.949,0.82494,0.82511,1.00,2.25
2017.08.01 12:53:16.051,0.82494,0.82511,1.50,1.00
2017.08.01 12:53:16.711,0.82493,0.8251,1.00,1.30
2017.08.01 12:53:17.256,0.82492,0.82509,1.50,1.00
2017.08.01 12:53:17.840,0.82493,0.82511,1.00,2.85
2017.08.01 12:53:18.385,0.82494,0.82511,1.00,1.67
2017.08.01 12:53:18.487,0.82493,0.82506,1.00,1.00
2017.08.01 12:53:18.538,0.82489,0.82506,1.12,1.00
2017.08.01 12:53:19.088,0.8249,0.82507,1.00,1.87
2017.08.01 12:53:30.638,0.82489,0.82505,1.00,1.00
2017.08.01 12:53:30.740,0.82487,0.82504,1.00,1.00
2017.08.01 12:53:31.436,0.82489,0.82504,1.00,1.12
2017.08.01 12:53:33.470,0.82491,0.82504,1.00,1.12
2017.08.01 12:53:33.623,0.82492,0.82509,1.00,1.12
2017.08.01 12:53:40.235,0.82495,0.82511,1.00,1.50
2017.08.01 12:53:40.601,0.82494,0.82511,1.00,1.00
2017.08.01 12:53:40.703,0.82493,0.82509,1.00,1.00
2017.08.01 12:53:41.210,0.82492,0.82509,1.00,1.00
2017.08.01 12:53:41.736,0.82491,0.82509,1.00,1.50
2017.08.01 12:53:43.274,0.82491,0.82508,1.00,1.00
2017.08.01 12:53:43.834,0.82492,0.82509,1.00,1.50
2017.08.01 12:53:44.404,0.82491,0.82509,1.00,1.50
2017.08.01 12:53:46.953,0.82492,0.82509,1.00,1.50
2017.08.01 12:53:48.958,0.82492,0.82506,1.00,1.00
2017.08.01 12:53:49.573,0.82492,0.82509,1.00,1.75
2017.08.01 12:53:50.182,0.82491,0.82509,1.50,2.25
2017.08.01 12:53:50.748,0.82492,0.82509,1.00,1.75
2017.08.01 12:53:51.343,0.82491,0.82509,1.50,2.25
2017.08.01 12:53:55.038,0.82492,0.82509,1.00,1.75
2017.08.01 12:53:55.583,0.82493,0.8251,1.00,2.25
2017.08.01 12:53:56.084,0.82491,0.82509,1.50,2.25
2017.08.01 12:53:57.051,0.82491,0.82509,1.50,1.50
2017.08.01 12:53:57.962,0.82491,0.82508,1.50,1.00
2017.08.01 12:53:59.026,0.82492,0.82509,1.00,1.00
2017.08.01 12:53:59.560,0.82493,0.82509,1.00,1.00
2017.08.01 12:54:00.676,0.82491,0.82509,1.50,1.00
2017.08.01 12:54:01.397,0.82493,0.82509,1.00,1.00
2017.08.01 12:54:01.554,0.82491,0.82508,1.00,1.00
2017.08.01 12:54:02.432,0.8249,0.82508,1.00,1.00
2017.08.01 12:54:02.584,0.82492,0.82509,1.50,1.50
2017.08.01 12:54:03.124,0.82491,0.8251,1.00,1.50
2017.08.01 12:54:03.636,0.8249,0.82509,1.50,1.00
2017.08.01 12:54:04.523,0.82491,0.82508,1.00,1.00
2017.08.01 12:54:04.844,0.82492,0.82511,1.00,3.00
2017.08.01 12:54:04.894,0.82494,0.82511,1.00,1.50
2017.08.01 12:54:05.406,0.82495,0.82511,1.00,1.00
2017.08.01 12:54:05.920,0.82495,0.82512,1.00,1.00
2017.08.01 12:54:06.422,0.82494,0.82511,1.00,1.00
2017.08.01 12:54:06.961,0.82495,0.82512,1.00,1.00
2017.08.01 12:54:07.504,0.82495,0.82513,1.00,1.87
2017.08.01 12:54:07.813,0.82497,0.82514,1.00,1.50
2017.08.01 12:54:08.360,0.82496,0.82513,1.50,1.12
2017.08.01 12:54:09.706,0.82497,0.82513,1.00,1.12
2017.08.01 12:54:10.801,0.82497,0.82516,1.50,1.37
2017.08.01 12:54:10.852,0.82497,0.82516,1.50,1.00
2017.08.01 12:54:11.374,0.82498,0.82516,1.00,1.00
2017.08.01 12:54:11.913,0.82499,0.82516,1.50,1.00
2017.08.01 12:54:11.969,0.82502,0.82519,1.00,1.50
2017.08.01 12:54:12.491,0.82502,0.82519,1.50,1.00
2017.08.01 12:54:13.350,0.82502,0.8252,1.50,1.00
2017.08.01 12:54:13.858,0.82501,0.82519,2.62,1.00
2017.08.01 12:54:14.381,0.82502,0.82519,1.00,1.00
2017.08.01 12:54:14.817,0.825,0.82516,1.00,1.00
2017.08.01 12:54:15.336,0.82499,0.82516,1.00,1.87
2017.08.01 12:54:15.742,0.82502,0.82516,1.00,1.12
2017.08.01 12:54:15.931,0.82503,0.8252,1.00,1.00
2017.08.01 12:54:16.472,0.82504,0.82522,1.50,1.50
2017.08.01 12:54:16.776,0.82506,0.82523,1.00,2.25
2017.08.01 12:54:17.313,0.82505,0.82523,1.00,1.75
2017.08.01 12:54:17.836,0.82506,0.82523,1.00,2.25
2017.08.01 12:54:18.343,0.82505,0.82523,1.00,2.25
2017.08.01 12:54:18.854,0.82506,0.82523,1.00,2.25
2017.08.01 12:54:19.433,0.82505,0.82523,1.00,2.25
2017.08.01 12:54:22.023,0.82504,0.82522,1.00,1.50
2017.08.01 12:54:22.242,0.82501,0.82519,1.00,1.00
2017.08.01 12:54:22.767,0.82502,0.82519,1.50,1.00
2017.08.01 12:54:23.295,0.82501,0.82519,1.50,1.00
2017.08.01 12:54:23.801,0.825,0.82519,1.00,1.00
2017.08.01 12:54:25.366,0.825,0.82518,1.00,1.00
2017.08.01 12:54:25.692,0.82501,0.8252,1.00,2.25
2017.08.01 12:54:26.222,0.82502,0.8252,1.00,1.50
2017.08.01 12:54:31.263,0.82502,0.82519,1.00,1.50
2017.08.01 12:54:31.314,0.825,0.82517,1.00,1.00
2017.08.01 12:54:31.659,0.82502,0.82519,1.00,1.87
2017.08.01 12:54:34.711,0.82504,0.82521,1.00,1.75
2017.08.01 12:54:35.736,0.82503,0.82521,1.00,2.25
2017.08.01 12:54:36.043,0.82505,0.82523,1.00,1.75
2017.08.01 12:54:36.094,0.82506,0.82524,1.00,2.25
2017.08.01 12:54:36.196,0.82506,0.82524,1.00,1.00
2017.08.01 12:54:36.814,0.82507,0.82524,1.00,1.00
2017.08.01 12:54:37.169,0.82507,0.82526,1.50,1.00
2017.08.01 12:54:37.220,0.8251,0.82526,1.00,1.00
2017.08.01 12:54:37.322,0.82508,0.82526,1.50,1.50
2017.08.01 12:54:37.372,0.8251,0.82526,1.00,1.00
2017.08.01 12:54:37.660,0.8251,0.82528,1.00,1.87
2017.08.01 12:54:38.190,0.8251,0.82527,1.00,1.00
2017.08.01 12:54:38.720,0.82511,0.82528,1.50,1.12
2017.08.01 12:54:38.873,0.82513,0.82528,1.00,1.12
2017.08.01 12:54:39.126,0.82514,0.82531,1.50,1.00
2017.08.01 12:54:39.655,0.82516,0.82531,1.00,1.00
2017.08.01 12:54:40.162,0.82517,0.82531,1.00,1.00
2017.08.01 12:54:40.416,0.82519,0.82536,1.00,3.00
2017.08.01 12:54:41.004,0.82518,0.82536,1.50,1.50
2017.08.01 12:54:41.484,0.8252,0.82537,1.00,2.85
2017.08.01 12:54:42.053,0.82519,0.82536,1.00,1.50
2017.08.01 12:54:42.562,0.8252,0.82536,1.00,1.50
2017.08.01 12:54:44.977,0.82519,0.82536,1.00,2.25
2017.08.01 12:54:45.485,0.82518,0.82534,1.00,1.00
2017.08.01 12:54:46.025,0.82518,0.82537,1.50,3.60
2017.08.01 12:54:47.247,0.82518,0.82534,1.00,1.00
2017.08.01 12:54:47.844,0.82518,0.82535,1.00,1.87
2017.08.01 12:54:48.367,0.82517,0.82535,1.00,1.87
2017.08.01 12:54:48.632,0.82518,0.82537,1.00,2.85
2017.08.01 12:54:49.492,0.82519,0.82537,1.00,2.85
2017.08.01 12:54:50.170,0.82519,0.82536,1.00,1.00
2017.08.01 12:54:50.685,0.8252,0.82536,1.00,1.00
2017.08.01 12:54:51.236,0.8252,0.82537,1.00,2.10
2017.08.01 12:54:51.897,0.82519,0.82537,1.00,1.35
2017.08.01 12:54:55.284,0.82519,0.82536,1.00,1.00
2017.08.01 12:54:55.486,0.82516,0.82535,2.25,2.25
2017.08.01 12:54:56.022,0.82516,0.82535,1.50,1.50
2017.08.01 12:54:56.073,0.82516,0.82533,1.00,1.00
2017.08.01 12:54:56.579,0.82516,0.82532,1.00,1.12
2017.08.01 12:54:58.117,0.82515,0.82532,1.00,1.12
2017.08.01 12:54:58.849,0.82514,0.82532,1.00,2.62
2017.08.01 12:54:59.439,0.82515,0.82532,1.00,2.62
2017.08.01 12:54:59.947,0.82514,0.82531,1.00,1.00
2017.08.01 12:55:00.252,0.82516,0.8253,1.00,1.00
2017.08.01 12:55:00.454,0.82516,0.82532,1.00,1.12
2017.08.01 12:55:00.692,0.82516,0.82534,1.00,1.50
2017.08.01 12:55:00.844,0.82515,0.82532,1.00,1.00
2017.08.01 12:55:01.199,0.82513,0.82531,1.00,3.00
2017.08.01 12:55:01.250,0.82513,0.82528,1.00,1.00
2017.08.01 12:55:01.793,0.82514,0.82531,1.00,2.25
2017.08.01 12:55:01.894,0.82513,0.82531,1.00,2.62
2017.08.01 12:55:03.208,0.82512,0.82531,1.00,2.47
2017.08.01 12:55:03.259,0.82512,0.82529,1.00,1.00
2017.08.01 12:55:03.361,0.82513,0.82531,1.00,3.22
2017.08.01 12:55:03.514,0.82511,0.8253,1.00,1.50
2017.08.01 12:55:04.035,0.8251,0.82529,1.50,1.50
2017.08.01 12:55:04.086,0.8251,0.82527,1.00,1.00
2017.08.01 12:55:04.653,0.82509,0.82527,1.00,1.00
2017.08.01 12:55:05.198,0.82508,0.82527,1.50,1.00
2017.08.01 12:55:05.984,0.82508,0.82526,1.50,1.00
2017.08.01 12:55:06.570,0.82508,0.82525,1.50,1.00
2017.08.01 12:55:06.881,0.8251,0.82525,1.00,1.00
2017.08.01 12:55:07.399,0.8251,0.82526,1.00,1.00
2017.08.01 12:55:07.450,0.8251,0.82528,1.00,1.87
2017.08.01 12:55:08.801,0.82509,0.82526,1.00,1.00
2017.08.01 12:55:09.689,0.8251,0.82528,1.00,1.87
2017.08.01 12:55:10.208,0.82509,0.82527,1.00,1.00
2017.08.01 12:55:11.789,0.82509,0.82526,1.00,1.00
2017.08.01 12:55:12.756,0.82509,0.82527,1.00,2.25
2017.08.01 12:55:13.436,0.8251,0.82527,1.00,2.25
2017.08.01 12:55:13.974,0.8251,0.82526,1.00,1.00
2017.08.01 12:55:14.591,0.8251,0.82527,1.00,2.25
2017.08.01 12:55:15.164,0.82509,0.82527,1.00,1.50
2017.08.01 12:55:15.266,0.82508,0.82524,1.00,1.50
2017.08.01 12:55:16.857,0.82504,0.82523,1.50,1.00
2017.08.01 12:55:16.908,0.82504,0.82521,1.00,1.00
2017.08.01 12:55:17.423,0.82504,0.8252,1.00,1.00
2017.08.01 12:55:17.475,0.82502,0.8252,1.00,1.50
2017.08.01 12:55:17.526,0.82502,0.82518,1.00,1.00
2017.08.01 12:55:18.059,0.82501,0.82518,1.00,1.87
2017.08.01 12:55:18.363,0.82503,0.8252,1.00,1.00
2017.08.01 12:55:18.908,0.82503,0.82522,1.00,1.50
2017.08.01 12:55:19.212,0.82505,0.82523,1.00,1.87
2017.08.01 12:55:19.720,0.82505,0.82524,1.00,1.50
2017.08.01 12:55:20.239,0.82506,0.82524,1.00,1.00
2017.08.01 12:55:20.770,0.82506,0.82525,1.00,2.85
2017.08.01 12:55:21.090,0.82506,0.82523,1.00,1.00
2017.08.01 12:55:22.037,0.82506,0.82524,1.00,1.50
2017.08.01 12:55:22.553,0.82508,0.82525,1.00,1.00
2017.08.01 12:55:23.072,0.82508,0.82526,1.00,1.87
2017.08.01 12:55:23.628,0.8251,0.82526,1.00,1.12
2017.08.01 12:55:23.831,0.8251,0.82528,1.00,1.00
2017.08.01 12:55:24.338,0.8251,0.82529,1.00,2.62
2017.08.01 12:55:25.247,0.82509,0.82529,2.25,1.87
2017.08.01 12:55:25.629,0.82509,0.82527,1.00,1.00
2017.08.01 12:55:26.137,0.82508,0.82527,1.12,1.50
2017.08.01 12:55:27.582,0.8251,0.82527,1.00,1.00
2017.08.01 12:55:28.140,0.82509,0.82527,1.00,1.50
2017.08.01 12:55:28.700,0.82509,0.82526,1.00,1.00
2017.08.01 12:55:29.218,0.8251,0.82526,1.00,1.00
2017.08.01 12:55:29.623,0.8251,0.82528,1.00,1.00
2017.08.01 12:55:30.175,0.82513,0.82528,1.00,1.00
2017.08.01 12:55:30.529,0.82513,0.82531,1.00,1.00
2017.08.01 12:55:31.748,0.82515,0.82531,1.00,1.00
2017.08.01 12:55:32.255,0.82514,0.82532,1.00,1.00
2017.08.01 12:55:32.684,0.82517,0.82533,1.00,1.00
2017.08.01 12:55:32.988,0.82519,0.82536,1.00,3.00
2017.08.01 12:55:33.241,0.82519,0.82536,1.00,1.50
2017.08.01 12:55:33.292,0.82521,0.82536,1.00,1.00
2017.08.01 12:55:33.596,0.82522,0.82539,1.00,1.50
2017.08.01 12:55:34.147,0.82522,0.82539,1.00,1.12
2017.08.01 12:55:34.719,0.82523,0.82539,1.00,1.12
2017.08.01 12:55:35.307,0.82521,0.82532,1.00,1.00
2017.08.01 12:55:35.476,0.82513,0.82531,1.12,1.00
2017.08.01 12:55:36.084,0.82513,0.82532,1.00,2.62
2017.08.01 12:55:36.308,0.82516,0.82531,1.00,1.00
2017.08.01 12:55:36.538,0.82516,0.82534,1.00,1.00
2017.08.01 12:55:37.053,0.82518,0.82535,1.00,1.87
2017.08.01 12:55:37.563,0.82517,0.82534,1.00,1.00
2017.08.01 12:55:38.130,0.82517,0.82535,1.00,1.87
2017.08.01 12:55:38.589,0.82515,0.82534,1.00,1.00
2017.08.01 12:55:39.073,0.82517,0.82534,1.00,1.00
2017.08.01 12:55:39.276,0.82515,0.82533,1.00,1.00
2017.08.01 12:55:39.970,0.82514,0.82532,1.12,1.00
2017.08.01 12:55:40.488,0.82514,0.82531,1.12,1.00
2017.08.01 12:55:42.101,0.82514,0.82532,1.12,1.50
2017.08.01 12:55:42.715,0.82515,0.82532,1.00,1.50
2017.08.01 12:55:43.262,0.82515,0.82531,1.00,1.50
2017.08.01 12:55:45.012,0.82514,0.82531,1.12,1.50
2017.08.01 12:55:46.235,0.82514,0.8253,1.12,1.00
2017.08.01 12:55:46.764,0.82513,0.8253,1.00,1.87
2017.08.01 12:55:48.296,0.82511,0.82528,1.00,1.00
2017.08.01 12:55:48.628,0.82504,0.82519,1.25,1.87
2017.08.01 12:55:48.679,0.82501,0.82518,1.62,1.87
2017.08.01 12:55:48.882,0.825,0.82518,1.00,1.87
2017.08.01 12:55:49.951,0.825,0.82517,1.00,1.00
2017.08.01 12:55:50.104,0.82502,0.82518,1.00,1.12
2017.08.01 12:55:50.408,0.82502,0.8252,1.00,1.00
2017.08.01 12:55:50.582,0.82499,0.8252,2.62,1.87
2017.08.01 12:55:50.936,0.82501,0.8252,1.00,1.87
2017.08.01 12:55:51.452,0.82502,0.8252,1.00,1.12
2017.08.01 12:55:51.705,0.82503,0.82522,1.00,1.50
2017.08.01 12:55:51.998,0.82502,0.8252,1.00,1.00
2017.08.01 12:55:52.202,0.82499,0.82518,1.00,1.87
2017.08.01 12:55:52.505,0.82501,0.82518,1.00,1.87
2017.08.01 12:55:54.081,0.82502,0.82519,1.00,2.25
2017.08.01 12:55:54.568,0.82504,0.82519,1.00,2.25
2017.08.01 12:55:54.773,0.82504,0.8252,1.00,1.00
2017.08.01 12:55:54.977,0.82502,0.8252,1.00,1.50
2017.08.01 12:55:55.523,0.82504,0.8252,1.00,1.50
2017.08.01 12:55:56.605,0.82504,0.82521,1.00,1.12
2017.08.01 12:55:57.112,0.82505,0.82522,1.00,1.00
2017.08.01 12:55:58.959,0.82507,0.82523,1.00,1.00
2017.08.01 12:55:59.112,0.8251,0.82528,1.50,1.00
2017.08.01 12:55:59.164,0.82511,0.8253,1.00,1.50
2017.08.01 12:55:59.521,0.82509,0.82527,2.25,1.00
2017.08.01 12:55:59.623,0.82509,0.82526,1.00,1.00
2017.08.01 12:55:59.759,0.82507,0.82523,1.00,1.00
2017.08.01 12:55:59.861,0.82505,0.82523,1.12,1.00
2017.08.01 12:55:59.962,0.82505,0.8252,1.00,1.00
2017.08.01 12:56:00.475,0.82504,0.8252,1.00,1.00
2017.08.01 12:56:00.813,0.82508,0.82523,1.00,1.00
2017.08.01 12:56:01.370,0.82505,0.82523,1.00,1.00
2017.08.01 12:56:01.472,0.82504,0.82521,1.00,1.00
2017.08.01 12:56:04.449,0.82504,0.8252,1.00,1.00
2017.08.01 12:56:05.728,0.82505,0.8252,1.00,1.00
2017.08.01 12:56:07.052,0.82505,0.82522,1.00,1.00
2017.08.01 12:56:07.564,0.82505,0.82523,1.00,1.00
2017.08.01 12:56:07.863,0.82504,0.82521,1.00,1.00
2017.08.01 12:56:08.393,0.82503,0.8252,1.00,1.00
2017.08.01 12:56:08.937,0.82504,0.8252,1.00,1.00
2017.08.01 12:56:09.907,0.82505,0.8252,1.00,1.00
2017.08.01 12:56:10.110,0.82505,0.82522,1.00,1.00
2017.08.01 12:56:10.629,0.82504,0.82521,1.87,1.00
2017.08.01 12:56:11.163,0.82504,0.82522,1.87,1.50
2017.08.01 12:56:11.964,0.82504,0.8252,1.12,1.00
2017.08.01 12:56:12.369,0.82501,0.82519,1.87,1.50
2017.08.01 12:56:12.917,0.82501,0.82518,1.87,1.00
2017.08.01 12:56:13.434,0.82504,0.82518,1.50,1.00
2017.08.01 12:56:13.486,0.82504,0.8252,1.00,1.00
2017.08.01 12:56:13.946,0.82502,0.8252,1.50,1.50
2017.08.01 12:56:14.468,0.82502,0.82519,1.00,1.00
2017.08.01 12:56:14.984,0.82501,0.82519,1.12,1.00
2017.08.01 12:56:15.290,0.825,0.82517,1.50,1.00
2017.08.01 12:56:15.341,0.82498,0.82517,1.50,1.50
2017.08.01 12:56:15.392,0.82498,0.82515,1.50,1.00
2017.08.01 12:56:15.971,0.82497,0.82515,1.00,1.00
2017.08.01 12:56:16.858,0.82497,0.82516,1.00,1.00
2017.08.01 12:56:17.263,0.82496,0.82514,2.62,1.00
2017.08.01 12:56:18.057,0.82496,0.82515,1.87,1.35
2017.08.01 12:56:19.014,0.82497,0.82515,1.00,1.00
2017.08.01 12:56:19.562,0.82497,0.82514,1.00,1.00
2017.08.01 12:56:20.296,0.82496,0.82514,1.12,1.00
2017.08.01 12:56:20.896,0.82496,0.82513,1.12,1.00
2017.08.01 12:56:21.517,0.82496,0.82514,1.12,1.50
2017.08.01 12:56:21.902,0.82497,0.82516,1.00,1.50
2017.08.01 12:56:23.025,0.82498,0.82516,1.00,1.50
2017.08.01 12:56:24.109,0.82498,0.82518,1.00,2.25
2017.08.01 12:56:24.727,0.82499,0.82517,1.00,1.87
2017.08.01 12:56:25.561,0.82499,0.82516,1.00,1.00
2017.08.01 12:56:27.746,0.82499,0.82517,1.00,1.87
2017.08.01 12:56:29.705,0.82499,0.82516,1.00,1.00
2017.08.01 12:56:30.429,0.825,0.82516,1.00,1.00
2017.08.01 12:56:30.616,0.82501,0.82518,1.00,1.00
2017.08.01 12:56:30.920,0.82503,0.82519,1.00,1.00
2017.08.01 12:56:31.506,0.82503,0.8252,1.00,1.87
2017.08.01 12:56:32.157,0.82503,0.82521,1.00,1.50
2017.08.01 12:56:33.139,0.82503,0.8252,1.00,1.00
2017.08.01 12:56:33.651,0.82504,0.82522,1.00,1.50
2017.08.01 12:56:34.656,0.82503,0.82522,1.00,1.00
2017.08.01 12:56:35.531,0.82502,0.82521,1.50,1.00
2017.08.01 12:56:35.684,0.82501,0.82519,1.12,1.50
2017.08.01 12:56:35.988,0.825,0.82517,1.00,1.00
2017.08.01 12:56:36.538,0.82499,0.82517,1.00,1.50
2017.08.01 12:56:37.444,0.82499,0.82518,1.00,2.25
2017.08.01 12:56:37.953,0.82499,0.82517,1.00,1.00
2017.08.01 12:56:38.705,0.82499,0.82518,1.00,2.25
2017.08.01 12:56:39.251,0.82499,0.82517,1.00,1.00
2017.08.01 12:56:39.783,0.825,0.82517,1.00,1.00
2017.08.01 12:56:40.729,0.825,0.82518,1.00,1.00
2017.08.01 12:56:41.066,0.82502,0.82518,1.00,1.00
2017.08.01 12:56:41.269,0.82501,0.82522,3.37,1.87
2017.08.01 12:56:42.101,0.82504,0.82522,1.00,1.87
2017.08.01 12:56:42.609,0.82505,0.82521,1.00,1.00
2017.08.01 12:56:43.054,0.82503,0.82521,1.00,1.00
2017.08.01 12:56:44.198,0.82503,0.82522,1.50,1.87
2017.08.01 12:56:44.705,0.82504,0.82522,1.00,1.12
2017.08.01 12:56:46.256,0.82504,0.82521,1.00,1.00
2017.08.01 12:56:46.357,0.82502,0.8252,2.25,1.00
2017.08.01 12:56:46.565,0.82504,0.82521,1.00,1.50
2017.08.01 12:56:48.019,0.82505,0.82522,1.00,2.62
2017.08.01 12:56:48.570,0.82505,0.82521,1.00,1.00
2017.08.01 12:56:49.078,0.82505,0.82522,1.00,1.87
2017.08.01 12:56:49.634,0.82505,0.82523,1.50,1.00
2017.08.01 12:56:50.149,0.82506,0.82524,1.00,1.50
2017.08.01 12:56:50.873,0.82506,0.82523,1.00,1.00
2017.08.01 12:56:51.480,0.82507,0.82523,1.00,1.00
2017.08.01 12:56:51.656,0.82508,0.82526,1.00,2.25
2017.08.01 12:56:51.758,0.82508,0.82521,1.00,1.00
2017.08.01 12:56:51.910,0.82501,0.82519,2.25,1.50
2017.08.01 12:56:51.962,0.82501,0.82517,1.50,1.00
2017.08.01 12:56:52.475,0.825,0.82517,1.00,1.50
2017.08.01 12:56:53.072,0.82499,0.82517,1.00,1.50
2017.08.01 12:56:53.829,0.82499,0.82516,1.00,1.00
2017.08.01 12:56:54.341,0.82498,0.82515,1.00,1.00
2017.08.01 12:56:54.867,0.82497,0.82515,1.12,1.50
2017.08.01 12:56:55.386,0.82497,0.82514,1.12,1.00
2017.08.01 12:56:55.935,0.82499,0.82515,1.50,1.00
2017.08.01 12:56:56.037,0.825,0.82517,1.00,1.87
2017.08.01 12:56:56.936,0.82499,0.82517,1.50,1.12
2017.08.01 12:56:58.115,0.825,0.82517,1.50,1.87
2017.08.01 12:57:01.517,0.82499,0.82517,1.00,1.12
2017.08.01 12:57:02.784,0.82497,0.82515,3.00,1.00
2017.08.01 12:57:03.287,0.82496,0.82514,1.00,1.50
2017.08.01 12:57:04.142,0.82496,0.82513,1.00,1.00
2017.08.01 12:57:04.671,0.82497,0.82514,1.00,1.00
2017.08.01 12:57:05.020,0.82499,0.82514,1.00,1.00
2017.08.01 12:57:05.172,0.825,0.82518,1.50,1.87
2017.08.01 12:57:05.273,0.82502,0.82518,1.50,1.00
2017.08.01 12:57:05.375,0.825,0.82518,1.00,1.00
2017.08.01 12:57:05.730,0.82503,0.82519,1.00,1.00
2017.08.01 12:57:06.262,0.82503,0.8252,1.00,1.12
2017.08.01 12:57:06.364,0.82501,0.82521,3.00,2.25
2017.08.01 12:57:07.298,0.825,0.8252,2.25,1.87
2017.08.01 12:57:07.836,0.82501,0.8252,1.00,2.62
2017.08.01 12:57:08.753,0.82502,0.8252,1.00,1.87
2017.08.01 12:57:09.350,0.82501,0.8252,1.50,1.87
2017.08.01 12:57:09.482,0.82503,0.8252,1.00,1.12
2017.08.01 12:57:11.295,0.82502,0.82522,2.25,2.25
2017.08.01 12:57:11.645,0.82504,0.82522,1.50,3.00
2017.08.01 12:57:12.087,0.82502,0.8252,1.00,1.87
2017.08.01 12:57:12.718,0.82503,0.8252,1.00,1.12
2017.08.01 12:57:12.821,0.82503,0.82518,1.00,1.00
2017.08.01 12:57:12.973,0.82503,0.8252,2.25,1.00
2017.08.01 12:57:13.075,0.82505,0.82522,1.00,2.25
2017.08.01 12:57:13.624,0.82505,0.82522,1.00,1.00
2017.08.01 12:57:14.230,0.82505,0.82525,2.25,3.00
2017.08.01 12:57:14.382,0.82507,0.82526,1.00,1.75
2017.08.01 12:57:14.484,0.82507,0.82526,1.00,1.00
2017.08.01 12:57:15.876,0.82508,0.82526,1.00,1.00
2017.08.01 12:57:16.180,0.8251,0.82527,1.00,1.12
2017.08.01 12:57:16.723,0.82512,0.82529,1.00,2.25
2017.08.01 12:57:16.976,0.82512,0.8253,1.00,1.00
2017.08.01 12:57:19.590,0.82512,0.82528,1.00,1.00
2017.08.01 12:57:20.134,0.8251,0.82529,2.25,1.00
2017.08.01 12:57:20.894,0.8251,0.82528,1.50,1.00
2017.08.01 12:57:21.400,0.8251,0.82528,1.00,1.87
2017.08.01 12:57:21.907,0.8251,0.82526,1.00,1.00
2017.08.01 12:57:27.785,0.82509,0.82526,1.00,1.00
2017.08.01 12:57:28.769,0.8251,0.82526,1.00,1.00
2017.08.01 12:57:33.886,0.82512,0.82528,1.00,2.62
2017.08.01 12:57:34.140,0.82513,0.8253,1.50,1.00
2017.08.01 12:57:34.293,0.82514,0.82532,1.00,1.50
2017.08.01 12:57:34.808,0.82514,0.82531,1.00,1.00
2017.08.01 12:57:35.387,0.82515,0.82531,1.00,1.00
2017.08.01 12:57:35.908,0.82515,0.82532,1.00,1.50
2017.08.01 12:57:40.710,0.82513,0.82532,2.25,1.50
2017.08.01 12:57:45.864,0.82514,0.82532,1.00,1.50
2017.08.01 12:57:46.381,0.82515,0.82532,1.00,1.50
2017.08.01 12:57:46.584,0.82514,0.8253,1.00,1.00
2017.08.01 12:57:46.985,0.82512,0.82529,1.12,1.00
2017.08.01 12:57:47.440,0.82514,0.8253,1.00,1.00
2017.08.01 12:57:48.728,0.82513,0.8253,1.00,1.00
2017.08.01 12:57:49.754,0.82514,0.82531,1.00,1.50
2017.08.01 12:57:50.060,0.82512,0.82529,3.37,1.00
2017.08.01 12:57:50.363,0.82511,0.82527,1.00,1.00
2017.08.01 12:57:50.886,0.82511,0.82528,1.00,1.50
2017.08.01 12:57:51.517,0.82511,0.82527,1.00,1.00
2017.08.01 12:57:52.074,0.82511,0.82528,1.00,1.50
2017.08.01 12:57:52.589,0.82511,0.82527,1.00,1.00
2017.08.01 12:57:53.122,0.8251,0.82527,1.87,1.00
2017.08.01 12:57:53.818,0.8251,0.82526,1.12,1.00
2017.08.01 12:57:54.717,0.8251,0.82527,1.00,1.50
2017.08.01 12:57:55.760,0.82509,0.82526,1.00,1.00
2017.08.01 12:57:56.273,0.82508,0.82527,2.25,1.00
2017.08.01 12:58:00.758,0.82508,0.82524,1.00,1.00
2017.08.01 12:58:02.026,0.82507,0.82524,1.00,1.00
2017.08.01 12:58:02.809,0.82506,0.82524,1.12,1.00
2017.08.01 12:58:03.347,0.82507,0.82524,1.00,1.00
2017.08.01 12:58:03.696,0.82506,0.82521,1.12,1.00
2017.08.01 12:58:04.205,0.82507,0.82522,1.00,1.00
2017.08.01 12:58:04.637,0.82508,0.82524,1.00,1.00
2017.08.01 12:58:04.751,0.8251,0.82525,1.00,1.00
2017.08.01 12:58:04.802,0.82507,0.82523,1.50,1.00
2017.08.01 12:58:04.954,0.82506,0.82525,1.50,1.35
2017.08.01 12:58:05.107,0.82508,0.82526,1.87,1.60
2017.08.01 12:58:05.619,0.82509,0.82525,1.00,1.00
2017.08.01 12:58:06.090,0.82507,0.82519,1.37,1.00
2017.08.01 12:58:06.293,0.82499,0.82517,1.87,1.50
2017.08.01 12:58:06.547,0.82502,0.82519,1.00,1.00
2017.08.01 12:58:06.962,0.82504,0.82521,1.00,1.00
2017.08.01 12:58:07.468,0.82505,0.82522,1.50,1.00
2017.08.01 12:58:08.023,0.82504,0.82521,3.00,1.00
2017.08.01 12:58:08.478,0.82503,0.82522,2.25,1.00
2017.08.01 12:58:08.529,0.82504,0.82522,1.87,1.00
2017.08.01 12:58:09.062,0.82505,0.82523,1.12,1.00
2017.08.01 12:58:09.454,0.82507,0.82522,1.00,1.00
2017.08.01 12:58:09.556,0.82507,0.82524,1.00,1.00
2017.08.01 12:58:10.098,0.82507,0.82525,1.50,1.50
2017.08.01 12:58:10.604,0.82508,0.82525,1.87,1.50
2017.08.01 12:58:11.327,0.82509,0.82525,1.00,1.50
2017.08.01 12:58:11.857,0.82508,0.82525,1.12,1.00
2017.08.01 12:58:12.086,0.82508,0.82521,1.12,1.50
2017.08.01 12:58:12.189,0.82503,0.8252,1.00,1.00
2017.08.01 12:58:12.240,0.82501,0.82519,3.19,1.00
2017.08.01 12:58:12.804,0.82502,0.82519,1.00,1.50
2017.08.01 12:58:13.305,0.82503,0.82519,1.00,1.00
2017.08.01 12:58:13.812,0.82502,0.82519,1.50,1.00
2017.08.01 12:58:14.069,0.82504,0.8252,1.00,1.00
2017.08.01 12:58:14.373,0.82504,0.82522,1.50,1.50
2017.08.01 12:58:16.308,0.82502,0.8252,1.50,1.00
2017.08.01 12:58:16.612,0.825,0.82516,1.00,1.00
2017.08.01 12:58:16.663,0.82497,0.82516,1.87,1.50
2017.08.01 12:58:16.815,0.82497,0.82513,1.50,1.00
2017.08.01 12:58:17.122,0.8249,0.82508,1.00,1.00
2017.08.01 12:58:17.275,0.82489,0.82506,1.00,1.00
2017.08.01 12:58:17.685,0.82488,0.825,1.00,1.00
2017.08.01 12:58:17.825,0.82482,0.825,1.50,1.12
2017.08.01 12:58:17.927,0.82481,0.82497,1.00,1.00
2017.08.01 12:58:17.978,0.82478,0.82497,1.12,1.87
2017.08.01 12:58:18.079,0.8248,0.82499,1.00,3.00
2017.08.01 12:58:18.385,0.82481,0.82499,1.50,1.00
2017.08.01 12:58:18.487,0.82482,0.82501,1.00,1.50
2017.08.01 12:58:18.983,0.82485,0.82503,1.00,2.25
2017.08.01 12:58:19.351,0.82482,0.82501,2.25,1.50
2017.08.01 12:58:19.869,0.82485,0.82503,1.00,2.25
2017.08.01 12:58:20.021,0.82486,0.82504,1.00,1.00
2017.08.01 12:58:20.540,0.82486,0.82505,1.00,1.87
2017.08.01 12:58:21.081,0.82486,0.82503,1.00,1.00
2017.08.01 12:58:21.183,0.82483,0.82502,2.25,1.50
2017.08.01 12:58:21.233,0.82483,0.825,1.50,1.00
2017.08.01 12:58:21.386,0.82481,0.82499,2.62,1.00
2017.08.01 12:58:21.689,0.82483,0.82499,1.00,1.00
2017.08.01 12:58:21.791,0.82483,0.82502,1.50,2.62
2017.08.01 12:58:22.300,0.82483,0.82501,1.50,1.00
2017.08.01 12:58:22.401,0.82481,0.825,3.37,1.00
2017.08.01 12:58:22.554,0.82483,0.82501,1.50,1.00
2017.08.01 12:58:22.757,0.82484,0.82503,2.25,1.50
2017.08.01 12:58:23.892,0.82484,0.82502,1.50,1.00
2017.08.01 12:58:23.994,0.82484,0.82499,1.00,1.00
2017.08.01 12:58:24.311,0.8248,0.82499,1.87,1.00
2017.08.01 12:58:24.564,0.82482,0.825,1.00,1.50
2017.08.01 12:58:24.886,0.82483,0.82502,1.87,1.00
2017.08.01 12:58:25.425,0.82484,0.82503,1.50,1.00
2017.08.01 12:58:25.931,0.82485,0.82503,1.00,1.00
2017.08.01 12:58:26.348,0.82483,0.82501,1.12,1.00
2017.08.01 12:58:26.500,0.82481,0.825,1.50,1.50
2017.08.01 12:58:26.848,0.82484,0.82498,1.00,1.00
2017.08.01 12:58:26.899,0.82484,0.825,1.00,1.00
2017.08.01 12:58:27.421,0.82484,0.82501,1.50,1.12
2017.08.01 12:58:28.161,0.82485,0.82503,1.00,2.25
2017.08.01 12:58:28.700,0.82486,0.82503,1.00,1.87
2017.08.01 12:58:28.752,0.82485,0.825,1.00,1.00
2017.08.01 12:58:28.803,0.82483,0.825,1.12,1.50
2017.08.01 12:58:29.773,0.82484,0.825,1.00,1.00
2017.08.01 12:58:29.925,0.82484,0.82502,1.00,1.50
2017.08.01 12:58:30.279,0.82484,0.825,1.00,1.00
2017.08.01 12:58:30.582,0.82482,0.825,1.00,1.12
2017.08.01 12:58:31.127,0.82481,0.825,1.00,1.87
2017.08.01 12:58:31.582,0.82481,0.82498,1.00,1.00
2017.08.01 12:58:32.118,0.8248,0.82497,1.00,1.00
2017.08.01 12:58:32.650,0.8248,0.82498,1.50,1.00
2017.08.01 12:58:32.853,0.82481,0.825,1.00,2.62
2017.08.01 12:58:33.056,0.8248,0.82498,1.50,1.00
2017.08.01 12:58:33.588,0.82479,0.82498,1.00,2.25
2017.08.01 12:58:34.446,0.82478,0.82499,2.25,1.75
2017.08.01 12:58:34.750,0.8248,0.82498,1.00,1.00
2017.08.01 12:58:35.268,0.82479,0.82498,1.00,2.25
2017.08.01 12:58:36.120,0.82479,0.82497,1.00,1.00
2017.08.01 12:58:37.271,0.82478,0.82498,1.50,2.62
2017.08.01 12:58:37.808,0.82479,0.82498,1.00,1.87
2017.08.01 12:58:38.326,0.82477,0.82496,1.37,1.50
2017.08.01 12:58:38.428,0.82476,0.82496,1.50,2.62
2017.08.01 12:58:39.067,0.82476,0.82495,1.00,1.00
2017.08.01 12:58:39.606,0.82476,0.82494,1.00,1.00
2017.08.01 12:58:40.157,0.8248,0.82496,1.00,1.12
2017.08.01 12:58:40.360,0.82482,0.82499,1.50,1.12
2017.08.01 12:58:41.018,0.82483,0.82499,1.00,1.12
2017.08.01 12:58:41.755,0.82485,0.82502,1.50,1.75
2017.08.01 12:58:41.957,0.82488,0.82506,1.50,1.87
2017.08.01 12:58:42.008,0.8249,0.82507,1.00,2.25
2017.08.01 12:58:42.059,0.82491,0.82507,1.00,1.50
2017.08.01 12:58:42.279,0.82494,0.82512,1.00,1.37
2017.08.01 12:58:42.332,0.82494,0.82512,1.00,1.50
2017.08.01 12:58:43.150,0.82494,0.82511,1.50,1.00
2017.08.01 12:58:43.665,0.82495,0.82512,1.00,1.00
2017.08.01 12:58:44.636,0.82496,0.82512,1.00,1.00
2017.08.01 12:58:45.365,0.82496,0.82513,1.50,1.12
2017.08.01 12:58:46.172,0.82498,0.82514,1.00,1.50
2017.08.01 12:58:46.375,0.82499,0.82516,1.00,1.87
2017.08.01 12:58:46.836,0.82497,0.82512,1.00,1.00
2017.08.01 12:58:46.938,0.82493,0.82511,1.00,1.00
2017.08.01 12:58:46.989,0.82493,0.82509,1.00,1.50
2017.08.01 12:58:47.040,0.82491,0.82509,1.50,1.50
2017.08.01 12:58:47.496,0.82493,0.8251,1.00,1.00
2017.08.01 12:58:48.003,0.82493,0.82511,1.00,1.00
2017.08.01 12:58:48.527,0.82494,0.82511,1.00,1.00
2017.08.01 12:58:48.840,0.82496,0.82511,1.50,1.00
2017.08.01 12:58:49.377,0.82495,0.82511,1.50,1.00
2017.08.01 12:58:49.947,0.82495,0.82512,1.50,1.12
2017.08.01 12:58:50.488,0.82497,0.82513,1.00,1.50
2017.08.01 12:58:51.350,0.82496,0.8251,1.00,1.00
2017.08.01 12:58:51.401,0.82493,0.8251,1.00,1.00
2017.08.01 12:58:51.939,0.82493,0.8251,1.00,1.50
2017.08.01 12:58:52.780,0.82493,0.8251,1.00,1.50
2017.08.01 12:58:53.611,0.82494,0.8251,1.00,1.00
2017.08.01 12:58:54.124,0.82493,0.8251,1.50,1.50
2017.08.01 12:58:54.768,0.82493,0.82511,1.50,1.00
2017.08.01 12:58:55.238,0.82495,0.82513,1.00,1.50
2017.08.01 12:58:55.909,0.82494,0.82513,1.50,1.50
2017.08.01 12:58:56.544,0.82495,0.82514,1.00,1.75
2017.08.01 12:58:57.050,0.82496,0.82514,1.50,1.75
2017.08.01 12:58:59.550,0.82495,0.82514,1.50,2.25
2017.08.01 12:59:00.350,0.82494,0.82511,1.00,1.50
2017.08.01 12:59:00.897,0.82493,0.82511,1.00,1.50
2017.08.01 12:59:01.440,0.82493,0.8251,1.00,1.00
2017.08.01 12:59:01.985,0.82493,0.82511,1.00,1.50
2017.08.01 12:59:02.489,0.82493,0.82509,1.00,1.00
2017.08.01 12:59:02.642,0.8249,0.82508,1.12,1.00
2017.08.01 12:59:03.263,0.8249,0.82507,1.00,1.00
2017.08.01 12:59:04.148,0.8249,0.82508,1.00,1.50
2017.08.01 12:59:04.355,0.82492,0.82507,1.00,1.00
2017.08.01 12:59:04.457,0.82491,0.82509,1.50,1.50
2017.08.01 12:59:04.923,0.82493,0.82511,1.00,2.25
2017.08.01 12:59:05.227,0.82497,0.82513,1.00,1.00
2017.08.01 12:59:05.550,0.82499,0.82517,1.00,1.50
2017.08.01 12:59:06.072,0.825,0.82517,1.50,1.50
2017.08.01 12:59:06.579,0.825,0.82517,1.50,1.00
2017.08.01 12:59:07.010,0.82501,0.8252,1.00,1.50
2017.08.01 12:59:07.517,0.82502,0.8252,1.00,2.25
2017.08.01 12:59:08.425,0.82503,0.8252,1.00,2.25
2017.08.01 12:59:08.992,0.82503,0.82522,1.00,1.12
2017.08.01 12:59:09.268,0.82503,0.82519,1.00,1.00
2017.08.01 12:59:09.521,0.82498,0.82517,1.00,1.12
2017.08.01 12:59:12.138,0.82497,0.82516,1.50,1.00
2017.08.01 12:59:13.326,0.82498,0.82516,1.00,1.00
2017.08.01 12:59:13.877,0.82499,0.82517,1.00,1.87
2017.08.01 12:59:14.428,0.825,0.82517,1.00,1.12
2017.08.01 12:59:14.580,0.82502,0.82519,1.00,1.75
2017.08.01 12:59:14.766,0.82501,0.8252,1.00,1.87
2017.08.01 12:59:15.375,0.82502,0.82521,1.00,2.25
2017.08.01 12:59:15.929,0.82502,0.82521,1.00,1.50
2017.08.01 12:59:16.479,0.82503,0.82521,1.00,1.00
2017.08.01 12:59:17.008,0.82503,0.82517,1.00,1.00
2017.08.01 12:59:17.059,0.82498,0.82517,2.25,1.50
2017.08.01 12:59:17.161,0.82497,0.82516,3.00,1.00
2017.08.01 12:59:17.313,0.825,0.82519,1.00,1.75
2017.08.01 12:59:17.620,0.82505,0.82523,1.37,1.00
2017.08.01 12:59:17.671,0.82505,0.82523,1.12,1.00
2017.08.01 12:59:17.907,0.82506,0.82525,1.50,1.50
2017.08.01 12:59:18.061,0.82506,0.82524,1.00,1.50
2017.08.01 12:59:19.444,0.82508,0.82525,1.00,1.75
2017.08.01 12:59:19.545,0.82506,0.82525,1.50,1.00
2017.08.01 12:59:20.260,0.82508,0.82525,1.00,1.00
2017.08.01 12:59:20.564,0.82507,0.82523,1.00,1.00
2017.08.01 12:59:20.666,0.82505,0.82523,1.00,1.00
2017.08.01 12:59:21.197,0.82505,0.82524,1.50,1.87
2017.08.01 12:59:22.095,0.82505,0.82523,1.50,1.00
2017.08.01 12:59:23.130,0.82504,0.82522,1.00,1.00
2017.08.01 12:59:23.637,0.82505,0.82523,1.00,1.87
2017.08.01 12:59:23.688,0.82505,0.82523,1.00,1.50
2017.08.01 12:59:25.455,0.82504,0.82523,1.50,1.50
2017.08.01 12:59:27.434,0.82505,0.82523,1.00,1.50
2017.08.01 12:59:28.754,0.82506,0.82523,1.00,1.50
2017.08.01 12:59:29.299,0.82505,0.82523,1.50,1.50
2017.08.01 12:59:29.810,0.82505,0.82522,1.00,1.00
2017.08.01 12:59:30.168,0.82506,0.82524,1.00,1.50
2017.08.01 12:59:30.755,0.82505,0.82523,1.00,1.00
2017.08.01 12:59:31.160,0.82504,0.82521,1.00,1.00
2017.08.01 12:59:31.688,0.82504,0.82522,1.00,1.00
2017.08.01 12:59:32.226,0.82505,0.82523,1.00,1.00
2017.08.01 12:59:33.426,0.82506,0.82523,1.00,1.50
2017.08.01 12:59:34.167,0.82506,0.82524,1.50,1.00
2017.08.01 12:59:34.370,0.82507,0.82526,1.00,1.87
2017.08.01 12:59:34.801,0.82509,0.82526,1.00,1.12
2017.08.01 12:59:35.324,0.82509,0.82527,1.00,1.00
2017.08.01 12:59:35.846,0.8251,0.82528,1.00,1.00
2017.08.01 12:59:36.583,0.82511,0.82528,1.00,1.00
2017.08.01 12:59:44.650,0.82511,0.82527,1.00,1.00
2017.08.01 12:59:45.159,0.8251,0.82527,1.50,1.00
2017.08.01 12:59:45.677,0.8251,0.82526,1.00,1.00
2017.08.01 12:59:46.200,0.8251,0.82527,1.50,1.00
2017.08.01 12:59:46.932,0.8251,0.82525,1.00,1.00
2017.08.01 12:59:47.084,0.82508,0.82525,1.50,1.00
2017.08.01 12:59:47.591,0.82509,0.82525,1.00,1.00
2017.08.01 12:59:47.694,0.8251,0.82527,1.00,1.12
2017.08.01 12:59:48.590,0.8251,0.82528,1.00,1.50
2017.08.01 12:59:51.236,0.82511,0.82528,1.00,1.50
2017.08.01 12:59:52.517,0.8251,0.82528,1.50,1.50
2017.08.01 12:59:53.087,0.82511,0.82528,1.00,1.00
2017.08.01 12:59:53.239,0.82513,0.82531,1.00,3.00
2017.08.01 12:59:53.840,0.82512,0.8253,1.00,1.12
2017.08.01 12:59:54.702,0.82512,0.82529,1.00,1.00
2017.08.01 12:59:55.209,0.82512,0.8253,1.00,2.62
2017.08.01 12:59:55.564,0.82514,0.82531,1.00,1.87
2017.08.01 12:59:56.256,0.82515,0.82532,1.00,2.25
2017.08.01 12:59:56.923,0.82514,0.82531,1.00,1.12
2017.08.01 12:59:57.237,0.82511,0.82529,1.50,1.00
2017.08.01 12:59:57.796,0.82512,0.8253,1.00,1.00
2017.08.01 12:59:58.514,0.82511,0.8253,1.50,1.00
2017.08.01 12:59:58.883,0.82511,0.82528,1.00,1.00
2017.08.01 12:59:59.456,0.82511,0.8253,1.50,1.50
2017.08.01 12:59:59.983,0.82511,0.8253,1.00,1.87
