2011.06.13 08:00:00.360,0.65478,0.65493,2.10,1.88
2011.06.13 08:00:00.580,0.65478,0.65502,2.10,2.25
2011.06.13 08:00:00.690,0.65474,0.65501,2.10,2.10
2011.06.13 08:00:00.909,0.65471,0.65501,3.60,2.10
2011.06.13 08:00:04.149,0.65473,0.65502,2.10,4.35
2011.06.13 08:00:04.704,0.65477,0.65502,2.25,2.10
2011.06.13 08:00:05.108,0.65478,0.65503,2.10,2.48
2011.06.13 08:00:06.962,0.6548,0.65503,2.10,1.88
2011.06.13 08:00:10.374,0.6548,0.65503,2.48,1.88
2011.06.13 08:00:10.929,0.6548,0.65504,2.48,1.50
2011.06.13 08:00:11.042,0.6548,0.6551,2.48,2.48
2011.06.13 08:00:13.510,0.65481,0.6551,1.35,2.48
2011.06.13 08:00:13.619,0.6548,0.6551,2.48,2.48
2011.06.13 08:00:13.729,0.65484,0.65511,2.48,2.48
2011.06.13 08:00:17.213,0.65484,0.65509,2.10,1.35
2011.06.13 08:00:19.709,0.65484,0.6551,2.10,1.35
2011.06.13 08:00:28.218,0.65481,0.65507,2.10,2.48
2011.06.13 08:00:28.330,0.6548,0.65505,2.10,1.35
2011.06.13 08:00:28.551,0.65477,0.65501,2.25,1.35
2011.06.13 08:00:28.994,0.65477,0.65503,4.35,3.00
2011.06.13 08:00:29.112,0.65477,0.65504,4.35,2.25
2011.06.13 08:00:31.260,0.65478,0.65502,2.25,3.00
2011.06.13 08:00:33.790,0.65472,0.65503,2.10,4.35
2011.06.13 08:00:35.291,0.65477,0.65503,2.25,3.60
2011.06.13 08:00:35.661,0.65477,0.65503,2.25,3.60
2011.06.13 08:00:45.689,0.65477,0.65503,2.85,2.48
2011.06.13 08:00:45.910,0.65478,0.65504,2.48,2.25
2011.06.13 08:00:46.459,0.6548,0.65507,2.48,2.48
2011.06.13 08:00:46.788,0.6548,0.65507,2.10,2.48
2011.06.13 08:00:47.669,0.65478,0.65507,3.60,2.85
2011.06.13 08:00:50.222,0.65478,0.65504,2.10,2.25
2011.06.13 08:00:50.440,0.65477,0.65503,2.85,2.48
2011.06.13 08:00:50.549,0.65478,0.65504,2.10,2.25
2011.06.13 08:00:51.651,0.65478,0.65504,3.98,2.25
2011.06.13 08:00:51.759,0.65481,0.65503,2.10,1.50
2011.06.13 08:00:52.308,0.65481,0.65509,2.10,1.35
2011.06.13 08:00:53.289,0.65481,0.65508,2.10,1.35
2011.06.13 08:00:57.358,0.65481,0.65508,2.10,1.35
2011.06.13 08:01:00.009,0.65481,0.65508,2.10,1.35
2011.06.13 08:01:00.542,0.65481,0.65508,2.10,1.35
2011.06.13 08:01:00.761,0.65477,0.65504,2.85,1.35
2011.06.13 08:01:00.982,0.65476,0.65503,2.10,3.60
2011.06.13 08:01:01.202,0.6547,0.65493,2.10,2.25
2011.06.13 08:01:04.959,0.65474,0.65493,2.10,2.25
2011.06.13 08:01:06.144,0.65474,0.65493,2.10,2.25
2011.06.13 08:01:06.502,0.65474,0.65493,2.10,1.88
2011.06.13 08:01:07.381,0.65474,0.65499,2.10,1.35
2011.06.13 08:01:09.579,0.65474,0.65499,2.10,1.35
2011.06.13 08:01:09.799,0.65468,0.6549,1.50,2.10
2011.06.13 08:01:09.912,0.65461,0.6549,3.60,2.10
2011.06.13 08:01:10.020,0.65463,0.6549,2.10,1.35
2011.06.13 08:01:10.459,0.65463,0.65483,2.10,3.75
2011.06.13 08:01:10.934,0.65457,0.65464,2.85,1.50
2011.06.13 08:01:11.045,0.6546,0.65483,2.10,3.75
2011.06.13 08:01:11.710,0.65462,0.65483,2.10,3.75
2011.06.13 08:01:14.069,0.65462,0.6549,2.10,1.35
2011.06.13 08:01:14.730,0.65462,0.6549,2.10,1.35
2011.06.13 08:01:16.199,0.65462,0.6549,2.10,1.35
2011.06.13 08:01:20.909,0.65462,0.6549,2.10,1.35
2011.06.13 08:01:21.239,0.65462,0.65483,2.48,2.25
2011.06.13 08:01:21.350,0.65467,0.65494,2.25,4.35
2011.06.13 08:01:21.459,0.65467,0.65493,2.25,1.35
2011.06.13 08:01:21.571,0.65461,0.65492,3.98,2.85
2011.06.13 08:01:21.899,0.65461,0.65484,3.98,3.38
2011.06.13 08:01:28.310,0.65457,0.65484,4.73,3.75
2011.06.13 08:01:37.242,0.65463,0.65484,2.10,3.75
2011.06.13 08:01:37.461,0.65466,0.65493,2.10,4.88
2011.06.13 08:01:37.894,0.65469,0.65493,2.48,1.88
2011.06.13 08:01:38.783,0.65468,0.65493,3.75,2.25
2011.06.13 08:01:42.560,0.65464,0.65493,2.48,2.25
2011.06.13 08:01:43.639,0.65463,0.65493,3.98,2.25
2011.06.13 08:01:43.859,0.65463,0.65493,1.88,2.85
2011.06.13 08:01:44.190,0.65459,0.65492,2.48,1.35
2011.06.13 08:01:47.569,0.65459,0.65492,2.48,1.35
2011.06.13 08:01:48.009,0.65458,0.65489,2.48,1.35
2011.06.13 08:01:49.189,0.65458,0.6549,2.48,2.48
2011.06.13 08:01:50.832,0.65457,0.65464,3.23,1.50
2011.06.13 08:01:51.052,0.65457,0.65464,3.23,1.50
2011.06.13 08:02:05.911,0.65456,0.65464,4.35,1.50
2011.06.13 08:02:06.022,0.65464,0.65483,2.48,2.25
2011.06.13 08:02:06.129,0.65464,0.65491,2.48,2.48
2011.06.13 08:02:06.240,0.65463,0.65492,1.88,2.63
2011.06.13 08:02:06.459,0.65463,0.65492,1.50,2.25
2011.06.13 08:02:06.572,0.65466,0.65493,2.10,2.48
2011.06.13 08:02:06.790,0.65463,0.65493,2.48,5.10
2011.06.13 08:02:07.229,0.65463,0.65491,2.10,2.10
2011.06.13 08:02:07.450,0.65461,0.65491,3.98,1.73
2011.06.13 08:02:10.391,0.65463,0.6549,2.10,1.35
2011.06.13 08:02:11.821,0.65458,0.6549,2.48,1.35
2011.06.13 08:02:11.931,0.65458,0.65463,2.10,1.50
2011.06.13 08:02:12.040,0.65458,0.65463,2.48,1.50
2011.06.13 08:02:12.690,0.65457,0.65463,4.73,1.50
2011.06.13 08:02:16.761,0.65458,0.65483,2.10,3.75
2011.06.13 08:02:17.200,0.65457,0.65482,2.48,3.23
2011.06.13 08:02:17.420,0.65457,0.65481,2.48,1.35
2011.06.13 08:02:20.951,0.65457,0.65482,2.48,3.23
2011.06.13 08:02:21.172,0.65457,0.65479,1.88,2.48
2011.06.13 08:02:21.941,0.65457,0.65477,1.88,1.35
2011.06.13 08:02:22.270,0.65457,0.65479,1.88,2.48
2011.06.13 08:02:22.644,0.65457,0.65477,1.88,1.35
2011.06.13 08:02:22.764,0.65448,0.65464,2.25,1.50
2011.06.13 08:02:23.321,0.65447,0.65463,2.48,1.50
2011.06.13 08:02:30.680,0.65448,0.65463,2.10,1.50
2011.06.13 08:02:43.069,0.65448,0.65464,2.10,1.50
2011.06.13 08:02:43.669,0.65448,0.65463,2.48,1.50
2011.06.13 08:02:44.316,0.65448,0.65464,2.48,1.50
2011.06.13 08:02:49.542,0.65455,0.65464,2.10,1.50
2011.06.13 08:02:49.651,0.65461,0.65483,2.10,5.63
2011.06.13 08:02:49.761,0.65458,0.6548,4.13,2.10
2011.06.13 08:02:50.090,0.65458,0.65464,4.35,1.50
2011.06.13 08:02:50.200,0.65456,0.65464,4.35,1.50
2011.06.13 08:03:12.540,0.65456,0.65464,1.88,1.50
2011.06.13 08:03:13.089,0.65452,0.65463,1.35,1.50
2011.06.13 08:03:18.571,0.65448,0.65464,3.23,1.50
2011.06.13 08:03:22.781,0.65447,0.65463,1.88,1.50
2011.06.13 08:03:31.281,0.65447,0.65463,6.60,1.50
2011.06.13 08:03:40.213,0.65447,0.65464,4.73,1.50
2011.06.13 08:03:47.325,0.65449,0.65464,2.48,1.50
2011.06.13 08:03:47.772,0.65447,0.65464,4.73,1.50
2011.06.13 08:03:47.880,0.65457,0.65463,1.88,1.50
2011.06.13 08:03:47.990,0.65447,0.65464,4.73,1.50
2011.06.13 08:04:02.590,0.6545,0.65464,2.10,1.50
2011.06.13 08:04:05.004,0.65451,0.65464,2.10,1.50
2011.06.13 08:04:05.342,0.65457,0.65463,6.60,1.50
2011.06.13 08:04:06.521,0.65457,0.65463,5.63,1.50
2011.06.13 08:04:16.539,0.65457,0.65463,4.73,1.50
2011.06.13 08:04:16.761,0.65463,0.65483,2.10,1.88
2011.06.13 08:04:16.980,0.65468,0.65494,2.25,4.35
2011.06.13 08:04:18.883,0.65468,0.65493,2.63,1.88
2011.06.13 08:04:19.133,0.6547,0.65502,2.48,5.48
2011.06.13 08:04:19.760,0.65475,0.65502,3.98,2.63
2011.06.13 08:04:21.079,0.65477,0.65504,3.23,4.35
2011.06.13 08:04:23.652,0.65479,0.65504,1.50,4.35
2011.06.13 08:04:23.980,0.6548,0.65504,2.10,1.88
2011.06.13 08:04:24.529,0.6548,0.65503,2.10,1.88
2011.06.13 08:04:30.579,0.6548,0.65513,2.10,2.85
2011.06.13 08:04:39.721,0.65488,0.65513,2.85,2.25
2011.06.13 08:04:40.052,0.655,0.65522,1.50,2.25
2011.06.13 08:04:40.224,0.655,0.65533,1.50,4.73
2011.06.13 08:04:40.343,0.655,0.65524,1.50,1.88
2011.06.13 08:04:41.220,0.65502,0.65524,2.10,1.88
2011.06.13 08:04:41.552,0.65503,0.65533,2.10,4.13
2011.06.13 08:04:41.770,0.65508,0.65533,2.10,1.88
2011.06.13 08:04:41.990,0.65507,0.65533,2.85,2.48
2011.06.13 08:04:44.191,0.65507,0.65533,2.85,2.85
2011.06.13 08:04:51.059,0.655,0.65532,2.48,2.63
2011.06.13 08:04:52.381,0.65506,0.65532,2.48,2.25
2011.06.13 08:04:52.712,0.6552,0.65543,2.10,4.88
2011.06.13 08:04:53.260,0.6552,0.65543,2.10,1.88
2011.06.13 08:04:54.906,0.65523,0.65543,2.10,1.88
2011.06.13 08:04:57.230,0.65523,0.65543,2.10,1.88
2011.06.13 08:05:02.241,0.65518,0.6555,2.85,1.35
2011.06.13 08:05:02.460,0.65518,0.65552,2.25,3.23
2011.06.13 08:05:02.569,0.65518,0.65543,2.25,1.88
2011.06.13 08:05:03.010,0.65514,0.65542,2.10,2.63
2011.06.13 08:05:03.231,0.65509,0.65542,2.10,2.25
2011.06.13 08:05:03.453,0.65509,0.65538,2.48,1.13
2011.06.13 08:05:03.779,0.65509,0.65534,2.48,1.88
2011.06.13 08:05:04.220,0.65508,0.65534,2.85,2.25
2011.06.13 08:05:05.012,0.65507,0.65533,2.25,2.25
2011.06.13 08:05:05.121,0.65501,0.65533,1.35,2.63
2011.06.13 08:05:05.450,0.65508,0.65532,2.85,2.63
2011.06.13 08:05:10.291,0.65509,0.65532,2.10,2.25
2011.06.13 08:05:10.400,0.65509,0.65534,2.10,1.88
2011.06.13 08:05:10.620,0.65513,0.65542,2.10,2.63
2011.06.13 08:05:10.950,0.65514,0.65544,2.10,1.88
2011.06.13 08:05:11.252,0.65515,0.65544,2.85,1.88
2011.06.13 08:05:11.579,0.65521,0.65553,2.48,4.50
2011.06.13 08:05:12.130,0.65521,0.65552,2.48,1.13
2011.06.13 08:05:12.241,0.65518,0.65546,2.48,1.35
2011.06.13 08:05:12.460,0.65518,0.65546,2.10,1.35
2011.06.13 08:05:12.900,0.65512,0.65543,2.10,2.25
2011.06.13 08:05:13.510,0.65511,0.65542,2.10,1.50
2011.06.13 08:05:13.840,0.65511,0.6554,2.10,1.50
2011.06.13 08:05:14.389,0.65511,0.65543,2.48,2.63
2011.06.13 08:05:14.719,0.65511,0.65533,2.48,1.88
2011.06.13 08:05:15.423,0.65511,0.65533,2.48,1.88
2011.06.13 08:05:16.200,0.65507,0.65533,2.85,1.88
2011.06.13 08:05:17.532,0.65511,0.65541,2.10,1.50
2011.06.13 08:05:17.641,0.65511,0.65543,2.10,4.13
2011.06.13 08:05:17.970,0.65511,0.65541,2.10,1.50
2011.06.13 08:05:18.741,0.65507,0.65534,2.85,1.88
2011.06.13 08:05:21.563,0.65501,0.6553,2.10,2.63
2011.06.13 08:05:21.890,0.65511,0.65534,2.10,2.63
2011.06.13 08:05:22.001,0.65514,0.65534,2.48,1.88
2011.06.13 08:05:22.109,0.65514,0.65543,2.48,2.63
2011.06.13 08:05:22.330,0.65514,0.65534,2.48,1.88
2011.06.13 08:05:22.660,0.65518,0.65543,2.63,1.88
2011.06.13 08:05:22.990,0.65514,0.65543,3.60,1.88
2011.06.13 08:05:23.559,0.6551,0.65543,2.10,1.88
2011.06.13 08:05:23.670,0.65511,0.65533,2.10,1.88
2011.06.13 08:05:30.159,0.65511,0.65534,2.10,1.50
2011.06.13 08:05:30.761,0.65511,0.65543,2.10,1.88
2011.06.13 08:05:31.222,0.65511,0.65543,2.48,2.63
2011.06.13 08:05:32.469,0.65512,0.65542,2.10,2.25
2011.06.13 08:05:33.026,0.65512,0.65543,2.10,1.88
2011.06.13 08:05:34.021,0.65511,0.65543,2.48,6.75
2011.06.13 08:05:34.811,0.65511,0.65543,2.48,6.38
2011.06.13 08:05:40.370,0.65511,0.65534,2.48,1.88
2011.06.13 08:05:44.921,0.65507,0.65534,6.23,1.88
2011.06.13 08:05:45.491,0.65507,0.65534,6.60,1.88
2011.06.13 08:05:52.130,0.65507,0.65534,6.23,1.88
2011.06.13 08:05:58.049,0.65507,0.65533,4.73,1.88
2011.06.13 08:05:58.643,0.65507,0.65533,2.10,1.88
2011.06.13 08:05:59.301,0.65501,0.65533,2.48,1.88
2011.06.13 08:06:04.513,0.65498,0.65533,2.85,1.88
2011.06.13 08:06:14.400,0.65503,0.65533,2.10,1.88
2011.06.13 08:06:18.022,0.65503,0.65534,2.85,1.88
2011.06.13 08:06:19.038,0.65503,0.65542,2.85,2.25
2011.06.13 08:06:20.209,0.65508,0.65542,2.25,2.25
2011.06.13 08:06:20.318,0.65508,0.65533,2.25,1.88
2011.06.13 08:06:25.151,0.65503,0.65533,2.10,1.88
2011.06.13 08:06:28.302,0.65508,0.65533,2.25,1.88
2011.06.13 08:06:29.548,0.65507,0.65533,2.10,1.88
2011.06.13 08:06:36.199,0.65508,0.65533,2.25,1.88
2011.06.13 08:06:37.299,0.65505,0.65533,3.60,1.88
2011.06.13 08:06:43.839,0.65508,0.65533,2.25,1.88
2011.06.13 08:06:47.940,0.65508,0.65534,2.25,1.88
2011.06.13 08:07:02.249,0.65508,0.65543,3.75,1.88
2011.06.13 08:07:03.603,0.65511,0.65543,1.50,1.88
2011.06.13 08:07:05.573,0.65509,0.65543,1.50,3.38
2011.06.13 08:07:06.119,0.65509,0.65542,1.50,2.25
2011.06.13 08:07:10.020,0.65509,0.65543,1.50,3.38
2011.06.13 08:07:10.569,0.6551,0.65543,1.50,1.88
2011.06.13 08:07:10.789,0.65507,0.65541,4.35,1.50
2011.06.13 08:07:14.299,0.65508,0.65532,2.25,2.63
2011.06.13 08:07:15.867,0.65508,0.65532,2.25,2.63
2011.06.13 08:07:18.080,0.65502,0.65532,2.85,2.63
2011.06.13 08:07:18.739,0.65502,0.65532,1.50,2.85
2011.06.13 08:07:19.181,0.65498,0.65531,2.25,2.10
2011.06.13 08:07:19.510,0.65498,0.65527,2.25,1.50
2011.06.13 08:07:19.729,0.65493,0.65527,2.10,1.50
2011.06.13 08:07:19.840,0.65496,0.6553,3.00,2.10
2011.06.13 08:07:20.315,0.65497,0.65523,2.25,1.88
2011.06.13 08:07:20.424,0.65493,0.65523,2.10,1.88
2011.06.13 08:07:22.408,0.65491,0.65523,2.48,3.00
2011.06.13 08:07:23.479,0.65487,0.65521,6.23,2.48
2011.06.13 08:07:23.700,0.65487,0.65519,3.23,1.88
2011.06.13 08:07:29.868,0.65488,0.65522,2.85,2.85
2011.06.13 08:07:30.549,0.65488,0.65513,2.85,1.88
2011.06.13 08:07:31.211,0.65488,0.65513,2.48,1.88
2011.06.13 08:07:31.648,0.65488,0.65522,2.48,2.48
2011.06.13 08:07:33.691,0.65488,0.65521,2.10,1.35
2011.06.13 08:07:34.129,0.6548,0.65512,2.85,3.23
2011.06.13 08:07:43.480,0.65488,0.65512,2.25,3.23
2011.06.13 08:07:44.691,0.65482,0.65512,1.88,3.23
2011.06.13 08:07:45.599,0.65481,0.65512,2.85,3.23
2011.06.13 08:07:47.146,0.65481,0.65512,2.48,3.23
2011.06.13 08:07:47.751,0.65481,0.65512,2.85,3.23
2011.06.13 08:07:48.732,0.65478,0.6551,6.75,2.48
2011.06.13 08:07:49.283,0.65478,0.65508,4.13,1.73
2011.06.13 08:07:49.500,0.65478,0.65508,2.25,1.73
2011.06.13 08:07:50.049,0.65478,0.65503,2.25,2.48
2011.06.13 08:07:51.338,0.65478,0.65503,2.63,2.48
2011.06.13 08:07:51.922,0.65478,0.65502,2.63,2.10
2011.06.13 08:07:52.030,0.65472,0.65502,1.35,2.25
2011.06.13 08:07:52.252,0.65477,0.65503,2.63,2.48
2011.06.13 08:07:52.901,0.65477,0.65503,2.63,2.48
2011.06.13 08:07:54.280,0.65477,0.65503,2.25,2.85
2011.06.13 08:07:54.389,0.65471,0.65503,3.98,5.10
2011.06.13 08:07:54.720,0.65478,0.65503,2.85,1.88
2011.06.13 08:07:57.250,0.65477,0.65503,3.23,1.88
2011.06.13 08:07:57.599,0.65477,0.65503,3.23,2.25
2011.06.13 08:07:57.709,0.65477,0.65503,3.23,4.13
2011.06.13 08:07:58.459,0.65478,0.65503,4.73,1.88
2011.06.13 08:07:59.289,0.65478,0.65503,4.73,1.88
2011.06.13 08:08:01.969,0.65478,0.65503,2.25,2.25
2011.06.13 08:08:02.079,0.65473,0.65502,2.48,2.63
2011.06.13 08:08:03.274,0.65472,0.65501,2.10,1.13
2011.06.13 08:08:03.851,0.65472,0.65493,2.10,1.88
2011.06.13 08:08:06.431,0.65472,0.65499,2.48,2.10
2011.06.13 08:08:06.540,0.65476,0.65502,2.10,3.23
2011.06.13 08:08:07.111,0.65475,0.65502,2.10,2.63
2011.06.13 08:08:23.319,0.65475,0.65502,2.48,2.63
2011.06.13 08:08:23.681,0.65475,0.65493,2.48,1.88
2011.06.13 08:08:41.988,0.65475,0.65494,2.48,1.88
2011.06.13 08:08:44.252,0.65475,0.65502,2.48,2.63
2011.06.13 08:08:45.730,0.65479,0.65502,2.10,2.63
2011.06.13 08:08:46.191,0.65479,0.65503,2.48,1.88
2011.06.13 08:08:47.510,0.65484,0.65503,2.10,1.88
2011.06.13 08:08:47.949,0.65484,0.65511,2.10,1.13
2011.06.13 08:08:53.229,0.65484,0.65511,2.48,1.13
2011.06.13 08:08:53.779,0.65488,0.65512,2.25,3.23
2011.06.13 08:08:54.549,0.65485,0.65512,2.48,1.73
2011.06.13 08:08:58.210,0.65485,0.65512,2.48,1.73
2011.06.13 08:09:13.120,0.65485,0.65512,2.48,1.35
2011.06.13 08:09:13.560,0.65482,0.65512,2.48,2.63
2011.06.13 08:09:13.780,0.65487,0.65513,2.63,3.23
2011.06.13 08:09:14.329,0.65487,0.65513,4.73,2.63
2011.06.13 08:09:18.601,0.65487,0.65513,4.73,1.88
2011.06.13 08:09:18.709,0.65487,0.65518,4.73,1.73
2011.06.13 08:09:18.930,0.65487,0.65519,5.10,2.48
2011.06.13 08:09:19.041,0.65491,0.65519,2.48,1.88
2011.06.13 08:09:19.370,0.65496,0.65523,2.10,3.00
2011.06.13 08:09:19.481,0.65497,0.65524,2.85,1.88
2011.06.13 08:09:19.700,0.65502,0.65524,2.10,1.88
2011.06.13 08:09:20.030,0.65498,0.65524,2.85,1.88
2011.06.13 08:09:30.071,0.65498,0.65522,2.63,2.25
2011.06.13 08:09:30.179,0.65498,0.65524,2.63,2.25
2011.06.13 08:09:31.169,0.65498,0.65524,2.63,2.25
2011.06.13 08:09:32.041,0.65498,0.65524,2.63,1.88
2011.06.13 08:09:32.480,0.65499,0.65524,2.85,1.88
2011.06.13 08:09:32.809,0.65501,0.65532,2.48,3.23
2011.06.13 08:09:33.490,0.65501,0.65532,2.48,3.23
2011.06.13 08:09:34.420,0.655,0.65532,2.48,3.23
2011.06.13 08:09:34.860,0.655,0.65532,2.48,3.23
2011.06.13 08:09:49.026,0.65499,0.6553,1.35,2.10
2011.06.13 08:09:49.399,0.65498,0.65523,3.23,1.88
2011.06.13 08:09:55.491,0.65498,0.65522,2.63,2.10
2011.06.13 08:09:55.711,0.65489,0.65518,2.48,2.10
2011.06.13 08:09:55.821,0.65488,0.65518,5.85,2.10
2011.06.13 08:09:55.930,0.65494,0.65522,2.10,2.85
2011.06.13 08:09:56.480,0.65494,0.65522,2.48,3.23
2011.06.13 08:09:57.029,0.65494,0.65522,2.48,2.63
2011.06.13 08:10:03.461,0.65491,0.65522,2.48,3.23
2011.06.13 08:10:04.519,0.65491,0.65522,2.48,3.23
2011.06.13 08:10:05.099,0.65491,0.65522,2.48,3.23
2011.06.13 08:10:06.688,0.65491,0.65522,2.48,3.23
2011.06.13 08:10:12.310,0.65491,0.65522,2.48,3.23
2011.06.13 08:10:13.959,0.65491,0.65522,2.85,2.85
2011.06.13 08:10:14.373,0.65498,0.65522,3.23,2.25
2011.06.13 08:10:14.922,0.65497,0.65524,3.23,2.25
2011.06.13 08:10:15.480,0.65497,0.65524,3.23,2.25
2011.06.13 08:10:16.589,0.65497,0.65523,3.23,2.25
2011.06.13 08:10:17.430,0.65498,0.65524,3.23,2.25
2011.06.13 08:10:18.472,0.65499,0.65524,2.48,2.25
2011.06.13 08:10:19.168,0.65499,0.65523,2.10,2.25
2011.06.13 08:10:19.389,0.65497,0.65523,2.48,2.25
2011.06.13 08:10:20.925,0.65497,0.65523,2.48,2.63
2011.06.13 08:10:35.559,0.65497,0.65523,4.73,1.88
2011.06.13 08:10:35.940,0.65499,0.65523,2.10,1.88
2011.06.13 08:10:36.522,0.65499,0.65522,2.48,2.25
2011.06.13 08:10:36.751,0.65498,0.65522,3.23,2.25
2011.06.13 08:10:42.269,0.65498,0.65523,2.85,1.88
2011.06.13 08:10:50.040,0.65498,0.65524,2.85,2.25
2011.06.13 08:10:53.501,0.65498,0.65524,3.23,2.25
2011.06.13 08:11:03.099,0.65498,0.65524,2.85,2.25
2011.06.13 08:11:04.731,0.65498,0.65522,2.85,2.25
2011.06.13 08:11:10.568,0.65497,0.65524,3.23,2.25
2011.06.13 08:11:12.569,0.65498,0.65524,4.35,2.25
2011.06.13 08:11:13.469,0.65498,0.65524,4.35,2.25
2011.06.13 08:11:27.569,0.65498,0.65523,2.48,4.50
2011.06.13 08:11:42.370,0.65497,0.65523,3.23,1.88
2011.06.13 08:11:42.811,0.65496,0.65522,2.10,2.63
2011.06.13 08:11:43.030,0.65491,0.65522,3.98,2.63
2011.06.13 08:11:43.581,0.65491,0.65522,2.48,3.00
2011.06.13 08:11:47.489,0.65491,0.65521,2.48,1.88
2011.06.13 08:11:48.867,0.65491,0.65515,2.48,1.50
2011.06.13 08:11:48.980,0.65488,0.65515,2.25,2.25
2011.06.13 08:11:49.309,0.6548,0.65512,2.48,2.63
2011.06.13 08:11:49.420,0.6548,0.65511,2.48,2.25
2011.06.13 08:11:49.868,0.6548,0.65503,2.48,1.88
2011.06.13 08:11:53.489,0.65485,0.65503,2.10,1.88
2011.06.13 08:11:54.059,0.65485,0.65512,2.10,3.23
2011.06.13 08:12:02.313,0.65485,0.6551,2.10,1.13
2011.06.13 08:12:02.961,0.65482,0.65508,2.48,1.35
2011.06.13 08:12:03.181,0.65482,0.65509,2.10,2.48
2011.06.13 08:12:03.510,0.65478,0.65509,3.23,2.48
2011.06.13 08:12:03.732,0.65478,0.65509,3.60,2.48
2011.06.13 08:12:04.841,0.65484,0.65511,2.10,1.73
2011.06.13 08:12:06.898,0.65484,0.65511,2.10,1.73
2011.06.13 08:12:09.443,0.65484,0.65503,2.10,1.50
2011.06.13 08:12:09.979,0.65484,0.65504,2.10,1.88
2011.06.13 08:12:16.249,0.65483,0.65503,2.10,1.50
2011.06.13 08:12:16.469,0.65483,0.65511,2.10,1.13
2011.06.13 08:12:25.132,0.65483,0.65512,2.48,2.63
2011.06.13 08:12:30.452,0.65483,0.65512,2.10,3.00
2011.06.13 08:12:30.670,0.6548,0.6551,2.48,4.35
2011.06.13 08:12:32.649,0.6548,0.65504,2.10,1.88
2011.06.13 08:12:34.270,0.6548,0.65504,2.10,2.25
2011.06.13 08:12:36.007,0.6548,0.65504,2.48,1.88
2011.06.13 08:12:45.119,0.65484,0.65504,2.10,1.88
2011.06.13 08:12:45.341,0.65484,0.65512,2.10,4.13
2011.06.13 08:12:50.902,0.65484,0.6551,2.48,1.13
2011.06.13 08:12:53.091,0.65493,0.65512,2.10,2.25
2011.06.13 08:12:53.530,0.65487,0.65513,2.85,1.88
2011.06.13 08:12:54.461,0.65487,0.65513,2.63,4.13
2011.06.13 08:12:59.922,0.65487,0.65513,2.63,4.13
2011.06.13 08:13:02.941,0.65488,0.65513,2.63,1.88
2011.06.13 08:13:03.600,0.65488,0.65514,2.63,2.25
2011.06.13 08:13:03.930,0.65488,0.65512,2.25,2.25
2011.06.13 08:13:07.679,0.65483,0.65513,1.35,2.63
2011.06.13 08:13:08.249,0.65488,0.65512,3.23,2.25
2011.06.13 08:13:09.019,0.65488,0.65512,2.63,2.25
2011.06.13 08:13:18.240,0.65488,0.65514,2.25,2.25
2011.06.13 08:13:19.361,0.65488,0.65512,2.25,2.25
2011.06.13 08:13:23.889,0.65488,0.65514,2.25,2.25
2011.06.13 08:13:28.046,0.65488,0.65514,2.63,1.88
2011.06.13 08:13:30.610,0.65488,0.65514,2.63,1.88
2011.06.13 08:13:33.879,0.65488,0.65514,2.63,2.25
2011.06.13 08:13:34.429,0.65488,0.65512,2.63,2.25
2011.06.13 08:13:42.759,0.65488,0.65512,2.63,2.25
2011.06.13 08:13:43.121,0.65487,0.65514,2.63,2.25
2011.06.13 08:13:44.165,0.65491,0.65514,2.10,2.25
2011.06.13 08:13:53.401,0.65488,0.65514,2.48,1.88
2011.06.13 08:13:53.942,0.65491,0.65514,2.10,1.88
2011.06.13 08:13:56.988,0.65491,0.65521,2.48,2.25
2011.06.13 08:13:58.169,0.65491,0.65521,2.48,1.88
2011.06.13 08:13:59.259,0.65489,0.65521,2.48,2.48
2011.06.13 08:14:00.221,0.65489,0.65521,2.85,2.48
2011.06.13 08:14:00.600,0.65492,0.65521,2.10,2.25
2011.06.13 08:14:01.701,0.65492,0.65522,2.48,2.25
2011.06.13 08:14:01.920,0.65492,0.65523,2.48,3.38
2011.06.13 08:14:10.010,0.65492,0.65523,2.48,2.63
2011.06.13 08:14:10.460,0.65492,0.65523,2.48,2.63
2011.06.13 08:14:10.570,0.65492,0.65523,2.48,2.63
2011.06.13 08:14:10.899,0.65492,0.65523,2.48,3.38
2011.06.13 08:14:11.450,0.65492,0.65522,2.48,2.25
2011.06.13 08:14:13.231,0.65492,0.65522,2.48,1.88
2011.06.13 08:14:14.212,0.65498,0.65522,2.10,1.88
2011.06.13 08:14:14.432,0.65492,0.65522,2.48,1.88
2011.06.13 08:14:16.262,0.65492,0.65523,2.48,4.50
2011.06.13 08:14:18.650,0.65492,0.65523,2.10,5.25
2011.06.13 08:14:18.870,0.65489,0.65519,2.10,2.25
2011.06.13 08:14:18.980,0.65489,0.65512,2.10,2.25
2011.06.13 08:14:22.740,0.65489,0.65513,2.48,1.88
2011.06.13 08:14:23.724,0.65489,0.6552,2.48,2.48
2011.06.13 08:14:23.840,0.65492,0.6552,2.10,1.88
2011.06.13 08:14:23.951,0.65492,0.65523,2.48,2.63
2011.06.13 08:14:24.570,0.65492,0.65523,4.35,2.63
2011.06.13 08:14:25.331,0.65492,0.65523,3.98,2.63
2011.06.13 08:14:31.621,0.65492,0.65519,3.98,1.50
2011.06.13 08:14:31.950,0.65492,0.65513,2.48,2.25
2011.06.13 08:14:32.170,0.65492,0.65517,2.48,1.50
2011.06.13 08:14:32.499,0.65492,0.65522,2.48,2.63
2011.06.13 08:14:35.089,0.65493,0.65522,1.35,2.25
2011.06.13 08:14:35.610,0.65498,0.65522,3.23,2.25
2011.06.13 08:14:36.181,0.65497,0.65524,3.23,2.25
2011.06.13 08:14:37.192,0.65497,0.65524,3.23,2.25
2011.06.13 08:14:38.099,0.65497,0.65523,3.23,2.25
2011.06.13 08:14:39.101,0.65497,0.65523,2.63,2.85
2011.06.13 08:14:39.433,0.65488,0.65515,2.48,1.88
2011.06.13 08:14:39.543,0.65488,0.65512,2.48,2.25
2011.06.13 08:14:40.920,0.65488,0.65513,2.10,2.63
2011.06.13 08:14:41.142,0.65482,0.65511,2.48,1.13
2011.06.13 08:14:41.249,0.65482,0.6551,2.48,1.13
2011.06.13 08:14:41.799,0.65482,0.65511,2.10,2.25
2011.06.13 08:14:44.642,0.65482,0.65512,2.48,1.88
2011.06.13 08:14:48.229,0.65482,0.65512,2.48,2.25
2011.06.13 08:14:49.873,0.65482,0.65512,2.48,2.25
2011.06.13 08:14:51.260,0.65482,0.65513,2.48,3.38
2011.06.13 08:14:55.990,0.65485,0.65513,2.10,3.98
2011.06.13 08:14:56.320,0.65479,0.6551,3.98,1.35
2011.06.13 08:14:57.040,0.65477,0.65506,2.85,1.50
2011.06.13 08:14:57.261,0.65478,0.65508,2.63,2.63
2011.06.13 08:14:58.190,0.65479,0.6551,2.48,3.00
2011.06.13 08:14:58.630,0.65479,0.6551,2.48,2.63
2011.06.13 08:15:00.437,0.65479,0.6551,2.48,3.00
2011.06.13 08:15:03.883,0.65479,0.6551,2.85,2.63
2011.06.13 08:15:03.991,0.65479,0.65511,4.35,1.13
2011.06.13 08:15:04.321,0.65485,0.65512,2.10,2.63
2011.06.13 08:15:04.651,0.65488,0.65513,3.23,1.88
2011.06.13 08:15:05.140,0.65488,0.65513,2.85,2.25
2011.06.13 08:15:06.130,0.65482,0.65513,2.48,5.10
2011.06.13 08:15:14.541,0.65482,0.65508,2.10,1.13
2011.06.13 08:15:14.649,0.65478,0.65508,2.48,1.13
2011.06.13 08:15:14.870,0.65478,0.65508,2.48,1.13
2011.06.13 08:15:15.199,0.65478,0.65503,2.48,4.13
2011.06.13 08:15:16.588,0.65483,0.65503,2.10,1.88
2011.06.13 08:15:17.389,0.65483,0.65512,2.48,4.73
2011.06.13 08:15:23.740,0.65482,0.65509,2.10,1.50
2011.06.13 08:15:23.850,0.65478,0.65504,3.23,2.25
2011.06.13 08:15:40.561,0.65478,0.65504,3.23,1.88
2011.06.13 08:15:42.032,0.65478,0.65503,3.23,1.88
2011.06.13 08:15:48.010,0.65478,0.65504,3.23,1.88
2011.06.13 08:15:48.602,0.65478,0.65504,3.23,1.88
2011.06.13 08:15:52.249,0.65478,0.65504,3.23,1.88
2011.06.13 08:15:52.579,0.65479,0.65509,2.48,1.13
2011.06.13 08:15:53.382,0.65479,0.65509,2.85,1.13
2011.06.13 08:15:56.709,0.65479,0.65512,2.85,4.73
2011.06.13 08:15:57.069,0.65483,0.65512,2.48,2.63
2011.06.13 08:15:57.619,0.65483,0.65512,2.48,2.63
2011.06.13 08:15:58.632,0.65483,0.65512,2.48,2.63
2011.06.13 08:16:02.130,0.65483,0.65512,2.48,2.63
2011.06.13 08:16:05.879,0.65484,0.65512,1.35,2.25
2011.06.13 08:16:06.212,0.65487,0.65514,2.63,2.25
2011.06.13 08:16:07.030,0.65487,0.65514,2.63,2.25
2011.06.13 08:16:07.502,0.65479,0.65513,3.98,6.60
2011.06.13 08:16:09.359,0.65479,0.65512,2.48,2.85
2011.06.13 08:16:09.689,0.65479,0.65513,4.35,6.60
2011.06.13 08:16:10.579,0.65479,0.65513,3.98,6.23
2011.06.13 08:16:14.220,0.65479,0.65513,4.35,8.48
2011.06.13 08:16:15.722,0.65479,0.65512,3.98,1.35
2011.06.13 08:16:16.389,0.65479,0.65513,4.35,8.10
2011.06.13 08:16:18.481,0.65479,0.65513,3.98,8.48
2011.06.13 08:16:22.809,0.65479,0.65512,3.98,1.35
2011.06.13 08:16:24.909,0.65479,0.65509,2.48,1.13
2011.06.13 08:16:26.002,0.65479,0.65511,2.48,1.35
2011.06.13 08:16:26.999,0.65479,0.65503,2.48,1.50
2011.06.13 08:16:31.667,0.65477,0.65503,2.63,1.88
2011.06.13 08:16:32.000,0.65477,0.65504,2.63,1.35
2011.06.13 08:16:33.210,0.65472,0.65502,2.85,2.63
2011.06.13 08:16:33.951,0.65474,0.65502,1.35,2.25
2011.06.13 08:16:34.060,0.65478,0.65504,2.63,2.85
2011.06.13 08:16:37.839,0.65478,0.65502,2.63,2.63
2011.06.13 08:16:39.379,0.65472,0.65502,4.35,2.63
2011.06.13 08:16:40.362,0.65473,0.65502,1.35,2.25
2011.06.13 08:16:40.689,0.65478,0.65504,2.63,2.48
2011.06.13 08:16:41.239,0.65478,0.65504,2.63,2.48
2011.06.13 08:16:41.790,0.65478,0.65503,3.23,1.50
2011.06.13 08:16:42.010,0.65478,0.6551,3.23,2.48
2011.06.13 08:16:42.581,0.65478,0.6551,3.60,2.48
2011.06.13 08:16:44.631,0.65481,0.6551,1.88,2.10
2011.06.13 08:16:47.521,0.65481,0.65512,2.48,2.63
2011.06.13 08:16:48.109,0.65481,0.65512,2.85,2.25
2011.06.13 08:16:48.659,0.65487,0.65513,2.63,4.73
2011.06.13 08:16:49.329,0.65487,0.65513,3.23,2.48
2011.06.13 08:16:49.661,0.65488,0.6551,2.25,2.10
2011.06.13 08:16:50.211,0.65487,0.6551,2.63,2.10
2011.06.13 08:16:51.471,0.65487,0.65513,3.23,2.48
2011.06.13 08:16:52.349,0.65487,0.65513,3.23,2.48
2011.06.13 08:16:53.401,0.65487,0.65513,3.23,2.48
2011.06.13 08:16:54.380,0.65487,0.65513,3.23,2.48
2011.06.13 08:16:54.710,0.6549,0.65513,2.85,1.88
2011.06.13 08:16:55.259,0.65489,0.65513,2.85,1.88
2011.06.13 08:16:55.591,0.65487,0.65511,2.63,2.10
2011.06.13 08:16:56.030,0.65482,0.65511,2.48,2.48
2011.06.13 08:16:56.960,0.65482,0.65506,1.88,2.10
2011.06.13 08:16:58.360,0.6548,0.6551,2.48,2.10
2011.06.13 08:17:02.974,0.6548,0.6551,2.85,2.48
2011.06.13 08:17:12.853,0.65488,0.6551,2.63,2.10
2011.06.13 08:17:19.953,0.65481,0.65505,1.88,2.10
2011.06.13 08:17:24.930,0.65477,0.65503,4.13,2.48
2011.06.13 08:17:25.040,0.65477,0.65503,2.25,2.85
2011.06.13 08:17:25.599,0.65472,0.65503,1.73,5.10
2011.06.13 08:17:26.232,0.65471,0.65503,2.85,5.10
2011.06.13 08:17:27.101,0.65471,0.65503,2.48,5.10
2011.06.13 08:17:27.320,0.6547,0.65498,2.48,1.13
2011.06.13 08:17:27.431,0.65468,0.65498,1.73,1.73
2011.06.13 08:17:33.580,0.65467,0.65501,4.73,3.98
2011.06.13 08:17:33.690,0.65469,0.65501,2.25,2.48
2011.06.13 08:17:34.020,0.65471,0.65503,1.35,5.10
2011.06.13 08:17:35.321,0.65472,0.65503,1.35,5.10
2011.06.13 08:17:38.320,0.65471,0.65503,1.35,5.10
2011.06.13 08:17:42.620,0.65473,0.65503,2.48,5.10
2011.06.13 08:17:43.420,0.6547,0.65503,3.98,6.23
2011.06.13 08:17:45.263,0.6547,0.65503,2.48,7.35
2011.06.13 08:17:45.870,0.6547,0.65499,2.48,1.13
2011.06.13 08:17:46.511,0.6547,0.65503,2.48,6.60
2011.06.13 08:17:49.470,0.6547,0.65503,2.48,6.60
2011.06.13 08:17:51.510,0.65473,0.65503,1.73,5.10
2011.06.13 08:18:05.994,0.6548,0.65503,2.48,1.88
2011.06.13 08:18:07.100,0.65478,0.65503,3.23,2.48
2011.06.13 08:18:07.540,0.65478,0.65501,2.63,2.10
2011.06.13 08:18:08.090,0.65478,0.65503,2.85,2.48
2011.06.13 08:18:08.889,0.65478,0.65503,3.23,2.48
2011.06.13 08:18:10.741,0.65478,0.65503,2.25,2.85
2011.06.13 08:18:11.053,0.65471,0.65502,2.85,3.23
2011.06.13 08:18:14.020,0.65471,0.65502,2.48,3.23
2011.06.13 08:18:14.500,0.65471,0.65499,2.48,2.10
2011.06.13 08:18:16.992,0.65473,0.655,2.48,2.48
2011.06.13 08:18:19.010,0.65473,0.655,2.48,2.10
2011.06.13 08:18:26.120,0.65477,0.65502,2.48,2.63
2011.06.13 08:18:27.501,0.65477,0.65503,2.48,5.48
2011.06.13 08:18:30.629,0.65477,0.65502,2.25,2.10
2011.06.13 08:18:33.001,0.65477,0.65503,4.73,2.25
2011.06.13 08:18:33.111,0.65477,0.65504,6.60,2.48
2011.06.13 08:18:35.192,0.65479,0.65507,2.85,2.10
2011.06.13 08:18:38.172,0.65479,0.65507,2.48,2.10
2011.06.13 08:18:38.521,0.65479,0.65507,2.48,2.48
2011.06.13 08:18:38.631,0.65477,0.65504,2.63,2.10
2011.06.13 08:18:38.851,0.65477,0.65504,2.63,2.48
2011.06.13 08:18:39.180,0.65473,0.655,2.48,2.10
2011.06.13 08:18:40.730,0.65472,0.655,2.48,2.10
2011.06.13 08:18:41.941,0.65472,0.655,2.85,2.10
2011.06.13 08:18:45.385,0.65472,0.655,2.48,2.10
2011.06.13 08:18:47.602,0.65472,0.655,2.48,2.48
2011.06.13 08:18:49.383,0.65472,0.655,2.85,2.10
2011.06.13 08:18:49.600,0.65478,0.65502,2.25,3.23
2011.06.13 08:18:49.711,0.65478,0.65498,2.25,2.10
2011.06.13 08:18:49.820,0.65471,0.65498,3.98,2.10
2011.06.13 08:18:49.930,0.65471,0.65498,3.98,2.10
2011.06.13 08:18:50.149,0.65471,0.65495,1.88,2.10
2011.06.13 08:18:50.260,0.65467,0.65495,5.10,2.10
2011.06.13 08:18:51.493,0.65467,0.65495,5.10,2.48
2011.06.13 08:18:53.790,0.65467,0.65494,3.23,2.48
2011.06.13 08:19:06.711,0.65468,0.65492,2.25,2.85
2011.06.13 08:19:06.969,0.65468,0.65492,2.63,2.85
2011.06.13 08:19:13.311,0.65468,0.65494,2.48,2.48
2011.06.13 08:19:18.244,0.65467,0.65494,4.73,2.48
2011.06.13 08:19:18.520,0.6547,0.65494,2.10,1.88
2011.06.13 08:19:18.741,0.65474,0.65501,2.48,2.48
2011.06.13 08:19:18.962,0.65478,0.65503,2.10,2.85
2011.06.13 08:19:19.293,0.65481,0.65503,2.10,2.25
2011.06.13 08:19:19.402,0.65481,0.65508,2.48,2.10
2011.06.13 08:19:19.514,0.65485,0.65512,2.48,2.63
2011.06.13 08:19:19.842,0.65492,0.65514,2.25,2.10
2011.06.13 08:19:20.066,0.65488,0.65514,3.23,2.48
2011.06.13 08:19:20.551,0.65491,0.65512,2.48,2.25
2011.06.13 08:19:20.660,0.65491,0.65518,2.48,2.10
2011.06.13 08:19:20.848,0.6549,0.65523,2.48,3.60
2011.06.13 08:19:21.071,0.65492,0.65523,1.88,4.73
2011.06.13 08:19:22.260,0.65492,0.65523,2.48,3.23
2011.06.13 08:19:23.262,0.65492,0.65523,2.48,3.98
2011.06.13 08:19:23.589,0.6549,0.65521,1.88,2.48
2011.06.13 08:19:23.812,0.65487,0.65521,4.73,2.48
2011.06.13 08:19:24.031,0.65487,0.65519,3.23,2.85
2011.06.13 08:19:24.362,0.65488,0.65512,2.63,2.25
2011.06.13 08:19:24.696,0.65481,0.65512,4.35,2.63
2011.06.13 08:19:25.462,0.65483,0.65512,2.48,2.25
2011.06.13 08:19:27.060,0.65488,0.65512,2.25,2.25
2011.06.13 08:19:27.611,0.65488,0.65514,2.63,2.85
2011.06.13 08:19:28.270,0.65488,0.65514,2.63,2.48
2011.06.13 08:19:31.161,0.65488,0.65513,4.50,2.48
2011.06.13 08:19:33.371,0.65488,0.65513,4.13,2.48
2011.06.13 08:19:36.193,0.65488,0.6552,3.23,2.48
2011.06.13 08:19:36.889,0.65488,0.65513,3.23,1.88
2011.06.13 08:19:38.811,0.6549,0.6552,1.88,2.48
2011.06.13 08:19:39.031,0.65492,0.6552,1.88,2.48
2011.06.13 08:19:39.143,0.65492,0.65522,2.48,3.23
2011.06.13 08:19:39.372,0.65489,0.65522,4.35,3.23
2011.06.13 08:19:39.590,0.65489,0.65522,3.98,3.23
2011.06.13 08:19:39.810,0.65488,0.6552,3.23,2.48
2011.06.13 08:19:41.240,0.65488,0.6552,3.60,2.48
2011.06.13 08:19:43.241,0.65488,0.6552,3.23,2.48
2011.06.13 08:19:43.462,0.65488,0.65513,3.23,1.88
2011.06.13 08:19:45.391,0.65489,0.65513,1.35,1.88
2011.06.13 08:19:45.832,0.65489,0.6552,2.85,2.48
2011.06.13 08:19:46.852,0.65489,0.65522,4.35,3.23
2011.06.13 08:19:47.071,0.65492,0.65522,2.48,3.23
2011.06.13 08:19:47.403,0.65493,0.65522,2.25,2.85
2011.06.13 08:19:47.511,0.65497,0.65523,2.63,1.88
2011.06.13 08:19:48.461,0.65497,0.65523,3.38,1.88
2011.06.13 08:19:48.790,0.65497,0.65523,3.75,1.88
2011.06.13 08:19:49.770,0.65498,0.65533,2.85,6.60
2011.06.13 08:19:50.330,0.65498,0.65533,2.48,6.60
2011.06.13 08:19:50.930,0.65498,0.65524,2.48,1.50
2011.06.13 08:19:51.699,0.65497,0.65532,5.10,2.85
2011.06.13 08:19:54.457,0.65498,0.65532,1.35,2.48
2011.06.13 08:19:55.121,0.65498,0.65533,2.48,6.98
2011.06.13 08:19:55.450,0.65497,0.65524,4.13,1.88
2011.06.13 08:19:56.579,0.65497,0.65524,5.25,1.88
2011.06.13 08:19:57.129,0.655,0.65524,2.48,1.88
2011.06.13 08:19:57.240,0.655,0.65533,2.48,6.60
2011.06.13 08:19:57.810,0.655,0.65533,2.85,6.60
2011.06.13 08:20:00.060,0.65503,0.65533,2.48,4.50
2011.06.13 08:20:00.610,0.65501,0.65532,2.85,3.23
2011.06.13 08:20:01.270,0.65501,0.65532,2.48,3.23
2011.06.13 08:20:01.612,0.65498,0.65529,4.13,2.48
2011.06.13 08:20:01.941,0.65498,0.65524,2.63,1.88
2011.06.13 08:20:02.540,0.65498,0.65524,2.25,2.25
2011.06.13 08:20:03.310,0.65498,0.65524,2.63,2.25
2011.06.13 08:20:03.862,0.65498,0.65524,4.13,1.88
2011.06.13 08:20:06.259,0.65498,0.65524,4.13,1.88
2011.06.13 08:20:06.922,0.65498,0.65528,3.23,2.48
2011.06.13 08:20:07.140,0.65498,0.65528,3.23,2.48
2011.06.13 08:20:07.360,0.65498,0.65528,3.23,2.48
2011.06.13 08:20:07.909,0.65498,0.65523,2.85,1.88
2011.06.13 08:20:08.890,0.65498,0.65523,3.23,2.25
2011.06.13 08:20:09.439,0.65498,0.65523,3.23,1.88
2011.06.13 08:20:10.260,0.65498,0.65523,5.10,1.88
2011.06.13 08:20:10.919,0.65498,0.65532,7.35,5.10
2011.06.13 08:20:11.390,0.65498,0.65532,7.35,4.73
2011.06.13 08:20:13.010,0.65499,0.65532,1.35,4.73
2011.06.13 08:20:14.978,0.65499,0.65528,2.25,2.10
2011.06.13 08:20:15.094,0.65499,0.65528,1.88,2.48
2011.06.13 08:20:15.214,0.65499,0.65528,1.50,2.10
2011.06.13 08:20:15.322,0.65498,0.65526,2.25,2.10
2011.06.13 08:20:15.543,0.65495,0.65523,1.50,2.85
2011.06.13 08:20:15.761,0.65495,0.65523,1.50,3.23
2011.06.13 08:20:16.091,0.65495,0.65521,1.50,2.10
2011.06.13 08:20:16.421,0.65495,0.65513,1.50,1.88
2011.06.13 08:20:16.531,0.65487,0.65513,4.73,1.88
2011.06.13 08:20:17.090,0.65487,0.65513,4.73,2.48
2011.06.13 08:20:17.200,0.65487,0.65513,4.73,2.48
2011.06.13 08:20:24.990,0.65487,0.65513,3.23,2.48
2011.06.13 08:20:25.100,0.65487,0.6551,2.63,2.10
2011.06.13 08:20:25.623,0.65487,0.6551,2.63,2.10
2011.06.13 08:20:26.060,0.65487,0.65513,3.23,2.48
2011.06.13 08:20:27.331,0.65487,0.65513,3.23,2.48
2011.06.13 08:20:28.470,0.65487,0.65513,3.23,2.48
2011.06.13 08:20:37.400,0.65487,0.65514,3.23,4.35
2011.06.13 08:20:37.510,0.65488,0.65514,2.48,3.98
2011.06.13 08:20:37.620,0.65488,0.65514,2.48,3.98
2011.06.13 08:20:37.730,0.65488,0.65514,3.23,3.98
2011.06.13 08:20:37.950,0.65488,0.65514,1.35,3.98
2011.06.13 08:20:38.499,0.65487,0.65514,4.73,3.98
2011.06.13 08:20:38.940,0.65487,0.65514,3.23,4.35
2011.06.13 08:20:39.053,0.65487,0.65508,2.25,2.48
2011.06.13 08:20:39.336,0.65479,0.65505,2.48,2.10
2011.06.13 08:20:39.457,0.65478,0.65501,2.25,2.48
2011.06.13 08:20:39.791,0.65472,0.65502,2.48,3.23
2011.06.13 08:20:41.411,0.65472,0.65502,2.48,3.23
2011.06.13 08:20:41.521,0.65468,0.655,4.73,1.35
2011.06.13 08:20:42.070,0.65468,0.65494,4.73,1.88
2011.06.13 08:20:43.232,0.65468,0.65494,4.73,1.88
2011.06.13 08:20:43.559,0.65468,0.65502,4.73,6.60
2011.06.13 08:20:44.931,0.65468,0.65502,4.73,6.23
2011.06.13 08:20:45.040,0.65471,0.65502,2.48,4.73
2011.06.13 08:20:47.741,0.65471,0.65502,2.48,5.10
2011.06.13 08:20:48.931,0.65471,0.65502,2.48,4.73
2011.06.13 08:20:50.579,0.65471,0.65494,2.48,1.88
2011.06.13 08:20:52.813,0.65473,0.65502,2.48,3.23
2011.06.13 08:20:55.230,0.65473,0.65502,2.10,3.60
2011.06.13 08:20:55.561,0.65468,0.65495,3.23,2.48
2011.06.13 08:20:55.781,0.65473,0.655,1.88,2.10
2011.06.13 08:20:56.110,0.65474,0.65501,2.48,2.10
2011.06.13 08:20:58.381,0.65473,0.655,2.48,2.48
2011.06.13 08:20:58.950,0.65468,0.65498,4.73,2.48
2011.06.13 08:21:00.160,0.6547,0.65494,2.10,1.88
2011.06.13 08:21:00.381,0.65468,0.65494,3.23,2.85
2011.06.13 08:21:01.212,0.65468,0.65494,2.85,2.85
2011.06.13 08:21:17.120,0.65468,0.65493,3.23,2.48
2011.06.13 08:21:18.330,0.65468,0.65493,3.23,2.85
2011.06.13 08:21:22.981,0.65468,0.65485,2.25,2.85
2011.06.13 08:21:23.202,0.65465,0.65482,2.48,2.25
2011.06.13 08:21:23.420,0.65468,0.65494,2.63,5.85
2011.06.13 08:21:25.912,0.65468,0.65493,2.25,2.85
2011.06.13 08:21:26.130,0.65461,0.6549,2.48,2.48
2011.06.13 08:21:27.810,0.65459,0.6549,2.85,2.48
2011.06.13 08:21:37.422,0.65459,0.65487,2.25,2.10
2011.06.13 08:21:37.750,0.65457,0.65463,5.25,1.50
2011.06.13 08:21:38.442,0.65457,0.65483,9.23,1.88
2011.06.13 08:21:39.100,0.65457,0.65487,6.23,2.48
2011.06.13 08:21:39.321,0.65457,0.65463,8.10,1.50
2011.06.13 08:21:40.533,0.65457,0.65483,8.10,1.88
2011.06.13 08:21:41.861,0.65459,0.65487,1.73,2.48
2011.06.13 08:21:41.973,0.65462,0.6549,2.48,2.48
2011.06.13 08:21:42.521,0.65461,0.65489,1.88,2.48
2011.06.13 08:21:44.793,0.65459,0.65489,2.48,2.48
2011.06.13 08:21:46.330,0.65459,0.65489,2.85,2.48
2011.06.13 08:21:48.210,0.65461,0.65491,2.48,2.48
2011.06.13 08:21:48.320,0.65461,0.65491,2.85,2.48
2011.06.13 08:21:48.649,0.65461,0.6549,1.35,2.48
2011.06.13 08:21:48.760,0.6546,0.6549,2.48,2.48
2011.06.13 08:21:50.016,0.65461,0.65489,2.48,2.10
2011.06.13 08:21:51.520,0.65461,0.65489,2.85,2.10
2011.06.13 08:21:52.261,0.6546,0.65487,2.85,2.10
2011.06.13 08:21:52.592,0.65457,0.6549,4.73,2.48
2011.06.13 08:21:52.920,0.65457,0.65484,4.73,1.50
2011.06.13 08:21:59.972,0.65457,0.65483,6.23,1.50
2011.06.13 08:22:00.616,0.65457,0.65464,4.35,1.50
2011.06.13 08:22:10.861,0.65457,0.65463,6.23,1.50
2011.06.13 08:22:12.141,0.65457,0.65483,6.98,1.88
2011.06.13 08:22:12.953,0.65459,0.65484,1.88,1.50
2011.06.13 08:22:14.592,0.6546,0.65484,2.48,1.50
2011.06.13 08:22:14.700,0.6546,0.65493,2.48,5.48
2011.06.13 08:22:15.750,0.6546,0.65493,2.85,5.48
2011.06.13 08:22:17.842,0.6546,0.6549,2.10,2.48
2011.06.13 08:22:17.950,0.6546,0.6549,2.48,2.48
2011.06.13 08:22:26.711,0.6546,0.6549,2.85,2.10
2011.06.13 08:22:30.100,0.6546,0.6549,2.85,2.10
2011.06.13 08:22:35.791,0.65462,0.65493,2.85,3.98
2011.06.13 08:22:36.371,0.65468,0.65492,2.63,2.63
2011.06.13 08:22:37.801,0.65468,0.65493,2.25,1.35
2011.06.13 08:22:38.460,0.65468,0.65492,2.25,2.25
2011.06.13 08:22:40.921,0.65467,0.65494,2.63,2.85
2011.06.13 08:22:42.212,0.65467,0.65494,2.63,2.85
2011.06.13 08:22:44.340,0.65467,0.65494,2.63,2.48
2011.06.13 08:22:46.731,0.65468,0.65494,1.88,2.48
2011.06.13 08:22:47.611,0.65467,0.65494,2.63,2.48
2011.06.13 08:22:54.970,0.65463,0.65493,2.85,4.73
2011.06.13 08:22:55.410,0.65463,0.65493,2.48,5.10
2011.06.13 08:22:55.520,0.65463,0.65493,2.85,4.73
2011.06.13 08:22:56.070,0.65463,0.65493,2.48,5.10
2011.06.13 08:22:57.981,0.65463,0.65493,2.48,5.10
2011.06.13 08:22:58.311,0.6546,0.6549,2.25,2.10
2011.06.13 08:22:59.500,0.6546,0.6549,1.88,2.10
2011.06.13 08:22:59.831,0.65458,0.65487,1.13,2.48
2011.06.13 08:23:03.913,0.65457,0.65487,4.50,2.10
2011.06.13 08:23:04.020,0.65459,0.6549,1.35,2.48
2011.06.13 08:23:13.755,0.65458,0.6549,2.48,2.48
2011.06.13 08:23:14.093,0.65457,0.65486,4.50,2.10
2011.06.13 08:23:15.029,0.65457,0.65486,4.13,2.10
2011.06.13 08:23:23.512,0.65457,0.65491,4.73,3.98
2011.06.13 08:23:24.430,0.65457,0.65491,5.10,3.60
2011.06.13 08:23:24.652,0.6546,0.65493,4.35,3.23
2011.06.13 08:23:26.741,0.6546,0.65489,1.35,2.10
2011.06.13 08:23:26.851,0.65459,0.65489,2.48,2.48
2011.06.13 08:23:29.219,0.65457,0.65488,5.10,1.35
2011.06.13 08:23:30.273,0.65457,0.65464,3.23,1.50
2011.06.13 08:23:30.820,0.65458,0.65463,1.13,1.50
2011.06.13 08:23:31.369,0.65458,0.65483,3.23,1.88
2011.06.13 08:23:32.663,0.65462,0.65483,2.48,3.38
2011.06.13 08:23:33.210,0.65462,0.65489,4.73,2.10
2011.06.13 08:23:33.582,0.65462,0.65489,2.63,2.10
2011.06.13 08:23:34.770,0.65462,0.65489,2.63,2.10
2011.06.13 08:23:34.880,0.65462,0.6549,3.23,2.10
2011.06.13 08:23:36.302,0.65462,0.65489,1.88,2.10
2011.06.13 08:23:36.741,0.65462,0.65489,4.35,2.10
2011.06.13 08:23:37.290,0.65463,0.65489,1.35,2.10
2011.06.13 08:23:37.849,0.65464,0.65489,2.48,2.10
2011.06.13 08:23:39.528,0.65462,0.65489,3.98,2.10
2011.06.13 08:23:40.260,0.65462,0.65493,2.48,3.23
2011.06.13 08:23:43.561,0.65462,0.65493,2.85,3.23
2011.06.13 08:23:44.332,0.65467,0.65494,2.25,2.85
2011.06.13 08:23:44.951,0.65463,0.65492,1.88,2.85
2011.06.13 08:23:46.610,0.65463,0.65492,1.88,3.23
2011.06.13 08:23:47.053,0.65459,0.65492,2.48,5.10
2011.06.13 08:23:47.711,0.65459,0.65483,2.48,1.50
2011.06.13 08:23:48.770,0.65463,0.65492,1.13,2.85
2011.06.13 08:23:49.319,0.65462,0.65492,2.48,3.23
2011.06.13 08:23:53.541,0.65462,0.65492,2.85,3.23
2011.06.13 08:23:54.172,0.65462,0.65492,2.48,3.23
2011.06.13 08:23:56.950,0.65462,0.65492,2.85,2.85
2011.06.13 08:23:57.412,0.65467,0.65493,4.73,1.88
2011.06.13 08:23:57.849,0.65467,0.65493,3.23,1.88
2011.06.13 08:23:59.503,0.65467,0.65493,2.63,2.48
2011.06.13 08:24:00.672,0.65467,0.65493,2.63,2.85
2011.06.13 08:24:01.220,0.65462,0.65493,2.85,5.85
2011.06.13 08:24:01.769,0.65462,0.65493,2.25,7.35
2011.06.13 08:24:02.209,0.65462,0.65493,1.88,7.35
2011.06.13 08:24:02.910,0.65462,0.6549,1.88,1.73
2011.06.13 08:24:04.879,0.6546,0.65488,3.38,1.13
2011.06.13 08:24:05.212,0.65457,0.65487,4.50,2.48
2011.06.13 08:24:05.593,0.65457,0.65464,4.13,1.50
2011.06.13 08:24:10.240,0.65456,0.65464,2.85,1.50
2011.06.13 08:24:10.679,0.65456,0.65484,3.23,2.48
2011.06.13 08:24:11.250,0.65458,0.65464,2.63,1.50
2011.06.13 08:24:12.679,0.65458,0.65464,2.63,1.50
2011.06.13 08:24:14.419,0.65458,0.65464,2.25,1.50
2011.06.13 08:24:14.970,0.65456,0.65463,1.35,1.50
2011.06.13 08:24:17.221,0.65457,0.65463,2.25,1.50
2011.06.13 08:24:17.989,0.65457,0.65463,2.25,1.50
2011.06.13 08:24:23.960,0.65456,0.65464,1.88,1.50
2011.06.13 08:24:29.553,0.65456,0.65464,2.85,1.50
2011.06.13 08:24:35.053,0.65458,0.6548,2.63,2.10
2011.06.13 08:24:39.111,0.65458,0.65464,3.23,1.50
2011.06.13 08:24:42.431,0.6546,0.65484,2.48,3.38
2011.06.13 08:24:42.872,0.65458,0.65484,3.23,5.48
2011.06.13 08:24:43.090,0.65458,0.65484,3.23,5.85
2011.06.13 08:24:44.182,0.65458,0.65482,1.35,2.85
2011.06.13 08:24:44.510,0.65458,0.65484,5.10,3.38
2011.06.13 08:24:45.709,0.65458,0.65484,4.73,3.38
2011.06.13 08:24:46.771,0.65459,0.65484,1.35,3.38
2011.06.13 08:24:51.160,0.65461,0.65484,2.48,3.38
2011.06.13 08:24:59.562,0.65459,0.65484,4.35,3.75
2011.06.13 08:24:59.671,0.65459,0.65483,1.35,2.25
2011.06.13 08:25:00.000,0.65458,0.65484,1.35,3.38
2011.06.13 08:25:01.503,0.65461,0.65493,1.35,7.35
2011.06.13 08:25:01.939,0.6546,0.65492,3.98,1.35
2011.06.13 08:25:02.050,0.6546,0.6549,1.88,2.48
2011.06.13 08:25:02.406,0.65461,0.6549,1.88,2.48
2011.06.13 08:25:02.524,0.65457,0.6549,4.73,2.48
2011.06.13 08:25:08.280,0.65458,0.65488,1.35,1.73
2011.06.13 08:25:08.390,0.65457,0.65487,4.73,1.35
2011.06.13 08:25:08.500,0.65457,0.65464,4.73,1.50
2011.06.13 08:25:09.003,0.65456,0.65464,2.25,1.50
2011.06.13 08:25:10.882,0.65456,0.65464,2.25,1.50
2011.06.13 08:25:12.510,0.65456,0.65464,2.25,1.50
2011.06.13 08:25:15.501,0.65448,0.65464,3.23,1.50
2011.06.13 08:25:19.211,0.65448,0.65464,3.23,1.50
2011.06.13 08:25:27.681,0.65448,0.65464,2.25,1.50
2011.06.13 08:25:27.791,0.65446,0.65464,2.25,1.50
2011.06.13 08:25:30.140,0.65446,0.65464,2.25,1.50
2011.06.13 08:25:30.670,0.65446,0.65464,1.88,1.50
2011.06.13 08:25:31.111,0.65446,0.65464,1.88,3.98
2011.06.13 08:25:32.100,0.65436,0.65463,3.75,2.85
2011.06.13 08:25:32.211,0.65436,0.65461,3.75,1.35
2011.06.13 08:25:32.320,0.65436,0.65463,3.75,3.60
2011.06.13 08:25:32.430,0.65436,0.65463,3.38,3.98
2011.06.13 08:25:38.042,0.65436,0.65459,3.38,1.13
2011.06.13 08:25:38.369,0.65436,0.65458,3.38,2.48
2011.06.13 08:25:39.309,0.65436,0.6546,3.38,2.48
2011.06.13 08:25:42.791,0.65437,0.65453,1.50,1.88
2011.06.13 08:25:44.791,0.65437,0.65453,1.50,4.50
2011.06.13 08:25:44.900,0.65437,0.65453,1.50,4.73
2011.06.13 08:25:45.450,0.65437,0.65453,1.50,1.88
2011.06.13 08:26:13.943,0.65437,0.65453,1.50,2.48
2011.06.13 08:26:14.052,0.65437,0.65453,1.50,1.88
2011.06.13 08:26:14.603,0.65437,0.65453,1.50,2.48
2011.06.13 08:26:18.159,0.65436,0.65452,1.50,2.85
2011.06.13 08:26:30.180,0.65436,0.65454,1.50,1.88
2011.06.13 08:26:33.015,0.65437,0.65453,1.50,1.88
2011.06.13 08:26:44.815,0.65437,0.65452,1.50,2.10
2011.06.13 08:26:49.980,0.65437,0.65448,1.50,2.85
2011.06.13 08:26:55.522,0.65436,0.65448,1.50,2.48
2011.06.13 08:26:56.107,0.65437,0.65443,1.50,1.88
2011.06.13 08:26:56.672,0.65437,0.65442,1.50,2.25
2011.06.13 08:26:57.812,0.65437,0.65443,1.50,1.88
2011.06.13 08:26:58.140,0.65436,0.65449,1.50,2.48
2011.06.13 08:26:58.360,0.65436,0.65451,1.50,2.48
2011.06.13 08:27:01.280,0.65436,0.65448,1.50,2.10
2011.06.13 08:27:02.771,0.65436,0.65443,1.50,2.10
2011.06.13 08:27:04.201,0.65436,0.65444,1.50,1.88
2011.06.13 08:27:06.052,0.65436,0.65448,1.50,2.10
2011.06.13 08:27:09.330,0.65436,0.65453,1.50,5.10
2011.06.13 08:27:10.550,0.65436,0.65448,1.50,2.10
2011.06.13 08:27:12.133,0.65436,0.65445,1.50,2.10
2011.06.13 08:27:12.241,0.65436,0.65449,1.50,2.48
2011.06.13 08:27:12.571,0.65419,0.65449,2.25,2.48
2011.06.13 08:27:12.835,0.65437,0.65443,1.50,1.88
2011.06.13 08:27:15.150,0.65419,0.65443,1.50,2.25
2011.06.13 08:27:15.261,0.65417,0.65441,2.25,2.48
2011.06.13 08:27:15.480,0.65416,0.65443,3.75,3.23
2011.06.13 08:27:15.590,0.65437,0.65443,1.50,4.73
2011.06.13 08:27:15.701,0.65437,0.65443,1.50,4.73
2011.06.13 08:27:16.250,0.65437,0.65443,1.50,1.88
2011.06.13 08:27:18.021,0.65436,0.65452,1.50,2.85
2011.06.13 08:27:18.670,0.65437,0.65453,1.50,2.48
2011.06.13 08:27:20.141,0.65427,0.65442,3.75,2.10
2011.06.13 08:27:20.251,0.65425,0.65442,1.50,2.10
2011.06.13 08:27:20.361,0.65417,0.65442,3.75,4.35
2011.06.13 08:27:20.470,0.65417,0.65442,4.13,4.35
2011.06.13 08:27:20.581,0.65422,0.65449,1.35,2.10
2011.06.13 08:27:20.690,0.65422,0.65449,1.35,2.10
2011.06.13 08:27:21.020,0.65437,0.65453,1.50,3.98
2011.06.13 08:27:22.131,0.65436,0.65453,1.50,4.35
2011.06.13 08:27:22.997,0.65437,0.65453,1.50,6.23
2011.06.13 08:27:23.344,0.65437,0.65446,1.50,2.10
2011.06.13 08:27:23.893,0.65436,0.65454,1.50,1.88
2011.06.13 08:27:27.511,0.65436,0.65454,1.50,2.63
2011.06.13 08:27:28.060,0.65436,0.65454,1.50,1.88
2011.06.13 08:27:29.581,0.65436,0.65454,1.50,3.98
2011.06.13 08:27:34.230,0.65436,0.65454,1.50,1.88
2011.06.13 08:27:34.561,0.65436,0.65453,1.50,2.10
2011.06.13 08:27:38.360,0.65436,0.65451,1.50,2.10
2011.06.13 08:27:40.490,0.65436,0.65452,1.50,2.10
2011.06.13 08:27:44.521,0.65437,0.65446,1.50,2.10
2011.06.13 08:27:44.741,0.65437,0.65448,1.50,2.10
2011.06.13 08:27:49.521,0.65437,0.65451,1.50,2.48
2011.06.13 08:27:53.981,0.65437,0.65452,1.50,2.63
2011.06.13 08:27:54.581,0.65437,0.65453,1.50,1.88
2011.06.13 08:27:55.520,0.65437,0.65452,1.50,2.25
2011.06.13 08:28:12.932,0.65436,0.65452,1.50,2.25
2011.06.13 08:28:27.380,0.65436,0.65454,1.50,1.88
2011.06.13 08:28:28.301,0.65436,0.65454,1.50,2.25
2011.06.13 08:28:29.401,0.65436,0.65453,1.50,2.25
2011.06.13 08:28:29.950,0.65436,0.65452,1.50,2.10
2011.06.13 08:28:36.001,0.65436,0.65453,1.50,2.85
2011.06.13 08:28:38.240,0.65436,0.65452,1.50,2.25
2011.06.13 08:28:38.831,0.65436,0.65453,1.50,2.85
2011.06.13 08:28:47.270,0.65437,0.65451,1.50,2.10
2011.06.13 08:28:49.720,0.65437,0.65453,1.50,5.48
2011.06.13 08:28:50.380,0.65436,0.65451,1.50,2.10
2011.06.13 08:28:50.713,0.65436,0.65451,1.50,2.85
2011.06.13 08:28:51.261,0.65436,0.65444,1.50,1.88
2011.06.13 08:28:51.920,0.65436,0.65453,1.50,4.73
2011.06.13 08:28:52.142,0.65436,0.65451,1.50,1.35
2011.06.13 08:28:52.472,0.65436,0.65443,1.50,2.25
2011.06.13 08:28:52.581,0.65436,0.65453,1.50,3.60
2011.06.13 08:28:53.179,0.65436,0.65452,1.50,2.85
2011.06.13 08:28:53.289,0.65436,0.65444,1.50,1.88
2011.06.13 08:28:56.370,0.65437,0.65443,1.50,1.50
2011.06.13 08:29:02.620,0.65436,0.65453,1.50,3.98
2011.06.13 08:29:07.242,0.65436,0.65453,1.50,4.35
2011.06.13 08:29:10.101,0.65437,0.65443,1.50,1.88
2011.06.13 08:29:13.511,0.65436,0.65444,1.50,1.50
2011.06.13 08:29:16.803,0.65436,0.65452,1.50,3.60
2011.06.13 08:29:16.910,0.65436,0.65452,1.50,3.23
2011.06.13 08:29:30.860,0.65437,0.65453,1.50,5.48
2011.06.13 08:29:33.781,0.65437,0.65452,1.50,1.35
2011.06.13 08:29:34.331,0.65437,0.65448,1.50,1.35
2011.06.13 08:29:34.951,0.65436,0.65448,1.50,1.35
2011.06.13 08:29:40.460,0.65436,0.65444,1.50,1.50
2011.06.13 08:29:42.542,0.65436,0.6545,1.50,2.10
2011.06.13 08:29:54.253,0.65436,0.65446,1.50,2.10
2011.06.13 08:29:54.691,0.65417,0.65438,1.88,2.10
2011.06.13 08:29:54.801,0.65407,0.65438,4.50,2.10
2011.06.13 08:29:55.020,0.65416,0.65438,1.88,2.10
2011.06.13 08:29:59.440,0.65416,0.65432,1.88,2.25
2011.06.13 08:30:02.170,0.65416,0.65438,1.88,2.48
2011.06.13 08:30:03.730,0.65416,0.65432,1.88,2.25
2011.06.13 08:30:04.319,0.65416,0.65438,1.88,2.48
2011.06.13 08:30:10.152,0.65408,0.65438,2.63,2.48
2011.06.13 08:30:14.271,0.65408,0.65438,2.63,2.48
2011.06.13 08:30:17.162,0.65408,0.65438,2.63,2.48
2011.06.13 08:30:17.564,0.65436,0.6544,1.50,1.50
2011.06.13 08:30:21.614,0.65436,0.6544,1.50,1.50
2011.06.13 08:30:35.932,0.65437,0.65441,1.50,1.50
2011.06.13 08:30:41.321,0.65408,0.6544,3.00,1.88
2011.06.13 08:30:48.034,0.65408,0.6544,3.00,1.88
2011.06.13 08:30:51.383,0.65415,0.6544,2.25,1.88
2011.06.13 08:30:51.492,0.65437,0.65442,1.50,3.23
2011.06.13 08:30:51.604,0.65415,0.6544,1.88,3.60
2011.06.13 08:30:52.151,0.65417,0.6544,1.88,2.10
2011.06.13 08:30:54.464,0.65417,0.65442,1.88,2.85
2011.06.13 08:30:54.583,0.65417,0.65442,2.25,2.85
2011.06.13 08:30:55.480,0.65417,0.65443,2.25,4.73
2011.06.13 08:31:07.363,0.65417,0.65443,1.88,5.10
2011.06.13 08:31:07.690,0.6541,0.65438,2.25,2.10
2011.06.13 08:31:08.240,0.65416,0.65438,3.38,2.10
2011.06.13 08:31:10.173,0.65416,0.65432,3.38,2.10
2011.06.13 08:31:10.683,0.65416,0.65436,3.38,2.10
2011.06.13 08:31:12.993,0.65416,0.65441,3.38,2.48
2011.06.13 08:31:13.102,0.65416,0.65441,3.75,2.48
2011.06.13 08:31:13.321,0.65416,0.65439,3.75,2.10
2011.06.13 08:31:13.542,0.65416,0.6544,3.75,2.10
2011.06.13 08:31:14.511,0.65416,0.65435,3.75,2.10
2011.06.13 08:31:15.179,0.65408,0.65435,4.73,2.10
2011.06.13 08:31:15.379,0.65409,0.65435,1.35,2.10
2011.06.13 08:31:16.060,0.65408,0.65435,5.10,2.10
2011.06.13 08:31:16.500,0.65408,0.65435,4.73,2.10
2011.06.13 08:31:17.812,0.65408,0.65435,4.73,2.10
2011.06.13 08:31:18.142,0.6541,0.65442,3.98,3.23
2011.06.13 08:31:18.254,0.65436,0.65442,1.50,2.85
2011.06.13 08:31:18.582,0.65437,0.65443,1.50,2.48
2011.06.13 08:31:19.020,0.65436,0.65444,1.50,1.88
2011.06.13 08:31:22.642,0.65436,0.65443,1.50,2.25
2011.06.13 08:31:24.760,0.65436,0.65444,1.50,2.48
2011.06.13 08:31:25.640,0.65436,0.65443,1.50,2.25
2011.06.13 08:31:26.271,0.65436,0.65444,1.50,2.48
2011.06.13 08:31:26.820,0.65436,0.65442,1.50,2.25
2011.06.13 08:31:28.501,0.65436,0.65444,1.50,2.48
2011.06.13 08:31:29.111,0.65436,0.65443,1.50,2.25
2011.06.13 08:31:29.772,0.65416,0.65444,1.88,3.23
2011.06.13 08:31:30.210,0.65416,0.65443,1.88,5.10
2011.06.13 08:31:31.212,0.65416,0.65442,1.88,1.35
2011.06.13 08:31:32.683,0.65416,0.65443,1.88,4.73
2011.06.13 08:31:35.971,0.65436,0.65441,1.50,1.73
2011.06.13 08:31:36.870,0.65437,0.65441,1.50,1.13
2011.06.13 08:31:40.184,0.65437,0.65443,1.50,6.23
2011.06.13 08:31:47.882,0.65417,0.65439,1.88,1.13
2011.06.13 08:31:48.994,0.65436,0.65443,1.50,4.88
2011.06.13 08:31:50.962,0.65416,0.65443,1.88,4.88
2011.06.13 08:31:53.590,0.65416,0.65443,1.88,5.25
2011.06.13 08:31:54.041,0.65416,0.65443,1.88,5.25
2011.06.13 08:31:54.701,0.65416,0.65435,1.88,2.10
2011.06.13 08:31:56.820,0.65408,0.65435,3.00,2.10
2011.06.13 08:31:58.410,0.65437,0.65442,1.50,4.35
2011.06.13 08:31:59.810,0.65417,0.65435,3.38,2.10
2011.06.13 08:32:03.061,0.65437,0.65442,1.50,4.35
2011.06.13 08:32:04.912,0.65417,0.65432,1.88,2.85
2011.06.13 08:32:05.242,0.65406,0.65432,3.00,2.85
2011.06.13 08:32:07.513,0.65406,0.65432,1.88,2.85
2011.06.13 08:32:07.732,0.65406,0.6543,1.88,2.10
2011.06.13 08:32:07.952,0.65406,0.65432,1.88,2.85
2011.06.13 08:32:08.061,0.65406,0.65432,2.25,2.85
2011.06.13 08:32:09.892,0.65406,0.65432,2.63,2.85
2011.06.13 08:32:10.110,0.65407,0.65432,2.25,2.25
2011.06.13 08:32:10.221,0.6541,0.65437,1.88,2.48
2011.06.13 08:32:10.441,0.6541,0.65437,1.88,2.10
2011.06.13 08:32:12.692,0.65408,0.65437,2.25,2.10
2011.06.13 08:32:12.802,0.65408,0.65437,1.88,2.48
2011.06.13 08:32:13.021,0.65409,0.65432,1.88,2.25
2011.06.13 08:32:13.351,0.65408,0.65432,4.50,2.25
2011.06.13 08:32:13.461,0.65408,0.65437,2.25,2.48
2011.06.13 08:32:15.411,0.65406,0.65437,3.75,2.48
2011.06.13 08:32:15.631,0.65406,0.65437,4.13,2.10
2011.06.13 08:32:15.961,0.65412,0.65437,1.50,1.88
2011.06.13 08:32:17.992,0.65406,0.65421,1.88,2.10
2011.06.13 08:32:18.322,0.65397,0.65421,1.88,2.48
2011.06.13 08:32:18.602,0.65397,0.65419,1.88,2.10
2011.06.13 08:32:20.034,0.65387,0.65417,2.63,2.48
2011.06.13 08:32:20.473,0.65384,0.65408,1.50,2.48
2011.06.13 08:32:20.803,0.65392,0.65418,1.88,2.85
2011.06.13 08:32:21.130,0.65392,0.65413,1.50,2.63
2011.06.13 08:32:21.241,0.65387,0.65413,1.88,2.63
2011.06.13 08:32:21.460,0.65388,0.65415,2.85,2.10
2011.06.13 08:32:21.791,0.65381,0.65407,2.85,2.10
2011.06.13 08:32:22.120,0.65387,0.65407,1.88,2.10
2011.06.13 08:32:24.280,0.6538,0.65407,1.50,2.48
2011.06.13 08:32:24.503,0.65384,0.65402,1.88,2.25
2011.06.13 08:32:24.611,0.65384,0.65407,1.88,2.10
2011.06.13 08:32:24.721,0.65384,0.65411,1.88,2.48
2011.06.13 08:32:24.831,0.65382,0.65411,1.35,2.48
2011.06.13 08:32:26.971,0.65386,0.65404,1.88,2.10
2011.06.13 08:32:27.193,0.65386,0.65406,1.88,2.10
2011.06.13 08:32:29.850,0.65386,0.6541,1.88,2.10
2011.06.13 08:32:31.331,0.65386,0.65408,1.88,2.10
2011.06.13 08:32:41.330,0.65379,0.65408,2.48,2.48
2011.06.13 08:32:42.060,0.65378,0.65402,4.73,2.25
2011.06.13 08:32:42.170,0.65378,0.65408,4.73,2.48
2011.06.13 08:32:42.501,0.65379,0.65408,2.48,2.48
2011.06.13 08:32:44.330,0.65379,0.65404,1.88,2.10
2011.06.13 08:32:45.363,0.65379,0.65404,2.25,2.10
2011.06.13 08:32:45.471,0.65387,0.65408,1.88,2.10
2011.06.13 08:32:45.911,0.65387,0.65404,1.88,2.10
2011.06.13 08:32:47.511,0.65387,0.65409,1.88,2.10
2011.06.13 08:32:57.902,0.65387,0.65405,1.88,2.10
2011.06.13 08:32:58.341,0.65379,0.65405,2.25,2.10
2011.06.13 08:32:58.672,0.65387,0.65405,1.50,2.10
2011.06.13 08:33:01.072,0.65387,0.65407,1.88,2.10
2011.06.13 08:33:04.064,0.65387,0.65403,1.88,2.10
2011.06.13 08:33:04.610,0.65378,0.65403,4.73,2.10
2011.06.13 08:33:05.562,0.65378,0.65403,4.73,2.10
2011.06.13 08:33:05.911,0.6538,0.65407,3.60,2.10
2011.06.13 08:33:06.240,0.65382,0.65407,1.35,2.10
2011.06.13 08:33:07.901,0.65387,0.65407,2.25,2.10
2011.06.13 08:33:09.082,0.65387,0.65407,2.25,2.10
2011.06.13 08:33:15.772,0.65382,0.65407,1.35,2.10
2011.06.13 08:33:16.100,0.65379,0.65407,4.35,2.10
2011.06.13 08:33:17.471,0.65378,0.65406,3.23,2.10
2011.06.13 08:33:18.042,0.65378,0.65406,3.98,2.10
2011.06.13 08:33:18.600,0.65382,0.65407,2.48,2.10
2011.06.13 08:33:20.752,0.65382,0.65407,4.35,2.10
2011.06.13 08:33:20.863,0.65385,0.65409,1.35,1.35
2011.06.13 08:33:21.410,0.65386,0.65408,2.25,1.35
2011.06.13 08:33:24.540,0.65386,0.65409,2.25,2.85
2011.06.13 08:33:24.870,0.65386,0.65408,2.25,2.10
2011.06.13 08:33:26.123,0.65386,0.65412,2.25,4.35
2011.06.13 08:33:26.232,0.65386,0.65412,2.25,4.35
2011.06.13 08:33:29.115,0.65386,0.65404,1.88,2.10
2011.06.13 08:33:29.233,0.65386,0.65407,1.88,2.10
2011.06.13 08:33:30.470,0.6538,0.65407,2.85,2.10
2011.06.13 08:33:30.582,0.65376,0.65403,2.63,4.35
2011.06.13 08:33:30.802,0.65372,0.65403,1.88,6.60
2011.06.13 08:33:32.923,0.65371,0.65402,1.35,2.48
2011.06.13 08:33:36.014,0.65376,0.65403,1.88,4.35
2011.06.13 08:33:36.674,0.65379,0.65402,1.73,2.25
2011.06.13 08:33:36.784,0.65384,0.6541,2.25,1.35
2011.06.13 08:33:37.115,0.65382,0.65405,1.13,2.10
2011.06.13 08:33:37.223,0.65381,0.6541,2.85,2.10
2011.06.13 08:33:37.440,0.65383,0.6541,2.25,2.10
2011.06.13 08:33:37.773,0.65387,0.65409,1.88,2.10
2011.06.13 08:33:40.512,0.65387,0.65412,2.25,2.85
2011.06.13 08:33:47.880,0.65387,0.65412,2.25,2.85
2011.06.13 08:33:49.202,0.65387,0.65412,1.88,3.23
2011.06.13 08:33:52.713,0.65387,0.65412,2.25,2.85
2011.06.13 08:33:54.521,0.65387,0.65412,2.25,2.85
2011.06.13 08:33:54.850,0.65387,0.65412,2.25,2.85
2011.06.13 08:33:56.301,0.65387,0.65412,2.63,2.85
2011.06.13 08:33:56.630,0.6539,0.65413,2.25,2.10
2011.06.13 08:33:57.082,0.65392,0.65418,1.88,2.10
2011.06.13 08:33:57.191,0.65397,0.65418,1.88,2.85
2011.06.13 08:33:59.721,0.65388,0.65412,4.13,2.25
2011.06.13 08:33:59.831,0.65388,0.65418,4.50,3.23
2011.06.13 08:34:03.310,0.65388,0.65418,2.63,3.23
2011.06.13 08:34:03.530,0.65388,0.65412,2.63,2.85
2011.06.13 08:34:04.080,0.65386,0.65412,3.75,2.85
2011.06.13 08:34:04.521,0.65386,0.65412,2.25,2.85
2011.06.13 08:34:05.762,0.65386,0.65412,2.25,2.85
2011.06.13 08:34:05.993,0.65386,0.65408,2.25,2.10
2011.06.13 08:34:07.062,0.65386,0.65408,2.25,2.10
2011.06.13 08:34:08.381,0.65386,0.65408,2.25,2.10
2011.06.13 08:34:09.590,0.65386,0.65408,2.25,2.10
2011.06.13 08:34:19.901,0.65387,0.65408,2.25,2.10
2011.06.13 08:34:21.982,0.65387,0.65412,2.25,2.85
2011.06.13 08:34:22.702,0.65387,0.65412,2.25,2.85
2011.06.13 08:34:25.203,0.65387,0.65412,2.63,2.85
2011.06.13 08:34:25.315,0.65387,0.65413,6.38,2.10
2011.06.13 08:34:25.543,0.65387,0.65413,7.88,2.10
2011.06.13 08:34:25.871,0.65389,0.65413,1.88,2.10
2011.06.13 08:34:26.421,0.65388,0.65413,2.63,2.10
2011.06.13 08:34:28.793,0.6539,0.65413,1.88,2.10
2011.06.13 08:34:30.340,0.65388,0.65413,4.13,2.10
2011.06.13 08:34:32.017,0.65388,0.65413,4.13,2.10
2011.06.13 08:34:35.040,0.65388,0.65416,6.23,2.10
2011.06.13 08:34:38.406,0.65388,0.65414,4.13,2.10
2011.06.13 08:34:39.242,0.65392,0.65417,1.35,2.10
2011.06.13 08:34:39.791,0.65388,0.65415,2.63,2.10
2011.06.13 08:34:44.670,0.65388,0.65412,2.63,2.25
2011.06.13 08:34:46.370,0.65388,0.65412,3.38,2.25
2011.06.13 08:34:53.372,0.65388,0.65412,3.38,2.25
2011.06.13 08:34:53.980,0.65386,0.65413,4.35,2.85
2011.06.13 08:34:54.732,0.65388,0.65412,2.63,2.25
2011.06.13 08:34:57.441,0.65386,0.65412,2.85,2.25
2011.06.13 08:34:57.551,0.65386,0.65412,2.85,3.00
2011.06.13 08:35:00.770,0.65386,0.65412,2.85,2.63
2011.06.13 08:35:15.820,0.65386,0.65412,2.85,2.25
2011.06.13 08:35:23.225,0.65386,0.65412,2.85,2.63
2011.06.13 08:35:23.346,0.65386,0.65409,1.88,1.73
2011.06.13 08:35:23.683,0.65386,0.65404,1.88,2.10
2011.06.13 08:35:23.902,0.65377,0.65403,4.73,2.85
2011.06.13 08:35:24.014,0.65369,0.65392,1.35,2.63
2011.06.13 08:35:24.121,0.65366,0.65392,4.35,2.63
2011.06.13 08:35:24.343,0.65372,0.65393,2.10,2.25
2011.06.13 08:35:24.560,0.65372,0.65399,2.10,2.48
2011.06.13 08:35:27.430,0.65372,0.65399,2.48,2.48
2011.06.13 08:35:29.721,0.65374,0.65402,2.10,1.35
2011.06.13 08:35:30.502,0.65377,0.65403,2.10,6.23
2011.06.13 08:35:30.831,0.65377,0.65401,2.48,2.10
2011.06.13 08:35:34.402,0.65377,0.65401,2.48,2.48
2011.06.13 08:35:35.481,0.65377,0.65401,2.48,2.48
2011.06.13 08:35:52.220,0.65377,0.65401,2.48,2.48
2011.06.13 08:35:52.551,0.65367,0.65392,2.85,2.25
2011.06.13 08:35:52.771,0.65366,0.65392,2.85,2.85
2011.06.13 08:35:52.991,0.65367,0.65388,1.88,2.10
2011.06.13 08:35:53.322,0.65367,0.6539,1.88,2.48
2011.06.13 08:35:53.763,0.65367,0.65392,2.25,2.25
2011.06.13 08:35:57.961,0.65369,0.65392,2.10,2.25
2011.06.13 08:35:59.582,0.65369,0.65392,2.10,2.63
2011.06.13 08:36:02.072,0.65367,0.65392,2.48,3.23
2011.06.13 08:36:02.852,0.65367,0.65392,2.48,3.23
2011.06.13 08:36:02.962,0.65369,0.65392,2.10,2.25
2011.06.13 08:36:07.051,0.65373,0.654,2.10,2.85
2011.06.13 08:36:07.931,0.65373,0.654,2.10,2.48
2011.06.13 08:36:09.411,0.65373,0.654,2.48,2.10
2011.06.13 08:36:09.525,0.65375,0.65403,2.48,4.73
2011.06.13 08:36:17.841,0.65377,0.65403,2.48,4.73
2011.06.13 08:36:18.610,0.65377,0.65397,2.48,1.50
2011.06.13 08:36:18.831,0.65368,0.65393,2.48,3.23
2011.06.13 08:36:19.380,0.65368,0.65394,4.73,2.10
2011.06.13 08:36:19.600,0.65371,0.65397,2.48,2.48
2011.06.13 08:36:21.811,0.65368,0.65394,3.23,2.10
2011.06.13 08:36:22.821,0.65368,0.65394,3.23,2.48
2011.06.13 08:36:23.371,0.6537,0.65394,1.73,2.10
2011.06.13 08:36:25.002,0.6537,0.65394,1.73,2.10
2011.06.13 08:36:25.441,0.65367,0.65393,2.85,4.73
2011.06.13 08:36:25.990,0.65367,0.65389,1.88,2.48
2011.06.13 08:36:26.540,0.65367,0.65387,1.88,2.10
2011.06.13 08:36:27.431,0.65367,0.65389,1.88,1.73
2011.06.13 08:36:29.751,0.65367,0.65388,1.88,1.35
2011.06.13 08:36:30.974,0.65357,0.65387,1.88,2.10
2011.06.13 08:36:31.192,0.65357,0.65383,1.88,2.25
2011.06.13 08:36:31.522,0.65347,0.65381,8.10,1.35
2011.06.13 08:36:31.961,0.65347,0.65381,7.73,2.10
2011.06.13 08:36:32.512,0.65348,0.65373,1.13,2.25
2011.06.13 08:36:32.843,0.65349,0.65378,1.13,2.48
2011.06.13 08:36:33.171,0.65356,0.65378,1.88,2.48
2011.06.13 08:36:34.071,0.65356,0.65381,1.88,2.85
2011.06.13 08:36:35.502,0.65356,0.65381,1.88,2.48
2011.06.13 08:36:41.021,0.65356,0.65381,2.25,2.10
2011.06.13 08:36:41.352,0.65357,0.65381,4.13,2.10
2011.06.13 08:36:41.640,0.65359,0.65389,2.48,1.73
2011.06.13 08:36:42.003,0.65357,0.65388,4.73,2.48
2011.06.13 08:36:42.222,0.65357,0.65388,4.35,2.10
2011.06.13 08:36:42.440,0.65356,0.65382,2.85,2.25
2011.06.13 08:36:42.991,0.65357,0.65382,2.48,2.25
2011.06.13 08:36:43.752,0.65359,0.65382,2.25,2.25
2011.06.13 08:36:43.971,0.65366,0.65391,1.88,2.48
2011.06.13 08:36:44.191,0.65366,0.65392,2.48,3.23
2011.06.13 08:36:44.411,0.65366,0.65392,2.85,2.85
2011.06.13 08:36:45.271,0.65366,0.65392,2.25,2.85
2011.06.13 08:36:45.512,0.65366,0.65392,1.88,2.85
2011.06.13 08:36:56.511,0.65366,0.65391,1.88,1.35
2011.06.13 08:36:56.623,0.65358,0.65391,2.85,2.10
2011.06.13 08:37:00.201,0.65367,0.65392,1.88,2.10
2011.06.13 08:37:02.884,0.65367,0.65392,2.25,2.10
2011.06.13 08:37:02.990,0.65367,0.65393,2.25,2.63
2011.06.13 08:37:04.311,0.65367,0.65393,1.88,3.38
2011.06.13 08:37:07.028,0.65367,0.65393,1.88,3.38
2011.06.13 08:37:07.580,0.65367,0.65393,1.88,3.38
2011.06.13 08:37:14.501,0.65367,0.65393,2.25,2.25
2011.06.13 08:37:23.904,0.65367,0.65393,1.88,3.38
2011.06.13 08:37:24.013,0.65367,0.65392,2.25,2.10
2011.06.13 08:37:25.041,0.65367,0.65389,2.25,1.35
2011.06.13 08:37:28.840,0.65367,0.65389,1.88,1.35
2011.06.13 08:37:30.611,0.65367,0.65389,2.25,1.35
2011.06.13 08:37:32.225,0.65363,0.6539,1.50,1.35
2011.06.13 08:37:32.343,0.65357,0.6539,6.60,2.85
2011.06.13 08:37:32.454,0.65359,0.65389,1.35,1.73
2011.06.13 08:37:32.782,0.65366,0.65389,1.88,1.73
2011.06.13 08:37:33.883,0.65366,0.65389,1.88,1.73
2011.06.13 08:37:33.993,0.65366,0.65392,1.88,2.48
2011.06.13 08:37:35.910,0.65366,0.65389,1.88,1.13
2011.06.13 08:37:37.031,0.65366,0.65387,1.88,2.10
2011.06.13 08:37:37.471,0.65357,0.65383,6.23,2.48
2011.06.13 08:37:38.022,0.65357,0.65379,1.88,2.48
2011.06.13 08:37:40.793,0.65357,0.65383,1.88,2.63
2011.06.13 08:37:41.231,0.65359,0.65383,2.10,2.63
2011.06.13 08:37:44.661,0.65357,0.65383,2.48,3.23
2011.06.13 08:37:48.388,0.65357,0.65383,2.48,3.98
2011.06.13 08:37:49.781,0.65357,0.6538,1.88,2.10
2011.06.13 08:37:50.002,0.65358,0.65383,2.48,2.85
2011.06.13 08:37:50.442,0.65358,0.65377,2.25,2.48
2011.06.13 08:37:50.786,0.65357,0.65379,2.48,1.35
2011.06.13 08:37:55.402,0.65357,0.65378,2.48,1.73
2011.06.13 08:37:55.954,0.65357,0.65378,2.48,1.73
2011.06.13 08:37:56.791,0.65358,0.65382,2.10,3.23
2011.06.13 08:37:57.012,0.65358,0.65382,2.10,3.23
2011.06.13 08:38:01.241,0.65358,0.65382,2.10,3.23
2011.06.13 08:38:01.352,0.65357,0.65379,1.88,2.48
2011.06.13 08:38:01.463,0.65357,0.65376,1.88,2.10
2011.06.13 08:38:01.793,0.65348,0.65375,2.85,1.35
2011.06.13 08:38:02.312,0.65351,0.65372,2.48,2.25
2011.06.13 08:38:02.643,0.65359,0.65382,2.10,2.63
2011.06.13 08:38:02.753,0.65359,0.65386,2.48,2.10
2011.06.13 08:38:04.271,0.65359,0.65383,2.48,2.25
2011.06.13 08:38:04.491,0.65359,0.65383,2.10,3.00
2011.06.13 08:38:04.601,0.65357,0.65378,1.88,2.48
2011.06.13 08:38:05.742,0.65357,0.65382,2.48,2.48
2011.06.13 08:38:05.961,0.6536,0.65383,2.10,3.23
2011.06.13 08:38:13.303,0.65363,0.65383,2.10,2.25
2011.06.13 08:38:13.412,0.65363,0.65387,2.10,2.48
2011.06.13 08:38:13.523,0.65367,0.65388,2.10,1.13
2011.06.13 08:38:14.942,0.65367,0.65388,3.98,1.13
2011.06.13 08:38:15.553,0.65367,0.65388,2.48,1.73
2011.06.13 08:38:16.101,0.65367,0.65388,2.48,1.73
2011.06.13 08:38:19.401,0.65367,0.65388,2.48,2.48
2011.06.13 08:38:21.342,0.65365,0.65388,2.10,2.85
2011.06.13 08:38:24.183,0.65365,0.65388,2.10,1.73
2011.06.13 08:38:24.581,0.65362,0.65384,2.10,1.13
2011.06.13 08:38:26.252,0.65357,0.65384,6.60,2.48
2011.06.13 08:38:30.591,0.65359,0.65385,2.48,1.35
2011.06.13 08:38:33.152,0.65367,0.65385,1.88,1.35
2011.06.13 08:38:40.592,0.65359,0.65385,2.48,1.35
2011.06.13 08:38:41.572,0.65356,0.65382,2.48,4.73
2011.06.13 08:38:41.902,0.65357,0.6538,2.48,1.13
2011.06.13 08:38:42.282,0.65355,0.65378,2.48,1.13
2011.06.13 08:38:42.613,0.65357,0.65372,2.48,2.63
2011.06.13 08:38:42.943,0.65346,0.6537,1.88,1.35
2011.06.13 08:38:43.273,0.65347,0.6537,1.88,2.48
2011.06.13 08:38:43.821,0.65347,0.6537,1.88,2.48
2011.06.13 08:38:45.032,0.65347,0.65369,1.88,2.48
2011.06.13 08:38:50.051,0.65347,0.65366,1.88,2.48
2011.06.13 08:38:51.891,0.65347,0.65371,1.88,2.48
2011.06.13 08:38:53.882,0.65347,0.65371,1.88,2.48
2011.06.13 08:38:55.188,0.65347,0.65367,1.88,2.48
2011.06.13 08:38:56.411,0.65347,0.65367,1.88,2.48
2011.06.13 08:38:57.003,0.65347,0.65367,1.88,2.48
2011.06.13 08:38:57.552,0.65347,0.65367,1.88,2.48
2011.06.13 08:38:58.321,0.65347,0.65363,1.88,2.63
2011.06.13 08:38:58.433,0.65339,0.65363,2.10,2.63
2011.06.13 08:38:58.870,0.65337,0.65363,1.88,4.73
2011.06.13 08:39:00.390,0.65337,0.65363,1.88,4.73
2011.06.13 08:39:04.121,0.65337,0.65363,1.88,5.10
2011.06.13 08:39:04.341,0.65337,0.65363,1.88,4.73
2011.06.13 08:39:15.971,0.65336,0.65363,2.48,4.73
2011.06.13 08:39:20.232,0.65336,0.65361,2.48,1.73
2011.06.13 08:39:20.801,0.65336,0.65363,2.48,5.48
2011.06.13 08:39:21.862,0.65336,0.65363,2.48,5.48
2011.06.13 08:39:24.671,0.65336,0.65363,1.88,5.48
2011.06.13 08:39:28.192,0.65336,0.65363,1.88,5.48
2011.06.13 08:39:31.729,0.65336,0.65363,1.88,4.73
2011.06.13 08:39:32.112,0.65338,0.65363,2.63,2.85
2011.06.13 08:39:33.262,0.65338,0.65363,2.63,2.10
2011.06.13 08:39:36.552,0.65338,0.65363,2.63,2.10
2011.06.13 08:39:40.660,0.65338,0.6536,2.63,1.35
2011.06.13 08:39:40.881,0.65338,0.65363,2.63,2.10
2011.06.13 08:39:41.630,0.65338,0.65363,2.63,2.10
2011.06.13 08:39:44.544,0.65338,0.6536,2.63,1.35
2011.06.13 08:39:44.764,0.65338,0.65363,2.63,2.10
2011.06.13 08:39:59.372,0.65338,0.6536,2.63,1.35
2011.06.13 08:40:00.760,0.65338,0.65363,2.63,2.85
2011.06.13 08:40:02.293,0.65338,0.65363,2.63,1.35
2011.06.13 08:40:02.865,0.65338,0.65363,2.63,1.35
2011.06.13 08:40:06.992,0.65338,0.65366,2.63,2.48
2011.06.13 08:40:11.483,0.65338,0.65362,2.63,1.13
2011.06.13 08:40:12.384,0.65338,0.65363,2.63,1.73
2011.06.13 08:40:12.491,0.65338,0.65363,2.63,1.35
2011.06.13 08:40:13.063,0.6534,0.65365,2.48,1.13
2011.06.13 08:40:18.332,0.6534,0.65364,2.10,1.13
2011.06.13 08:40:27.584,0.6534,0.65364,2.10,1.13
2011.06.13 08:40:30.451,0.65338,0.65364,2.63,2.48
2011.06.13 08:40:30.562,0.65337,0.65363,1.88,3.23
2011.06.13 08:40:30.848,0.65337,0.65359,1.88,2.10
2011.06.13 08:40:34.541,0.65336,0.65363,2.25,3.98
2011.06.13 08:40:35.044,0.65336,0.6536,1.88,1.13
2011.06.13 08:40:35.592,0.65336,0.65363,1.88,3.98
2011.06.13 08:40:37.714,0.65336,0.65363,2.25,3.98
2011.06.13 08:40:40.534,0.65336,0.65363,1.88,3.23
2011.06.13 08:40:40.972,0.65336,0.65363,1.88,4.73
2011.06.13 08:40:41.193,0.65336,0.65363,2.25,2.63
2011.06.13 08:40:41.633,0.65333,0.65358,1.88,2.10
2011.06.13 08:40:42.072,0.65329,0.65358,1.88,2.48
2011.06.13 08:40:43.865,0.65327,0.65355,2.63,2.48
2011.06.13 08:40:44.205,0.65327,0.65342,2.25,2.10
2011.06.13 08:40:44.426,0.65324,0.65342,1.50,2.10
2011.06.13 08:40:44.546,0.65324,0.6535,1.88,2.10
2011.06.13 08:40:44.662,0.65326,0.65352,2.48,3.23
2011.06.13 08:40:44.773,0.65328,0.65353,3.23,2.85
2011.06.13 08:40:44.994,0.6533,0.65359,2.85,2.85
2011.06.13 08:40:45.433,0.6533,0.65357,2.10,1.35
2011.06.13 08:40:45.544,0.65326,0.65351,2.25,2.48
2011.06.13 08:40:47.605,0.65322,0.65343,1.88,2.10
2011.06.13 08:40:47.724,0.65317,0.65343,4.88,2.48
2011.06.13 08:40:48.273,0.6531,0.65336,2.25,2.10
2011.06.13 08:40:48.493,0.65318,0.65342,2.48,2.85
2011.06.13 08:40:48.712,0.65318,0.65346,2.48,2.48
2011.06.13 08:40:48.826,0.65317,0.65342,2.63,2.10
2011.06.13 08:40:49.163,0.65318,0.65345,4.13,2.10
2011.06.13 08:40:49.711,0.65318,0.65346,4.50,2.10
2011.06.13 08:40:52.454,0.6532,0.65346,1.88,2.10
2011.06.13 08:40:53.511,0.6532,0.65348,1.88,1.13
2011.06.13 08:40:54.154,0.6532,0.65348,1.88,1.13
2011.06.13 08:40:54.662,0.6532,0.65349,1.88,1.73
2011.06.13 08:40:55.211,0.6532,0.65352,1.88,4.73
2011.06.13 08:40:55.761,0.6532,0.65349,1.88,1.73
2011.06.13 08:40:56.417,0.6532,0.65348,1.88,1.13
2011.06.13 08:41:00.161,0.6532,0.65352,1.88,4.73
2011.06.13 08:41:01.734,0.6532,0.65349,1.88,1.73
2011.06.13 08:41:02.244,0.6532,0.65349,1.88,1.73
2011.06.13 08:41:03.505,0.6532,0.65349,1.88,1.73
2011.06.13 08:41:04.291,0.6532,0.65349,3.75,1.35
2011.06.13 08:41:04.622,0.65326,0.65352,2.25,2.25
2011.06.13 08:41:06.521,0.65326,0.65353,2.25,1.13
2011.06.13 08:41:06.631,0.65327,0.65354,2.63,1.73
2011.06.13 08:41:06.962,0.65322,0.6534,1.50,2.48
2011.06.13 08:41:07.075,0.65308,0.6534,1.88,2.48
2011.06.13 08:41:07.182,0.65307,0.6534,3.00,2.10
2011.06.13 08:41:07.515,0.65323,0.65349,1.88,1.35
2011.06.13 08:41:08.061,0.65327,0.65349,1.88,1.35
2011.06.13 08:41:08.171,0.65327,0.65344,1.88,2.10
2011.06.13 08:41:08.831,0.65318,0.65344,3.75,2.10
2011.06.13 08:41:09.272,0.65318,0.65352,3.75,2.85
2011.06.13 08:41:11.774,0.65321,0.65352,1.50,2.85
2011.06.13 08:41:12.653,0.65326,0.65353,1.50,2.85
2011.06.13 08:41:12.764,0.65326,0.65354,3.38,1.35
2011.06.13 08:41:14.213,0.65328,0.65354,2.25,1.35
2011.06.13 08:41:14.435,0.65326,0.65357,3.38,2.10
2011.06.13 08:41:14.982,0.65327,0.65357,2.25,2.10
2011.06.13 08:41:15.611,0.65327,0.65354,2.25,1.35
2011.06.13 08:41:16.193,0.65326,0.65352,1.88,2.10
2011.06.13 08:41:16.521,0.65326,0.65348,1.88,2.10
2011.06.13 08:41:18.563,0.65317,0.65346,4.50,1.35
2011.06.13 08:41:19.112,0.65321,0.65348,1.13,2.48
2011.06.13 08:41:19.331,0.65318,0.65348,2.63,2.85
2011.06.13 08:41:19.552,0.65316,0.65343,3.75,2.25
2011.06.13 08:41:20.103,0.65326,0.65348,1.88,2.48
2011.06.13 08:41:20.435,0.65317,0.6534,2.25,2.10
2011.06.13 08:41:20.996,0.65316,0.6534,1.88,2.48
2011.06.13 08:41:21.108,0.65316,0.6534,2.25,2.10
2011.06.13 08:41:22.612,0.65316,0.6534,2.25,2.10
2011.06.13 08:41:30.544,0.65316,0.6534,2.25,2.10
2011.06.13 08:41:30.985,0.65317,0.65347,2.63,2.48
2011.06.13 08:41:31.532,0.65317,0.65348,2.63,3.23
2011.06.13 08:41:34.581,0.65317,0.65348,2.63,2.48
2011.06.13 08:41:36.771,0.65317,0.65348,2.63,2.48
2011.06.13 08:41:48.153,0.65317,0.65348,4.88,2.10
2011.06.13 08:41:48.262,0.65323,0.65352,2.25,2.10
2011.06.13 08:41:49.763,0.65322,0.65346,1.35,2.10
2011.06.13 08:41:50.202,0.65327,0.65351,1.88,2.48
2011.06.13 08:41:50.312,0.65325,0.65351,1.35,2.10
2011.06.13 08:41:50.755,0.65323,0.65348,1.35,2.10
2011.06.13 08:41:51.518,0.65319,0.65341,1.88,2.10
2011.06.13 08:41:51.744,0.65317,0.65345,7.35,2.48
2011.06.13 08:41:52.073,0.65317,0.65342,2.10,3.23
2011.06.13 08:41:52.401,0.65311,0.65337,2.48,2.10
2011.06.13 08:41:52.921,0.65316,0.65337,1.88,2.10
2011.06.13 08:41:53.264,0.65308,0.65331,2.25,2.10
2011.06.13 08:41:53.484,0.65307,0.65326,1.88,2.10
2011.06.13 08:41:53.815,0.65307,0.65331,3.00,2.10
2011.06.13 08:41:53.922,0.65307,0.65331,3.38,2.10
2011.06.13 08:41:54.032,0.65309,0.65337,3.98,2.10
2011.06.13 08:41:54.790,0.65312,0.65337,2.48,2.10
2011.06.13 08:41:55.454,0.65312,0.65336,2.10,1.35
2011.06.13 08:41:55.565,0.65307,0.65333,2.63,2.48
2011.06.13 08:41:55.893,0.65305,0.65333,1.13,4.35
2011.06.13 08:41:56.222,0.6531,0.65338,2.85,2.85
2011.06.13 08:41:57.752,0.65314,0.65342,2.48,2.48
2011.06.13 08:41:57.973,0.65311,0.65337,2.48,2.10
2011.06.13 08:41:58.303,0.6531,0.65332,2.25,4.35
2011.06.13 08:41:58.412,0.65306,0.65332,2.25,4.35
2011.06.13 08:42:00.695,0.65308,0.65332,2.10,4.35
2011.06.13 08:42:01.831,0.65306,0.6533,2.85,2.10
2011.06.13 08:42:09.951,0.65306,0.65328,2.48,1.35
2011.06.13 08:42:10.064,0.653,0.65317,1.50,2.10
2011.06.13 08:42:10.173,0.65291,0.65317,3.23,2.10
2011.06.13 08:42:10.391,0.65297,0.65317,1.88,2.10
2011.06.13 08:42:12.972,0.65297,0.65317,2.25,2.10
2011.06.13 08:42:13.360,0.65297,0.65322,2.25,2.10
2011.06.13 08:42:16.034,0.65297,0.65322,2.25,2.10
2011.06.13 08:42:16.803,0.65301,0.65322,2.25,2.10
2011.06.13 08:42:17.993,0.65301,0.65321,1.50,2.85
2011.06.13 08:42:18.102,0.65294,0.65313,1.35,2.25
2011.06.13 08:42:18.213,0.65292,0.65313,2.10,2.63
2011.06.13 08:42:18.653,0.65287,0.65313,2.25,2.85
2011.06.13 08:42:24.172,0.65287,0.65313,2.63,2.85
2011.06.13 08:42:24.282,0.65289,0.65313,2.48,2.85
2011.06.13 08:42:24.392,0.65291,0.65315,1.35,2.10
2011.06.13 08:42:24.502,0.65294,0.65319,3.98,2.10
2011.06.13 08:42:24.721,0.65298,0.65322,2.10,2.10
2011.06.13 08:42:25.183,0.65296,0.65323,4.35,2.25
2011.06.13 08:42:25.727,0.65296,0.65323,2.25,2.25
2011.06.13 08:42:31.861,0.65296,0.65323,2.25,2.25
2011.06.13 08:42:32.411,0.65296,0.65323,2.25,2.63
2011.06.13 08:42:36.072,0.65296,0.65321,2.25,2.10
2011.06.13 08:42:41.303,0.65296,0.65318,2.25,2.10
2011.06.13 08:42:41.413,0.65296,0.65318,1.88,2.10
2011.06.13 08:42:41.743,0.65296,0.65313,1.88,2.10
2011.06.13 08:42:41.963,0.65296,0.65313,1.88,3.23
2011.06.13 08:42:42.181,0.65286,0.65313,1.88,3.60
2011.06.13 08:42:42.402,0.65286,0.6531,1.88,2.85
2011.06.13 08:42:42.730,0.65286,0.65302,1.88,2.25
2011.06.13 08:42:43.542,0.65286,0.65302,1.88,2.85
2011.06.13 08:42:46.011,0.65276,0.65303,2.25,4.73
2011.06.13 08:42:46.984,0.65276,0.6529,1.88,1.88
2011.06.13 08:42:47.092,0.65267,0.65287,1.88,2.48
2011.06.13 08:42:47.205,0.65267,0.65293,4.13,2.85
2011.06.13 08:42:47.424,0.65267,0.65301,8.48,2.48
2011.06.13 08:42:47.641,0.65276,0.65301,1.88,2.48
2011.06.13 08:42:48.043,0.65276,0.65302,1.88,2.48
2011.06.13 08:42:50.187,0.65276,0.653,2.48,1.35
2011.06.13 08:42:50.742,0.65276,0.65301,2.48,2.48
2011.06.13 08:42:51.623,0.65276,0.65301,2.85,2.10
2011.06.13 08:42:53.472,0.65276,0.65301,2.85,2.48
2011.06.13 08:42:57.942,0.65276,0.65301,2.48,2.48
2011.06.13 08:43:02.191,0.65276,0.653,1.88,1.73
2011.06.13 08:43:03.542,0.65276,0.653,1.88,2.10
2011.06.13 08:43:03.873,0.65276,0.65297,1.88,2.10
2011.06.13 08:43:04.662,0.65276,0.65293,1.88,2.10
2011.06.13 08:43:08.734,0.65276,0.65287,1.88,2.48
2011.06.13 08:43:08.845,0.65259,0.65287,2.85,2.48
2011.06.13 08:43:09.285,0.65264,0.65291,1.35,2.48
2011.06.13 08:43:10.383,0.65268,0.65292,2.63,2.85
2011.06.13 08:43:11.973,0.65268,0.65299,1.35,2.48
2011.06.13 08:43:12.302,0.65277,0.65302,1.88,3.23
2011.06.13 08:43:12.814,0.65277,0.65295,1.88,2.48
2011.06.13 08:43:14.024,0.65277,0.65299,1.88,2.10
2011.06.13 08:43:14.792,0.65278,0.65299,2.25,2.10
2011.06.13 08:43:15.825,0.65278,0.65299,2.63,2.10
2011.06.13 08:43:16.265,0.65278,0.65302,2.63,2.85
2011.06.13 08:43:16.695,0.65277,0.65306,6.60,2.48
2011.06.13 08:43:16.911,0.65278,0.65302,3.23,2.25
2011.06.13 08:43:17.511,0.65278,0.65302,2.25,4.73
2011.06.13 08:43:17.842,0.65278,0.65302,3.23,2.25
2011.06.13 08:43:18.722,0.65278,0.65302,3.23,2.25
2011.06.13 08:43:18.832,0.65277,0.65305,5.48,2.10
2011.06.13 08:43:18.943,0.65279,0.65305,1.35,2.10
2011.06.13 08:43:19.054,0.65281,0.65309,2.48,1.35
2011.06.13 08:43:19.163,0.65281,0.6531,2.48,3.23
2011.06.13 08:43:19.273,0.6528,0.65308,2.48,2.48
2011.06.13 08:43:19.383,0.65281,0.65308,1.35,2.48
2011.06.13 08:43:19.766,0.65277,0.65305,8.10,2.48
2011.06.13 08:43:19.885,0.65277,0.65302,4.50,2.10
2011.06.13 08:43:20.323,0.65277,0.65302,1.88,4.73
2011.06.13 08:43:21.492,0.65277,0.65299,1.88,2.10
2011.06.13 08:43:23.944,0.65277,0.65299,1.88,1.35
2011.06.13 08:43:26.025,0.65277,0.65298,1.88,2.10
2011.06.13 08:43:30.523,0.65277,0.65298,1.88,2.48
2011.06.13 08:43:30.743,0.65277,0.653,1.88,1.73
2011.06.13 08:43:34.315,0.65272,0.653,2.48,1.35
2011.06.13 08:43:34.864,0.65268,0.65297,2.63,2.48
2011.06.13 08:43:34.973,0.65268,0.65297,2.25,4.35
2011.06.13 08:43:35.477,0.65267,0.65292,1.88,2.63
2011.06.13 08:43:38.831,0.65268,0.65292,2.10,2.63
2011.06.13 08:43:39.275,0.65268,0.65297,4.73,2.48
2011.06.13 08:43:39.933,0.65268,0.65283,2.63,2.10
2011.06.13 08:43:40.042,0.65251,0.65282,1.73,3.23
2011.06.13 08:43:40.152,0.65253,0.65282,1.35,2.85
2011.06.13 08:43:40.262,0.65261,0.65282,2.85,2.25
2011.06.13 08:43:40.374,0.65263,0.65293,1.35,3.23
2011.06.13 08:43:40.703,0.65269,0.65293,2.48,2.25
2011.06.13 08:43:40.921,0.65269,0.65296,2.48,1.88
2011.06.13 08:43:41.034,0.65268,0.65297,2.63,2.48
2011.06.13 08:43:41.142,0.65268,0.65297,2.25,2.85
2011.06.13 08:43:41.652,0.65266,0.65292,2.48,2.63
2011.06.13 08:43:43.183,0.65266,0.65292,2.85,2.25
2011.06.13 08:43:43.295,0.65267,0.65295,3.23,1.35
2011.06.13 08:43:44.412,0.6527,0.65297,2.48,2.48
2011.06.13 08:43:46.375,0.6527,0.65296,2.10,1.35
2011.06.13 08:43:46.594,0.65266,0.65292,2.25,3.23
2011.06.13 08:43:51.001,0.65266,0.65292,1.88,3.23
2011.06.13 08:43:56.232,0.65262,0.6528,1.88,2.10
2011.06.13 08:43:56.452,0.65257,0.65282,1.35,2.25
2011.06.13 08:43:57.040,0.65256,0.65286,4.35,2.48
2011.06.13 08:43:57.263,0.65261,0.65288,2.48,2.48
2011.06.13 08:43:57.592,0.65264,0.65288,1.35,2.10
2011.06.13 08:44:00.581,0.65266,0.65293,1.88,5.48
2011.06.13 08:44:04.713,0.65266,0.65293,2.25,5.48
2011.06.13 08:44:14.024,0.65263,0.65289,2.10,1.13
2011.06.13 08:44:14.242,0.65258,0.65288,4.73,2.48
2011.06.13 08:44:14.463,0.65258,0.65284,3.23,2.10
2011.06.13 08:44:15.561,0.65258,0.65284,3.23,2.10
2011.06.13 08:44:17.953,0.65259,0.65289,2.48,3.23
2011.06.13 08:44:18.282,0.65258,0.65285,3.23,2.10
2011.06.13 08:44:20.641,0.65258,0.65285,3.23,2.10
2011.06.13 08:44:22.491,0.6526,0.65288,2.48,2.48
2011.06.13 08:44:22.602,0.6526,0.65288,2.85,2.10
2011.06.13 08:44:22.822,0.65266,0.65292,2.25,2.85
2011.06.13 08:44:23.982,0.65267,0.65292,2.10,2.85
2011.06.13 08:44:24.422,0.6527,0.65292,2.85,2.25
2011.06.13 08:44:24.753,0.65277,0.65299,1.88,2.10
2011.06.13 08:44:26.443,0.65277,0.65302,2.48,3.23
2011.06.13 08:44:26.996,0.65277,0.65299,2.48,2.10
2011.06.13 08:44:27.433,0.65277,0.65296,4.13,2.10
2011.06.13 08:44:29.393,0.65277,0.65298,1.88,3.23
2011.06.13 08:44:29.962,0.65277,0.65293,1.88,2.63
2011.06.13 08:44:30.293,0.65266,0.65292,2.85,2.63
2011.06.13 08:44:31.213,0.65266,0.65292,1.88,3.23
2011.06.13 08:44:31.622,0.65259,0.65292,2.85,3.23
2011.06.13 08:44:31.732,0.65259,0.65289,2.48,2.48
2011.06.13 08:44:32.062,0.65257,0.65283,3.23,2.85
2011.06.13 08:44:32.901,0.65257,0.65281,2.85,1.35
2011.06.13 08:44:33.230,0.65252,0.6528,2.48,2.48
2011.06.13 08:44:33.345,0.65256,0.65274,1.88,2.10
2011.06.13 08:44:36.773,0.65249,0.65274,2.48,2.10
2011.06.13 08:44:36.928,0.65253,0.65279,2.10,2.48
2011.06.13 08:44:37.485,0.65255,0.65281,2.85,2.10
2011.06.13 08:44:39.781,0.65257,0.65282,3.98,3.23
2011.06.13 08:44:40.762,0.6526,0.65282,2.10,2.25
2011.06.13 08:44:40.872,0.6526,0.65289,2.10,2.48
2011.06.13 08:44:40.982,0.6526,0.65289,2.10,2.85
2011.06.13 08:44:41.092,0.65258,0.65288,2.48,3.23
2011.06.13 08:44:41.532,0.65257,0.65283,2.85,2.85
2011.06.13 08:44:41.861,0.65257,0.65283,2.48,3.23
2011.06.13 08:44:42.714,0.65257,0.65283,2.48,3.23
2011.06.13 08:44:43.044,0.65257,0.65283,3.23,2.85
2011.06.13 08:44:43.395,0.65257,0.65286,6.60,2.48
2011.06.13 08:44:44.662,0.65261,0.65288,2.10,1.35
2011.06.13 08:44:44.882,0.65261,0.65289,2.10,3.23
2011.06.13 08:44:45.442,0.65261,0.65286,2.10,1.35
2011.06.13 08:44:45.553,0.65258,0.65279,2.25,2.48
2011.06.13 08:44:45.882,0.65257,0.6528,1.88,2.48
2011.06.13 08:44:46.572,0.65257,0.65279,1.88,2.10
2011.06.13 08:44:46.905,0.65257,0.65269,1.88,2.10
2011.06.13 08:44:47.013,0.65248,0.65269,3.00,2.48
2011.06.13 08:44:47.231,0.65242,0.65269,2.10,2.48
2011.06.13 08:44:47.342,0.65246,0.65269,1.50,2.48
2011.06.13 08:44:47.563,0.65249,0.65272,2.48,2.85
2011.06.13 08:44:47.672,0.65249,0.65271,2.10,1.35
2011.06.13 08:44:47.782,0.65242,0.65266,2.10,2.48
2011.06.13 08:44:51.113,0.65243,0.65269,2.10,2.48
2011.06.13 08:44:51.226,0.6524,0.65262,2.48,2.25
2011.06.13 08:44:51.554,0.6524,0.65266,2.48,2.10
2011.06.13 08:44:51.662,0.65244,0.65268,2.48,2.10
2011.06.13 08:44:51.772,0.65247,0.65271,2.48,2.48
2011.06.13 08:44:53.444,0.65245,0.65269,2.48,2.10
2011.06.13 08:44:54.644,0.65248,0.65271,2.10,2.48
2011.06.13 08:44:54.752,0.65248,0.65272,2.10,2.48
2011.06.13 08:44:55.084,0.65252,0.65273,2.10,2.63
2011.06.13 08:44:55.632,0.65252,0.65272,2.10,2.25
2011.06.13 08:44:57.054,0.65252,0.6528,2.48,1.73
2011.06.13 08:44:58.162,0.65252,0.6528,2.48,1.73
2011.06.13 08:44:58.271,0.65256,0.6528,2.10,1.13
2011.06.13 08:44:59.442,0.65248,0.65282,4.35,2.48
2011.06.13 08:44:59.554,0.65248,0.65278,3.98,1.13
2011.06.13 08:45:00.067,0.65248,0.65273,2.48,2.25
2011.06.13 08:45:00.882,0.65249,0.65277,2.48,2.48
2011.06.13 08:45:01.114,0.65249,0.65277,2.85,2.10
2011.06.13 08:45:01.223,0.65255,0.65279,2.10,1.88
2011.06.13 08:45:01.554,0.65255,0.65283,2.48,3.23
2011.06.13 08:45:03.152,0.65257,0.65283,2.48,3.23
2011.06.13 08:45:06.962,0.65257,0.65283,2.85,3.23
2011.06.13 08:45:09.707,0.65257,0.65283,2.48,3.23
2011.06.13 08:45:10.373,0.65257,0.65283,2.48,2.63
2011.06.13 08:45:16.193,0.65257,0.65283,2.85,2.63
2011.06.13 08:45:20.262,0.6526,0.65283,2.10,2.63
2011.06.13 08:45:21.802,0.6526,0.65287,2.10,1.73
2011.06.13 08:45:22.022,0.65262,0.65287,2.10,1.13
2011.06.13 08:45:26.103,0.65258,0.65287,4.35,2.48
2011.06.13 08:45:26.213,0.65258,0.65283,2.10,2.63
2011.06.13 08:45:26.554,0.65257,0.65283,2.48,3.23
2011.06.13 08:45:36.966,0.65256,0.65282,2.48,1.88
2011.06.13 08:45:37.523,0.65256,0.65283,2.48,4.73
2011.06.13 08:45:40.465,0.6526,0.65283,2.10,2.63
2011.06.13 08:45:44.951,0.6526,0.65283,2.10,2.63
2011.06.13 08:45:45.283,0.6526,0.65288,2.10,1.73
2011.06.13 08:45:47.223,0.65264,0.65292,2.10,1.88
2011.06.13 08:45:50.742,0.65264,0.65293,2.48,5.10
2011.06.13 08:45:51.514,0.65266,0.65292,2.48,2.25
2011.06.13 08:45:52.987,0.65266,0.65292,2.85,1.50
2011.06.13 08:45:53.212,0.65269,0.65293,2.10,2.25
2011.06.13 08:45:54.162,0.65269,0.65299,2.48,2.48
2011.06.13 08:45:59.953,0.65269,0.65299,2.48,2.48
2011.06.13 08:46:01.724,0.65271,0.65303,2.48,5.25
2011.06.13 08:46:02.273,0.65276,0.65303,1.88,2.25
2011.06.13 08:46:02.382,0.65276,0.65303,1.88,3.00
2011.06.13 08:46:02.713,0.65282,0.65301,2.10,1.88
2011.06.13 08:46:02.825,0.65282,0.65303,3.98,2.25
2011.06.13 08:46:02.933,0.6529,0.65319,3.60,1.50
2011.06.13 08:46:03.042,0.6529,0.65323,3.98,3.38
2011.06.13 08:46:03.373,0.6529,0.65321,3.98,1.13
2011.06.13 08:46:04.964,0.65297,0.65321,2.10,1.88
2011.06.13 08:46:07.713,0.653,0.65323,2.10,2.25
2011.06.13 08:46:07.822,0.653,0.65334,2.10,1.35
2011.06.13 08:46:08.056,0.65299,0.65331,2.48,1.35
2011.06.13 08:46:08.492,0.65298,0.65326,2.85,1.88
2011.06.13 08:46:09.743,0.65297,0.65322,2.48,2.63
2011.06.13 08:46:10.512,0.65301,0.65322,2.10,2.63
2011.06.13 08:46:10.622,0.65301,0.65333,2.48,4.35
2011.06.13 08:46:10.732,0.65301,0.65332,2.10,1.35
2011.06.13 08:46:10.844,0.65299,0.65321,1.50,1.73
2011.06.13 08:46:10.952,0.65297,0.65321,1.88,1.73
2011.06.13 08:46:11.513,0.65296,0.6532,1.88,1.13
2011.06.13 08:46:13.163,0.65296,0.65323,2.48,3.23
2011.06.13 08:46:14.682,0.65296,0.65322,2.48,1.35
2011.06.13 08:46:15.231,0.65296,0.6532,1.88,3.23
2011.06.13 08:46:18.768,0.65296,0.65318,1.88,2.48
2011.06.13 08:46:20.523,0.65296,0.6532,2.48,1.13
2011.06.13 08:46:21.653,0.65296,0.65321,1.35,1.13
2011.06.13 08:46:21.873,0.65295,0.65321,2.48,1.13
2011.06.13 08:46:27.293,0.65297,0.65323,2.48,3.23
2011.06.13 08:46:27.515,0.65298,0.65323,2.48,2.25
2011.06.13 08:46:27.842,0.65301,0.65327,2.10,1.13
2011.06.13 08:46:28.217,0.65308,0.65332,1.50,1.35
2011.06.13 08:46:28.332,0.6531,0.65333,2.10,3.00
2011.06.13 08:46:28.555,0.65307,0.65334,2.25,1.88
2011.06.13 08:46:28.663,0.65302,0.65333,2.48,2.63
2011.06.13 08:46:29.102,0.653,0.65333,2.48,4.73
2011.06.13 08:46:29.212,0.65298,0.6533,2.10,1.50
2011.06.13 08:46:32.646,0.65298,0.6533,2.10,2.25
2011.06.13 08:46:33.018,0.653,0.65333,2.48,2.63
2011.06.13 08:46:33.352,0.65307,0.65333,1.88,2.63
2011.06.13 08:46:35.047,0.65307,0.65333,1.88,3.00
2011.06.13 08:46:35.712,0.65307,0.65332,1.88,2.25
2011.06.13 08:46:35.933,0.65298,0.65332,2.48,2.25
2011.06.13 08:46:39.286,0.65298,0.65332,2.85,3.00
2011.06.13 08:46:40.481,0.65298,0.65332,2.85,1.88
2011.06.13 08:46:41.911,0.65298,0.65329,2.48,1.73
2011.06.13 08:46:49.222,0.65298,0.65329,2.85,1.35
2011.06.13 08:46:50.102,0.65307,0.6533,1.88,1.13
2011.06.13 08:46:50.872,0.65307,0.65329,1.88,1.13
2011.06.13 08:46:51.092,0.65298,0.65329,2.48,1.73
2011.06.13 08:46:51.641,0.65307,0.65329,1.88,1.73
2011.06.13 08:46:53.212,0.65307,0.65328,1.88,3.23
2011.06.13 08:46:53.542,0.65297,0.65325,3.23,1.13
2011.06.13 08:46:53.652,0.65297,0.65328,2.85,4.35
2011.06.13 08:46:54.092,0.65296,0.65322,1.88,2.63
2011.06.13 08:46:54.358,0.6529,0.65321,2.85,1.88
2011.06.13 08:47:02.033,0.65297,0.65318,1.50,1.13
2011.06.13 08:47:02.583,0.65297,0.65318,1.50,1.13
2011.06.13 08:47:03.796,0.65297,0.65322,3.60,3.00
2011.06.13 08:47:04.024,0.65297,0.65322,3.60,2.63
2011.06.13 08:47:07.454,0.65297,0.65326,4.73,2.48
2011.06.13 08:47:13.202,0.65297,0.65326,6.60,2.48
2011.06.13 08:47:13.643,0.65299,0.65328,2.48,1.13
2011.06.13 08:47:17.711,0.65299,0.65328,2.48,1.13
2011.06.13 08:47:18.262,0.65299,0.65326,2.10,1.13
2011.06.13 08:47:20.147,0.65299,0.65326,2.48,1.13
2011.06.13 08:47:20.701,0.65299,0.65326,2.10,1.13
2011.06.13 08:47:21.844,0.65298,0.65326,2.25,1.73
2011.06.13 08:47:21.954,0.65298,0.65325,2.25,1.13
2011.06.13 08:47:22.502,0.65297,0.65323,1.88,3.38
2011.06.13 08:47:23.902,0.65297,0.65321,1.88,1.73
2011.06.13 08:47:30.101,0.65297,0.65321,2.48,2.48
2011.06.13 08:47:31.092,0.65297,0.65321,2.48,2.85
2011.06.13 08:47:32.862,0.65296,0.65321,2.48,2.48
2011.06.13 08:47:34.287,0.65296,0.65321,2.48,2.48
2011.06.13 08:47:38.013,0.65297,0.65323,2.10,2.63
2011.06.13 08:47:39.472,0.653,0.65323,2.10,2.63
2011.06.13 08:47:39.583,0.653,0.65325,2.10,1.88
2011.06.13 08:47:40.883,0.653,0.65328,2.10,1.35
2011.06.13 08:47:40.993,0.65304,0.65326,2.10,1.50
2011.06.13 08:47:41.102,0.65304,0.65335,2.10,2.48
2011.06.13 08:47:41.216,0.65304,0.65335,2.48,2.85
2011.06.13 08:47:42.032,0.65307,0.65333,2.85,2.63
2011.06.13 08:47:42.142,0.65307,0.65333,4.35,2.63
2011.06.13 08:47:43.023,0.65308,0.65337,2.85,2.25
2011.06.13 08:47:45.733,0.65307,0.65332,1.88,2.63
2011.06.13 08:47:46.064,0.65307,0.6533,1.88,1.88
2011.06.13 08:47:46.612,0.65306,0.6533,1.88,1.88
2011.06.13 08:47:47.312,0.65306,0.6533,1.88,2.25
2011.06.13 08:47:47.423,0.65298,0.6533,3.23,2.48
2011.06.13 08:47:47.863,0.65302,0.65332,2.10,3.00
2011.06.13 08:47:48.294,0.65307,0.65332,1.88,4.50
2011.06.13 08:47:48.623,0.65302,0.65332,2.10,4.50
2011.06.13 08:47:49.331,0.65302,0.65332,2.10,4.13
2011.06.13 08:47:49.662,0.65306,0.65328,1.88,1.73
2011.06.13 08:47:49.773,0.65298,0.65328,3.23,1.73
2011.06.13 08:47:50.102,0.65297,0.65322,2.48,2.25
2011.06.13 08:47:52.914,0.653,0.65322,1.50,2.25
2011.06.13 08:47:53.352,0.65297,0.65322,2.85,2.63
2011.06.13 08:47:53.902,0.65307,0.65322,1.88,2.63
2011.06.13 08:47:54.452,0.653,0.65322,2.10,2.63
2011.06.13 08:47:55.333,0.653,0.65322,2.10,2.63
2011.06.13 08:47:56.972,0.65303,0.65322,1.35,2.25
2011.06.13 08:47:57.082,0.65303,0.65332,1.35,1.35
2011.06.13 08:47:57.192,0.653,0.65325,1.88,2.25
2011.06.13 08:47:57.302,0.653,0.65325,1.50,2.25
2011.06.13 08:47:57.632,0.65296,0.65322,2.48,3.00
2011.06.13 08:47:58.182,0.65296,0.65322,2.48,2.63
2011.06.13 08:47:58.798,0.65294,0.65322,2.48,2.63
2011.06.13 08:48:00.674,0.65296,0.65322,2.85,2.25
2011.06.13 08:48:00.893,0.65299,0.6533,1.13,2.48
2011.06.13 08:48:01.332,0.65303,0.65331,2.10,3.98
2011.06.13 08:48:01.753,0.65306,0.65333,2.10,2.63
2011.06.13 08:48:01.862,0.65306,0.65333,2.10,2.63
2011.06.13 08:48:02.413,0.6531,0.65333,2.10,2.63
2011.06.13 08:48:02.743,0.65314,0.6534,2.10,2.25
2011.06.13 08:48:02.962,0.65314,0.65342,2.10,5.10
2011.06.13 08:48:05.173,0.65316,0.65341,2.48,1.35
2011.06.13 08:48:05.286,0.65309,0.65336,2.10,2.85
2011.06.13 08:48:06.002,0.65319,0.65332,2.10,2.25
2011.06.13 08:48:06.113,0.65319,0.65343,2.10,3.00
2011.06.13 08:48:06.661,0.65319,0.65343,2.10,2.63
2011.06.13 08:48:09.154,0.65319,0.65343,2.48,3.00
2011.06.13 08:48:09.264,0.65323,0.65344,2.10,1.50
2011.06.13 08:48:09.593,0.6532,0.65346,2.10,2.48
2011.06.13 08:48:09.814,0.65319,0.65343,2.10,4.73
2011.06.13 08:48:10.743,0.65322,0.65343,2.10,3.00
2011.06.13 08:48:11.069,0.65318,0.65344,2.10,2.85
2011.06.13 08:48:11.731,0.65317,0.65342,2.48,2.48
2011.06.13 08:48:13.182,0.65317,0.65342,2.85,2.10
2011.06.13 08:48:13.294,0.65319,0.65342,2.10,2.25
2011.06.13 08:48:14.180,0.65319,0.65342,2.10,3.00
2011.06.13 08:48:14.293,0.65311,0.65339,2.10,3.98
2011.06.13 08:48:14.513,0.6531,0.65335,2.10,1.88
2011.06.13 08:48:17.634,0.65307,0.65333,2.48,3.23
2011.06.13 08:48:17.745,0.65307,0.65333,2.48,4.73
2011.06.13 08:48:18.322,0.65307,0.65332,1.88,2.48
2011.06.13 08:48:19.593,0.65307,0.65332,1.88,2.48
2011.06.13 08:48:20.772,0.65307,0.65331,1.88,2.48
2011.06.13 08:48:21.321,0.65304,0.6533,2.10,2.48
2011.06.13 08:48:23.962,0.65304,0.6533,2.10,2.85
2011.06.13 08:48:24.074,0.65299,0.65328,2.10,2.48
2011.06.13 08:48:24.183,0.65299,0.65322,2.10,2.25
2011.06.13 08:48:24.732,0.65299,0.65323,2.10,2.25
2011.06.13 08:48:25.282,0.65299,0.65323,2.10,2.63
2011.06.13 08:48:25.892,0.65299,0.65323,2.10,2.63
2011.06.13 08:48:26.005,0.65299,0.65323,2.10,2.25
2011.06.13 08:48:26.443,0.65299,0.65328,2.10,3.23
2011.06.13 08:48:27.533,0.65299,0.65322,2.10,2.25
2011.06.13 08:48:27.754,0.65296,0.65322,3.98,2.63
2011.06.13 08:48:28.303,0.653,0.65323,2.10,2.63
2011.06.13 08:48:30.753,0.653,0.65323,2.10,2.63
2011.06.13 08:48:36.712,0.653,0.65325,2.10,1.35
2011.06.13 08:48:39.873,0.653,0.65323,2.10,2.63
2011.06.13 08:48:40.423,0.653,0.65327,2.10,1.35
2011.06.13 08:48:41.412,0.653,0.65322,2.10,2.25
2011.06.13 08:48:42.556,0.653,0.65328,2.48,2.48
2011.06.13 08:48:44.122,0.65299,0.65324,2.48,2.10
2011.06.13 08:48:44.686,0.65301,0.65328,2.10,1.73
2011.06.13 08:48:47.121,0.65301,0.65328,2.10,1.73
2011.06.13 08:48:47.498,0.65301,0.65323,2.10,2.63
2011.06.13 08:48:47.824,0.65298,0.65325,3.23,1.35
2011.06.13 08:48:48.153,0.65296,0.65321,2.25,2.10
2011.06.13 08:48:48.264,0.65288,0.65319,3.98,1.35
2011.06.13 08:48:50.903,0.65288,0.65313,2.48,3.00
2011.06.13 08:48:51.453,0.65288,0.65313,2.10,3.38
2011.06.13 08:48:51.563,0.65288,0.65312,2.10,1.13
2011.06.13 08:48:51.800,0.65288,0.65313,2.10,3.38
2011.06.13 08:48:52.131,0.65288,0.65316,4.73,1.88
2011.06.13 08:48:52.354,0.65291,0.6532,2.10,1.88
2011.06.13 08:48:53.235,0.65292,0.65316,2.10,2.25
2011.06.13 08:48:54.253,0.65287,0.65312,2.48,4.73
2011.06.13 08:48:54.583,0.65287,0.65312,2.48,4.73
2011.06.13 08:48:54.693,0.65288,0.65312,2.10,2.63
2011.06.13 08:48:56.996,0.65291,0.65312,2.10,2.25
2011.06.13 08:48:57.103,0.65291,0.65318,2.10,2.48
2011.06.13 08:48:57.215,0.65288,0.65316,2.48,2.48
2011.06.13 08:48:57.434,0.65289,0.65315,2.10,1.88
2011.06.13 08:48:57.545,0.65289,0.65318,2.10,3.98
2011.06.13 08:49:03.487,0.65289,0.65318,2.48,3.98
2011.06.13 08:49:08.033,0.65287,0.65318,3.23,2.48
2011.06.13 08:49:10.223,0.65288,0.65312,2.63,2.25
2011.06.13 08:49:10.662,0.65287,0.65318,3.23,2.48
2011.06.13 08:49:11.662,0.65287,0.65318,3.23,2.48
2011.06.13 08:49:11.991,0.65287,0.65318,3.23,2.48
2011.06.13 08:49:12.213,0.65288,0.65319,2.48,1.13
2011.06.13 08:49:12.543,0.65291,0.65323,2.48,4.73
2011.06.13 08:49:13.144,0.65297,0.65324,2.63,2.48
2011.06.13 08:49:15.492,0.65296,0.65328,2.85,3.60
2011.06.13 08:49:16.373,0.65296,0.65328,2.85,3.60
2011.06.13 08:49:16.812,0.65296,0.65322,1.88,3.23
2011.06.13 08:49:19.214,0.65293,0.65323,2.85,2.48
2011.06.13 08:49:19.542,0.65297,0.65327,1.88,2.48
2011.06.13 08:49:20.492,0.65299,0.65327,2.10,3.98
2011.06.13 08:49:21.243,0.65299,0.65327,2.48,2.48
2011.06.13 08:49:21.574,0.6531,0.65333,2.48,2.25
2011.06.13 08:49:21.683,0.6531,0.65338,2.48,2.48
2011.06.13 08:49:21.903,0.65316,0.65338,1.88,2.48
2011.06.13 08:49:22.014,0.65307,0.65334,3.23,2.48
2011.06.13 08:49:23.045,0.65306,0.65333,4.35,3.00
2011.06.13 08:49:23.153,0.65308,0.65333,2.25,1.35
2011.06.13 08:49:24.204,0.65308,0.65334,2.63,2.10
2011.06.13 08:49:24.565,0.65309,0.65336,1.35,2.48
2011.06.13 08:49:24.673,0.65308,0.65336,3.23,2.48
2011.06.13 08:49:24.892,0.65317,0.65336,1.88,2.48
2011.06.13 08:49:25.772,0.65308,0.65336,3.23,2.48
2011.06.13 08:49:26.574,0.65308,0.65334,2.63,2.48
2011.06.13 08:49:28.803,0.65308,0.65332,2.25,2.48
2011.06.13 08:49:28.912,0.65306,0.65332,1.88,4.73
2011.06.13 08:49:29.023,0.65306,0.65329,1.88,2.85
2011.06.13 08:49:29.592,0.65307,0.65329,1.88,2.85
2011.06.13 08:49:34.952,0.65298,0.65329,4.73,2.85
2011.06.13 08:49:39.434,0.65298,0.65329,4.35,2.85
2011.06.13 08:49:41.692,0.65298,0.65331,2.48,2.85
2011.06.13 08:49:43.482,0.65297,0.65326,6.60,2.48
2011.06.13 08:49:47.703,0.65297,0.65322,1.88,2.63
2011.06.13 08:49:48.264,0.65297,0.65322,1.88,2.63
2011.06.13 08:49:52.131,0.65297,0.65322,1.88,2.63
2011.06.13 08:49:52.795,0.65297,0.65327,2.25,4.35
2011.06.13 08:49:53.402,0.65298,0.65327,2.25,4.35
2011.06.13 08:49:53.951,0.65297,0.65327,2.25,4.35
2011.06.13 08:49:57.173,0.65297,0.65323,2.25,2.63
2011.06.13 08:50:11.223,0.653,0.65323,2.10,2.25
2011.06.13 08:50:11.442,0.653,0.65326,2.10,1.13
2011.06.13 08:50:12.233,0.65298,0.65326,2.10,3.60
2011.06.13 08:50:13.383,0.65302,0.65328,2.10,1.13
2011.06.13 08:50:13.495,0.65302,0.65332,2.10,5.48
2011.06.13 08:50:13.602,0.65306,0.65332,1.88,5.48
2011.06.13 08:50:23.693,0.65306,0.65332,1.88,5.10
2011.06.13 08:50:24.489,0.65306,0.65331,1.88,1.35
2011.06.13 08:50:25.243,0.65307,0.65331,2.10,1.35
2011.06.13 08:50:25.462,0.65307,0.65332,2.10,4.73
2011.06.13 08:50:25.793,0.65313,0.65339,2.10,2.48
2011.06.13 08:50:26.353,0.65316,0.65339,1.88,2.48
2011.06.13 08:50:32.154,0.65316,0.65337,1.88,2.10
2011.06.13 08:50:32.812,0.65309,0.65337,2.48,2.48
2011.06.13 08:50:45.614,0.65307,0.65334,4.73,2.48
2011.06.13 08:50:47.387,0.65307,0.65338,6.60,1.13
2011.06.13 08:50:47.958,0.65307,0.65333,3.98,2.63
2011.06.13 08:50:48.744,0.65308,0.65341,3.23,2.85
2011.06.13 08:50:49.293,0.65308,0.65341,3.23,2.48
2011.06.13 08:50:49.735,0.65312,0.65342,2.48,4.13
2011.06.13 08:50:50.465,0.65316,0.65342,1.50,4.50
2011.06.13 08:50:51.563,0.65316,0.65342,1.88,2.63
2011.06.13 08:50:53.793,0.65316,0.65341,1.88,2.10
2011.06.13 08:50:54.125,0.65316,0.65341,1.88,2.85
2011.06.13 08:50:54.784,0.65316,0.65341,1.88,2.48
2011.06.13 08:50:57.683,0.65316,0.65341,2.48,2.48
2011.06.13 08:50:59.629,0.65318,0.65348,2.85,2.85
2011.06.13 08:51:00.914,0.65319,0.65349,2.10,1.50
2011.06.13 08:51:01.242,0.65319,0.65349,2.48,1.13
2011.06.13 08:51:02.383,0.65319,0.6535,2.48,1.88
2011.06.13 08:51:03.979,0.65319,0.65352,2.48,5.10
2011.06.13 08:51:04.203,0.6532,0.65352,1.35,5.48
2011.06.13 08:51:04.425,0.65326,0.65352,2.10,2.63
2011.06.13 08:51:04.534,0.65326,0.65352,2.85,2.25
2011.06.13 08:51:05.083,0.65326,0.65352,2.85,2.63
2011.06.13 08:51:08.563,0.65326,0.65352,2.48,3.23
2011.06.13 08:51:14.544,0.65326,0.65352,2.85,2.85
2011.06.13 08:51:14.655,0.65328,0.65359,3.23,2.48
2011.06.13 08:51:16.782,0.65328,0.65359,3.23,2.48
2011.06.13 08:51:17.934,0.65329,0.65359,1.13,2.48
2011.06.13 08:51:18.284,0.65328,0.65359,3.23,2.48
2011.06.13 08:51:18.503,0.65329,0.65359,1.13,2.48
2011.06.13 08:51:20.301,0.65328,0.65359,3.23,2.48
2011.06.13 08:51:20.413,0.65329,0.65359,1.13,2.48
2011.06.13 08:51:20.632,0.65328,0.65359,3.23,2.48
2011.06.13 08:51:21.403,0.65328,0.65359,3.23,2.85
2011.06.13 08:51:22.472,0.65328,0.65358,3.23,2.85
2011.06.13 08:51:23.082,0.65328,0.65352,3.23,2.25
2011.06.13 08:51:23.632,0.65328,0.65358,3.23,1.35
2011.06.13 08:51:24.482,0.65328,0.65359,3.23,4.35
2011.06.13 08:51:25.754,0.65329,0.65362,2.48,3.98
2011.06.13 08:51:27.175,0.65329,0.65355,1.88,2.10
2011.06.13 08:51:27.686,0.65328,0.65355,3.23,2.48
2011.06.13 08:51:28.343,0.65328,0.65356,3.23,2.48
2011.06.13 08:51:29.972,0.65327,0.65353,5.10,2.25
2011.06.13 08:51:30.083,0.65328,0.65361,3.23,2.85
2011.06.13 08:51:31.806,0.65328,0.65358,2.63,1.73
2011.06.13 08:51:32.023,0.65327,0.65356,2.63,2.10
2011.06.13 08:51:32.573,0.65326,0.65351,1.88,2.48
2011.06.13 08:51:36.133,0.65326,0.65351,1.88,2.85
2011.06.13 08:51:38.543,0.65326,0.6535,1.88,2.48
2011.06.13 08:51:39.092,0.65326,0.6535,2.48,2.48
2011.06.13 08:51:43.884,0.65327,0.6535,1.88,2.48
2011.06.13 08:51:47.943,0.65326,0.6535,2.48,2.48
2011.06.13 08:51:51.693,0.65326,0.6535,1.88,2.48
2011.06.13 08:51:52.703,0.65326,0.65347,1.88,2.48
2011.06.13 08:51:52.814,0.65317,0.65342,1.13,2.25
2011.06.13 08:51:53.033,0.65316,0.65342,2.85,2.63
2011.06.13 08:51:53.704,0.65317,0.65342,1.88,2.63
2011.06.13 08:51:58.753,0.65317,0.65342,1.88,2.63
2011.06.13 08:52:03.983,0.65317,0.6534,1.88,2.48
2011.06.13 08:52:07.373,0.65317,0.6534,1.88,2.85
2011.06.13 08:52:12.922,0.65317,0.65337,1.88,1.35
2011.06.13 08:52:13.143,0.65307,0.65333,2.10,3.23
2011.06.13 08:52:13.803,0.6531,0.65333,2.10,2.63
2011.06.13 08:52:14.134,0.6531,0.65337,2.10,2.48
2011.06.13 08:52:14.683,0.6531,0.65337,2.10,2.48
2011.06.13 08:52:15.854,0.65317,0.65337,1.88,2.48
2011.06.13 08:52:16.401,0.65317,0.65337,1.88,2.48
2011.06.13 08:52:16.783,0.65317,0.65343,1.88,2.63
2011.06.13 08:52:17.713,0.65317,0.65342,1.88,2.25
2011.06.13 08:52:17.824,0.65317,0.65343,1.88,2.63
2011.06.13 08:52:17.933,0.65318,0.65343,2.10,2.63
2011.06.13 08:52:18.262,0.65318,0.65343,2.10,3.00
2011.06.13 08:52:20.602,0.65313,0.65341,2.10,1.35
2011.06.13 08:52:24.053,0.65309,0.65338,2.48,2.48
2011.06.13 08:52:24.272,0.65313,0.65341,2.10,2.85
2011.06.13 08:52:25.813,0.65313,0.6534,2.10,1.35
2011.06.13 08:52:26.774,0.65313,0.65341,2.10,2.85
2011.06.13 08:52:26.994,0.65313,0.65343,2.10,6.23
2011.06.13 08:52:27.102,0.65316,0.65343,2.10,4.73
2011.06.13 08:52:27.763,0.65317,0.65343,2.10,6.23
2011.06.13 08:52:33.936,0.65316,0.65343,3.98,3.23
2011.06.13 08:52:34.373,0.6532,0.65343,2.10,2.63
2011.06.13 08:52:38.013,0.6532,0.65343,2.10,2.63
2011.06.13 08:52:39.105,0.6532,0.65343,2.10,2.63
2011.06.13 08:52:42.904,0.65317,0.65343,2.10,3.23
2011.06.13 08:52:45.656,0.65316,0.65343,1.88,4.73
2011.06.13 08:52:56.043,0.65316,0.65338,1.88,2.10
2011.06.13 08:53:00.382,0.65316,0.65338,2.25,2.10
2011.06.13 08:53:00.492,0.65316,0.65343,4.35,2.25
2011.06.13 08:53:00.773,0.65317,0.65343,2.25,2.48
2011.06.13 08:53:01.104,0.65316,0.65341,1.88,2.85
2011.06.13 08:53:01.764,0.65307,0.65332,1.88,4.73
2011.06.13 08:53:01.984,0.6531,0.65332,4.35,2.25
2011.06.13 08:53:02.203,0.6531,0.65339,4.35,2.10
2011.06.13 08:53:02.314,0.6531,0.65339,2.48,2.48
2011.06.13 08:53:02.643,0.65307,0.65332,2.85,2.63
2011.06.13 08:53:06.933,0.65307,0.65337,5.10,2.48
2011.06.13 08:53:07.493,0.65308,0.65332,3.23,2.25
2011.06.13 08:53:11.984,0.65308,0.65332,2.25,4.73
2011.06.13 08:53:12.203,0.65307,0.65332,1.35,2.25
2011.06.13 08:53:14.828,0.65308,0.65332,2.25,4.73
2011.06.13 08:53:16.515,0.65304,0.65332,2.48,4.73
2011.06.13 08:53:16.733,0.65308,0.65332,2.10,2.25
2011.06.13 08:53:20.814,0.65304,0.65332,1.35,3.23
2011.06.13 08:53:21.255,0.65307,0.65333,3.23,3.23
2011.06.13 08:53:24.053,0.65307,0.65333,2.85,3.23
2011.06.13 08:53:30.015,0.65307,0.65333,2.85,3.23
2011.06.13 08:53:34.143,0.65304,0.6533,2.48,2.48
2011.06.13 08:53:35.034,0.65308,0.65332,4.35,4.73
2011.06.13 08:53:35.363,0.65307,0.65328,1.88,2.10
2011.06.13 08:53:40.293,0.65302,0.65328,1.73,1.13
2011.06.13 08:53:40.515,0.65298,0.65326,4.73,2.48
2011.06.13 08:53:40.843,0.65298,0.65322,2.85,2.63
2011.06.13 08:53:40.985,0.65298,0.65322,1.35,2.63
2011.06.13 08:53:44.954,0.65297,0.65322,1.88,2.63
2011.06.13 08:53:45.502,0.65296,0.65322,1.88,2.63
2011.06.13 08:53:47.032,0.65296,0.65322,2.63,2.63
2011.06.13 08:53:48.212,0.65296,0.65322,1.88,2.63
2011.06.13 08:53:48.894,0.65296,0.65322,1.88,2.63
2011.06.13 08:53:54.733,0.65296,0.65322,1.88,2.63
2011.06.13 08:53:57.526,0.65298,0.6533,1.35,1.35
2011.06.13 08:53:57.853,0.65307,0.65333,2.25,3.23
2011.06.13 08:54:00.234,0.65307,0.65333,1.88,3.60
2011.06.13 08:54:09.533,0.65307,0.65328,1.88,2.48
2011.06.13 08:54:09.752,0.65307,0.65328,1.88,2.10
2011.06.13 08:54:09.863,0.65301,0.65322,2.10,2.25
2011.06.13 08:54:10.413,0.65301,0.65323,2.10,2.25
2011.06.13 08:54:11.614,0.65301,0.65326,2.10,2.48
2011.06.13 08:54:13.406,0.65304,0.65328,2.10,2.48
2011.06.13 08:54:13.514,0.65302,0.65327,2.10,2.48
2011.06.13 08:54:13.953,0.65307,0.65327,1.50,2.48
2011.06.13 08:54:15.725,0.65307,0.65327,1.50,2.48
2011.06.13 08:54:16.304,0.65307,0.65327,1.50,2.48
2011.06.13 08:54:20.484,0.65307,0.6533,2.10,2.48
2011.06.13 08:54:20.704,0.65311,0.65333,2.10,2.63
2011.06.13 08:54:20.924,0.65311,0.65337,2.48,2.48
2011.06.13 08:54:21.344,0.65311,0.65333,2.10,2.25
2011.06.13 08:54:21.455,0.65307,0.65333,4.35,4.73
2011.06.13 08:54:23.610,0.65307,0.65332,2.10,1.35
2011.06.13 08:54:24.056,0.65306,0.65332,1.88,4.35
2011.06.13 08:54:24.492,0.65306,0.65332,3.60,2.85
2011.06.13 08:54:24.933,0.65306,0.65333,3.98,4.73
2011.06.13 08:54:25.046,0.65308,0.65333,2.48,2.63
2011.06.13 08:54:25.614,0.65308,0.65332,4.73,2.25
2011.06.13 08:54:27.023,0.6531,0.65332,2.48,2.25
2011.06.13 08:54:27.242,0.6531,0.65339,2.48,1.13
2011.06.13 08:54:31.636,0.6531,0.65339,2.10,1.50
2011.06.13 08:54:31.757,0.65308,0.65337,4.73,1.35
2011.06.13 08:54:32.194,0.65308,0.65332,4.73,2.25
2011.06.13 08:54:32.413,0.65309,0.65338,2.48,1.13
2011.06.13 08:54:42.492,0.65313,0.65341,2.10,2.25
2011.06.13 08:54:45.951,0.65313,0.65341,2.10,1.88
2011.06.13 08:54:53.483,0.65313,0.65341,2.10,2.25
2011.06.13 08:54:53.704,0.65311,0.65339,2.10,2.48
2011.06.13 08:54:55.244,0.65311,0.65339,2.10,3.60
2011.06.13 08:54:55.833,0.65311,0.65338,2.10,1.35
2011.06.13 08:54:55.943,0.65307,0.65333,2.85,1.73
2011.06.13 08:54:56.054,0.65307,0.65333,2.85,5.48
2011.06.13 08:54:56.396,0.65307,0.65333,4.35,3.98
2011.06.13 08:54:57.162,0.65307,0.65333,2.10,4.35
2011.06.13 08:54:58.474,0.65306,0.65328,2.10,1.13
2011.06.13 08:54:58.584,0.65306,0.65328,2.10,1.13
2011.06.13 08:55:04.606,0.65304,0.65328,2.10,1.13
2011.06.13 08:55:05.172,0.65304,0.65333,2.10,5.10
2011.06.13 08:55:06.972,0.65307,0.65333,2.10,6.60
2011.06.13 08:55:08.693,0.65306,0.65329,2.48,1.13
2011.06.13 08:55:09.024,0.65301,0.65329,2.10,1.73
2011.06.13 08:55:10.272,0.65301,0.65329,2.10,2.10
2011.06.13 08:55:10.383,0.65297,0.65326,4.73,2.85
2011.06.13 08:55:10.494,0.65303,0.65323,2.10,2.25
2011.06.13 08:55:11.043,0.65303,0.65328,2.10,1.13
2011.06.13 08:55:12.103,0.65303,0.65328,2.10,1.50
2011.06.13 08:55:14.275,0.65303,0.6533,2.10,2.48
2011.06.13 08:55:19.424,0.65303,0.65331,2.10,2.48
2011.06.13 08:55:19.979,0.65303,0.65329,2.10,2.48
2011.06.13 08:55:20.423,0.65303,0.65329,2.48,2.10
2011.06.13 08:55:21.323,0.65306,0.65332,1.88,4.73
2011.06.13 08:55:23.983,0.65306,0.65332,3.98,2.63
2011.06.13 08:55:24.683,0.65306,0.65332,2.48,2.63
2011.06.13 08:55:25.746,0.65306,0.65332,2.85,2.63
2011.06.13 08:55:26.074,0.65306,0.65332,2.85,2.63
2011.06.13 08:55:26.623,0.65308,0.65332,2.25,2.63
2011.06.13 08:55:27.554,0.65306,0.65333,2.85,2.63
2011.06.13 08:55:28.142,0.65306,0.65333,2.48,2.63
2011.06.13 08:55:30.082,0.65306,0.6533,2.48,1.13
2011.06.13 08:55:30.412,0.65306,0.65331,1.88,2.85
2011.06.13 08:55:30.805,0.65299,0.65331,2.48,2.85
2011.06.13 08:55:31.944,0.65301,0.65333,2.48,7.35
2011.06.13 08:55:32.054,0.65305,0.65333,2.10,5.85
2011.06.13 08:55:46.883,0.65306,0.65333,2.48,4.35
2011.06.13 08:55:47.324,0.65306,0.65334,1.88,1.35
2011.06.13 08:55:50.523,0.65306,0.65332,1.88,2.63
2011.06.13 08:55:58.053,0.65307,0.65332,1.88,2.63
2011.06.13 08:56:03.063,0.65306,0.65332,1.88,2.63
2011.06.13 08:56:06.636,0.65307,0.65336,2.63,2.48
2011.06.13 08:56:12.563,0.65309,0.65337,2.48,2.48
2011.06.13 08:56:19.511,0.65315,0.6534,2.48,1.35
2011.06.13 08:56:22.763,0.65318,0.65343,2.10,3.23
2011.06.13 08:56:31.884,0.65318,0.65343,2.10,3.98
2011.06.13 08:56:47.006,0.65316,0.6534,1.88,2.10
2011.06.13 08:56:48.072,0.65317,0.6534,1.88,2.10
2011.06.13 08:56:49.284,0.65317,0.65337,1.88,2.10
2011.06.13 08:56:49.724,0.65317,0.65332,1.88,2.10
2011.06.13 08:56:50.164,0.65307,0.65332,5.10,2.10
2011.06.13 08:56:53.275,0.65307,0.65331,5.10,1.35
2011.06.13 08:56:53.517,0.65307,0.65332,5.10,2.10
2011.06.13 08:56:53.625,0.65307,0.65331,5.10,1.35
2011.06.13 08:56:55.363,0.65307,0.65332,5.10,2.10
2011.06.13 08:56:56.174,0.65307,0.65331,4.50,2.10
2011.06.13 08:56:56.727,0.65307,0.65328,4.13,1.35
2011.06.13 08:57:00.804,0.65307,0.65331,2.25,2.10
2011.06.13 08:57:00.915,0.65308,0.65332,3.23,2.10
2011.06.13 08:57:02.942,0.65308,0.65332,3.23,2.10
2011.06.13 08:57:03.493,0.65307,0.65332,5.10,2.10
2011.06.13 08:57:08.965,0.65308,0.65329,2.25,2.10
2011.06.13 08:57:09.186,0.65306,0.65329,1.88,2.48
2011.06.13 08:57:09.515,0.65306,0.65328,1.88,2.10
2011.06.13 08:57:11.703,0.65306,0.65332,1.88,4.73
2011.06.13 08:57:15.474,0.65306,0.65332,2.85,3.23
2011.06.13 08:57:15.947,0.65306,0.65332,2.85,2.85
2011.06.13 08:57:16.164,0.65309,0.65337,2.10,2.48
2011.06.13 08:57:16.886,0.65309,0.65336,2.10,1.35
2011.06.13 08:57:16.995,0.65307,0.65333,3.23,2.48
2011.06.13 08:57:22.402,0.65305,0.65331,1.35,2.48
2011.06.13 08:57:23.331,0.65305,0.65332,2.85,4.73
2011.06.13 08:57:24.675,0.65308,0.65333,2.10,2.25
2011.06.13 08:57:24.893,0.65308,0.65338,4.73,2.48
2011.06.13 08:57:25.112,0.65308,0.65333,2.48,2.25
2011.06.13 08:57:26.041,0.65308,0.65338,2.10,3.98
2011.06.13 08:57:29.841,0.65308,0.65332,4.73,2.25
2011.06.13 08:57:33.352,0.65308,0.65332,2.63,2.85
2011.06.13 08:57:34.693,0.65308,0.65329,2.25,2.48
2011.06.13 08:57:35.242,0.65307,0.65331,3.98,2.48
2011.06.13 08:57:37.842,0.65307,0.65327,1.88,2.10
2011.06.13 08:57:42.064,0.65298,0.65325,2.63,2.48
2011.06.13 08:57:44.503,0.65296,0.65323,2.85,3.23
2011.06.13 08:57:45.513,0.65297,0.65323,2.85,3.23
2011.06.13 08:57:45.622,0.65296,0.65323,2.48,3.98
2011.06.13 08:57:45.731,0.65296,0.65323,2.85,3.98
2011.06.13 08:57:46.304,0.65296,0.65323,2.48,4.73
2011.06.13 08:57:49.574,0.65296,0.6532,1.88,2.48
2011.06.13 08:57:52.302,0.65296,0.65317,1.88,2.10
2011.06.13 08:57:55.613,0.6529,0.65317,1.73,2.10
2011.06.13 08:57:55.726,0.65289,0.65314,2.48,2.10
2011.06.13 08:57:56.061,0.65287,0.65312,4.13,4.35
2011.06.13 08:57:56.391,0.65287,0.65308,1.88,2.48
2011.06.13 08:57:56.941,0.65287,0.65309,1.88,2.48
2011.06.13 08:58:00.274,0.65277,0.65307,2.85,2.48
2011.06.13 08:58:00.493,0.65278,0.65302,2.25,2.85
2011.06.13 08:58:04.734,0.65278,0.65302,2.85,2.85
2011.06.13 08:58:05.504,0.65278,0.65302,2.85,3.23
2011.06.13 08:58:05.834,0.65267,0.65289,2.63,2.48
2011.06.13 08:58:06.055,0.65268,0.65295,4.73,2.48
2011.06.13 08:58:07.324,0.65268,0.65293,1.73,2.25
2011.06.13 08:58:07.431,0.65267,0.65293,3.23,3.00
2011.06.13 08:58:07.841,0.65267,0.65293,3.23,3.00
2011.06.13 08:58:08.391,0.65268,0.65294,1.73,1.13
2011.06.13 08:58:08.612,0.65267,0.65294,3.23,1.13
2011.06.13 08:58:08.721,0.65268,0.65294,1.73,1.13
2011.06.13 08:58:09.254,0.65272,0.65299,1.13,1.73
2011.06.13 08:58:09.581,0.65272,0.65299,1.73,1.73
2011.06.13 08:58:10.241,0.65272,0.65301,2.10,2.10
2011.06.13 08:58:10.798,0.65278,0.65301,2.25,2.48
2011.06.13 08:58:10.916,0.65272,0.65301,1.73,2.48
2011.06.13 08:58:11.493,0.65271,0.653,2.10,2.85
2011.06.13 08:58:11.713,0.65271,0.65301,3.23,2.48
2011.06.13 08:58:12.372,0.65273,0.65301,1.73,2.48
2011.06.13 08:58:12.483,0.65276,0.65302,2.10,3.23
2011.06.13 08:58:12.814,0.65272,0.65299,2.85,2.48
2011.06.13 08:58:13.033,0.65275,0.65302,3.23,2.63
2011.06.13 08:58:14.331,0.65276,0.65302,2.85,2.63
2011.06.13 08:58:14.931,0.65276,0.65301,2.25,2.48
2011.06.13 08:58:15.230,0.65271,0.65301,2.48,2.48
2011.06.13 08:58:16.015,0.65276,0.65302,2.48,4.73
2011.06.13 08:58:16.454,0.65283,0.65307,2.10,2.48
2011.06.13 08:58:16.891,0.65283,0.65302,2.10,2.63
2011.06.13 08:58:17.003,0.65277,0.65302,2.10,2.63
2011.06.13 08:58:17.551,0.65276,0.65302,2.85,2.63
2011.06.13 08:58:20.373,0.65276,0.65302,2.48,2.63
2011.06.13 08:58:20.924,0.65276,0.65302,1.88,4.73
2011.06.13 08:58:21.473,0.65276,0.65299,1.88,1.13
2011.06.13 08:58:21.962,0.65277,0.65302,2.48,2.25
2011.06.13 08:58:22.182,0.65276,0.653,1.88,2.48
2011.06.13 08:58:28.482,0.65276,0.65303,3.98,3.98
2011.06.13 08:58:39.791,0.65276,0.65301,1.88,2.48
2011.06.13 08:58:41.003,0.65276,0.65298,1.88,2.48
2011.06.13 08:58:41.225,0.65269,0.65297,2.10,2.85
2011.06.13 08:58:41.332,0.65267,0.65292,2.48,2.63
2011.06.13 08:58:43.992,0.65267,0.65292,1.88,4.73
2011.06.13 08:58:45.413,0.65267,0.65292,2.25,4.35
2011.06.13 08:58:45.524,0.65268,0.65292,2.48,2.25
2011.06.13 08:58:45.633,0.65268,0.65295,4.73,2.48
2011.06.13 08:58:46.743,0.65269,0.65302,2.48,4.73
2011.06.13 08:58:47.182,0.65268,0.65301,5.48,2.48
2011.06.13 08:58:47.512,0.65268,0.65299,4.73,1.50
2011.06.13 08:58:47.733,0.65268,0.65298,3.23,1.73
2011.06.13 08:58:48.173,0.65268,0.65292,3.23,2.25
2011.06.13 08:58:48.723,0.65272,0.65292,2.10,2.25
2011.06.13 08:58:48.832,0.65272,0.65299,2.10,2.85
2011.06.13 08:58:48.941,0.65272,0.65299,2.48,2.48
2011.06.13 08:58:49.161,0.6527,0.65298,2.48,2.48
2011.06.13 08:58:51.723,0.65271,0.653,2.85,2.48
2011.06.13 08:58:51.833,0.65271,0.653,2.85,2.10
2011.06.13 08:58:52.053,0.65273,0.653,2.48,2.10
2011.06.13 08:58:52.381,0.65277,0.65304,5.10,2.10
2011.06.13 08:58:54.502,0.65277,0.65303,5.10,2.48
2011.06.13 08:58:55.052,0.65274,0.65296,2.85,2.10
2011.06.13 08:58:55.711,0.65276,0.65296,1.88,2.10
2011.06.13 08:58:56.291,0.65272,0.65296,3.23,2.10
2011.06.13 08:58:56.403,0.65269,0.65294,1.35,2.10
2011.06.13 08:58:56.512,0.65272,0.65298,2.48,2.10
2011.06.13 08:58:56.952,0.65276,0.65298,1.88,2.10
2011.06.13 08:59:00.883,0.65276,0.65293,2.25,2.10
2011.06.13 08:59:00.992,0.65276,0.65297,2.25,2.10
2011.06.13 08:59:01.540,0.65276,0.65297,2.25,2.10
2011.06.13 08:59:02.101,0.65276,0.65297,2.25,2.10
2011.06.13 08:59:08.107,0.65276,0.65303,2.48,4.73
2011.06.13 08:59:12.681,0.65278,0.65303,2.10,3.23
2011.06.13 08:59:13.231,0.65278,0.65303,2.10,3.23
2011.06.13 08:59:17.413,0.65278,0.65305,2.48,2.48
2011.06.13 08:59:17.621,0.65281,0.65308,2.48,2.48
2011.06.13 08:59:17.952,0.65284,0.65311,2.10,2.48
2011.06.13 08:59:19.332,0.65284,0.65312,2.10,2.48
2011.06.13 08:59:21.473,0.65284,0.65312,2.10,2.85
2011.06.13 08:59:22.062,0.65287,0.65312,1.88,2.85
2011.06.13 08:59:22.654,0.65287,0.65312,1.88,3.23
2011.06.13 08:59:23.711,0.65287,0.65311,1.88,1.73
2011.06.13 08:59:24.172,0.65287,0.65311,1.88,2.10
2011.06.13 08:59:24.502,0.65279,0.65307,2.48,2.48
2011.06.13 08:59:26.071,0.65279,0.65307,2.48,2.48
2011.06.13 08:59:26.885,0.65279,0.65307,2.48,2.10
2011.06.13 08:59:26.992,0.65283,0.65311,2.48,3.98
2011.06.13 08:59:27.212,0.65286,0.65313,2.48,3.23
2011.06.13 08:59:27.939,0.65287,0.65313,4.73,3.23
2011.06.13 08:59:28.273,0.65279,0.65305,1.35,2.48
2011.06.13 08:59:30.610,0.65278,0.65303,2.63,2.10
2011.06.13 08:59:30.942,0.65271,0.653,2.85,2.48
2011.06.13 08:59:31.052,0.65271,0.653,2.48,2.48
2011.06.13 08:59:31.162,0.65277,0.653,1.88,2.48
2011.06.13 08:59:31.490,0.6527,0.653,2.48,2.48
2011.06.13 08:59:32.273,0.65276,0.65303,2.85,4.73
2011.06.13 08:59:32.672,0.65276,0.65303,4.35,2.85
2011.06.13 08:59:33.002,0.6528,0.65309,2.48,1.35
2011.06.13 08:59:33.972,0.65277,0.65297,2.25,3.98
2011.06.13 08:59:34.082,0.6527,0.65292,2.10,2.25
2011.06.13 08:59:34.192,0.65275,0.65292,1.50,2.25
2011.06.13 08:59:34.411,0.65277,0.65305,3.23,2.48
2011.06.13 08:59:34.521,0.65277,0.65305,2.85,3.98
2011.06.13 08:59:35.232,0.65274,0.65302,2.48,2.63
2011.06.13 08:59:36.222,0.65268,0.65297,3.75,1.35
2011.06.13 08:59:36.553,0.65275,0.65293,2.48,2.25
2011.06.13 08:59:36.770,0.65275,0.65302,2.48,3.23
2011.06.13 08:59:39.544,0.65278,0.65306,2.63,2.48
2011.06.13 08:59:40.982,0.65278,0.65306,2.25,1.35
2011.06.13 08:59:41.515,0.65276,0.65303,2.48,2.63
2011.06.13 08:59:42.454,0.65276,0.65303,2.48,2.63
2011.06.13 08:59:43.565,0.65276,0.65303,2.48,2.63
2011.06.13 08:59:44.484,0.65276,0.65297,1.88,2.10
2011.06.13 08:59:49.102,0.65275,0.65303,2.48,3.23
2011.06.13 08:59:51.251,0.6528,0.65303,2.10,2.63
2011.06.13 08:59:53.943,0.6528,0.65303,2.10,2.63
2011.06.13 08:59:54.052,0.65277,0.65303,2.10,4.73
2011.06.13 08:59:54.771,0.65276,0.65302,3.98,2.48
2011.06.13 08:59:57.354,0.65284,0.65303,1.50,2.25
2011.06.13 08:59:57.681,0.65288,0.65317,4.73,2.48
2011.06.13 08:59:57.792,0.65293,0.65318,2.10,2.48
2011.06.13 08:59:58.915,0.65289,0.65309,1.50,2.48
2011.06.13 08:59:59.132,0.65286,0.65309,2.48,2.48
