2012.01.11 01:00:12.541,0.60981,0.60999,2.25,1.50
2012.01.11 01:00:16.722,0.60984,0.61002,2.25,1.50
2012.01.11 01:00:20.283,0.6098,0.60998,2.25,1.50
2012.01.11 01:00:20.354,0.6098,0.60998,2.25,1.50
2012.01.11 01:00:20.482,0.6098,0.60998,1.50,1.50
2012.01.11 01:00:22.311,0.60977,0.60995,1.50,1.50
2012.01.11 01:00:23.920,0.60977,0.60995,1.50,2.25
2012.01.11 01:00:24.153,0.60977,0.60995,1.50,1.50
2012.01.11 01:00:24.820,0.60977,0.60995,1.50,2.25
2012.01.11 01:00:24.885,0.60977,0.60995,1.50,1.50
2012.01.11 01:00:38.622,0.6098,0.60998,1.50,1.50
2012.01.11 01:00:40.611,0.60984,0.61,1.50,2.10
2012.01.11 01:01:07.474,0.60981,0.60997,1.50,1.50
2012.01.11 01:01:08.011,0.60981,0.60997,2.25,1.50
2012.01.11 01:01:08.503,0.60985,0.61001,1.50,1.50
2012.01.11 01:01:09.231,0.60981,0.60999,2.25,1.50
2012.01.11 01:01:09.872,0.60984,0.61002,1.50,1.50
2012.01.11 01:01:21.031,0.6098,0.60998,1.50,1.50
2012.01.11 01:01:23.510,0.6098,0.60998,2.25,1.50
2012.01.11 01:01:27.600,0.60984,0.61002,1.50,3.75
2012.01.11 01:01:33.272,0.60981,0.60997,2.25,1.50
2012.01.11 01:01:41.101,0.60978,0.60995,2.25,1.50
2012.01.11 01:01:43.000,0.60981,0.60997,1.50,1.50
2012.01.11 01:01:54.217,0.60981,0.60997,2.25,1.50
2012.01.11 01:01:55.967,0.60981,0.60997,1.50,1.50
2012.01.11 01:01:56.980,0.60981,0.60997,2.25,1.50
2012.01.11 01:02:22.133,0.60983,0.61001,1.50,1.50
2012.01.11 01:02:26.513,0.60983,0.61001,2.25,1.50
2012.01.11 01:02:27.144,0.60986,0.61002,2.25,2.25
2012.01.11 01:02:28.462,0.60983,0.61001,1.50,1.50
2012.01.11 01:02:31.013,0.60983,0.61001,2.25,1.50
2012.01.11 01:02:33.241,0.60986,0.61002,2.25,2.25
2012.01.11 01:02:35.685,0.60986,0.61002,2.25,2.25
2012.01.11 01:02:37.432,0.60986,0.61004,2.25,1.50
2012.01.11 01:02:43.452,0.60989,0.61007,1.50,1.50
2012.01.11 01:02:47.480,0.60986,0.61004,2.25,1.50
2012.01.11 01:02:48.001,0.60986,0.61004,2.25,1.50
2012.01.11 01:02:49.390,0.60989,0.61007,1.50,1.50
2012.01.11 01:02:53.080,0.60987,0.61003,2.25,1.50
2012.01.11 01:02:59.251,0.60987,0.61002,1.50,2.25
2012.01.11 01:02:59.322,0.60983,0.61001,1.50,1.50
2012.01.11 01:03:00.433,0.60983,0.61001,2.25,1.50
2012.01.11 01:03:00.703,0.60983,0.61001,1.50,1.50
2012.01.11 01:03:01.048,0.60983,0.61001,2.25,1.50
2012.01.11 01:03:01.174,0.60983,0.61001,1.50,1.50
2012.01.11 01:03:04.200,0.60986,0.61004,1.50,1.50
2012.01.11 01:03:06.873,0.60986,0.61004,1.50,2.25
2012.01.11 01:03:11.240,0.60986,0.61004,1.50,1.50
2012.01.11 01:03:12.394,0.60986,0.61004,2.25,1.50
2012.01.11 01:03:13.116,0.60986,0.61004,1.50,1.50
2012.01.11 01:03:17.112,0.60986,0.61003,1.50,2.25
2012.01.11 01:03:17.880,0.60986,0.61004,1.50,1.50
2012.01.11 01:03:19.230,0.60986,0.61004,1.50,2.25
2012.01.11 01:03:19.785,0.60986,0.61004,1.50,1.50
2012.01.11 01:03:20.424,0.60986,0.61004,1.50,2.25
2012.01.11 01:03:20.992,0.60986,0.61004,1.50,1.50
2012.01.11 01:03:26.492,0.60986,0.61004,1.50,2.25
2012.01.11 01:03:26.801,0.60983,0.60999,1.50,1.50
2012.01.11 01:03:28.106,0.60985,0.61003,1.50,1.50
2012.01.11 01:03:43.510,0.60983,0.60999,1.50,1.50
2012.01.11 01:03:43.652,0.60985,0.61003,1.50,3.75
2012.01.11 01:03:45.562,0.60981,0.60999,1.50,1.50
2012.01.11 01:03:51.903,0.60986,0.61002,1.50,1.50
2012.01.11 01:04:11.334,0.60991,0.61003,1.50,2.25
2012.01.11 01:04:11.461,0.60991,0.61007,1.50,1.50
2012.01.11 01:04:11.832,0.60994,0.6101,1.50,1.50
2012.01.11 01:04:17.293,0.6099,0.61008,1.50,1.50
2012.01.11 01:04:18.473,0.6099,0.61008,2.25,1.50
2012.01.11 01:04:19.039,0.6099,0.61008,2.25,1.50
2012.01.11 01:04:19.501,0.6099,0.61008,1.50,1.50
2012.01.11 01:04:31.422,0.60988,0.61004,1.50,1.50
2012.01.11 01:04:34.573,0.60991,0.61007,1.50,1.50
2012.01.11 01:04:50.367,0.60997,0.61007,2.25,1.50
2012.01.11 01:04:50.436,0.60997,0.61011,3.00,1.50
2012.01.11 01:04:50.564,0.61006,0.61022,1.50,3.75
2012.01.11 01:04:50.934,0.61006,0.61022,1.50,4.50
2012.01.11 01:04:51.461,0.61006,0.61022,1.50,2.25
2012.01.11 01:04:53.451,0.61001,0.61019,1.50,2.25
2012.01.11 01:04:55.762,0.61001,0.61019,1.50,2.25
2012.01.11 01:04:56.680,0.61001,0.61019,1.50,1.50
2012.01.11 01:04:58.133,0.60998,0.61016,1.50,1.50
2012.01.11 01:04:58.653,0.61004,0.6102,1.50,2.25
2012.01.11 01:04:59.104,0.61001,0.61017,1.50,1.50
2012.01.11 01:05:00.716,0.60998,0.61014,3.75,1.50
2012.01.11 01:05:02.643,0.60998,0.61014,1.50,2.25
2012.01.11 01:05:03.311,0.60993,0.61009,1.50,1.50
2012.01.11 01:05:03.585,0.60995,0.61013,1.50,2.25
2012.01.11 01:05:03.710,0.60995,0.61012,1.50,3.00
2012.01.11 01:05:03.834,0.60992,0.6101,3.75,2.25
2012.01.11 01:05:04.736,0.60992,0.6101,3.75,1.50
2012.01.11 01:05:04.810,0.60992,0.6101,1.50,2.25
2012.01.11 01:05:04.878,0.60986,0.61004,3.75,1.50
2012.01.11 01:05:05.244,0.6099,0.61006,1.50,1.50
2012.01.11 01:05:09.111,0.60992,0.6101,1.50,2.25
2012.01.11 01:05:14.244,0.60992,0.6101,1.50,2.25
2012.01.11 01:05:14.693,0.6099,0.61006,1.50,2.25
2012.01.11 01:05:14.768,0.60992,0.6101,1.50,2.25
2012.01.11 01:05:14.840,0.60992,0.6101,1.50,2.25
2012.01.11 01:05:16.168,0.60992,0.6101,1.50,2.25
2012.01.11 01:05:16.832,0.6099,0.61006,1.50,2.25
2012.01.11 01:05:19.806,0.60993,0.61009,1.50,2.25
2012.01.11 01:05:22.633,0.60993,0.61009,1.50,2.25
2012.01.11 01:05:23.185,0.60988,0.61006,1.50,1.50
2012.01.11 01:05:23.256,0.60981,0.60999,1.50,1.50
2012.01.11 01:05:23.584,0.60979,0.60995,1.50,1.50
2012.01.11 01:05:25.637,0.60988,0.60995,2.25,1.50
2012.01.11 01:05:25.764,0.60993,0.61009,1.50,2.25
2012.01.11 01:05:26.538,0.60996,0.61012,1.50,1.50
2012.01.11 01:05:26.846,0.60998,0.61012,2.25,1.50
2012.01.11 01:05:28.175,0.60998,0.61013,2.25,2.25
2012.01.11 01:05:28.465,0.61,0.61016,1.50,1.50
2012.01.11 01:05:28.799,0.61,0.61016,1.50,2.25
2012.01.11 01:05:28.859,0.61,0.61016,1.50,1.50
2012.01.11 01:05:29.045,0.61003,0.61019,1.50,2.25
2012.01.11 01:05:29.752,0.60999,0.61013,1.50,1.35
2012.01.11 01:05:29.888,0.6099,0.61006,1.50,1.50
2012.01.11 01:05:30.017,0.60987,0.61003,1.50,1.50
2012.01.11 01:05:30.744,0.60983,0.60999,1.50,1.50
2012.01.11 01:05:32.571,0.60979,0.60997,1.50,1.50
2012.01.11 01:05:32.826,0.60982,0.61,1.50,1.50
2012.01.11 01:05:33.265,0.60985,0.61003,1.50,3.75
2012.01.11 01:05:34.763,0.60983,0.60999,1.50,1.50
2012.01.11 01:05:36.128,0.60983,0.60999,1.50,2.25
2012.01.11 01:05:36.731,0.60983,0.60999,1.50,1.50
2012.01.11 01:05:40.261,0.60987,0.61003,1.50,3.00
2012.01.11 01:05:43.034,0.60987,0.61005,1.50,1.50
2012.01.11 01:05:43.278,0.60987,0.61005,1.50,2.25
2012.01.11 01:05:43.765,0.60987,0.61005,1.50,1.50
2012.01.11 01:05:43.893,0.60987,0.61005,1.50,2.25
2012.01.11 01:05:44.353,0.60987,0.61005,1.50,1.50
2012.01.11 01:05:45.197,0.60987,0.61002,1.50,2.25
2012.01.11 01:05:45.266,0.60984,0.61,1.50,1.50
2012.01.11 01:05:46.684,0.60986,0.61004,1.50,1.50
2012.01.11 01:05:47.116,0.6099,0.61006,1.50,1.50
2012.01.11 01:05:47.423,0.60987,0.61002,1.50,2.25
2012.01.11 01:05:47.493,0.60987,0.61005,1.50,1.50
2012.01.11 01:05:53.281,0.60987,0.61005,1.50,2.25
2012.01.11 01:05:53.787,0.60987,0.61005,1.50,2.25
2012.01.11 01:05:55.026,0.60987,0.61005,1.50,2.25
2012.01.11 01:05:56.591,0.60984,0.61,1.50,1.50
2012.01.11 01:05:57.358,0.60986,0.61004,1.50,2.25
2012.01.11 01:05:59.036,0.60987,0.61003,1.50,1.50
2012.01.11 01:06:15.976,0.60991,0.61007,1.50,1.50
2012.01.11 01:06:16.916,0.60991,0.61007,1.50,2.25
2012.01.11 01:06:17.484,0.60991,0.61007,1.50,1.50
2012.01.11 01:06:17.762,0.60991,0.61007,1.50,2.25
2012.01.11 01:06:17.850,0.60991,0.61007,1.50,1.50
2012.01.11 01:06:18.367,0.60994,0.6101,1.50,2.25
2012.01.11 01:06:19.867,0.60994,0.6101,1.50,2.25
2012.01.11 01:06:20.006,0.60989,0.61007,1.50,2.25
2012.01.11 01:06:20.786,0.60989,0.61007,1.50,2.25
2012.01.11 01:06:20.918,0.60989,0.61007,1.50,2.25
2012.01.11 01:06:30.104,0.60989,0.61007,1.50,1.50
2012.01.11 01:06:30.594,0.60992,0.6101,1.50,2.25
2012.01.11 01:06:31.353,0.60989,0.61005,1.50,1.50
2012.01.11 01:06:31.663,0.60991,0.61009,1.50,2.25
2012.01.11 01:06:31.734,0.60989,0.61005,1.50,1.50
2012.01.11 01:06:31.985,0.60991,0.61009,1.50,2.25
2012.01.11 01:06:32.637,0.60988,0.61004,1.50,2.25
2012.01.11 01:06:32.943,0.60992,0.61008,1.50,1.50
2012.01.11 01:06:39.753,0.60989,0.61005,1.50,1.50
2012.01.11 01:06:40.313,0.60987,0.61009,1.50,1.50
2012.01.11 01:06:42.061,0.6099,0.61012,1.50,1.50
2012.01.11 01:06:42.370,0.60988,0.61008,1.50,1.50
2012.01.11 01:06:44.360,0.60984,0.61006,1.50,1.50
2012.01.11 01:06:44.805,0.60984,0.61006,2.25,1.50
2012.01.11 01:06:45.231,0.60984,0.61006,4.50,1.50
2012.01.11 01:06:45.301,0.60989,0.61009,2.25,1.50
2012.01.11 01:06:45.370,0.60989,0.61009,1.50,1.50
2012.01.11 01:06:45.555,0.60986,0.61006,1.50,1.50
2012.01.11 01:06:50.864,0.60986,0.61006,2.25,1.50
2012.01.11 01:06:51.051,0.60989,0.61009,1.50,1.50
2012.01.11 01:06:52.332,0.60986,0.61006,1.50,1.50
2012.01.11 01:07:01.243,0.60986,0.61006,2.25,1.50
2012.01.11 01:07:01.847,0.60986,0.61006,1.50,1.50
2012.01.11 01:07:08.307,0.60988,0.6101,1.50,1.50
2012.01.11 01:07:27.242,0.60993,0.61013,1.50,4.50
2012.01.11 01:07:37.681,0.60993,0.61012,1.50,2.25
2012.01.11 01:07:40.177,0.60993,0.61012,2.25,2.25
2012.01.11 01:07:40.607,0.60996,0.61018,2.25,1.50
2012.01.11 01:07:41.486,0.60996,0.61018,1.50,1.50
2012.01.11 01:07:43.268,0.60997,0.61018,3.00,1.50
2012.01.11 01:07:43.340,0.61001,0.61023,1.50,2.25
2012.01.11 01:07:44.256,0.60994,0.61016,1.50,1.50
2012.01.11 01:07:45.012,0.60997,0.61019,1.50,2.85
2012.01.11 01:07:45.322,0.61,0.61021,1.50,2.25
2012.01.11 01:07:45.915,0.61,0.61022,1.50,1.50
2012.01.11 01:08:00.385,0.61,0.61022,1.50,2.25
2012.01.11 01:08:00.515,0.60997,0.61017,1.50,1.50
2012.01.11 01:08:12.728,0.60999,0.61017,2.25,1.50
2012.01.11 01:08:12.794,0.61004,0.61026,1.50,2.25
2012.01.11 01:08:13.165,0.61004,0.61023,1.50,5.85
2012.01.11 01:08:13.229,0.60997,0.61019,1.50,2.25
2012.01.11 01:08:14.144,0.60997,0.61019,2.25,1.50
2012.01.11 01:08:18.423,0.61002,0.61024,1.50,1.50
2012.01.11 01:08:23.762,0.60999,0.61021,1.50,1.50
2012.01.11 01:08:45.328,0.60996,0.61018,1.50,1.50
2012.01.11 01:08:52.754,0.60993,0.61015,1.50,1.50
2012.01.11 01:08:59.821,0.60997,0.61017,1.50,1.50
2012.01.11 01:09:05.739,0.60993,0.61015,1.50,1.50
2012.01.11 01:09:17.431,0.60996,0.61018,1.50,1.50
2012.01.11 01:09:25.983,0.61,0.61016,1.50,1.50
2012.01.11 01:09:38.760,0.60996,0.61014,1.50,1.50
2012.01.11 01:09:50.203,0.60999,0.61017,1.50,1.50
2012.01.11 01:09:56.313,0.60997,0.61013,1.50,1.50
2012.01.11 01:10:23.682,0.60994,0.6101,1.50,1.50
2012.01.11 01:10:29.044,0.60991,0.61007,1.50,1.50
2012.01.11 01:10:35.406,0.60994,0.6101,1.50,1.50
2012.01.11 01:10:47.112,0.60997,0.61013,1.50,1.50
2012.01.11 01:10:48.450,0.60993,0.61011,1.50,1.50
2012.01.11 01:10:55.478,0.60997,0.61013,1.50,1.50
2012.01.11 01:10:57.245,0.60992,0.61008,1.50,2.25
2012.01.11 01:11:25.391,0.60989,0.61005,1.50,1.50
2012.01.11 01:11:52.579,0.60991,0.61009,1.50,1.50
2012.01.11 01:11:54.126,0.60991,0.61009,1.50,2.25
2012.01.11 01:11:55.437,0.60991,0.61009,1.50,1.50
2012.01.11 01:11:56.176,0.60991,0.61009,1.50,2.25
2012.01.11 01:11:58.602,0.60991,0.61009,1.50,1.50
2012.01.11 01:11:59.434,0.60988,0.61006,1.50,1.50
2012.01.11 01:12:41.121,0.60986,0.61002,1.50,1.50
2012.01.11 01:12:43.771,0.60986,0.61002,2.25,1.50
2012.01.11 01:12:49.381,0.60989,0.61005,1.50,1.50
2012.01.11 01:13:02.233,0.60993,0.61009,1.50,1.50
2012.01.11 01:13:02.543,0.60998,0.61013,1.50,2.25
2012.01.11 01:13:02.614,0.60998,0.61016,1.50,1.50
2012.01.11 01:13:02.742,0.60992,0.61022,3.00,3.00
2012.01.11 01:13:02.812,0.60999,0.61015,1.50,1.50
2012.01.11 01:13:04.872,0.60995,0.61013,1.50,1.50
2012.01.11 01:13:11.221,0.60992,0.6101,1.50,1.50
2012.01.11 01:13:20.942,0.60996,0.61014,1.50,1.50
2012.01.11 01:13:21.253,0.60994,0.6101,1.50,1.50
2012.01.11 01:13:48.578,0.60997,0.61013,1.50,1.50
2012.01.11 01:13:53.274,0.60993,0.61011,1.50,1.50
2012.01.11 01:14:08.154,0.6099,0.61008,1.50,1.50
2012.01.11 01:14:09.694,0.60996,0.61012,1.50,3.75
2012.01.11 01:14:10.067,0.60992,0.61008,1.50,1.50
2012.01.11 01:14:15.213,0.60995,0.61011,1.50,1.50
2012.01.11 01:14:17.442,0.60991,0.61007,1.50,1.50
2012.01.11 01:14:36.752,0.60988,0.61004,1.50,1.50
2012.01.11 01:14:41.392,0.6099,0.61008,1.50,1.50
2012.01.11 01:14:44.294,0.60994,0.6101,1.50,1.50
2012.01.11 01:14:44.604,0.60987,0.61003,1.50,3.75
2012.01.11 01:14:44.795,0.60989,0.61007,1.50,1.50
2012.01.11 01:14:45.152,0.60994,0.6101,1.50,1.50
2012.01.11 01:14:45.817,0.60988,0.61004,1.50,1.50
2012.01.11 01:14:46.478,0.60988,0.61003,1.50,2.25
2012.01.11 01:14:47.947,0.60985,0.61001,1.50,1.50
2012.01.11 01:14:48.133,0.60981,0.60999,1.50,1.50
2012.01.11 01:14:50.853,0.60984,0.61002,1.50,1.50
2012.01.11 01:14:51.762,0.60982,0.60998,1.50,1.50
2012.01.11 01:14:54.923,0.60986,0.61003,1.50,2.25
2012.01.11 01:14:57.393,0.60983,0.61001,1.50,1.50
2012.01.11 01:14:58.505,0.60979,0.60997,1.50,1.50
2012.01.11 01:14:59.056,0.60983,0.60999,1.50,1.50
2012.01.11 01:15:00.164,0.60979,0.60997,1.50,1.50
2012.01.11 01:15:02.989,0.60977,0.60994,2.25,1.50
2012.01.11 01:15:03.836,0.60976,0.60993,1.50,2.25
2012.01.11 01:15:04.540,0.60977,0.60994,2.25,1.50
2012.01.11 01:15:04.606,0.60979,0.60997,1.50,1.50
2012.01.11 01:15:08.492,0.60977,0.60994,2.25,1.50
2012.01.11 01:15:08.855,0.60977,0.60991,2.25,1.50
2012.01.11 01:15:08.922,0.60973,0.60991,1.50,1.50
2012.01.11 01:15:09.315,0.6097,0.60986,1.50,1.50
2012.01.11 01:15:11.088,0.60975,0.60992,1.50,2.25
2012.01.11 01:15:11.296,0.60979,0.60992,1.50,2.25
2012.01.11 01:15:11.366,0.60979,0.60995,1.50,1.50
2012.01.11 01:15:12.151,0.60976,0.60992,1.50,1.50
2012.01.11 01:15:13.145,0.60978,0.60993,1.50,2.25
2012.01.11 01:15:13.334,0.60975,0.60991,1.50,1.50
2012.01.11 01:15:16.674,0.60977,0.60993,1.50,2.25
2012.01.11 01:15:17.525,0.60974,0.60992,1.50,1.50
2012.01.11 01:15:18.818,0.60972,0.60988,1.50,1.50
2012.01.11 01:15:20.526,0.60975,0.60991,1.50,1.50
2012.01.11 01:15:22.006,0.60972,0.60988,1.50,1.50
2012.01.11 01:15:24.226,0.60968,0.60986,3.75,1.50
2012.01.11 01:15:26.939,0.60971,0.60989,1.50,1.50
2012.01.11 01:15:29.154,0.60969,0.60985,1.50,1.50
2012.01.11 01:15:30.455,0.60971,0.60989,1.50,1.50
2012.01.11 01:15:31.545,0.60974,0.60992,1.50,3.75
2012.01.11 01:15:33.598,0.60972,0.60988,1.50,1.50
2012.01.11 01:15:36.385,0.60975,0.60991,1.50,1.50
2012.01.11 01:15:38.895,0.60972,0.60988,1.50,1.50
2012.01.11 01:15:39.605,0.60975,0.60992,1.50,2.25
2012.01.11 01:15:44.345,0.60979,0.60992,1.50,2.25
2012.01.11 01:15:44.654,0.60981,0.60993,1.50,2.25
2012.01.11 01:15:44.784,0.60981,0.60999,1.50,1.50
2012.01.11 01:15:45.350,0.60979,0.60995,1.50,1.50
2012.01.11 01:15:48.585,0.60974,0.60992,1.50,1.50
2012.01.11 01:15:51.506,0.60971,0.60989,1.50,1.50
2012.01.11 01:15:51.814,0.60974,0.60992,1.50,1.50
2012.01.11 01:15:53.747,0.60977,0.60995,1.50,1.50
2012.01.11 01:15:58.233,0.60974,0.60992,1.50,1.50
2012.01.11 01:15:58.584,0.60972,0.60988,1.50,1.50
2012.01.11 01:16:07.468,0.60974,0.60992,1.50,1.50
2012.01.11 01:16:07.835,0.60978,0.60994,1.50,2.25
2012.01.11 01:16:09.016,0.60978,0.60994,1.50,1.50
2012.01.11 01:16:09.235,0.60974,0.60992,1.50,1.50
2012.01.11 01:16:17.501,0.60972,0.60988,1.50,1.50
2012.01.11 01:16:17.873,0.60968,0.60986,1.50,1.50
2012.01.11 01:16:18.404,0.60968,0.60986,1.50,2.25
2012.01.11 01:16:24.624,0.60968,0.60986,1.50,1.50
2012.01.11 01:16:24.698,0.60968,0.60986,1.50,2.25
2012.01.11 01:16:24.768,0.60968,0.60986,1.50,1.50
2012.01.11 01:16:25.019,0.60968,0.60986,1.50,2.25
2012.01.11 01:16:25.189,0.60968,0.60986,1.50,1.50
2012.01.11 01:16:26.475,0.60968,0.60986,1.50,2.25
2012.01.11 01:16:30.437,0.60968,0.60986,1.50,1.50
2012.01.11 01:16:33.013,0.60965,0.60983,1.50,1.50
2012.01.11 01:16:37.718,0.60963,0.60979,1.50,1.50
2012.01.11 01:16:39.904,0.60966,0.60982,1.50,1.50
2012.01.11 01:16:44.555,0.60963,0.60979,1.50,1.50
2012.01.11 01:16:45.843,0.60963,0.60979,1.50,2.25
2012.01.11 01:16:49.186,0.60963,0.60979,1.50,1.50
2012.01.11 01:16:49.257,0.60958,0.60976,4.35,1.50
2012.01.11 01:16:49.504,0.60964,0.6098,1.50,1.50
2012.01.11 01:16:50.226,0.60964,0.6098,1.50,2.25
2012.01.11 01:16:50.741,0.60964,0.6098,1.50,2.10
2012.01.11 01:16:50.810,0.60957,0.60975,1.50,1.50
2012.01.11 01:16:52.587,0.60961,0.60977,1.50,1.50
2012.01.11 01:16:53.028,0.60964,0.6098,1.50,2.10
2012.01.11 01:17:02.143,0.60964,0.6098,1.50,2.25
2012.01.11 01:17:02.272,0.60961,0.60977,1.50,1.50
2012.01.11 01:17:03.974,0.60966,0.60983,1.50,3.00
2012.01.11 01:17:05.342,0.60969,0.60987,1.50,2.25
2012.01.11 01:17:05.473,0.60969,0.60987,3.75,1.50
2012.01.11 01:17:05.543,0.60973,0.60989,1.50,2.25
2012.01.11 01:17:05.863,0.60969,0.60987,3.75,2.25
2012.01.11 01:17:06.054,0.60967,0.60983,1.50,1.50
2012.01.11 01:17:07.532,0.6097,0.60986,1.50,2.25
2012.01.11 01:17:11.482,0.60966,0.60984,1.50,1.50
2012.01.11 01:17:14.417,0.6097,0.60988,1.50,2.25
2012.01.11 01:17:16.434,0.6097,0.60988,1.50,2.25
2012.01.11 01:17:16.843,0.60967,0.60985,1.50,2.25
2012.01.11 01:17:17.965,0.60967,0.60985,1.50,1.50
2012.01.11 01:17:18.472,0.60967,0.60983,1.50,2.25
2012.01.11 01:17:19.701,0.60967,0.60985,1.50,2.25
2012.01.11 01:17:20.345,0.60967,0.60985,1.50,1.50
2012.01.11 01:17:21.337,0.60967,0.60985,1.50,2.25
2012.01.11 01:17:21.409,0.60967,0.60985,1.50,1.50
2012.01.11 01:17:23.064,0.60967,0.60982,1.50,2.25
2012.01.11 01:17:23.435,0.60963,0.60981,1.50,1.50
2012.01.11 01:17:23.822,0.60967,0.60982,1.50,2.25
2012.01.11 01:17:24.428,0.60967,0.60985,1.50,2.25
2012.01.11 01:17:28.041,0.60965,0.60981,1.50,1.50
2012.01.11 01:17:28.668,0.60965,0.60981,1.50,2.25
2012.01.11 01:17:29.578,0.60965,0.60981,1.50,1.50
2012.01.11 01:17:36.534,0.60965,0.60981,1.50,2.25
2012.01.11 01:17:36.736,0.60965,0.60981,1.50,1.50
2012.01.11 01:17:38.795,0.60967,0.60985,1.50,2.25
2012.01.11 01:17:40.147,0.60967,0.60985,1.50,1.50
2012.01.11 01:17:53.414,0.60967,0.60985,2.25,1.50
2012.01.11 01:17:54.422,0.60967,0.60985,2.25,1.50
2012.01.11 01:18:00.625,0.60971,0.60987,1.50,1.50
2012.01.11 01:18:02.681,0.60971,0.60987,2.25,1.50
2012.01.11 01:18:03.185,0.60971,0.60987,1.50,1.50
2012.01.11 01:18:33.783,0.60973,0.60991,1.50,1.50
2012.01.11 01:18:35.656,0.60969,0.60987,1.50,1.50
2012.01.11 01:18:42.803,0.60973,0.60989,1.50,1.50
2012.01.11 01:18:47.622,0.6097,0.60986,1.50,1.50
2012.01.11 01:18:58.044,0.60972,0.6099,1.50,1.50
2012.01.11 01:19:01.104,0.60976,0.60992,1.50,1.50
2012.01.11 01:19:03.192,0.60973,0.60989,1.50,1.50
2012.01.11 01:19:07.954,0.60975,0.60993,1.50,1.50
2012.01.11 01:19:08.667,0.60975,0.60993,2.25,1.50
2012.01.11 01:19:08.724,0.60975,0.60993,1.50,1.50
2012.01.11 01:19:18.745,0.60972,0.6099,2.25,1.50
2012.01.11 01:19:32.546,0.60972,0.6099,2.25,1.50
2012.01.11 01:19:32.697,0.60972,0.6099,1.50,1.50
2012.01.11 01:19:42.814,0.60976,0.60992,1.50,1.50
2012.01.11 01:19:43.772,0.60973,0.60989,1.50,1.50
2012.01.11 01:19:46.276,0.60969,0.60987,1.50,1.50
2012.01.11 01:19:49.823,0.60973,0.60989,1.50,1.50
2012.01.11 01:20:01.864,0.60973,0.60989,1.50,2.25
2012.01.11 01:20:08.483,0.60969,0.60987,1.50,1.50
2012.01.11 01:20:10.945,0.60973,0.60989,1.50,1.50
2012.01.11 01:20:13.544,0.60976,0.60992,1.50,1.50
2012.01.11 01:20:18.164,0.60979,0.60992,2.25,1.50
2012.01.11 01:20:18.293,0.60988,0.61002,1.50,2.25
2012.01.11 01:20:18.362,0.60988,0.61004,1.50,2.25
2012.01.11 01:20:33.405,0.60988,0.60999,1.50,2.25
2012.01.11 01:20:33.475,0.6098,0.60998,1.50,1.50
2012.01.11 01:20:33.543,0.60977,0.60995,3.75,1.50
2012.01.11 01:20:33.855,0.6098,0.60998,1.50,1.50
2012.01.11 01:20:34.427,0.60983,0.61001,1.50,1.50
2012.01.11 01:20:36.190,0.60983,0.61001,1.50,2.25
2012.01.11 01:20:36.400,0.60983,0.61001,1.50,1.50
2012.01.11 01:20:36.526,0.60981,0.60997,1.50,1.50
2012.01.11 01:20:36.892,0.60983,0.61001,1.50,1.50
2012.01.11 01:20:37.462,0.60983,0.61001,1.50,2.25
2012.01.11 01:20:37.666,0.60977,0.60995,1.50,1.50
2012.01.11 01:20:37.924,0.60977,0.60995,2.25,1.50
2012.01.11 01:20:37.995,0.60977,0.60995,1.50,1.50
2012.01.11 01:20:38.064,0.60984,0.61,1.50,1.50
2012.01.11 01:20:39.246,0.6098,0.60998,1.50,1.50
2012.01.11 01:20:39.974,0.60984,0.61,1.50,1.50
2012.01.11 01:20:40.457,0.60981,0.60997,1.50,1.50
2012.01.11 01:20:40.982,0.60977,0.60993,1.50,1.50
2012.01.11 01:20:50.733,0.60981,0.60997,1.50,1.50
2012.01.11 01:20:56.514,0.60978,0.60994,1.50,1.50
2012.01.11 01:21:00.896,0.60974,0.60992,1.50,1.50
2012.01.11 01:21:01.205,0.60977,0.60995,1.50,1.50
2012.01.11 01:21:01.515,0.60984,0.61,1.50,1.50
2012.01.11 01:21:03.883,0.6098,0.60996,1.50,1.50
2012.01.11 01:21:26.398,0.6098,0.60996,1.50,2.10
2012.01.11 01:21:26.524,0.60973,0.60989,1.50,1.50
2012.01.11 01:21:26.592,0.6097,0.60986,1.50,1.50
2012.01.11 01:21:26.843,0.60972,0.6099,1.50,1.50
2012.01.11 01:21:27.292,0.60976,0.60994,1.50,2.25
2012.01.11 01:21:30.353,0.6098,0.60996,1.50,2.25
2012.01.11 01:21:32.083,0.60976,0.60994,1.50,2.25
2012.01.11 01:21:33.492,0.60973,0.60991,1.50,1.50
2012.01.11 01:21:34.775,0.60977,0.60993,1.50,2.25
2012.01.11 01:21:36.646,0.60979,0.60997,1.50,1.50
2012.01.11 01:21:43.136,0.60982,0.61,1.50,2.25
2012.01.11 01:21:46.767,0.60982,0.61,1.50,1.50
2012.01.11 01:21:48.497,0.60982,0.61,1.50,2.25
2012.01.11 01:21:48.944,0.60977,0.60995,3.90,2.25
2012.01.11 01:21:49.744,0.60982,0.60998,1.50,2.25
2012.01.11 01:21:58.226,0.60988,0.60998,2.85,1.50
2012.01.11 01:21:58.358,0.60991,0.61007,1.50,1.50
2012.01.11 01:21:58.423,0.60993,0.61011,1.50,2.25
2012.01.11 01:21:59.327,0.60993,0.61011,1.50,2.25
2012.01.11 01:21:59.877,0.60986,0.61002,1.50,1.50
2012.01.11 01:22:01.344,0.60982,0.61,1.50,1.50
2012.01.11 01:22:02.072,0.60979,0.60995,1.50,1.50
2012.01.11 01:22:04.492,0.60982,0.60998,1.50,1.50
2012.01.11 01:22:06.595,0.60984,0.61002,1.50,1.50
2012.01.11 01:22:07.765,0.60987,0.61005,1.50,1.50
2012.01.11 01:22:09.425,0.60987,0.61005,1.50,2.25
2012.01.11 01:22:10.864,0.60984,0.61002,1.50,1.50
2012.01.11 01:22:16.518,0.60988,0.61004,1.50,1.50
2012.01.11 01:22:42.121,0.60984,0.61002,1.50,1.50
2012.01.11 01:22:45.752,0.60984,0.61002,2.25,1.50
2012.01.11 01:22:45.875,0.60989,0.61005,1.50,1.50
2012.01.11 01:22:47.293,0.60991,0.61009,1.50,1.50
2012.01.11 01:22:48.793,0.60988,0.61006,1.50,1.50
2012.01.11 01:22:50.525,0.60986,0.61001,2.25,1.50
2012.01.11 01:22:50.594,0.60983,0.61001,1.65,1.50
2012.01.11 01:22:50.669,0.60981,0.60997,2.25,1.50
2012.01.11 01:22:51.850,0.60983,0.61001,1.50,1.50
2012.01.11 01:22:53.016,0.6098,0.60998,2.25,1.50
2012.01.11 01:22:53.265,0.6098,0.60998,1.50,1.50
2012.01.11 01:22:55.116,0.60977,0.60993,1.50,1.50
2012.01.11 01:22:59.293,0.60972,0.6099,2.25,1.50
2012.01.11 01:22:59.666,0.60975,0.60993,1.50,1.50
2012.01.11 01:23:07.103,0.6097,0.60988,1.50,1.50
2012.01.11 01:23:10.063,0.60966,0.60984,2.25,1.50
2012.01.11 01:23:10.415,0.6097,0.60986,1.50,1.50
2012.01.11 01:23:15.494,0.60965,0.60983,1.50,1.50
2012.01.11 01:23:22.462,0.60963,0.60979,1.50,1.50
2012.01.11 01:23:23.816,0.60959,0.60977,1.50,1.50
2012.01.11 01:23:25.265,0.60959,0.60977,2.25,1.50
2012.01.11 01:23:25.333,0.60962,0.6098,2.25,1.50
2012.01.11 01:23:32.014,0.60966,0.60982,1.50,3.75
2012.01.11 01:23:32.373,0.60963,0.60979,1.50,1.50
2012.01.11 01:23:32.743,0.60966,0.60982,1.50,1.50
2012.01.11 01:23:33.055,0.60954,0.60972,2.25,1.50
2012.01.11 01:23:33.363,0.60958,0.60974,1.50,1.50
2012.01.11 01:23:35.258,0.60961,0.60977,2.25,1.50
2012.01.11 01:23:35.325,0.60964,0.60982,1.50,1.50
2012.01.11 01:23:35.580,0.60968,0.60984,1.50,1.50
2012.01.11 01:23:36.795,0.60964,0.6098,1.50,1.50
2012.01.11 01:23:38.013,0.60969,0.60985,1.50,1.50
2012.01.11 01:23:38.143,0.60971,0.60989,1.50,2.25
2012.01.11 01:23:41.153,0.60971,0.60989,1.50,2.25
2012.01.11 01:23:41.284,0.60967,0.60983,1.50,1.50
2012.01.11 01:23:41.503,0.60963,0.60981,1.50,1.50
2012.01.11 01:23:57.006,0.60968,0.60986,1.50,1.50
2012.01.11 01:23:57.312,0.60971,0.60989,1.50,1.50
2012.01.11 01:24:12.686,0.60971,0.60989,2.25,1.50
2012.01.11 01:24:12.934,0.60974,0.60992,1.50,1.50
2012.01.11 01:24:20.873,0.60972,0.60988,2.25,1.50
2012.01.11 01:24:30.725,0.60969,0.60985,2.25,1.50
2012.01.11 01:24:33.485,0.60969,0.60985,1.50,1.50
2012.01.11 01:24:33.675,0.60965,0.60983,2.25,1.50
2012.01.11 01:24:41.112,0.60965,0.60983,1.50,1.50
2012.01.11 01:24:43.977,0.60965,0.60983,2.25,1.50
2012.01.11 01:24:52.985,0.60969,0.60985,2.25,1.50
2012.01.11 01:24:53.627,0.60969,0.60985,1.50,1.50
2012.01.11 01:24:54.175,0.60969,0.60985,2.25,1.50
2012.01.11 01:24:54.650,0.60969,0.60985,1.50,1.50
2012.01.11 01:24:55.276,0.60969,0.60985,2.25,1.50
2012.01.11 01:24:56.328,0.60972,0.6099,2.25,1.50
2012.01.11 01:24:58.471,0.60969,0.60987,1.50,1.50
2012.01.11 01:25:01.683,0.60973,0.60989,1.50,1.50
2012.01.11 01:25:04.954,0.60973,0.60989,2.25,1.50
2012.01.11 01:25:05.023,0.6098,0.60998,1.50,2.10
2012.01.11 01:25:05.324,0.60985,0.61003,1.50,4.50
2012.01.11 01:25:05.746,0.60985,0.61003,1.50,2.25
2012.01.11 01:25:09.444,0.60985,0.61003,1.50,1.50
2012.01.11 01:25:13.518,0.60985,0.61003,1.50,2.25
2012.01.11 01:25:19.963,0.60977,0.61003,3.00,2.25
2012.01.11 01:25:20.086,0.60977,0.60991,2.25,2.25
2012.01.11 01:25:20.156,0.60971,0.60987,1.50,1.50
2012.01.11 01:25:20.285,0.60974,0.60992,1.50,3.75
2012.01.11 01:25:20.596,0.60978,0.60994,1.50,1.50
2012.01.11 01:25:21.824,0.60987,0.61005,1.50,2.25
2012.01.11 01:25:28.379,0.6099,0.61008,1.50,2.25
2012.01.11 01:25:28.849,0.6099,0.61008,1.50,2.25
2012.01.11 01:25:28.989,0.6099,0.61008,1.50,2.25
2012.01.11 01:25:30.813,0.60993,0.61011,1.50,2.25
2012.01.11 01:25:31.764,0.60993,0.61011,1.50,2.25
2012.01.11 01:25:32.145,0.60993,0.61011,1.50,2.25
2012.01.11 01:25:37.206,0.60993,0.61011,1.50,2.25
2012.01.11 01:25:37.597,0.60991,0.61007,1.50,1.50
2012.01.11 01:25:37.905,0.60987,0.61003,1.50,2.25
2012.01.11 01:25:46.061,0.6099,0.61008,1.50,2.25
2012.01.11 01:25:46.307,0.60987,0.61005,1.50,1.50
2012.01.11 01:25:46.615,0.60985,0.61001,1.50,1.50
2012.01.11 01:25:47.584,0.6099,0.61006,1.50,1.50
2012.01.11 01:25:48.154,0.60987,0.61003,1.50,1.50
2012.01.11 01:25:48.285,0.60983,0.61001,1.50,1.50
2012.01.11 01:25:49.346,0.60981,0.60997,1.50,1.50
2012.01.11 01:25:50.554,0.60984,0.61002,1.50,1.50
2012.01.11 01:25:50.625,0.60989,0.61005,1.50,2.25
2012.01.11 01:25:51.070,0.60984,0.61,1.50,2.10
2012.01.11 01:25:51.315,0.60981,0.60997,1.50,1.50
2012.01.11 01:25:52.457,0.60978,0.60994,1.50,1.50
2012.01.11 01:25:55.974,0.60975,0.60991,1.50,1.50
2012.01.11 01:25:59.443,0.60971,0.60989,1.50,1.50
2012.01.11 01:26:06.383,0.60968,0.60986,1.50,1.50
2012.01.11 01:26:13.744,0.60966,0.60982,2.25,1.50
2012.01.11 01:26:15.214,0.60966,0.60982,1.50,1.50
2012.01.11 01:26:16.263,0.60966,0.60982,2.25,1.50
2012.01.11 01:26:16.829,0.60966,0.60982,1.50,1.50
2012.01.11 01:26:19.025,0.60968,0.60986,1.50,1.50
2012.01.11 01:26:24.028,0.60968,0.60985,1.50,2.25
2012.01.11 01:26:24.217,0.60965,0.60983,1.50,3.75
2012.01.11 01:26:26.186,0.60963,0.60979,1.50,1.50
2012.01.11 01:26:26.843,0.60965,0.60983,1.50,3.75
2012.01.11 01:26:27.245,0.60968,0.60986,1.50,1.50
2012.01.11 01:26:33.273,0.60965,0.60983,1.50,1.50
2012.01.11 01:26:34.768,0.60968,0.60986,1.50,1.50
2012.01.11 01:26:35.091,0.60971,0.60989,1.50,3.75
2012.01.11 01:26:39.326,0.60968,0.60986,1.50,1.50
2012.01.11 01:26:41.436,0.60972,0.60988,1.50,1.50
2012.01.11 01:26:42.076,0.60969,0.60985,1.50,1.50
2012.01.11 01:26:50.973,0.60972,0.6099,1.50,1.50
2012.01.11 01:26:52.246,0.60969,0.60987,1.50,1.50
2012.01.11 01:26:55.786,0.60972,0.6099,1.50,1.50
2012.01.11 01:27:01.511,0.6097,0.60986,1.50,1.50
2012.01.11 01:27:06.584,0.60973,0.60989,1.50,1.50
2012.01.11 01:27:10.497,0.60969,0.60985,1.50,1.50
2012.01.11 01:27:22.603,0.60972,0.60988,1.50,1.50
2012.01.11 01:27:24.705,0.60975,0.60991,1.50,1.50
2012.01.11 01:27:29.926,0.60975,0.6099,1.50,2.25
2012.01.11 01:27:29.995,0.60969,0.60987,1.50,1.50
2012.01.11 01:27:34.995,0.60973,0.6099,1.50,2.25
2012.01.11 01:27:35.902,0.60976,0.6099,1.50,2.25
2012.01.11 01:27:36.083,0.60976,0.60994,1.50,1.50
2012.01.11 01:27:37.096,0.60976,0.60994,1.50,2.25
2012.01.11 01:27:38.156,0.60976,0.6099,1.50,2.25
2012.01.11 01:27:38.284,0.60971,0.60987,1.50,1.50
2012.01.11 01:27:51.637,0.60968,0.60984,1.50,1.50
2012.01.11 01:27:54.783,0.60971,0.60987,1.50,1.50
2012.01.11 01:28:07.257,0.60968,0.60984,1.50,1.50
2012.01.11 01:28:07.811,0.60968,0.60984,1.50,2.25
2012.01.11 01:28:08.548,0.60968,0.60984,1.50,1.50
2012.01.11 01:28:09.140,0.60968,0.60984,1.50,2.25
2012.01.11 01:28:09.680,0.60968,0.60984,1.50,1.50
2012.01.11 01:28:16.345,0.60968,0.60984,1.50,2.25
2012.01.11 01:28:18.435,0.60965,0.60981,1.50,1.50
2012.01.11 01:28:18.804,0.60968,0.60984,1.50,2.25
2012.01.11 01:28:19.237,0.60964,0.60982,1.50,1.50
2012.01.11 01:28:22.535,0.60964,0.60982,1.50,2.25
2012.01.11 01:28:22.736,0.60964,0.60982,1.50,1.50
2012.01.11 01:28:23.224,0.60964,0.60982,1.50,2.25
2012.01.11 01:28:23.667,0.60964,0.60982,1.50,1.50
2012.01.11 01:28:25.588,0.60964,0.60982,1.50,2.25
2012.01.11 01:28:27.408,0.60964,0.60982,1.50,2.25
2012.01.11 01:28:28.255,0.60964,0.60982,1.50,2.25
2012.01.11 01:28:28.495,0.60964,0.60982,1.50,1.50
2012.01.11 01:28:29.222,0.60964,0.60982,1.50,2.25
2012.01.11 01:28:31.373,0.60969,0.60987,1.50,2.25
2012.01.11 01:28:32.186,0.60969,0.60987,1.50,2.25
2012.01.11 01:28:33.583,0.60966,0.60984,1.50,2.25
2012.01.11 01:28:39.103,0.60966,0.60984,1.50,2.25
2012.01.11 01:28:46.646,0.60966,0.60984,1.50,1.50
2012.01.11 01:28:46.714,0.6097,0.60986,1.50,1.50
2012.01.11 01:28:57.046,0.60973,0.60991,1.50,2.25
2012.01.11 01:28:57.387,0.60977,0.60993,1.50,2.25
2012.01.11 01:28:57.703,0.60973,0.60991,1.50,2.25
2012.01.11 01:28:58.495,0.60976,0.60994,1.50,2.25
2012.01.11 01:29:04.529,0.60973,0.60991,1.50,2.25
2012.01.11 01:29:05.460,0.60973,0.60991,1.50,2.25
2012.01.11 01:29:06.185,0.60969,0.60987,1.50,1.50
2012.01.11 01:29:08.286,0.60975,0.60992,1.50,3.00
2012.01.11 01:29:10.406,0.60972,0.6099,1.50,2.25
2012.01.11 01:29:10.755,0.60969,0.60987,1.50,1.50
2012.01.11 01:29:12.335,0.60977,0.60992,1.50,2.25
2012.01.11 01:29:12.856,0.60977,0.60993,1.50,2.25
2012.01.11 01:29:13.310,0.60973,0.60991,1.50,1.50
2012.01.11 01:29:13.866,0.6097,0.60986,1.50,1.50
2012.01.11 01:29:15.776,0.60977,0.60993,1.50,4.50
2012.01.11 01:29:28.587,0.60981,0.60997,1.50,1.50
2012.01.11 01:29:32.025,0.60984,0.61,1.50,2.25
2012.01.11 01:29:34.035,0.60984,0.61,1.50,1.50
2012.01.11 01:29:40.095,0.60986,0.61003,1.50,2.25
2012.01.11 01:29:41.545,0.60984,0.61,1.50,1.50
2012.01.11 01:29:43.854,0.60981,0.60997,1.50,1.50
2012.01.11 01:29:44.487,0.60984,0.61,1.50,1.50
2012.01.11 01:30:11.041,0.60986,0.61004,1.50,1.50
2012.01.11 01:30:14.639,0.60989,0.61007,1.50,1.50
2012.01.11 01:30:21.985,0.60995,0.61011,1.50,1.50
2012.01.11 01:30:35.237,0.60992,0.61008,1.50,1.50
2012.01.11 01:30:39.955,0.60992,0.61008,1.50,2.25
2012.01.11 01:30:40.026,0.60992,0.61008,1.50,2.25
2012.01.11 01:31:07.697,0.60988,0.61006,1.50,1.50
2012.01.11 01:31:21.244,0.60986,0.61002,1.50,1.50
2012.01.11 01:31:24.699,0.60989,0.61005,1.50,1.50
2012.01.11 01:31:25.005,0.60987,0.61002,2.25,1.50
2012.01.11 01:31:25.555,0.60986,0.61002,1.50,1.50
2012.01.11 01:31:29.046,0.60989,0.61005,1.50,1.50
2012.01.11 01:31:31.314,0.60994,0.61012,1.50,1.50
2012.01.11 01:31:34.717,0.60991,0.61009,1.50,1.50
2012.01.11 01:31:41.574,0.60995,0.61011,1.50,1.50
2012.01.11 01:31:41.884,0.61003,0.61021,1.50,2.25
2012.01.11 01:31:42.136,0.61003,0.61021,1.50,1.50
2012.01.11 01:31:42.328,0.61007,0.61025,1.50,2.25
2012.01.11 01:31:42.742,0.61004,0.61022,1.50,2.25
2012.01.11 01:31:43.454,0.61,0.61018,1.50,2.25
2012.01.11 01:31:51.668,0.61002,0.61018,2.25,1.50
2012.01.11 01:31:51.975,0.61009,0.61027,1.50,2.25
2012.01.11 01:31:52.417,0.61007,0.61023,1.50,2.25
2012.01.11 01:31:55.256,0.61003,0.61021,1.50,2.25
2012.01.11 01:31:55.796,0.61,0.61016,1.50,1.50
2012.01.11 01:32:02.065,0.61003,0.61019,1.50,1.50
2012.01.11 01:32:07.117,0.61005,0.61023,1.50,1.50
2012.01.11 01:32:12.284,0.61001,0.61019,1.50,1.50
2012.01.11 01:32:14.293,0.61001,0.61019,1.50,2.25
2012.01.11 01:32:14.798,0.61001,0.61019,1.50,2.25
2012.01.11 01:32:19.458,0.61005,0.61023,1.50,1.50
2012.01.11 01:32:21.463,0.61008,0.61026,1.50,2.25
2012.01.11 01:32:21.643,0.61008,0.61026,1.50,1.50
2012.01.11 01:32:22.408,0.61008,0.61026,1.50,2.25
2012.01.11 01:32:24.874,0.61004,0.61022,1.50,1.50
2012.01.11 01:32:25.516,0.61009,0.61025,1.50,2.25
2012.01.11 01:32:28.007,0.61009,0.61025,1.50,1.50
2012.01.11 01:32:28.852,0.61009,0.61025,1.50,2.25
2012.01.11 01:32:29.229,0.61013,0.61029,1.50,2.25
2012.01.11 01:32:33.077,0.61015,0.61033,1.50,2.25
2012.01.11 01:32:33.460,0.61013,0.61029,1.50,2.25
2012.01.11 01:32:51.974,0.61013,0.61029,1.50,1.50
2012.01.11 01:33:10.598,0.61016,0.61032,1.50,1.50
2012.01.11 01:33:10.927,0.61022,0.61038,1.50,1.50
2012.01.11 01:33:11.607,0.61026,0.61042,1.50,1.50
2012.01.11 01:33:13.086,0.61029,0.61047,1.50,1.50
2012.01.11 01:33:19.618,0.61033,0.61049,1.50,1.50
2012.01.11 01:33:19.804,0.61035,0.61053,1.50,2.25
2012.01.11 01:33:20.720,0.61032,0.6105,1.50,1.50
2012.01.11 01:33:21.125,0.61037,0.61055,1.50,2.25
2012.01.11 01:33:21.435,0.61048,0.61064,1.50,2.25
2012.01.11 01:33:21.868,0.61045,0.61061,1.50,2.25
2012.01.11 01:33:22.647,0.61045,0.61061,1.50,2.25
2012.01.11 01:33:24.910,0.61045,0.61061,1.50,2.25
2012.01.11 01:33:26.395,0.61045,0.61061,1.50,2.25
2012.01.11 01:33:28.386,0.61037,0.61055,3.75,1.50
2012.01.11 01:33:28.755,0.61042,0.6106,1.50,2.25
2012.01.11 01:33:31.409,0.61042,0.6106,1.50,2.25
2012.01.11 01:33:36.314,0.61042,0.6106,1.50,2.25
2012.01.11 01:33:37.004,0.61046,0.61062,1.50,2.25
2012.01.11 01:33:40.456,0.61046,0.61062,1.50,2.25
2012.01.11 01:33:41.013,0.61046,0.61062,1.50,2.25
2012.01.11 01:33:42.967,0.61042,0.6106,1.50,2.25
2012.01.11 01:33:45.170,0.61045,0.61063,1.50,2.25
2012.01.11 01:33:46.378,0.61043,0.61059,1.50,2.25
2012.01.11 01:33:47.908,0.61043,0.61059,1.50,1.50
2012.01.11 01:33:49.636,0.61046,0.61062,1.50,1.50
2012.01.11 01:33:49.997,0.61049,0.61065,1.50,1.50
2012.01.11 01:33:51.326,0.61053,0.61069,1.50,1.50
2012.01.11 01:33:51.876,0.61053,0.61069,1.50,2.25
2012.01.11 01:33:52.416,0.61053,0.61069,1.50,2.25
2012.01.11 01:33:54.407,0.61053,0.61069,1.50,2.25
2012.01.11 01:33:56.285,0.61055,0.61073,1.50,2.25
2012.01.11 01:33:56.539,0.61052,0.6107,1.50,2.25
2012.01.11 01:33:56.940,0.61052,0.6107,1.50,2.25
2012.01.11 01:33:58.696,0.61052,0.6107,1.50,2.25
2012.01.11 01:33:58.889,0.61045,0.61061,1.50,2.25
2012.01.11 01:33:59.727,0.61045,0.61061,1.50,1.50
2012.01.11 01:33:59.858,0.61051,0.61067,1.50,2.25
2012.01.11 01:34:00.396,0.61054,0.6107,1.50,2.25
2012.01.11 01:34:01.667,0.61054,0.6107,1.50,2.25
2012.01.11 01:34:02.986,0.61054,0.6107,1.50,2.25
2012.01.11 01:34:03.795,0.61054,0.6107,1.50,2.25
2012.01.11 01:34:08.967,0.61055,0.6107,3.00,1.50
2012.01.11 01:34:09.383,0.61061,0.61077,1.50,1.50
2012.01.11 01:34:09.450,0.61063,0.61081,1.50,1.50
2012.01.11 01:34:11.898,0.6106,0.61078,1.50,1.50
2012.01.11 01:34:12.988,0.6106,0.61078,1.50,2.25
2012.01.11 01:34:13.056,0.61056,0.61074,1.50,2.25
2012.01.11 01:34:17.876,0.61056,0.61074,1.50,2.25
2012.01.11 01:34:18.033,0.61056,0.61074,1.50,2.25
2012.01.11 01:34:24.736,0.61052,0.61068,1.50,2.25
2012.01.11 01:34:24.936,0.61055,0.61071,1.50,2.25
2012.01.11 01:34:25.836,0.61055,0.61071,1.50,1.50
2012.01.11 01:34:27.206,0.61055,0.61071,1.50,2.25
2012.01.11 01:34:27.920,0.61055,0.61071,1.50,1.50
2012.01.11 01:34:27.997,0.61055,0.61071,1.50,2.25
2012.01.11 01:34:29.448,0.61055,0.61071,1.50,1.50
2012.01.11 01:34:31.879,0.61055,0.61071,1.50,2.25
2012.01.11 01:34:37.278,0.61055,0.61071,1.50,1.50
2012.01.11 01:34:38.965,0.61055,0.61071,1.50,2.25
2012.01.11 01:34:46.574,0.61055,0.61071,1.50,1.50
2012.01.11 01:34:46.696,0.61055,0.61071,1.50,2.25
2012.01.11 01:34:46.825,0.61051,0.61069,1.50,2.25
2012.01.11 01:34:47.228,0.61051,0.61069,1.50,2.25
2012.01.11 01:34:48.310,0.61047,0.61065,2.10,2.25
2012.01.11 01:34:50.999,0.61044,0.61062,1.50,2.25
2012.01.11 01:34:51.328,0.61044,0.61062,1.50,1.50
2012.01.11 01:34:51.547,0.61044,0.61062,1.50,2.25
2012.01.11 01:34:53.146,0.61044,0.61062,1.50,1.50
2012.01.11 01:34:56.663,0.61044,0.61062,1.50,2.25
2012.01.11 01:34:56.888,0.61044,0.61062,1.50,1.50
2012.01.11 01:35:04.745,0.61047,0.61065,1.50,1.50
2012.01.11 01:35:08.436,0.61047,0.61065,1.50,2.25
2012.01.11 01:35:13.704,0.61047,0.61065,1.50,1.50
2012.01.11 01:35:14.436,0.6105,0.61068,1.50,1.50
2012.01.11 01:35:18.648,0.6105,0.61068,1.50,2.25
2012.01.11 01:35:18.835,0.61045,0.61063,1.50,2.25
2012.01.11 01:35:21.737,0.61045,0.61063,1.50,1.50
2012.01.11 01:35:34.281,0.6105,0.61068,1.50,2.25
2012.01.11 01:35:34.344,0.61047,0.61065,1.50,2.25
2012.01.11 01:35:35.046,0.61047,0.61065,1.50,1.50
2012.01.11 01:35:35.761,0.61047,0.61065,1.50,2.25
2012.01.11 01:35:36.148,0.61047,0.61065,1.50,1.50
2012.01.11 01:35:36.658,0.61047,0.61065,1.50,2.25
2012.01.11 01:35:39.183,0.61047,0.61065,1.50,2.25
2012.01.11 01:35:39.329,0.61045,0.61061,1.50,2.25
2012.01.11 01:35:46.796,0.61045,0.61061,1.50,1.50
2012.01.11 01:35:46.930,0.61045,0.61061,1.50,2.25
2012.01.11 01:35:47.148,0.61045,0.61061,1.50,1.50
2012.01.11 01:35:47.547,0.61045,0.61061,1.50,2.25
2012.01.11 01:35:48.908,0.61045,0.61061,1.50,1.50
2012.01.11 01:36:03.759,0.61045,0.61061,1.50,2.25
2012.01.11 01:36:03.946,0.61045,0.61061,1.50,1.50
2012.01.11 01:36:04.017,0.61047,0.61065,1.50,2.25
2012.01.11 01:36:04.382,0.61047,0.61065,1.50,2.25
2012.01.11 01:36:18.718,0.61047,0.61065,1.50,2.25
2012.01.11 01:36:22.673,0.61047,0.61065,1.50,2.25
2012.01.11 01:36:23.045,0.61052,0.61068,1.50,1.50
2012.01.11 01:36:23.237,0.61055,0.61071,1.50,2.25
2012.01.11 01:36:28.666,0.61055,0.61071,1.50,2.25
2012.01.11 01:36:28.738,0.61049,0.61065,1.50,2.25
2012.01.11 01:36:30.150,0.61049,0.61065,1.50,2.25
2012.01.11 01:36:31.087,0.61049,0.61065,1.50,2.25
2012.01.11 01:36:31.744,0.61046,0.61062,1.50,1.50
2012.01.11 01:36:41.614,0.61048,0.61066,1.50,1.50
2012.01.11 01:36:49.917,0.61048,0.61066,1.50,2.25
2012.01.11 01:36:50.226,0.61048,0.61066,1.50,1.50
2012.01.11 01:36:51.708,0.61048,0.61066,1.50,2.25
2012.01.11 01:36:51.988,0.61048,0.61066,1.50,1.50
2012.01.11 01:36:57.037,0.61048,0.61066,1.50,2.25
2012.01.11 01:36:58.687,0.61048,0.61066,1.50,1.50
2012.01.11 01:36:59.556,0.61048,0.61066,1.50,2.25
2012.01.11 01:36:59.776,0.61048,0.61066,1.50,1.50
2012.01.11 01:37:00.219,0.61048,0.61066,1.50,2.25
2012.01.11 01:37:00.676,0.61048,0.61066,1.50,1.50
2012.01.11 01:37:02.264,0.61048,0.61066,1.50,2.25
2012.01.11 01:37:06.987,0.61048,0.61066,1.50,2.25
2012.01.11 01:37:09.095,0.61048,0.61066,1.50,1.50
2012.01.11 01:37:09.317,0.61048,0.61062,1.50,2.25
2012.01.11 01:37:18.027,0.61048,0.61062,1.50,3.00
2012.01.11 01:37:29.707,0.61041,0.61057,1.50,2.25
2012.01.11 01:37:29.774,0.6103,0.61048,1.50,1.50
2012.01.11 01:37:30.015,0.6103,0.61048,1.50,3.60
2012.01.11 01:37:31.200,0.6103,0.61045,1.50,1.35
2012.01.11 01:37:32.286,0.6103,0.61048,1.50,1.50
2012.01.11 01:38:06.159,0.61035,0.61051,1.50,1.50
2012.01.11 01:38:13.210,0.61031,0.61049,1.50,1.50
2012.01.11 01:38:50.320,0.61029,0.61045,1.50,1.50
2012.01.11 01:38:51.097,0.61022,0.6104,1.50,1.50
2012.01.11 01:38:51.221,0.61018,0.61036,1.50,1.50
2012.01.11 01:38:51.526,0.61021,0.61039,1.50,1.50
2012.01.11 01:38:59.487,0.61025,0.61041,1.50,1.50
2012.01.11 01:39:09.048,0.61029,0.61045,1.50,2.40
2012.01.11 01:39:09.238,0.61029,0.61045,1.50,1.50
2012.01.11 01:39:11.196,0.61029,0.61045,1.50,2.25
2012.01.11 01:39:12.148,0.61029,0.61045,1.50,1.50
2012.01.11 01:39:19.226,0.61032,0.61048,1.50,1.50
2012.01.11 01:39:25.499,0.61032,0.61048,1.50,2.25
2012.01.11 01:39:25.976,0.61032,0.61048,1.50,2.25
2012.01.11 01:39:27.256,0.61032,0.61048,1.50,2.25
2012.01.11 01:39:28.964,0.61032,0.61048,1.50,2.25
2012.01.11 01:39:29.587,0.61032,0.61048,1.50,2.25
2012.01.11 01:39:30.728,0.61032,0.61048,1.50,2.25
2012.01.11 01:39:31.008,0.61032,0.61048,1.50,2.25
2012.01.11 01:39:32.095,0.61032,0.61048,1.50,2.25
2012.01.11 01:39:38.414,0.61032,0.61048,1.50,2.25
2012.01.11 01:39:38.718,0.61032,0.61048,1.50,1.50
2012.01.11 01:39:39.516,0.61032,0.61048,1.50,2.25
2012.01.11 01:39:40.505,0.61032,0.61048,1.50,2.25
2012.01.11 01:39:44.167,0.61028,0.61046,1.50,1.50
2012.01.11 01:39:46.516,0.61028,0.61046,1.50,2.25
2012.01.11 01:39:50.306,0.61028,0.61046,1.50,1.50
2012.01.11 01:39:50.691,0.61028,0.61046,1.50,2.25
2012.01.11 01:39:51.127,0.61028,0.61046,1.50,1.50
2012.01.11 01:39:51.196,0.61028,0.61046,1.50,2.25
2012.01.11 01:39:51.459,0.61028,0.61046,1.50,1.50
2012.01.11 01:39:51.588,0.61028,0.61046,1.50,2.25
2012.01.11 01:39:52.968,0.61022,0.61038,1.50,1.50
2012.01.11 01:39:53.225,0.61018,0.61036,1.50,1.50
2012.01.11 01:39:53.477,0.61014,0.61032,1.50,1.50
2012.01.11 01:39:54.699,0.61018,0.61034,1.50,1.50
2012.01.11 01:39:55.536,0.61015,0.61031,1.50,1.50
2012.01.11 01:40:05.069,0.61011,0.61029,1.50,1.50
2012.01.11 01:40:14.667,0.61015,0.61031,1.50,1.50
2012.01.11 01:40:17.485,0.61012,0.61028,2.25,1.50
2012.01.11 01:40:24.368,0.61008,0.61026,3.75,1.50
2012.01.11 01:40:28.836,0.61012,0.61028,1.50,1.50
2012.01.11 01:40:58.957,0.61009,0.61025,2.25,1.50
2012.01.11 01:40:59.028,0.61009,0.61025,1.50,1.50
2012.01.11 01:40:59.097,0.61004,0.61022,1.65,1.50
2012.01.11 01:40:59.226,0.61004,0.61022,2.25,1.50
2012.01.11 01:40:59.576,0.61008,0.61024,1.50,1.50
2012.01.11 01:41:11.474,0.6101,0.61028,1.50,1.50
2012.01.11 01:41:16.264,0.61008,0.61024,1.50,1.50
2012.01.11 01:41:21.886,0.61008,0.61024,1.50,2.25
2012.01.11 01:41:22.327,0.61007,0.61021,2.25,1.50
2012.01.11 01:41:22.458,0.61005,0.61021,1.50,1.50
2012.01.11 01:41:22.859,0.61008,0.61021,2.25,1.50
2012.01.11 01:41:24.440,0.61012,0.6103,1.50,1.50
2012.01.11 01:41:24.746,0.61009,0.61027,1.50,1.50
2012.01.11 01:41:25.056,0.61008,0.61024,2.25,1.50
2012.01.11 01:41:27.128,0.6101,0.61024,2.25,1.50
2012.01.11 01:41:27.197,0.61012,0.6103,1.50,2.25
2012.01.11 01:41:27.270,0.61012,0.6103,1.50,1.50
2012.01.11 01:41:27.577,0.61009,0.61027,1.50,1.50
2012.01.11 01:41:27.903,0.61007,0.61023,3.75,1.50
2012.01.11 01:41:38.959,0.61011,0.61029,1.50,1.50
2012.01.11 01:41:42.489,0.61009,0.61025,1.50,1.50
2012.01.11 01:41:54.789,0.61011,0.61029,1.50,2.25
2012.01.11 01:41:59.806,0.61008,0.61026,1.50,1.50
2012.01.11 01:42:20.885,0.61008,0.61023,1.50,2.25
2012.01.11 01:42:21.017,0.61006,0.61022,1.50,1.50
2012.01.11 01:42:21.085,0.61008,0.61023,1.50,2.25
2012.01.11 01:42:21.157,0.61008,0.61026,1.50,1.50
2012.01.11 01:42:21.687,0.61011,0.61029,1.50,2.25
2012.01.11 01:42:23.758,0.61014,0.61032,1.50,2.25
2012.01.11 01:42:24.083,0.61011,0.61027,1.50,1.50
2012.01.11 01:42:26.156,0.61008,0.61024,1.50,1.50
2012.01.11 01:42:26.808,0.61007,0.6102,2.25,1.50
2012.01.11 01:42:26.879,0.61004,0.6102,1.50,1.50
2012.01.11 01:42:27.546,0.60999,0.61017,1.50,1.50
2012.01.11 01:42:27.958,0.60997,0.61014,2.25,1.50
2012.01.11 01:42:28.026,0.60999,0.61017,1.50,1.50
2012.01.11 01:42:34.709,0.60999,0.61017,2.25,1.50
2012.01.11 01:42:34.941,0.61002,0.6102,1.50,1.50
2012.01.11 01:42:35.069,0.61006,0.61023,1.50,2.25
2012.01.11 01:42:35.525,0.6101,0.61026,1.50,1.50
2012.01.11 01:42:36.536,0.61007,0.61023,1.50,1.50
2012.01.11 01:42:44.319,0.6101,0.61026,1.50,1.50
2012.01.11 01:42:50.695,0.61005,0.61023,1.50,1.50
2012.01.11 01:43:40.251,0.61009,0.61025,1.50,1.50
2012.01.11 01:43:41.028,0.61012,0.61028,1.50,1.50
2012.01.11 01:43:47.765,0.61008,0.61026,1.50,1.50
2012.01.11 01:44:08.693,0.61005,0.61023,1.50,1.50
2012.01.11 01:44:18.925,0.61005,0.61023,2.25,1.50
2012.01.11 01:44:19.056,0.61008,0.61026,1.50,1.50
2012.01.11 01:44:19.309,0.61012,0.61028,1.50,1.50
2012.01.11 01:44:46.205,0.61014,0.61032,1.50,2.10
2012.01.11 01:45:01.010,0.61018,0.61033,1.50,2.25
2012.01.11 01:45:01.322,0.61023,0.61041,1.50,1.50
2012.01.11 01:45:01.850,0.61028,0.61046,1.50,1.50
2012.01.11 01:45:02.709,0.61028,0.61043,1.50,3.00
2012.01.11 01:45:02.779,0.61024,0.6104,1.50,1.50
2012.01.11 01:45:03.090,0.61021,0.61037,1.50,1.50
2012.01.11 01:45:03.338,0.61026,0.61044,1.50,1.50
2012.01.11 01:45:03.710,0.61026,0.61042,1.50,2.25
2012.01.11 01:45:03.781,0.61022,0.6104,2.25,1.50
2012.01.11 01:45:04.240,0.61019,0.61037,2.25,1.50
2012.01.11 01:45:04.310,0.61019,0.61037,1.50,1.50
2012.01.11 01:45:05.357,0.61023,0.61039,1.50,1.50
2012.01.11 01:45:06.406,0.61019,0.61037,1.50,1.50
2012.01.11 01:45:08.775,0.61017,0.61033,1.50,1.50
2012.01.11 01:45:09.091,0.61019,0.61037,1.50,1.50
2012.01.11 01:45:11.768,0.61019,0.61037,1.50,2.10
2012.01.11 01:45:11.839,0.61016,0.61034,2.25,1.50
2012.01.11 01:45:17.718,0.61013,0.61031,2.25,1.50
2012.01.11 01:45:20.775,0.61016,0.61034,2.25,1.50
2012.01.11 01:45:22.709,0.61027,0.61043,3.00,3.00
2012.01.11 01:45:22.778,0.61027,0.61045,6.75,1.50
2012.01.11 01:45:23.160,0.61032,0.6105,1.50,1.50
2012.01.11 01:45:24.677,0.6103,0.61047,3.00,1.50
2012.01.11 01:45:25.428,0.61028,0.61044,3.00,1.50
2012.01.11 01:45:25.967,0.61027,0.61044,3.00,1.50
2012.01.11 01:45:32.108,0.61027,0.6104,3.00,1.50
2012.01.11 01:45:35.006,0.61027,0.61044,3.00,1.50
2012.01.11 01:45:40.230,0.61027,0.61041,2.25,1.50
2012.01.11 01:45:58.317,0.61023,0.61041,1.50,1.50
2012.01.11 01:45:59.036,0.61028,0.61041,2.25,1.50
2012.01.11 01:45:59.106,0.61028,0.61044,2.25,1.50
2012.01.11 01:45:59.739,0.61028,0.61041,2.25,1.50
2012.01.11 01:45:59.957,0.61023,0.61041,2.10,1.50
2012.01.11 01:46:00.086,0.61027,0.61043,1.50,1.50
2012.01.11 01:46:01.259,0.61031,0.61049,1.50,2.25
2012.01.11 01:46:04.720,0.61031,0.61049,2.25,1.50
2012.01.11 01:46:04.850,0.61034,0.61052,1.50,1.50
2012.01.11 01:46:05.040,0.61037,0.61052,2.25,1.50
2012.01.11 01:46:05.418,0.61037,0.61055,3.75,1.50
2012.01.11 01:46:05.628,0.61034,0.61052,1.50,1.50
2012.01.11 01:46:05.935,0.61032,0.61048,2.25,1.50
2012.01.11 01:46:07.367,0.61028,0.61046,3.75,1.50
2012.01.11 01:46:08.794,0.61033,0.61051,1.50,1.50
2012.01.11 01:46:09.100,0.61039,0.61057,1.50,1.50
2012.01.11 01:46:09.409,0.61038,0.61053,2.25,1.50
2012.01.11 01:46:10.372,0.6104,0.61056,1.50,1.50
2012.01.11 01:46:10.747,0.61034,0.61052,1.50,1.50
2012.01.11 01:46:10.939,0.61034,0.61052,2.25,1.50
2012.01.11 01:46:11.246,0.61037,0.61055,2.25,1.50
2012.01.11 01:46:12.001,0.61041,0.61057,1.50,1.50
2012.01.11 01:46:12.311,0.61045,0.61061,1.50,1.50
2012.01.11 01:46:12.759,0.6105,0.61063,1.50,2.25
2012.01.11 01:46:12.838,0.61052,0.6107,1.50,1.50
2012.01.11 01:46:13.028,0.61052,0.6107,1.50,4.80
2012.01.11 01:46:13.307,0.61046,0.61064,1.50,1.50
2012.01.11 01:46:15.278,0.6105,0.61066,1.50,1.50
2012.01.11 01:46:19.666,0.6105,0.61065,1.50,2.25
2012.01.11 01:46:19.738,0.61045,0.61061,1.50,1.50
2012.01.11 01:46:33.557,0.61047,0.61065,1.50,1.50
2012.01.11 01:46:35.018,0.61047,0.61062,1.50,2.25
2012.01.11 01:46:35.087,0.61043,0.61061,1.50,1.50
2012.01.11 01:46:41.156,0.61041,0.61057,2.25,1.50
2012.01.11 01:46:42.390,0.61041,0.61057,2.25,1.50
2012.01.11 01:46:42.580,0.61048,0.61062,2.25,1.50
2012.01.11 01:46:43.458,0.61048,0.61064,3.75,1.50
2012.01.11 01:46:43.527,0.61048,0.61064,4.50,1.50
2012.01.11 01:46:43.658,0.61048,0.61064,3.75,1.50
2012.01.11 01:46:43.907,0.61048,0.61061,2.25,1.50
2012.01.11 01:46:44.426,0.61045,0.61061,2.25,1.50
2012.01.11 01:46:44.739,0.61038,0.61056,2.25,1.50
2012.01.11 01:46:44.870,0.61038,0.61056,1.50,1.50
2012.01.11 01:46:45.626,0.61048,0.61056,2.25,1.50
2012.01.11 01:46:45.759,0.6105,0.61063,1.50,2.25
2012.01.11 01:46:45.825,0.61054,0.61063,1.50,2.25
2012.01.11 01:46:45.946,0.61054,0.6107,1.50,1.50
2012.01.11 01:46:46.076,0.6105,0.61066,1.50,1.50
2012.01.11 01:46:46.386,0.6105,0.61066,2.25,1.50
2012.01.11 01:46:46.635,0.61058,0.61074,1.50,1.50
2012.01.11 01:46:46.696,0.61054,0.61072,2.25,2.25
2012.01.11 01:46:46.887,0.61044,0.61062,1.50,1.50
2012.01.11 01:46:49.556,0.61041,0.61059,1.50,1.50
2012.01.11 01:46:57.778,0.61039,0.61055,1.50,1.50
2012.01.11 01:46:58.085,0.61036,0.61052,1.50,1.50
2012.01.11 01:47:01.556,0.61036,0.61052,2.25,1.50
2012.01.11 01:47:05.328,0.61038,0.61056,1.50,1.50
2012.01.11 01:47:05.939,0.61035,0.61053,1.50,1.50
2012.01.11 01:47:07.401,0.61038,0.61056,1.50,1.50
2012.01.11 01:47:07.768,0.61033,0.61051,2.25,1.50
2012.01.11 01:47:07.958,0.61033,0.61051,1.50,1.50
2012.01.11 01:47:08.026,0.61031,0.61047,2.25,1.50
2012.01.11 01:47:11.096,0.61031,0.61047,1.50,1.50
2012.01.11 01:47:12.676,0.61031,0.61047,2.25,1.50
2012.01.11 01:47:13.497,0.61033,0.61051,1.50,1.50
2012.01.11 01:47:16.556,0.61031,0.61047,2.25,1.50
2012.01.11 01:47:16.889,0.61028,0.61044,1.50,1.50
2012.01.11 01:47:18.338,0.61028,0.61044,2.25,1.50
2012.01.11 01:47:18.528,0.61032,0.61048,2.25,1.50
2012.01.11 01:47:20.349,0.61034,0.61052,1.50,1.50
2012.01.11 01:47:20.536,0.61034,0.61052,2.25,1.50
2012.01.11 01:47:21.057,0.61038,0.61054,1.50,1.50
2012.01.11 01:47:22.695,0.61034,0.61052,1.50,1.50
2012.01.11 01:47:23.941,0.61034,0.61052,2.25,1.50
2012.01.11 01:47:24.664,0.61034,0.61052,1.50,1.50
2012.01.11 01:47:24.786,0.61034,0.61052,2.25,1.50
2012.01.11 01:47:29.527,0.61038,0.61054,1.50,1.50
2012.01.11 01:47:29.958,0.61038,0.61054,2.25,1.50
2012.01.11 01:47:31.847,0.61041,0.61057,2.25,1.50
2012.01.11 01:47:32.036,0.61037,0.61055,2.25,1.50
2012.01.11 01:47:33.949,0.61037,0.61055,2.25,1.50
2012.01.11 01:47:34.079,0.61033,0.61051,2.25,1.50
2012.01.11 01:47:34.736,0.61034,0.61054,2.25,1.50
2012.01.11 01:47:35.297,0.61034,0.61053,2.25,2.25
2012.01.11 01:47:40.457,0.61034,0.61054,2.25,1.50
2012.01.11 01:47:41.798,0.61037,0.61057,2.25,1.50
2012.01.11 01:47:42.357,0.61037,0.61053,2.25,2.25
2012.01.11 01:47:43.738,0.61037,0.61057,2.25,1.50
2012.01.11 01:47:48.258,0.61037,0.61057,2.25,1.50
2012.01.11 01:47:48.704,0.61037,0.61057,1.50,1.50
2012.01.11 01:47:56.137,0.61037,0.61052,1.50,2.25
2012.01.11 01:48:03.246,0.61037,0.61052,2.25,2.25
2012.01.11 01:48:03.587,0.61037,0.61052,2.25,2.25
2012.01.11 01:48:03.659,0.61033,0.61052,1.50,2.25
2012.01.11 01:48:05.839,0.61036,0.61058,2.25,1.50
2012.01.11 01:48:06.346,0.61036,0.61058,1.50,1.50
2012.01.11 01:48:07.516,0.61036,0.61052,1.50,2.25
2012.01.11 01:48:07.718,0.61034,0.61052,1.50,2.25
2012.01.11 01:48:19.767,0.61034,0.61052,2.25,2.25
2012.01.11 01:48:19.916,0.61034,0.61054,2.25,1.50
2012.01.11 01:48:20.629,0.61036,0.61058,1.50,1.50
2012.01.11 01:48:24.546,0.61036,0.61058,2.25,2.10
2012.01.11 01:48:24.943,0.61036,0.61052,1.50,2.25
2012.01.11 01:48:25.708,0.61032,0.61052,2.25,2.25
2012.01.11 01:48:26.799,0.61035,0.61052,1.50,2.25
2012.01.11 01:48:27.108,0.61039,0.61052,1.50,2.25
2012.01.11 01:48:36.586,0.61035,0.61052,2.25,2.25
2012.01.11 01:48:38.977,0.61038,0.61052,1.50,2.25
2012.01.11 01:48:40.167,0.61038,0.61058,1.50,1.65
2012.01.11 01:48:40.359,0.61038,0.61052,1.50,2.25
2012.01.11 01:48:43.148,0.61038,0.61058,1.50,1.50
2012.01.11 01:48:43.597,0.61038,0.61052,1.50,2.25
2012.01.11 01:48:46.948,0.61038,0.61058,1.50,1.50
2012.01.11 01:49:07.886,0.61041,0.61061,1.50,1.50
2012.01.11 01:49:08.208,0.61041,0.61061,1.50,2.25
2012.01.11 01:49:09.017,0.61038,0.61058,1.50,2.25
2012.01.11 01:49:15.240,0.61038,0.61058,1.50,2.25
2012.01.11 01:49:17.216,0.61038,0.61058,1.50,1.50
2012.01.11 01:49:17.536,0.61038,0.61058,1.50,2.25
2012.01.11 01:49:18.671,0.61038,0.61058,1.50,1.50
2012.01.11 01:49:21.459,0.61038,0.61058,1.50,2.25
2012.01.11 01:49:21.590,0.61038,0.61058,1.50,1.50
2012.01.11 01:49:21.781,0.61038,0.61058,1.50,2.25
2012.01.11 01:49:25.310,0.61038,0.61058,1.50,1.50
2012.01.11 01:49:27.467,0.61037,0.61055,2.25,1.50
2012.01.11 01:49:27.598,0.61035,0.61055,1.50,1.50
2012.01.11 01:49:29.746,0.61035,0.61055,1.50,2.25
2012.01.11 01:49:29.986,0.61035,0.61055,1.50,2.25
2012.01.11 01:49:35.042,0.61035,0.61055,1.50,1.50
2012.01.11 01:49:35.227,0.61035,0.61055,1.50,2.25
2012.01.11 01:49:35.490,0.61035,0.61055,1.50,1.50
2012.01.11 01:49:35.563,0.61035,0.61055,1.50,2.25
2012.01.11 01:49:35.692,0.61035,0.61055,1.50,1.50
2012.01.11 01:49:35.900,0.61035,0.61055,1.50,2.25
2012.01.11 01:49:39.964,0.61035,0.61055,1.50,1.50
2012.01.11 01:49:42.399,0.61035,0.61055,2.25,1.50
2012.01.11 01:49:43.064,0.61035,0.61055,1.50,1.50
2012.01.11 01:49:43.535,0.61035,0.61055,2.25,1.50
2012.01.11 01:49:43.796,0.61035,0.61055,1.50,1.50
2012.01.11 01:49:45.801,0.61035,0.61055,2.25,1.50
2012.01.11 01:49:45.927,0.61037,0.61059,2.25,1.50
2012.01.11 01:50:04.642,0.61041,0.61061,1.50,3.75
2012.01.11 01:50:07.853,0.61038,0.61058,1.50,1.50
2012.01.11 01:50:15.607,0.6104,0.61061,1.50,2.25
2012.01.11 01:50:16.934,0.6104,0.61061,2.25,2.25
2012.01.11 01:50:19.360,0.61037,0.61059,2.25,1.50
2012.01.11 01:50:19.427,0.61037,0.61059,2.25,1.50
2012.01.11 01:50:20.447,0.61035,0.61055,2.25,1.50
2012.01.11 01:50:36.173,0.61035,0.61055,1.50,1.50
2012.01.11 01:50:38.246,0.61035,0.61055,2.25,1.50
2012.01.11 01:50:40.838,0.61035,0.61052,2.25,2.25
2012.01.11 01:50:40.968,0.61035,0.61052,1.50,2.25
2012.01.11 01:50:41.096,0.61035,0.61055,1.50,1.50
2012.01.11 01:50:58.899,0.61037,0.61059,1.50,1.50
2012.01.11 01:50:59.461,0.61037,0.61059,1.50,2.25
2012.01.11 01:51:01.711,0.61037,0.61059,1.50,1.50
2012.01.11 01:51:10.327,0.6104,0.61062,1.50,3.75
2012.01.11 01:51:11.130,0.61043,0.61065,1.50,1.50
2012.01.11 01:51:12.089,0.61046,0.61068,1.50,1.50
2012.01.11 01:51:18.149,0.6105,0.6107,1.50,1.50
2012.01.11 01:51:24.719,0.61044,0.61064,1.50,1.50
2012.01.11 01:51:25.060,0.61041,0.61061,1.50,1.50
2012.01.11 01:51:25.524,0.61044,0.61063,1.50,2.25
2012.01.11 01:51:51.784,0.61041,0.61061,1.50,1.50
2012.01.11 01:52:47.467,0.61043,0.61065,1.50,4.50
2012.01.11 01:52:48.029,0.61043,0.61065,1.50,3.75
2012.01.11 01:52:48.189,0.6104,0.61062,1.50,1.50
2012.01.11 01:52:49.821,0.61044,0.61064,1.50,1.50
2012.01.11 01:52:58.900,0.61044,0.6106,1.50,2.25
2012.01.11 01:52:59.028,0.6104,0.6106,1.50,3.75
2012.01.11 01:52:59.098,0.61037,0.61057,2.25,1.50
2012.01.11 01:53:23.670,0.61037,0.61057,2.25,1.50
2012.01.11 01:53:24.008,0.61037,0.61057,2.25,1.50
2012.01.11 01:53:59.309,0.61029,0.61062,3.00,2.25
2012.01.11 01:54:03.680,0.61032,0.61063,3.00,2.25
2012.01.11 01:54:03.807,0.61041,0.61061,1.50,1.50
2012.01.11 01:54:04.896,0.61044,0.61064,1.50,1.50
2012.01.11 01:54:09.627,0.61044,0.61063,1.50,2.25
2012.01.11 01:54:09.757,0.61038,0.6106,1.50,1.50
2012.01.11 01:54:16.470,0.61038,0.6106,2.25,1.50
2012.01.11 01:54:21.191,0.61038,0.6106,1.50,1.50
2012.01.11 01:54:26.495,0.61038,0.6106,1.50,2.25
2012.01.11 01:54:26.621,0.61033,0.61055,1.50,1.50
2012.01.11 01:55:26.805,0.61028,0.61059,3.00,2.25
2012.01.11 01:55:29.877,0.61028,0.61062,5.25,2.25
2012.01.11 01:55:29.947,0.61028,0.61062,5.25,3.00
2012.01.11 01:55:30.295,0.61036,0.61058,1.50,1.50
2012.01.11 01:55:40.479,0.61032,0.61054,1.50,1.50
2012.01.11 01:55:41.799,0.61036,0.61058,1.50,1.50
2012.01.11 01:55:45.238,0.61041,0.6106,2.25,1.50
2012.01.11 01:55:45.429,0.61047,0.61067,1.50,1.50
2012.01.11 01:55:51.918,0.61042,0.61064,1.50,1.50
2012.01.11 01:55:55.548,0.61047,0.61067,1.50,1.50
2012.01.11 01:55:59.237,0.61049,0.61071,1.50,2.25
2012.01.11 01:56:04.228,0.61048,0.61067,2.25,1.50
2012.01.11 01:56:04.751,0.61047,0.61067,1.50,1.50
2012.01.11 01:56:04.817,0.61043,0.61065,1.50,1.50
2012.01.11 01:56:18.178,0.61046,0.61068,1.50,1.50
2012.01.11 01:56:23.399,0.61049,0.61071,1.50,1.50
2012.01.11 01:56:25.678,0.61047,0.61067,1.50,1.50
2012.01.11 01:56:32.508,0.61042,0.61064,1.50,1.50
2012.01.11 01:56:32.707,0.61046,0.61063,1.50,2.25
2012.01.11 01:56:32.886,0.61046,0.61066,1.50,1.50
2012.01.11 01:56:41.507,0.61048,0.6107,1.50,1.50
2012.01.11 01:56:42.026,0.61048,0.6107,3.75,2.25
2012.01.11 01:56:42.931,0.61048,0.6107,3.75,1.50
2012.01.11 01:56:42.999,0.61052,0.61072,1.50,2.25
2012.01.11 01:56:43.306,0.6105,0.6107,1.50,2.25
2012.01.11 01:56:56.140,0.6105,0.6107,1.50,2.25
2012.01.11 01:56:56.329,0.61048,0.61064,2.25,2.25
2012.01.11 01:56:56.456,0.61042,0.61063,1.50,2.25
2012.01.11 01:56:57.008,0.61039,0.61061,1.50,1.50
2012.01.11 01:57:02.874,0.61037,0.61056,2.25,1.50
2012.01.11 01:57:03.059,0.61034,0.61056,1.50,1.50
2012.01.11 01:57:03.251,0.61032,0.61052,1.50,1.50
2012.01.11 01:57:22.568,0.61035,0.61055,1.50,2.25
2012.01.11 01:57:25.439,0.61035,0.61055,1.50,1.50
2012.01.11 01:57:25.512,0.61031,0.61051,1.50,1.50
2012.01.11 01:57:27.339,0.61031,0.61051,1.50,2.25
2012.01.11 01:57:27.598,0.61028,0.61048,1.50,2.25
2012.01.11 01:57:27.727,0.61028,0.61048,1.50,2.25
2012.01.11 01:57:28.991,0.61028,0.61048,1.50,1.50
2012.01.11 01:57:29.060,0.61028,0.61048,1.50,2.25
2012.01.11 01:57:29.130,0.61024,0.61044,1.50,1.50
2012.01.11 01:57:31.957,0.61024,0.61038,1.50,2.10
2012.01.11 01:57:32.078,0.61018,0.61035,2.25,2.10
2012.01.11 01:57:32.208,0.61015,0.61032,2.25,2.25
2012.01.11 01:57:34.990,0.6102,0.61032,1.50,2.25
2012.01.11 01:57:35.182,0.6102,0.6104,1.50,1.50
2012.01.11 01:57:54.634,0.6102,0.6104,2.25,1.50
2012.01.11 01:57:55.451,0.6102,0.6104,1.50,1.50
2012.01.11 01:58:15.929,0.6102,0.61039,1.50,2.10
2012.01.11 01:58:16.061,0.61017,0.61036,2.25,1.50
2012.01.11 01:58:16.192,0.6101,0.61032,1.50,1.50
2012.01.11 01:58:16.260,0.6101,0.61032,2.25,1.50
2012.01.11 01:58:21.524,0.6101,0.61032,1.50,1.50
2012.01.11 01:58:24.449,0.6101,0.61031,1.50,2.25
2012.01.11 01:58:24.577,0.61007,0.61029,1.50,1.50
2012.01.11 01:58:25.296,0.61005,0.61025,2.25,1.50
2012.01.11 01:58:32.696,0.61005,0.61025,1.50,1.50
2012.01.11 01:58:39.587,0.61005,0.61025,2.25,1.50
2012.01.11 01:58:40.156,0.61005,0.61025,1.50,1.50
2012.01.11 01:58:51.681,0.61005,0.61025,2.25,1.50
2012.01.11 01:58:53.179,0.61008,0.61028,1.50,1.50
2012.01.11 01:59:34.751,0.61011,0.61031,1.50,1.50
2012.01.11 01:59:38.223,0.61014,0.61034,1.50,1.50
2012.01.11 01:59:49.568,0.6101,0.61032,1.50,1.50
2012.01.11 01:59:54.448,0.6101,0.61032,2.25,1.50
2012.01.11 01:59:54.981,0.6101,0.61032,1.50,1.50
2012.01.11 01:59:55.859,0.6101,0.61032,2.25,1.50
2012.01.11 01:59:56.407,0.6101,0.61032,1.50,1.50
