2017.09.27 21:00:00.032,0.81234,0.81247,0.75,0.75
2017.09.27 21:00:00.083,0.81234,0.8125,0.75,0.75
2017.09.27 21:00:00.249,0.81209,0.8125,0.75,0.75
2017.09.27 21:00:00.455,0.81209,0.81266,0.75,0.75
2017.09.27 21:00:00.787,0.81229,0.81267,0.75,0.75
2017.09.27 21:00:01.095,0.81229,0.81277,0.75,0.75
2017.09.27 21:00:01.322,0.81229,0.81285,0.75,0.75
2017.09.27 21:00:01.426,0.81226,0.81285,0.75,0.75
2017.09.27 21:00:02.117,0.81229,0.81285,0.75,0.75
2017.09.27 21:00:04.681,0.8123,0.81277,0.75,0.75
2017.09.27 21:00:05.458,0.81229,0.81275,0.75,0.75
2017.09.27 21:00:15.061,0.8123,0.81275,0.75,0.75
2017.09.27 21:00:36.752,0.81237,0.81275,0.75,0.75
2017.09.27 21:00:36.854,0.81237,0.81278,0.75,0.75
2017.09.27 21:00:41.875,0.81237,0.81271,0.75,0.75
2017.09.27 21:00:42.725,0.81237,0.81278,0.75,0.75
2017.09.27 21:01:00.521,0.81237,0.81279,0.75,1.50
2017.09.27 21:01:33.937,0.81237,0.8128,0.75,0.75
2017.09.27 21:01:34.047,0.81237,0.8129,0.75,1.50
2017.09.27 21:01:34.148,0.81237,0.81304,1.50,0.75
2017.09.27 21:01:35.113,0.81237,0.81276,1.50,0.75
2017.09.27 21:01:44.919,0.81237,0.81279,0.75,0.75
2017.09.27 21:01:49.689,0.81237,0.81277,0.75,0.75
2017.09.27 21:01:49.790,0.81237,0.81279,0.75,0.75
2017.09.27 21:02:00.231,0.81236,0.81279,0.75,0.75
2017.09.27 21:02:00.282,0.81233,0.81282,0.75,0.75
2017.09.27 21:02:00.497,0.81233,0.81277,0.75,0.75
2017.09.27 21:02:03.872,0.81233,0.81255,0.75,0.75
2017.09.27 21:02:03.922,0.81231,0.81255,0.75,0.75
2017.09.27 21:02:04.038,0.81231,0.81252,0.75,0.75
2017.09.27 21:02:05.929,0.81231,0.81257,0.75,0.75
2017.09.27 21:02:06.030,0.81226,0.81266,1.50,0.75
2017.09.27 21:02:06.081,0.81231,0.81286,0.75,0.75
2017.09.27 21:02:06.472,0.8123,0.81275,0.75,0.75
2017.09.27 21:02:09.180,0.81221,0.81283,1.50,0.75
2017.09.27 21:02:09.281,0.81199,0.81274,0.75,0.75
2017.09.27 21:02:11.396,0.8123,0.81274,0.75,0.75
2017.09.27 21:02:11.776,0.81238,0.8128,0.75,0.75
2017.09.27 21:02:12.022,0.81236,0.8128,0.75,0.75
2017.09.27 21:02:20.872,0.81238,0.81279,0.75,0.75
2017.09.27 21:02:21.426,0.8124,0.81281,0.75,0.75
2017.09.27 21:02:25.567,0.81239,0.81278,0.75,0.75
2017.09.27 21:02:37.681,0.81239,0.81276,0.75,0.75
2017.09.27 21:02:38.268,0.81236,0.81271,0.75,0.75
2017.09.27 21:02:43.848,0.81231,0.81276,0.75,0.75
2017.09.27 21:02:43.949,0.81231,0.81259,0.75,0.75
2017.09.27 21:02:43.999,0.81231,0.81261,0.75,0.75
2017.09.27 21:02:44.050,0.81226,0.81257,0.75,0.75
2017.09.27 21:02:44.204,0.81226,0.81259,0.75,0.75
2017.09.27 21:02:48.448,0.8119,0.81253,0.75,0.75
2017.09.27 21:02:48.549,0.81186,0.81249,0.75,0.75
2017.09.27 21:02:54.627,0.81188,0.81245,0.75,0.75
2017.09.27 21:02:55.105,0.81186,0.81243,0.75,0.75
2017.09.27 21:02:57.526,0.81186,0.8124,0.75,0.75
2017.09.27 21:02:58.080,0.81184,0.81238,0.75,0.75
2017.09.27 21:03:03.063,0.81181,0.8123,0.75,0.75
2017.09.27 21:03:04.722,0.81179,0.81232,0.75,0.75
2017.09.27 21:03:04.873,0.81173,0.81234,0.75,0.75
2017.09.27 21:03:06.787,0.81175,0.81236,0.75,0.75
2017.09.27 21:03:09.724,0.81167,0.81243,0.75,0.75
2017.09.27 21:03:09.775,0.81176,0.81245,0.75,0.75
2017.09.27 21:03:17.217,0.81176,0.81242,0.75,0.75
2017.09.27 21:03:17.267,0.81173,0.81242,0.75,0.75
2017.09.27 21:03:17.499,0.81173,0.8124,1.50,0.75
2017.09.27 21:03:20.093,0.81202,0.8124,0.75,0.75
2017.09.27 21:03:20.296,0.81205,0.81256,0.75,0.75
2017.09.27 21:03:20.828,0.81206,0.81256,0.75,0.75
2017.09.27 21:03:21.277,0.81203,0.81256,1.50,0.75
2017.09.27 21:03:25.108,0.81204,0.81266,0.75,1.50
2017.09.27 21:03:25.159,0.81209,0.81266,0.75,0.75
2017.09.27 21:03:25.210,0.81209,0.81268,0.75,0.75
2017.09.27 21:03:25.261,0.8121,0.81272,0.75,0.75
2017.09.27 21:03:27.840,0.81213,0.81263,0.75,0.75
2017.09.27 21:03:40.882,0.81218,0.81265,0.75,0.75
2017.09.27 21:03:41.326,0.81217,0.81263,0.75,0.75
2017.09.27 21:03:41.972,0.81217,0.81262,0.75,0.75
2017.09.27 21:03:42.316,0.81217,0.8126,0.75,0.75
2017.09.27 21:03:52.488,0.81213,0.81262,0.75,1.50
2017.09.27 21:04:02.543,0.81213,0.81253,0.75,0.75
2017.09.27 21:04:04.286,0.81215,0.81253,1.00,1.00
2017.09.27 21:04:04.337,0.81215,0.8126,1.00,1.00
2017.09.27 21:04:04.682,0.81221,0.81256,1.00,1.00
2017.09.27 21:04:05.713,0.81214,0.81254,1.00,1.00
2017.09.27 21:04:17.031,0.81214,0.81256,1.00,1.50
2017.09.27 21:04:34.938,0.81213,0.81256,1.00,1.50
2017.09.27 21:04:37.009,0.81213,0.81254,1.00,1.00
2017.09.27 21:04:56.913,0.81214,0.81255,1.00,1.50
2017.09.27 21:04:57.666,0.81215,0.81255,1.00,1.00
2017.09.27 21:05:00.594,0.81215,0.81252,1.00,1.00
2017.09.27 21:05:01.926,0.81215,0.81256,1.00,1.00
2017.09.27 21:05:02.193,0.81218,0.81257,1.00,1.00
2017.09.27 21:05:02.426,0.81218,0.81259,1.00,1.00
2017.09.27 21:05:03.120,0.81217,0.81259,1.00,1.00
2017.09.27 21:05:09.467,0.81215,0.81257,1.00,1.50
2017.09.27 21:05:10.213,0.81216,0.81257,1.00,1.50
2017.09.27 21:05:13.234,0.81217,0.81257,1.00,1.00
2017.09.27 21:05:14.225,0.81217,0.81259,1.00,1.50
2017.09.27 21:05:14.696,0.81217,0.81257,1.00,1.00
2017.09.27 21:05:15.215,0.81216,0.81257,1.00,1.00
2017.09.27 21:05:27.933,0.81217,0.81257,1.00,1.00
2017.09.27 21:05:28.803,0.81214,0.81261,1.19,1.00
2017.09.27 21:05:29.280,0.81208,0.81265,1.19,1.69
2017.09.27 21:05:30.673,0.81216,0.81262,1.25,1.00
2017.09.27 21:05:31.062,0.81215,0.81266,1.19,1.00
2017.09.27 21:05:31.646,0.81216,0.81268,1.19,1.19
2017.09.27 21:05:50.654,0.81214,0.81266,1.19,1.00
2017.09.27 21:05:51.598,0.81213,0.81269,1.56,1.00
2017.09.27 21:05:52.214,0.81214,0.81271,1.56,1.19
2017.09.27 21:06:00.161,0.81225,0.81278,1.00,1.56
2017.09.27 21:06:00.211,0.81221,0.81278,1.19,2.06
2017.09.27 21:06:09.993,0.8122,0.81277,1.19,1.19
2017.09.27 21:06:15.459,0.81224,0.81279,1.00,1.31
2017.09.27 21:06:28.981,0.81221,0.81279,1.19,1.31
2017.09.27 21:06:29.493,0.81224,0.81279,1.00,1.31
2017.09.27 21:06:31.491,0.81219,0.81277,1.19,1.19
2017.09.27 21:06:32.100,0.81224,0.81278,1.00,1.19
2017.09.27 21:06:32.880,0.81223,0.81279,1.25,1.31
2017.09.27 21:06:34.209,0.81224,0.81279,1.00,1.31
2017.09.27 21:06:34.791,0.81223,0.81279,1.25,1.31
2017.09.27 21:06:40.470,0.81227,0.81278,1.00,1.19
2017.09.27 21:06:40.991,0.81226,0.81278,1.00,1.19
2017.09.27 21:06:41.042,0.81219,0.81277,1.19,1.19
2017.09.27 21:06:41.532,0.81219,0.81259,1.00,1.00
2017.09.27 21:06:41.583,0.81216,0.81259,1.00,1.00
2017.09.27 21:06:41.685,0.81214,0.81259,1.00,1.00
2017.09.27 21:06:41.736,0.81217,0.81259,1.00,1.00
2017.09.27 21:06:42.316,0.81218,0.81259,1.00,1.00
2017.09.27 21:06:44.005,0.81216,0.81259,1.00,1.00
2017.09.27 21:06:46.425,0.81218,0.81259,1.00,1.00
2017.09.27 21:06:46.867,0.81218,0.81255,1.00,1.00
2017.09.27 21:06:48.519,0.8122,0.81255,1.00,1.00
2017.09.27 21:06:49.898,0.8122,0.81266,1.00,1.00
2017.09.27 21:06:49.950,0.81219,0.81276,1.00,1.52
2017.09.27 21:06:50.001,0.81215,0.81274,1.00,1.00
2017.09.27 21:06:50.053,0.81214,0.81277,1.00,1.00
2017.09.27 21:06:53.447,0.81222,0.81288,1.00,1.00
2017.09.27 21:06:55.257,0.8122,0.81285,1.00,1.00
2017.09.27 21:07:03.017,0.81219,0.81284,1.00,1.00
2017.09.27 21:07:03.493,0.81223,0.81288,1.00,1.00
2017.09.27 21:07:11.025,0.81218,0.81292,1.00,1.27
2017.09.27 21:07:11.076,0.81221,0.81286,1.00,1.00
2017.09.27 21:07:11.541,0.81225,0.8129,1.00,1.00
2017.09.27 21:07:12.862,0.81225,0.81292,1.00,2.02
2017.09.27 21:07:12.914,0.81225,0.81295,1.00,1.00
2017.09.27 21:07:12.965,0.81222,0.81296,1.00,1.00
2017.09.27 21:07:13.016,0.81219,0.81293,1.00,1.00
2017.09.27 21:07:13.320,0.81222,0.81296,1.00,1.00
2017.09.27 21:07:13.852,0.81219,0.81293,1.00,1.00
2017.09.27 21:07:28.727,0.81237,0.81302,1.00,1.27
2017.09.27 21:07:29.031,0.81236,0.813,1.00,1.00
2017.09.27 21:07:31.369,0.81244,0.81302,1.00,1.00
2017.09.27 21:07:31.774,0.81241,0.81307,1.00,1.00
2017.09.27 21:07:32.316,0.81242,0.81308,1.00,1.00
2017.09.27 21:07:34.417,0.8124,0.8131,1.00,1.27
2017.09.27 21:07:38.735,0.8124,0.81308,1.00,1.00
2017.09.27 21:07:42.761,0.81242,0.81306,1.00,1.00
2017.09.27 21:07:51.901,0.81245,0.81306,1.00,1.00
2017.09.27 21:08:10.407,0.8124,0.813,1.00,1.00
2017.09.27 21:08:10.459,0.81235,0.81296,1.00,1.00
2017.09.27 21:08:10.510,0.81235,0.81278,1.00,1.19
2017.09.27 21:08:10.850,0.81239,0.81269,1.00,1.00
2017.09.27 21:08:11.238,0.81239,0.81267,1.00,1.00
2017.09.27 21:08:11.667,0.81239,0.81272,1.00,1.00
2017.09.27 21:08:12.217,0.81239,0.81271,1.00,1.00
2017.09.27 21:08:13.199,0.81239,0.8127,1.00,1.00
2017.09.27 21:08:14.968,0.81239,0.81271,1.00,1.00
2017.09.27 21:08:16.677,0.81239,0.8127,1.00,1.00
2017.09.27 21:08:18.952,0.8124,0.8127,1.00,1.00
2017.09.27 21:08:19.667,0.8124,0.81268,1.00,1.00
2017.09.27 21:08:20.392,0.81233,0.81269,1.00,1.00
2017.09.27 21:08:20.646,0.81233,0.813,1.00,1.00
2017.09.27 21:08:21.157,0.81233,0.81301,1.00,1.00
2017.09.27 21:08:22.967,0.81233,0.81298,1.00,1.00
2017.09.27 21:08:23.815,0.81233,0.81278,1.00,1.00
2017.09.27 21:08:24.119,0.81228,0.81272,1.00,1.00
2017.09.27 21:08:28.548,0.8123,0.81274,1.00,1.00
2017.09.27 21:08:33.194,0.81226,0.8127,1.00,1.00
2017.09.27 21:08:33.718,0.81225,0.81269,1.00,1.00
2017.09.27 21:08:34.842,0.81227,0.81271,1.00,1.00
2017.09.27 21:08:35.890,0.81229,0.81272,1.00,1.00
2017.09.27 21:08:38.700,0.81229,0.81273,1.00,1.50
2017.09.27 21:08:39.166,0.81229,0.8127,1.00,1.00
2017.09.27 21:08:41.146,0.81229,0.81268,1.00,1.00
2017.09.27 21:08:41.648,0.81229,0.8127,1.00,1.00
2017.09.27 21:08:42.715,0.81229,0.81269,1.00,1.00
2017.09.27 21:08:43.167,0.81229,0.81272,1.00,1.00
2017.09.27 21:08:54.819,0.81229,0.81269,1.00,1.00
2017.09.27 21:08:57.667,0.81229,0.81268,1.00,1.00
2017.09.27 21:08:59.058,0.81227,0.81268,1.00,1.00
2017.09.27 21:08:59.149,0.8123,0.81268,1.00,1.00
2017.09.27 21:08:59.200,0.81227,0.81268,1.00,1.00
2017.09.27 21:08:59.999,0.81228,0.81268,1.00,1.00
2017.09.27 21:09:04.937,0.81228,0.81281,1.00,1.52
2017.09.27 21:09:04.988,0.81226,0.8129,1.00,1.00
2017.09.27 21:09:05.039,0.81224,0.81292,1.00,1.00
2017.09.27 21:09:05.616,0.81224,0.81293,1.00,1.00
2017.09.27 21:09:05.947,0.81224,0.81287,1.00,1.00
2017.09.27 21:09:09.597,0.81224,0.81276,1.00,1.25
2017.09.27 21:09:09.918,0.81226,0.81265,1.00,1.00
2017.09.27 21:09:10.097,0.81226,0.81267,1.00,1.50
2017.09.27 21:09:10.628,0.81226,0.81266,1.00,1.00
2017.09.27 21:09:15.032,0.81226,0.81264,1.00,1.00
2017.09.27 21:09:17.167,0.81226,0.81266,1.00,2.25
2017.09.27 21:09:17.561,0.81226,0.81264,1.00,1.00
2017.09.27 21:09:21.596,0.81226,0.81262,1.00,1.00
2017.09.27 21:09:21.989,0.81226,0.81267,1.00,1.52
2017.09.27 21:09:22.142,0.81228,0.81268,1.00,1.00
2017.09.27 21:09:22.446,0.81228,0.81272,1.00,1.00
2017.09.27 21:09:35.048,0.81226,0.8127,1.00,1.00
2017.09.27 21:09:38.598,0.81228,0.81272,1.00,1.50
2017.09.27 21:09:41.638,0.8123,0.81281,1.00,1.52
2017.09.27 21:09:41.689,0.8123,0.81288,1.00,1.00
2017.09.27 21:09:41.740,0.81227,0.81289,1.00,1.00
2017.09.27 21:09:41.841,0.81226,0.81291,1.00,1.00
2017.09.27 21:09:42.650,0.81226,0.81292,1.00,1.00
2017.09.27 21:09:43.756,0.81231,0.81301,1.00,1.00
2017.09.27 21:09:44.049,0.81231,0.81258,1.00,1.00
2017.09.27 21:09:44.100,0.81211,0.81258,1.12,1.25
2017.09.27 21:09:44.151,0.81201,0.81258,1.75,1.50
2017.09.27 21:09:44.252,0.81201,0.81258,1.00,1.50
2017.09.27 21:09:44.303,0.81208,0.81252,1.00,1.00
2017.09.27 21:09:46.419,0.8121,0.81254,1.00,1.00
2017.09.27 21:09:51.039,0.81212,0.81256,1.00,1.00
2017.09.27 21:10:01.627,0.81197,0.81259,1.19,1.00
2017.09.27 21:10:02.701,0.81197,0.81258,1.19,1.00
2017.09.27 21:10:03.249,0.81197,0.81259,1.19,1.00
2017.09.27 21:10:03.697,0.81212,0.81255,1.00,1.00
2017.09.27 21:10:04.000,0.81211,0.81253,1.00,1.00
2017.09.27 21:10:04.600,0.81212,0.81255,1.00,1.00
2017.09.27 21:10:09.152,0.8121,0.81253,1.00,1.00
2017.09.27 21:10:09.686,0.8121,0.81254,1.00,1.00
2017.09.27 21:10:11.367,0.81211,0.81255,1.00,1.00
2017.09.27 21:10:22.723,0.81211,0.81254,1.00,1.00
2017.09.27 21:10:25.550,0.81213,0.81254,1.00,1.00
2017.09.27 21:10:26.061,0.81213,0.81252,1.00,1.00
2017.09.27 21:10:26.112,0.81211,0.81252,1.00,1.00
2017.09.27 21:10:26.562,0.81211,0.81254,1.00,1.50
2017.09.27 21:10:35.300,0.81211,0.81252,1.00,1.00
2017.09.27 21:10:35.761,0.81211,0.81254,1.00,1.50
2017.09.27 21:10:36.362,0.8121,0.81254,1.00,1.50
2017.09.27 21:10:37.488,0.81212,0.81254,1.00,1.00
2017.09.27 21:10:40.862,0.81212,0.81252,1.00,1.00
2017.09.27 21:10:41.348,0.81212,0.81254,1.00,1.00
2017.09.27 21:10:41.841,0.81212,0.81251,1.00,1.00
2017.09.27 21:10:43.674,0.81212,0.8125,1.00,1.00
2017.09.27 21:10:44.431,0.81212,0.81247,1.00,1.00
2017.09.27 21:10:44.932,0.81212,0.8125,1.00,1.00
2017.09.27 21:10:53.798,0.81212,0.81252,1.00,1.00
2017.09.27 21:10:54.261,0.81212,0.8125,1.00,1.00
2017.09.27 21:10:55.300,0.81212,0.81247,1.00,1.00
2017.09.27 21:10:55.761,0.81212,0.8125,1.00,1.00
2017.09.27 21:10:59.660,0.81212,0.81247,1.00,1.00
2017.09.27 21:11:00.111,0.81212,0.8125,1.00,1.00
2017.09.27 21:11:01.634,0.81212,0.81247,1.00,1.00
2017.09.27 21:11:02.122,0.81212,0.8125,1.00,1.00
2017.09.27 21:11:03.233,0.81212,0.81249,1.00,1.00
2017.09.27 21:11:03.989,0.81212,0.81256,1.00,1.00
2017.09.27 21:11:05.785,0.81219,0.81266,1.00,1.50
2017.09.27 21:11:05.888,0.81229,0.81269,1.00,1.00
2017.09.27 21:11:05.939,0.81226,0.81269,1.00,1.00
2017.09.27 21:11:05.991,0.81234,0.81277,1.00,1.00
2017.09.27 21:11:06.145,0.81247,0.81298,1.00,1.00
2017.09.27 21:11:06.297,0.81247,0.81294,1.00,1.00
2017.09.27 21:11:06.502,0.81245,0.81294,1.00,1.00
2017.09.27 21:11:06.746,0.81249,0.81294,1.00,1.00
2017.09.27 21:11:07.087,0.81252,0.81296,1.00,1.00
2017.09.27 21:11:07.592,0.81251,0.81295,1.00,1.00
2017.09.27 21:11:08.093,0.81251,0.81296,1.00,1.00
2017.09.27 21:11:08.144,0.81249,0.81296,1.00,1.00
2017.09.27 21:11:08.653,0.81244,0.81296,1.00,1.00
2017.09.27 21:11:08.785,0.81242,0.81296,1.00,1.00
2017.09.27 21:11:08.836,0.81245,0.81296,1.00,1.00
2017.09.27 21:11:08.931,0.81243,0.81296,1.00,1.00
2017.09.27 21:11:09.456,0.81242,0.81296,1.00,1.00
2017.09.27 21:11:09.508,0.81244,0.81296,1.00,1.00
2017.09.27 21:11:09.559,0.81242,0.81296,1.00,1.00
2017.09.27 21:11:09.802,0.81244,0.81296,1.00,1.00
2017.09.27 21:11:10.302,0.81243,0.81298,1.00,1.00
2017.09.27 21:11:10.772,0.81237,0.81289,1.00,1.79
2017.09.27 21:11:11.081,0.81237,0.81278,1.00,1.00
2017.09.27 21:11:13.280,0.81233,0.81278,1.00,1.00
2017.09.27 21:11:13.782,0.81233,0.81277,1.00,1.00
2017.09.27 21:11:14.333,0.81233,0.81276,1.00,1.00
2017.09.27 21:11:14.491,0.81235,0.81276,1.00,1.00
2017.09.27 21:11:14.707,0.81233,0.81276,1.00,1.19
2017.09.27 21:11:14.758,0.81227,0.81268,1.00,1.00
2017.09.27 21:11:14.809,0.81225,0.81268,1.00,1.00
2017.09.27 21:11:14.860,0.81221,0.81268,1.00,1.00
2017.09.27 21:11:15.550,0.81223,0.81268,1.00,1.00
2017.09.27 21:11:15.754,0.81224,0.81272,1.00,1.00
2017.09.27 21:11:16.229,0.81221,0.81272,1.00,1.47
2017.09.27 21:11:16.717,0.81221,0.81265,1.00,1.00
2017.09.27 21:11:17.232,0.81221,0.81264,1.00,1.00
2017.09.27 21:11:17.829,0.81222,0.81272,1.00,1.00
2017.09.27 21:11:18.402,0.81223,0.81271,1.00,1.00
2017.09.27 21:11:18.503,0.8123,0.81271,1.00,1.00
2017.09.27 21:11:20.805,0.8123,0.81268,1.00,1.00
2017.09.27 21:11:21.432,0.81231,0.81268,1.00,1.00
2017.09.27 21:11:22.078,0.81232,0.81268,1.00,1.00
2017.09.27 21:11:22.474,0.8123,0.81268,1.00,1.00
2017.09.27 21:11:22.931,0.8123,0.8127,1.00,1.00
2017.09.27 21:11:23.671,0.8123,0.81269,1.00,1.00
2017.09.27 21:11:24.404,0.81229,0.81269,1.00,1.00
2017.09.27 21:11:25.755,0.81229,0.81265,1.00,1.00
2017.09.27 21:11:25.806,0.81225,0.81265,1.00,1.00
2017.09.27 21:11:26.214,0.81224,0.81263,1.00,1.00
2017.09.27 21:11:27.076,0.81224,0.81265,1.00,1.00
2017.09.27 21:11:27.579,0.81224,0.81263,1.00,1.00
2017.09.27 21:11:29.714,0.81224,0.81264,1.00,1.00
2017.09.27 21:11:30.246,0.81224,0.81265,1.00,1.00
2017.09.27 21:11:31.296,0.81223,0.81265,1.00,1.00
2017.09.27 21:11:32.482,0.81223,0.81266,1.00,1.00
2017.09.27 21:11:33.033,0.8122,0.81265,1.00,1.00
2017.09.27 21:11:33.649,0.8122,0.81264,1.00,1.00
2017.09.27 21:11:34.381,0.8122,0.81266,1.00,1.00
2017.09.27 21:11:37.571,0.8122,0.81265,1.00,1.00
2017.09.27 21:11:39.672,0.8122,0.81264,1.00,1.00
2017.09.27 21:11:44.892,0.8122,0.81263,1.00,1.00
2017.09.27 21:11:45.342,0.81222,0.81263,1.00,1.00
2017.09.27 21:11:45.893,0.81222,0.81265,1.00,1.00
2017.09.27 21:11:47.069,0.81222,0.81263,1.00,1.00
2017.09.27 21:11:48.672,0.81222,0.81262,1.00,1.00
2017.09.27 21:12:00.063,0.81222,0.81263,1.00,1.00
2017.09.27 21:12:00.612,0.81222,0.81264,1.00,1.00
2017.09.27 21:12:06.254,0.81222,0.81261,1.00,1.00
2017.09.27 21:12:07.805,0.81222,0.8126,1.00,1.00
2017.09.27 21:12:08.699,0.81222,0.81258,1.00,1.00
2017.09.27 21:12:09.171,0.81222,0.81253,1.00,1.00
2017.09.27 21:12:09.672,0.81222,0.81258,1.00,1.00
2017.09.27 21:12:14.641,0.81222,0.81257,1.00,1.00
2017.09.27 21:12:18.044,0.81221,0.81259,1.00,1.00
2017.09.27 21:12:19.035,0.81221,0.81258,1.00,1.00
2017.09.27 21:12:19.552,0.81221,0.81257,1.00,1.00
2017.09.27 21:12:20.805,0.81221,0.81259,1.00,1.00
2017.09.27 21:12:21.310,0.81221,0.81257,1.00,1.00
2017.09.27 21:12:21.781,0.81221,0.81259,1.00,1.00
2017.09.27 21:12:22.314,0.81221,0.81258,1.00,1.00
2017.09.27 21:12:22.854,0.81222,0.8126,1.00,1.00
2017.09.27 21:12:23.326,0.81222,0.81263,1.00,1.00
2017.09.27 21:12:26.891,0.81222,0.81261,1.00,1.00
2017.09.27 21:12:27.391,0.81222,0.81259,1.00,1.00
2017.09.27 21:12:27.531,0.8122,0.81259,1.00,1.00
2017.09.27 21:12:30.061,0.81223,0.81261,1.00,1.00
2017.09.27 21:12:30.753,0.81222,0.81261,1.00,1.00
2017.09.27 21:12:33.343,0.81222,0.81263,1.00,1.00
2017.09.27 21:12:34.621,0.81222,0.81261,1.00,1.00
2017.09.27 21:12:36.211,0.81222,0.81263,1.00,1.00
2017.09.27 21:12:36.539,0.8122,0.81263,1.00,1.00
2017.09.27 21:12:37.051,0.8122,0.81261,1.00,1.00
2017.09.27 21:12:37.511,0.8122,0.81259,1.00,1.00
2017.09.27 21:12:39.040,0.81222,0.81259,1.00,1.00
2017.09.27 21:12:40.044,0.81222,0.8126,1.00,1.00
2017.09.27 21:12:40.398,0.8123,0.8126,1.00,1.00
2017.09.27 21:12:40.550,0.8123,0.81264,1.00,1.00
2017.09.27 21:12:48.293,0.8123,0.81265,1.00,1.00
2017.09.27 21:12:48.802,0.8123,0.81264,1.00,1.00
2017.09.27 21:12:51.312,0.8123,0.81268,1.00,1.00
2017.09.27 21:12:51.771,0.8123,0.81265,1.00,1.00
2017.09.27 21:12:52.322,0.8123,0.81266,1.00,1.00
2017.09.27 21:12:57.143,0.8123,0.81264,1.00,1.00
2017.09.27 21:12:57.717,0.8123,0.81265,1.00,1.00
2017.09.27 21:12:59.014,0.8123,0.81267,1.00,1.00
2017.09.27 21:12:59.522,0.8123,0.81268,1.00,1.00
2017.09.27 21:13:06.133,0.8123,0.81267,1.00,1.00
2017.09.27 21:13:06.184,0.81228,0.81267,1.00,1.00
2017.09.27 21:13:08.223,0.81228,0.81265,1.00,1.00
2017.09.27 21:13:11.244,0.8123,0.81265,1.00,1.00
2017.09.27 21:13:11.295,0.81228,0.81267,1.00,1.00
2017.09.27 21:13:11.346,0.8123,0.81267,1.00,1.00
2017.09.27 21:13:11.397,0.81228,0.81267,1.00,1.00
2017.09.27 21:13:11.500,0.8123,0.81267,1.00,1.00
2017.09.27 21:13:11.551,0.81228,0.81267,1.00,1.00
2017.09.27 21:13:11.602,0.8123,0.81267,1.00,1.00
2017.09.27 21:13:11.653,0.81228,0.81267,1.00,1.00
2017.09.27 21:13:11.703,0.8123,0.81267,1.00,1.00
2017.09.27 21:13:11.754,0.81228,0.81267,1.00,1.00
2017.09.27 21:13:11.805,0.8123,0.81267,1.00,1.00
2017.09.27 21:13:11.856,0.81228,0.81267,1.00,1.00
2017.09.27 21:13:11.907,0.8123,0.81267,1.00,1.00
2017.09.27 21:13:11.958,0.81228,0.81267,1.00,1.00
2017.09.27 21:13:12.009,0.8123,0.81267,1.00,1.00
2017.09.27 21:13:12.060,0.81228,0.81267,1.00,1.00
2017.09.27 21:13:12.110,0.8123,0.81267,1.00,1.00
2017.09.27 21:13:12.200,0.81228,0.81267,1.00,1.00
2017.09.27 21:13:12.251,0.8123,0.81267,1.00,1.00
2017.09.27 21:13:15.752,0.8123,0.81268,1.00,1.00
2017.09.27 21:13:16.301,0.8123,0.81267,1.00,1.00
2017.09.27 21:13:16.930,0.81229,0.81268,1.00,1.00
2017.09.27 21:13:17.252,0.81229,0.81264,1.00,1.00
2017.09.27 21:13:22.271,0.81229,0.81265,1.00,1.00
2017.09.27 21:13:24.202,0.81229,0.81264,1.00,1.00
2017.09.27 21:13:25.939,0.81229,0.81265,1.00,1.00
2017.09.27 21:13:26.252,0.81227,0.81265,1.00,1.00
2017.09.27 21:13:26.404,0.81227,0.81263,1.00,1.00
2017.09.27 21:13:32.075,0.81227,0.8126,1.00,1.00
2017.09.27 21:13:39.304,0.81227,0.81263,1.00,1.00
2017.09.27 21:13:39.801,0.81226,0.8126,1.00,1.00
2017.09.27 21:13:42.605,0.81226,0.81261,1.00,1.00
2017.09.27 21:13:42.657,0.81218,0.81261,1.00,1.50
2017.09.27 21:13:43.092,0.81218,0.81258,1.00,1.00
2017.09.27 21:13:46.946,0.81223,0.81258,1.00,1.00
2017.09.27 21:13:47.250,0.81226,0.81258,1.00,1.00
2017.09.27 21:13:49.555,0.81227,0.81258,1.00,1.00
2017.09.27 21:13:50.855,0.81225,0.81261,1.00,1.00
2017.09.27 21:13:51.311,0.81225,0.81259,1.00,1.00
2017.09.27 21:13:52.840,0.81227,0.81259,1.00,1.00
2017.09.27 21:13:53.878,0.81225,0.81259,1.00,1.00
2017.09.27 21:13:54.492,0.81225,0.81258,1.00,1.00
2017.09.27 21:13:54.932,0.81227,0.81258,1.00,1.00
2017.09.27 21:13:54.983,0.81225,0.81258,1.00,1.00
2017.09.27 21:13:55.034,0.81227,0.81258,1.00,1.00
2017.09.27 21:13:55.085,0.81225,0.81258,1.00,1.00
2017.09.27 21:13:55.136,0.81227,0.81258,1.00,1.00
2017.09.27 21:13:55.187,0.81225,0.81258,1.00,1.00
2017.09.27 21:13:55.238,0.81227,0.81258,1.00,1.00
2017.09.27 21:13:55.289,0.81225,0.81258,1.00,1.00
2017.09.27 21:13:55.340,0.81227,0.81258,1.00,1.00
2017.09.27 21:13:55.391,0.81225,0.81258,1.00,1.00
2017.09.27 21:13:55.442,0.81227,0.81258,1.00,1.00
2017.09.27 21:13:55.493,0.81225,0.81258,1.00,1.00
2017.09.27 21:13:55.544,0.81227,0.81258,1.00,1.00
2017.09.27 21:13:55.646,0.81225,0.81258,1.00,1.00
2017.09.27 21:13:55.696,0.81227,0.81258,1.00,1.00
2017.09.27 21:13:55.747,0.81225,0.81258,1.00,1.00
2017.09.27 21:13:55.798,0.81227,0.81258,1.00,1.00
2017.09.27 21:14:00.762,0.81225,0.81258,1.00,1.00
2017.09.27 21:14:07.070,0.81225,0.81261,1.00,1.00
2017.09.27 21:14:07.483,0.81225,0.81258,1.00,1.00
2017.09.27 21:14:08.172,0.81226,0.81261,1.00,1.00
2017.09.27 21:14:08.642,0.81226,0.81258,1.00,1.00
2017.09.27 21:14:09.294,0.81225,0.81258,1.00,1.00
2017.09.27 21:14:09.535,0.8122,0.81258,1.00,1.50
2017.09.27 21:14:09.687,0.8122,0.81251,1.00,1.00
2017.09.27 21:14:10.142,0.81219,0.81248,1.00,1.00
2017.09.27 21:14:11.144,0.8122,0.81248,1.00,1.00
2017.09.27 21:14:11.780,0.8122,0.8125,1.00,1.00
2017.09.27 21:14:11.945,0.81222,0.8125,1.00,1.00
2017.09.27 21:14:14.762,0.81222,0.81251,1.00,1.00
2017.09.27 21:14:15.312,0.81222,0.8125,1.00,1.00
2017.09.27 21:14:15.761,0.81222,0.81248,1.00,1.00
2017.09.27 21:14:19.100,0.81222,0.8125,1.00,1.00
2017.09.27 21:14:19.540,0.81222,0.81259,1.00,1.50
2017.09.27 21:14:24.773,0.8122,0.81257,1.00,1.00
2017.09.27 21:14:25.085,0.81218,0.81255,1.00,1.00
2017.09.27 21:14:32.079,0.8122,0.81257,1.00,1.25
2017.09.27 21:14:32.411,0.81218,0.81255,1.00,1.00
2017.09.27 21:14:34.793,0.8122,0.81257,1.00,1.25
2017.09.27 21:14:40.863,0.8122,0.81257,1.00,1.44
2017.09.27 21:14:45.507,0.8122,0.81257,1.00,1.25
2017.09.27 21:14:46.001,0.81222,0.81258,1.00,1.44
2017.09.27 21:14:46.967,0.81222,0.81259,1.00,1.00
2017.09.27 21:14:47.069,0.81226,0.81263,1.00,1.00
2017.09.27 21:14:47.424,0.81228,0.81265,1.00,1.00
2017.09.27 21:14:47.961,0.81229,0.81266,1.00,1.00
2017.09.27 21:14:50.983,0.81227,0.81264,1.00,1.00
2017.09.27 21:14:58.451,0.81229,0.81266,1.00,1.19
2017.09.27 21:14:58.793,0.81221,0.81258,1.00,1.87
2017.09.27 21:14:59.148,0.81223,0.81258,1.00,1.44
2017.09.27 21:14:59.198,0.81221,0.81258,1.00,1.87
2017.09.27 21:14:59.300,0.81223,0.81258,1.00,1.44
2017.09.27 21:14:59.351,0.81221,0.81258,1.00,1.87
2017.09.27 21:14:59.401,0.81223,0.81258,1.00,1.44
2017.09.27 21:14:59.452,0.81221,0.81258,1.00,1.87
2017.09.27 21:14:59.503,0.81223,0.81258,1.00,1.37
2017.09.27 21:14:59.645,0.81221,0.81258,1.00,1.87
2017.09.27 21:14:59.969,0.81223,0.81258,1.00,1.37
2017.09.27 21:15:00.020,0.81221,0.81258,1.00,1.87
2017.09.27 21:15:00.121,0.81224,0.81258,1.00,1.37
2017.09.27 21:15:00.172,0.81221,0.81258,1.00,1.87
2017.09.27 21:15:00.691,0.81221,0.81258,1.00,1.87
2017.09.27 21:15:00.843,0.81223,0.81262,1.00,1.00
2017.09.27 21:15:00.945,0.81227,0.81264,1.00,1.00
2017.09.27 21:15:01.249,0.81225,0.81262,1.00,1.00
2017.09.27 21:15:01.582,0.81224,0.81259,1.00,1.37
2017.09.27 21:15:02.234,0.81223,0.81259,1.00,1.37
2017.09.27 21:15:02.742,0.81224,0.81261,1.00,1.00
2017.09.27 21:15:02.793,0.81226,0.81263,1.00,1.00
2017.09.27 21:15:03.242,0.81226,0.81259,1.00,1.44
2017.09.27 21:15:03.295,0.81221,0.81258,1.00,1.44
2017.09.27 21:15:03.346,0.81219,0.81256,1.00,1.00
2017.09.27 21:15:03.498,0.81221,0.81258,1.00,1.44
2017.09.27 21:15:04.010,0.8122,0.81257,1.00,1.25
2017.09.27 21:15:04.497,0.81222,0.81259,1.00,1.87
2017.09.27 21:15:04.863,0.81225,0.81262,1.00,1.00
2017.09.27 21:15:05.116,0.81223,0.8126,1.00,1.00
2017.09.27 21:15:12.002,0.81224,0.81261,1.00,1.00
2017.09.27 21:15:15.431,0.81225,0.81262,1.00,1.00
2017.09.27 21:15:15.974,0.81224,0.81261,1.00,1.00
2017.09.27 21:15:19.032,0.81226,0.81263,1.00,1.00
2017.09.27 21:15:19.335,0.81224,0.81261,1.00,1.00
2017.09.27 21:15:19.891,0.81225,0.81262,1.00,1.00
2017.09.27 21:15:20.447,0.81224,0.81261,1.00,1.00
2017.09.27 21:15:21.296,0.81225,0.81262,1.00,1.00
2017.09.27 21:15:21.870,0.81224,0.81261,1.00,1.00
2017.09.27 21:15:22.218,0.81222,0.81259,1.00,1.00
2017.09.27 21:15:29.901,0.81227,0.81261,1.00,1.87
2017.09.27 21:15:30.003,0.81224,0.81258,1.00,1.00
2017.09.27 21:15:30.156,0.81222,0.81257,1.00,1.00
2017.09.27 21:15:30.679,0.81222,0.81256,1.00,1.00
2017.09.27 21:15:31.285,0.81222,0.81257,1.00,1.00
2017.09.27 21:15:31.793,0.81223,0.81257,1.00,1.00
2017.09.27 21:15:31.844,0.81224,0.81259,1.00,1.25
2017.09.27 21:15:32.098,0.81222,0.81257,1.00,1.00
2017.09.27 21:15:32.435,0.81224,0.81258,1.00,1.00
2017.09.27 21:15:32.999,0.81223,0.81257,1.00,1.00
2017.09.27 21:15:33.509,0.81224,0.81258,1.00,1.25
2017.09.27 21:15:33.840,0.81222,0.81256,1.00,1.00
2017.09.27 21:15:34.215,0.81224,0.81258,1.00,1.25
2017.09.27 21:15:34.643,0.81226,0.8126,1.00,1.87
2017.09.27 21:15:34.897,0.81224,0.81258,1.00,1.25
2017.09.27 21:15:35.646,0.81226,0.8126,1.00,1.87
2017.09.27 21:15:35.907,0.81224,0.81258,1.00,1.00
2017.09.27 21:15:36.326,0.81222,0.81257,1.00,1.00
2017.09.27 21:15:36.901,0.81224,0.81259,1.00,1.00
2017.09.27 21:15:37.258,0.81222,0.81257,1.00,1.00
2017.09.27 21:15:37.894,0.81224,0.81259,1.00,1.00
2017.09.27 21:15:38.214,0.81223,0.81257,1.00,1.00
2017.09.27 21:15:38.514,0.81224,0.81259,1.00,1.00
2017.09.27 21:15:39.395,0.81225,0.8126,1.00,1.00
2017.09.27 21:15:39.943,0.81223,0.81257,1.00,1.00
2017.09.27 21:15:39.994,0.81225,0.8126,1.00,1.00
2017.09.27 21:15:40.045,0.81223,0.81257,1.00,1.00
2017.09.27 21:15:40.096,0.81225,0.8126,1.00,1.00
2017.09.27 21:15:40.490,0.81222,0.81256,1.00,1.00
2017.09.27 21:15:43.495,0.81223,0.81257,1.00,1.00
2017.09.27 21:15:43.899,0.81225,0.8126,1.00,1.00
2017.09.27 21:15:44.416,0.81226,0.8126,1.00,1.00
2017.09.27 21:15:44.710,0.81223,0.81257,1.00,1.00
2017.09.27 21:15:44.911,0.81225,0.8126,1.00,1.00
2017.09.27 21:15:45.164,0.81223,0.81257,1.00,1.00
2017.09.27 21:15:45.376,0.81225,0.8126,1.00,1.00
2017.09.27 21:15:45.697,0.81223,0.81257,1.00,1.00
2017.09.27 21:15:46.207,0.81225,0.8126,1.00,1.00
2017.09.27 21:15:46.735,0.81224,0.81259,1.00,1.00
2017.09.27 21:15:47.265,0.81225,0.8126,1.00,1.00
2017.09.27 21:15:47.796,0.81224,0.81259,1.00,1.00
2017.09.27 21:15:48.336,0.81225,0.8126,1.00,1.00
2017.09.27 21:15:51.145,0.81224,0.81259,1.00,1.00
2017.09.27 21:15:54.997,0.81225,0.8126,1.00,1.25
2017.09.27 21:15:55.667,0.81226,0.8126,1.00,1.00
2017.09.27 21:15:55.768,0.81224,0.81259,1.00,1.00
2017.09.27 21:15:56.342,0.81224,0.81258,1.00,1.00
2017.09.27 21:15:57.445,0.81223,0.81257,1.00,1.00
2017.09.27 21:15:57.967,0.81225,0.81259,1.00,1.00
2017.09.27 21:15:58.504,0.81224,0.81258,1.00,1.00
2017.09.27 21:16:01.108,0.81223,0.81258,1.00,1.00
2017.09.27 21:16:01.448,0.81228,0.81262,1.00,1.00
2017.09.27 21:16:05.382,0.81225,0.8126,1.00,1.00
2017.09.27 21:16:08.447,0.81224,0.81259,1.00,1.00
2017.09.27 21:16:08.952,0.81225,0.8126,1.00,1.00
2017.09.27 21:16:09.087,0.81227,0.81261,1.00,1.00
2017.09.27 21:16:09.629,0.81227,0.81262,1.00,1.00
2017.09.27 21:16:10.288,0.81228,0.81262,1.00,1.00
2017.09.27 21:16:11.861,0.81227,0.81261,1.00,1.00
2017.09.27 21:16:13.396,0.81229,0.81264,1.00,1.00
2017.09.27 21:16:13.449,0.81227,0.81261,1.00,1.00
2017.09.27 21:16:13.829,0.8123,0.81264,1.00,1.00
2017.09.27 21:16:14.165,0.81228,0.81262,1.00,1.00
2017.09.27 21:16:14.507,0.8123,0.81264,1.00,1.00
2017.09.27 21:16:15.209,0.81229,0.81264,1.00,1.00
2017.09.27 21:16:15.984,0.8123,0.81264,1.00,1.00
2017.09.27 21:16:16.750,0.81229,0.81264,1.00,1.00
2017.09.27 21:16:17.458,0.8123,0.81264,1.00,1.00
2017.09.27 21:16:17.994,0.81229,0.81264,1.00,1.00
2017.09.27 21:16:18.301,0.81228,0.81262,1.00,1.00
2017.09.27 21:16:18.352,0.81229,0.81264,1.00,1.00
2017.09.27 21:16:18.403,0.81228,0.81262,1.00,1.00
2017.09.27 21:16:18.454,0.81229,0.81264,1.00,1.00
2017.09.27 21:16:18.995,0.8123,0.81264,1.00,1.00
2017.09.27 21:16:19.761,0.81229,0.81264,1.00,1.00
2017.09.27 21:16:20.495,0.8123,0.81264,1.00,1.00
2017.09.27 21:16:21.212,0.81229,0.81264,1.00,1.00
2017.09.27 21:16:21.801,0.8123,0.81264,1.00,1.00
2017.09.27 21:16:25.984,0.81228,0.81263,1.00,1.00
2017.09.27 21:16:26.555,0.81228,0.81262,1.00,1.00
2017.09.27 21:16:30.146,0.81225,0.8126,1.00,1.00
2017.09.27 21:16:30.686,0.81224,0.8126,1.00,1.00
2017.09.27 21:16:31.049,0.81226,0.81261,1.00,1.00
2017.09.27 21:16:31.427,0.81225,0.81259,1.00,1.00
2017.09.27 21:16:31.734,0.81227,0.81262,1.00,1.00
2017.09.27 21:16:31.784,0.81225,0.81259,1.00,1.00
2017.09.27 21:16:31.835,0.81227,0.81262,1.00,1.00
2017.09.27 21:16:31.886,0.81225,0.81259,1.00,1.00
2017.09.27 21:16:31.937,0.81227,0.81262,1.00,1.00
2017.09.27 21:16:31.988,0.81225,0.81259,1.00,1.00
2017.09.27 21:16:32.039,0.81226,0.81261,1.00,1.00
2017.09.27 21:16:34.449,0.81225,0.81259,1.00,1.00
2017.09.27 21:16:34.983,0.81224,0.81259,1.00,1.00
2017.09.27 21:16:37.258,0.81222,0.81257,1.12,1.00
2017.09.27 21:16:37.990,0.81224,0.81259,1.00,1.00
2017.09.27 21:16:39.013,0.81222,0.81257,1.00,1.00
2017.09.27 21:16:39.477,0.81224,0.81259,1.00,1.00
2017.09.27 21:16:39.878,0.81222,0.81257,1.00,1.00
2017.09.27 21:16:44.053,0.81228,0.81262,1.00,1.00
2017.09.27 21:16:45.077,0.81229,0.81263,1.00,1.00
2017.09.27 21:16:46.446,0.8123,0.81264,1.00,1.00
2017.09.27 21:16:47.219,0.81229,0.81263,1.00,1.00
2017.09.27 21:16:47.812,0.81222,0.81257,1.12,1.00
2017.09.27 21:16:47.972,0.81229,0.81263,1.00,1.00
2017.09.27 21:16:48.504,0.8123,0.81264,1.00,1.00
2017.09.27 21:16:48.987,0.81231,0.81266,1.00,1.00
2017.09.27 21:16:50.983,0.81233,0.81268,1.00,1.00
2017.09.27 21:16:51.822,0.81231,0.81266,1.00,1.00
2017.09.27 21:16:55.866,0.81229,0.81263,1.00,1.00
2017.09.27 21:16:55.917,0.81224,0.81259,1.00,1.00
2017.09.27 21:16:55.967,0.81222,0.81257,1.00,1.00
2017.09.27 21:16:56.317,0.81231,0.81266,1.00,1.00
2017.09.27 21:16:56.872,0.81232,0.81267,1.00,1.00
2017.09.27 21:16:57.419,0.81233,0.81267,1.00,1.00
2017.09.27 21:16:57.947,0.81234,0.81268,1.00,1.00
2017.09.27 21:16:58.469,0.81231,0.81266,1.00,1.00
2017.09.27 21:16:58.571,0.81234,0.81268,1.00,1.00
2017.09.27 21:16:59.504,0.81231,0.81266,1.00,1.00
2017.09.27 21:16:59.557,0.81234,0.81268,1.00,1.00
2017.09.27 21:16:59.608,0.81231,0.81266,1.00,1.00
2017.09.27 21:16:59.760,0.81234,0.81268,1.00,1.00
2017.09.27 21:16:59.979,0.81231,0.81266,1.00,1.00
2017.09.27 21:17:00.030,0.81234,0.81268,1.00,1.00
2017.09.27 21:17:00.816,0.81233,0.81267,1.00,1.00
2017.09.27 21:17:04.486,0.81231,0.81266,1.00,1.00
2017.09.27 21:17:04.712,0.81233,0.81267,1.00,1.00
2017.09.27 21:17:04.987,0.81231,0.81266,1.00,1.00
2017.09.27 21:17:05.206,0.81233,0.81267,1.00,1.00
2017.09.27 21:17:05.494,0.81231,0.81266,1.00,1.00
2017.09.27 21:17:05.716,0.81233,0.81267,1.00,1.00
2017.09.27 21:17:05.975,0.81231,0.81266,1.00,1.00
2017.09.27 21:17:06.247,0.81233,0.81267,1.00,1.00
2017.09.27 21:17:06.481,0.81231,0.81266,1.00,1.00
2017.09.27 21:17:06.759,0.81233,0.81267,1.00,1.00
2017.09.27 21:17:06.983,0.81231,0.81266,1.00,1.00
2017.09.27 21:17:07.215,0.81233,0.81267,1.00,1.00
2017.09.27 21:17:07.483,0.81231,0.81266,1.00,1.00
2017.09.27 21:17:07.738,0.81233,0.81267,1.00,1.00
2017.09.27 21:17:07.863,0.81231,0.81266,1.00,1.00
2017.09.27 21:17:08.041,0.81234,0.81268,1.00,1.00
2017.09.27 21:17:08.092,0.81231,0.81266,1.00,1.00
2017.09.27 21:17:08.144,0.81234,0.81268,1.00,1.00
2017.09.27 21:17:08.195,0.81231,0.81266,1.00,1.00
2017.09.27 21:17:08.335,0.81233,0.81267,1.00,1.00
2017.09.27 21:17:08.386,0.81231,0.81266,1.00,1.00
2017.09.27 21:17:08.566,0.81235,0.8127,1.00,1.00
2017.09.27 21:17:08.998,0.81234,0.81268,1.00,1.00
2017.09.27 21:17:09.049,0.81235,0.8127,1.00,1.00
2017.09.27 21:17:09.573,0.81234,0.81269,1.00,1.00
2017.09.27 21:17:10.673,0.8123,0.81264,1.00,1.00
2017.09.27 21:17:10.724,0.81225,0.8126,1.00,1.00
2017.09.27 21:17:10.980,0.81233,0.81268,1.00,1.00
2017.09.27 21:17:11.334,0.81235,0.8127,1.00,1.00
2017.09.27 21:17:11.680,0.81237,0.81271,1.00,1.25
2017.09.27 21:17:11.868,0.81235,0.8127,1.00,1.00
2017.09.27 21:17:12.608,0.81237,0.81271,1.00,1.25
2017.09.27 21:17:15.835,0.81234,0.81269,1.00,1.00
2017.09.27 21:17:15.937,0.81227,0.81262,1.00,1.00
2017.09.27 21:17:16.462,0.81228,0.81262,1.00,1.00
2017.09.27 21:17:16.569,0.81225,0.8126,1.00,1.00
2017.09.27 21:17:16.918,0.81227,0.81261,1.00,1.00
2017.09.27 21:17:17.468,0.81227,0.81262,1.00,1.00
2017.09.27 21:17:17.790,0.81229,0.81263,1.00,1.00
2017.09.27 21:17:17.993,0.81227,0.81262,1.00,1.00
2017.09.27 21:17:18.095,0.81229,0.81263,1.00,1.00
2017.09.27 21:17:18.484,0.81227,0.81262,1.00,1.00
2017.09.27 21:17:19.040,0.81226,0.81261,1.00,1.00
2017.09.27 21:17:19.510,0.81228,0.81262,1.00,1.00
2017.09.27 21:17:20.013,0.81227,0.81261,1.00,1.00
2017.09.27 21:17:25.247,0.81225,0.81259,1.00,1.00
2017.09.27 21:17:25.554,0.81227,0.81261,1.00,1.00
2017.09.27 21:17:26.152,0.81226,0.81261,1.00,1.00
2017.09.27 21:17:26.471,0.81226,0.81258,1.00,1.00
2017.09.27 21:17:27.077,0.81224,0.81257,1.00,1.00
2017.09.27 21:17:27.601,0.81225,0.81257,1.00,1.00
2017.09.27 21:17:28.337,0.81226,0.81257,1.00,1.00
2017.09.27 21:17:28.619,0.81224,0.81257,1.00,1.00
2017.09.27 21:17:28.670,0.81226,0.81257,1.00,1.00
2017.09.27 21:17:28.958,0.81224,0.81257,1.00,1.00
2017.09.27 21:17:29.009,0.81226,0.81256,1.00,1.00
2017.09.27 21:17:29.161,0.81224,0.81256,1.00,1.00
2017.09.27 21:17:29.212,0.81226,0.81256,1.00,1.00
2017.09.27 21:17:29.516,0.81226,0.81261,1.00,1.50
2017.09.27 21:17:29.668,0.81224,0.81259,1.00,1.00
2017.09.27 21:17:30.886,0.81224,0.81257,1.00,1.00
2017.09.27 21:17:31.362,0.81224,0.81253,1.00,1.00
2017.09.27 21:17:32.420,0.81225,0.81253,1.00,1.00
2017.09.27 21:17:32.471,0.81224,0.81255,1.00,1.00
2017.09.27 21:17:33.001,0.81225,0.81255,1.00,1.00
2017.09.27 21:17:33.752,0.81223,0.81255,1.00,1.00
2017.09.27 21:17:33.803,0.81225,0.81255,1.00,1.00
2017.09.27 21:17:34.084,0.81222,0.81255,1.00,1.00
2017.09.27 21:17:34.185,0.81223,0.81257,1.00,1.00
2017.09.27 21:17:34.767,0.81224,0.81258,1.00,1.00
2017.09.27 21:17:35.072,0.81222,0.81256,1.00,1.00
2017.09.27 21:17:35.451,0.81224,0.81258,1.00,1.00
2017.09.27 21:17:35.972,0.81224,0.81259,1.00,1.50
2017.09.27 21:17:36.504,0.81225,0.8126,1.00,1.00
2017.09.27 21:17:37.024,0.81224,0.81259,1.00,1.00
2017.09.27 21:17:37.532,0.81225,0.81259,1.00,1.00
2017.09.27 21:17:38.072,0.81222,0.81256,1.00,1.00
2017.09.27 21:17:38.573,0.81223,0.81257,1.00,1.00
2017.09.27 21:17:39.083,0.81224,0.81258,1.00,1.50
2017.09.27 21:17:39.607,0.81223,0.81257,1.00,1.00
2017.09.27 21:17:39.841,0.81223,0.81259,1.00,1.50
2017.09.27 21:17:40.194,0.81223,0.81257,1.00,1.00
2017.09.27 21:17:40.772,0.81222,0.81256,1.00,1.00
2017.09.27 21:17:41.342,0.81223,0.81257,1.00,1.00
2017.09.27 21:17:42.123,0.81224,0.81258,1.00,1.00
2017.09.27 21:17:42.845,0.81222,0.81256,1.00,1.00
2017.09.27 21:17:43.158,0.81224,0.81258,1.00,1.50
2017.09.27 21:17:43.524,0.81223,0.81254,1.00,1.00
2017.09.27 21:17:44.058,0.81224,0.81253,1.00,1.00
2017.09.27 21:17:44.567,0.81222,0.81252,1.00,1.00
2017.09.27 21:17:45.048,0.81222,0.81254,1.00,1.00
2017.09.27 21:17:45.436,0.81224,0.81254,1.00,1.00
2017.09.27 21:17:45.538,0.81224,0.81258,1.00,1.00
2017.09.27 21:17:45.702,0.81222,0.81257,1.00,1.00
2017.09.27 21:17:45.753,0.81225,0.8126,1.00,1.50
2017.09.27 21:17:46.057,0.81223,0.81258,1.00,1.00
2017.09.27 21:17:46.424,0.81225,0.81259,1.00,1.00
2017.09.27 21:17:47.039,0.81223,0.81258,1.00,1.00
2017.09.27 21:17:47.090,0.81226,0.81261,1.00,1.00
2017.09.27 21:17:47.400,0.81225,0.81259,1.00,1.00
2017.09.27 21:17:47.683,0.81223,0.81258,1.00,1.00
2017.09.27 21:17:47.734,0.81226,0.8126,1.00,1.00
2017.09.27 21:17:48.031,0.81223,0.81258,1.00,1.00
2017.09.27 21:17:48.082,0.81225,0.81259,1.00,1.00
2017.09.27 21:17:48.358,0.81223,0.81258,1.00,1.00
2017.09.27 21:17:48.409,0.81225,0.81259,1.00,1.00
2017.09.27 21:17:48.941,0.81226,0.8126,1.00,1.00
2017.09.27 21:17:49.357,0.81223,0.81258,1.00,1.00
2017.09.27 21:17:49.408,0.81226,0.8126,1.00,1.00
2017.09.27 21:17:49.711,0.81223,0.81258,1.00,1.00
2017.09.27 21:17:49.762,0.81226,0.8126,1.00,1.00
2017.09.27 21:17:50.030,0.81223,0.81258,1.00,1.00
2017.09.27 21:17:50.081,0.81226,0.8126,1.00,1.00
2017.09.27 21:17:50.384,0.81223,0.81258,1.00,1.00
2017.09.27 21:17:50.435,0.81225,0.81259,1.00,1.00
2017.09.27 21:17:51.757,0.81223,0.81258,1.00,1.00
2017.09.27 21:17:51.859,0.81225,0.81259,1.00,1.00
2017.09.27 21:17:52.403,0.81223,0.81258,1.00,1.00
2017.09.27 21:17:52.454,0.81225,0.81259,1.00,1.00
2017.09.27 21:17:53.098,0.81223,0.81258,1.00,1.00
2017.09.27 21:17:53.149,0.81226,0.8126,1.00,1.00
2017.09.27 21:17:53.688,0.81222,0.81257,1.00,1.00
2017.09.27 21:17:54.262,0.81222,0.81256,1.00,1.00
2017.09.27 21:17:54.761,0.81224,0.81256,1.00,1.00
2017.09.27 21:17:55.070,0.81222,0.81256,1.00,1.00
2017.09.27 21:17:55.736,0.81223,0.81256,1.00,1.00
2017.09.27 21:17:55.787,0.81223,0.81258,1.00,1.50
2017.09.27 21:17:56.115,0.81225,0.81258,1.00,1.00
2017.09.27 21:17:56.437,0.81223,0.81256,1.00,1.00
2017.09.27 21:17:56.891,0.81224,0.81259,1.00,1.50
2017.09.27 21:18:00.117,0.81225,0.8126,1.00,1.00
2017.09.27 21:18:00.358,0.81223,0.81258,1.00,1.00
2017.09.27 21:18:00.735,0.81226,0.8126,1.00,1.00
2017.09.27 21:18:01.364,0.81223,0.81258,1.00,1.00
2017.09.27 21:18:01.415,0.81226,0.8126,1.00,1.00
2017.09.27 21:18:02.380,0.81223,0.81258,1.00,1.00
2017.09.27 21:18:02.431,0.81226,0.8126,1.00,1.00
2017.09.27 21:18:02.705,0.81223,0.81258,1.00,1.00
2017.09.27 21:18:02.756,0.81226,0.8126,1.00,1.00
2017.09.27 21:18:03.060,0.81223,0.81258,1.00,1.00
2017.09.27 21:18:03.111,0.81226,0.8126,1.00,1.00
2017.09.27 21:18:03.384,0.81223,0.81258,1.00,1.00
2017.09.27 21:18:03.435,0.81225,0.81259,1.00,1.00
2017.09.27 21:18:04.001,0.81225,0.8126,1.00,1.00
2017.09.27 21:18:10.232,0.81226,0.81261,1.00,1.00
2017.09.27 21:18:10.757,0.81225,0.8126,1.00,1.00
2017.09.27 21:18:11.514,0.81224,0.81259,1.00,1.00
2017.09.27 21:18:12.020,0.81225,0.8126,1.00,1.00
2017.09.27 21:18:12.365,0.81227,0.81258,1.00,1.00
2017.09.27 21:18:13.239,0.81228,0.81258,1.00,1.00
2017.09.27 21:18:13.900,0.81227,0.81258,1.00,1.00
2017.09.27 21:18:14.749,0.81227,0.81256,1.00,1.00
2017.09.27 21:18:14.863,0.81225,0.81256,1.00,1.00
2017.09.27 21:18:15.412,0.81226,0.81256,1.00,1.00
2017.09.27 21:18:15.920,0.81226,0.81255,1.00,1.00
2017.09.27 21:18:16.510,0.81225,0.81255,1.00,1.00
2017.09.27 21:18:16.898,0.81227,0.81254,1.00,1.00
2017.09.27 21:18:17.179,0.81225,0.81254,1.00,1.00
2017.09.27 21:18:17.230,0.81227,0.81254,1.00,1.00
2017.09.27 21:18:17.510,0.81225,0.81253,1.00,1.00
2017.09.27 21:18:17.561,0.81227,0.81253,1.00,1.00
2017.09.27 21:18:17.857,0.81225,0.81252,1.00,1.00
2017.09.27 21:18:18.421,0.81226,0.81253,1.00,1.00
2017.09.27 21:18:18.811,0.81226,0.81255,1.00,1.00
2017.09.27 21:18:19.331,0.81231,0.81254,1.00,1.00
2017.09.27 21:18:19.685,0.81233,0.81254,1.00,1.00
2017.09.27 21:18:20.227,0.81233,0.81255,1.00,1.00
2017.09.27 21:18:22.202,0.81233,0.81258,1.00,1.00
2017.09.27 21:18:22.675,0.81233,0.8126,1.00,1.00
2017.09.27 21:18:24.676,0.81233,0.81259,1.00,1.00
2017.09.27 21:18:24.878,0.81227,0.81259,1.00,1.00
2017.09.27 21:18:25.517,0.81227,0.81257,1.00,1.00
2017.09.27 21:18:26.066,0.81227,0.81256,1.00,1.00
2017.09.27 21:18:26.546,0.81225,0.81255,1.00,1.00
2017.09.27 21:18:27.080,0.81226,0.81255,1.00,1.00
2017.09.27 21:18:27.591,0.81225,0.81255,1.00,1.00
2017.09.27 21:18:28.186,0.81226,0.81255,1.00,1.00
2017.09.27 21:18:28.806,0.81225,0.81254,1.00,1.00
2017.09.27 21:18:29.241,0.81225,0.81256,1.00,1.00
2017.09.27 21:18:29.597,0.81223,0.81256,1.00,1.00
2017.09.27 21:18:29.698,0.81225,0.81256,1.00,1.00
2017.09.27 21:18:30.609,0.81223,0.81256,1.00,1.00
2017.09.27 21:18:31.148,0.81223,0.81255,1.00,1.00
2017.09.27 21:18:31.691,0.81223,0.81256,1.00,1.00
2017.09.27 21:18:31.978,0.81226,0.81256,1.00,1.00
2017.09.27 21:18:32.029,0.81223,0.81256,1.00,1.00
2017.09.27 21:18:32.130,0.81226,0.81256,1.00,1.00
2017.09.27 21:18:32.181,0.81223,0.81256,1.00,1.00
2017.09.27 21:18:32.232,0.81226,0.81256,1.00,1.00
2017.09.27 21:18:32.282,0.81222,0.81256,1.00,1.00
2017.09.27 21:18:32.333,0.81227,0.81256,1.00,1.00
2017.09.27 21:18:32.384,0.81225,0.81256,1.00,1.00
2017.09.27 21:18:32.435,0.81227,0.81256,1.00,1.00
2017.09.27 21:18:32.485,0.81225,0.81256,1.00,1.00
2017.09.27 21:18:32.536,0.81227,0.81256,1.00,1.00
2017.09.27 21:18:32.587,0.81225,0.81256,1.00,1.00
2017.09.27 21:18:32.638,0.81227,0.81256,1.00,1.00
2017.09.27 21:18:33.187,0.81227,0.81257,1.00,1.00
2017.09.27 21:18:33.292,0.81225,0.81257,1.00,1.00
2017.09.27 21:18:33.343,0.81227,0.81256,1.00,1.00
2017.09.27 21:18:34.989,0.81225,0.81256,1.00,1.00
2017.09.27 21:18:37.298,0.81225,0.81259,1.00,1.00
2017.09.27 21:18:37.847,0.81226,0.8126,1.00,1.00
2017.09.27 21:18:44.040,0.81229,0.81261,1.00,1.00
2017.09.27 21:18:44.667,0.81229,0.81259,1.00,1.00
2017.09.27 21:18:44.718,0.81226,0.81259,1.00,1.00
2017.09.27 21:18:45.199,0.81227,0.81261,1.00,1.00
2017.09.27 21:18:46.978,0.81226,0.81261,1.00,1.50
2017.09.27 21:18:48.460,0.81227,0.81261,1.00,1.00
2017.09.27 21:18:48.985,0.81227,0.81259,1.00,1.00
2017.09.27 21:18:49.188,0.81225,0.81259,1.00,1.00
2017.09.27 21:18:49.436,0.81225,0.81257,1.00,1.00
2017.09.27 21:18:50.060,0.81225,0.81258,1.00,1.00
2017.09.27 21:18:50.576,0.81225,0.81257,1.00,1.00
2017.09.27 21:18:51.947,0.81225,0.81258,1.00,1.00
2017.09.27 21:18:52.455,0.81225,0.81257,1.00,1.00
2017.09.27 21:18:54.092,0.81227,0.81257,1.00,1.00
2017.09.27 21:18:54.257,0.81225,0.81259,1.00,1.00
2017.09.27 21:18:54.458,0.81227,0.81259,1.00,1.00
2017.09.27 21:18:54.752,0.81225,0.81259,1.00,1.00
2017.09.27 21:18:54.960,0.81227,0.81259,1.00,1.00
2017.09.27 21:18:55.216,0.81225,0.81259,1.00,1.00
2017.09.27 21:18:55.459,0.81227,0.81259,1.00,1.00
2017.09.27 21:18:55.708,0.81225,0.81259,1.00,1.00
2017.09.27 21:18:55.986,0.81227,0.81259,1.00,1.00
2017.09.27 21:18:56.251,0.81225,0.81259,1.00,1.00
2017.09.27 21:18:56.456,0.81227,0.81259,1.00,1.00
2017.09.27 21:18:56.684,0.81227,0.81261,1.00,1.00
2017.09.27 21:18:56.735,0.81225,0.8126,1.00,1.00
2017.09.27 21:18:56.989,0.81227,0.81261,1.00,1.00
2017.09.27 21:18:57.226,0.81225,0.8126,1.00,1.00
2017.09.27 21:18:57.277,0.81224,0.81258,1.00,1.00
2017.09.27 21:18:57.456,0.81226,0.81261,1.00,1.50
2017.09.27 21:18:57.719,0.81224,0.81258,1.00,1.00
2017.09.27 21:18:57.901,0.81225,0.8126,1.00,1.00
2017.09.27 21:18:58.003,0.81227,0.81262,1.00,1.00
2017.09.27 21:18:58.320,0.81225,0.8126,1.00,1.00
2017.09.27 21:18:58.656,0.81227,0.81262,1.00,1.00
2017.09.27 21:18:59.242,0.81225,0.8126,1.00,1.00
2017.09.27 21:18:59.560,0.81227,0.81261,1.00,1.00
2017.09.27 21:18:59.712,0.81225,0.8126,1.00,1.00
2017.09.27 21:18:59.981,0.81227,0.81262,1.00,1.50
2017.09.27 21:19:00.283,0.81225,0.8126,1.00,1.00
2017.09.27 21:19:00.600,0.81227,0.81262,1.00,1.00
2017.09.27 21:19:00.940,0.81225,0.8126,1.00,1.00
2017.09.27 21:19:01.505,0.81227,0.81262,1.00,1.00
2017.09.27 21:19:01.808,0.81225,0.8126,1.00,1.00
2017.09.27 21:19:02.132,0.81227,0.81262,1.00,1.50
2017.09.27 21:19:02.453,0.81225,0.8126,1.00,1.00
2017.09.27 21:19:02.971,0.81227,0.81262,1.00,1.50
2017.09.27 21:19:03.477,0.81224,0.81259,1.00,1.00
2017.09.27 21:19:03.783,0.81226,0.81261,1.00,1.00
2017.09.27 21:19:04.190,0.81224,0.81259,1.00,1.00
2017.09.27 21:19:04.624,0.81225,0.81261,1.00,1.50
2017.09.27 21:19:05.014,0.81224,0.81259,1.00,1.00
2017.09.27 21:19:05.896,0.81223,0.81258,1.00,1.00
2017.09.27 21:19:06.950,0.81225,0.8126,1.00,1.00
2017.09.27 21:19:07.273,0.81223,0.81258,1.00,1.00
2017.09.27 21:19:08.267,0.81222,0.81257,1.00,1.00
2017.09.27 21:19:08.574,0.81225,0.8126,1.00,1.50
2017.09.27 21:19:08.878,0.81223,0.81258,1.00,1.00
2017.09.27 21:19:09.385,0.81224,0.81259,1.00,1.00
2017.09.27 21:19:09.963,0.81223,0.81258,1.00,1.00
2017.09.27 21:19:10.744,0.81224,0.81259,1.00,1.00
2017.09.27 21:19:11.645,0.81223,0.81258,1.00,1.00
2017.09.27 21:19:12.164,0.81224,0.81259,1.00,1.00
2017.09.27 21:19:12.712,0.81223,0.81258,1.00,1.00
2017.09.27 21:19:13.367,0.81224,0.81259,1.00,1.00
2017.09.27 21:19:14.042,0.81223,0.81258,1.00,1.00
2017.09.27 21:19:14.358,0.81225,0.8126,1.00,1.50
2017.09.27 21:19:14.662,0.81223,0.81258,1.00,1.00
2017.09.27 21:19:15.212,0.81226,0.8126,1.00,1.00
2017.09.27 21:19:15.370,0.81223,0.81258,1.00,1.00
2017.09.27 21:19:16.078,0.81224,0.81259,1.00,1.00
2017.09.27 21:19:17.010,0.81223,0.81258,1.00,1.00
2017.09.27 21:19:17.761,0.81224,0.81259,1.00,1.00
2017.09.27 21:19:18.364,0.81223,0.81258,1.00,1.00
2017.09.27 21:19:18.892,0.81224,0.81259,1.00,1.00
2017.09.27 21:19:19.016,0.81222,0.81257,1.00,1.00
2017.09.27 21:19:19.755,0.81223,0.81258,1.00,1.00
2017.09.27 21:19:20.297,0.81224,0.81259,1.00,1.00
2017.09.27 21:19:20.840,0.81225,0.8126,1.00,1.50
2017.09.27 21:19:21.232,0.81228,0.8126,1.00,1.00
2017.09.27 21:19:21.302,0.81225,0.8126,1.00,1.50
2017.09.27 21:19:22.022,0.81224,0.81259,1.00,1.00
2017.09.27 21:19:24.409,0.81223,0.81258,1.00,1.00
2017.09.27 21:19:25.133,0.81224,0.81259,1.00,1.00
2017.09.27 21:19:26.565,0.81225,0.8126,1.00,1.00
2017.09.27 21:19:27.121,0.81226,0.81261,1.00,1.00
2017.09.27 21:19:27.654,0.81227,0.81262,1.00,1.50
2017.09.27 21:19:27.709,0.81225,0.8126,1.00,1.00
2017.09.27 21:19:28.013,0.81227,0.81262,1.00,1.50
2017.09.27 21:19:28.367,0.81225,0.8126,1.00,1.00
2017.09.27 21:19:28.671,0.81227,0.81262,1.00,1.00
2017.09.27 21:19:30.151,0.81228,0.81263,1.00,1.00
2017.09.27 21:19:30.455,0.81231,0.81265,1.00,1.50
2017.09.27 21:19:31.153,0.81231,0.81263,1.00,1.00
2017.09.27 21:19:32.100,0.81232,0.81263,1.00,1.00
2017.09.27 21:19:33.587,0.81232,0.81267,1.00,1.50
2017.09.27 21:19:34.119,0.81234,0.81267,1.00,1.00
2017.09.27 21:19:34.767,0.81232,0.81267,1.00,1.50
2017.09.27 21:19:35.306,0.81233,0.81266,1.00,1.00
2017.09.27 21:19:35.879,0.81234,0.81266,1.00,1.00
2017.09.27 21:19:36.394,0.81233,0.81265,1.00,1.00
2017.09.27 21:19:36.942,0.81233,0.81264,1.00,1.00
2017.09.27 21:19:37.485,0.8123,0.81264,1.00,1.00
2017.09.27 21:19:41.046,0.81231,0.81265,1.00,1.00
2017.09.27 21:19:47.296,0.81231,0.81264,1.00,1.00
2017.09.27 21:19:48.252,0.81231,0.81265,1.00,1.00
2017.09.27 21:19:48.765,0.81231,0.81264,1.00,1.00
2017.09.27 21:19:49.246,0.81232,0.8126,1.00,1.00
2017.09.27 21:19:49.755,0.81231,0.8126,1.00,1.00
2017.09.27 21:19:51.577,0.81231,0.81261,1.00,1.00
2017.09.27 21:19:52.153,0.81232,0.81261,1.00,1.00
2017.09.27 21:19:53.160,0.81231,0.81261,1.00,1.00
2017.09.27 21:19:53.463,0.81233,0.81261,1.00,1.00
2017.09.27 21:19:54.049,0.81233,0.81262,1.00,1.00
2017.09.27 21:19:54.866,0.81233,0.81261,1.00,1.00
2017.09.27 21:19:56.622,0.81233,0.81266,1.00,1.00
2017.09.27 21:19:57.127,0.81233,0.81264,1.00,1.00
2017.09.27 21:19:57.634,0.81233,0.81265,1.00,1.00
2017.09.27 21:19:58.174,0.81233,0.81264,1.00,1.00
2017.09.27 21:19:58.729,0.81233,0.81265,1.00,1.00
2017.09.27 21:19:59.340,0.81233,0.81264,1.00,1.00
2017.09.27 21:20:00.046,0.81233,0.81263,1.00,1.00
2017.09.27 21:20:00.593,0.81233,0.81264,1.00,1.00
2017.09.27 21:20:01.165,0.81233,0.81267,1.00,1.50
2017.09.27 21:20:01.699,0.81232,0.81267,1.00,1.50
2017.09.27 21:20:02.514,0.81232,0.81266,1.00,1.00
2017.09.27 21:20:03.058,0.81231,0.81265,1.00,1.00
2017.09.27 21:20:05.401,0.81231,0.81266,1.00,1.50
2017.09.27 21:20:05.989,0.81231,0.81265,1.00,1.00
2017.09.27 21:20:10.298,0.8123,0.81264,1.00,1.00
2017.09.27 21:20:10.869,0.81231,0.81264,1.00,1.00
2017.09.27 21:20:11.396,0.8123,0.81264,1.00,1.50
2017.09.27 21:20:11.950,0.81231,0.81264,1.00,1.00
2017.09.27 21:20:12.640,0.81231,0.81265,1.00,1.50
2017.09.27 21:20:13.272,0.81231,0.81264,1.00,1.00
2017.09.27 21:20:13.925,0.81231,0.81265,1.00,1.50
2017.09.27 21:20:18.082,0.8123,0.81264,1.00,1.00
2017.09.27 21:20:19.082,0.81229,0.81264,1.00,1.00
2017.09.27 21:20:19.133,0.81231,0.81265,1.00,1.50
2017.09.27 21:20:21.093,0.8123,0.81264,1.00,1.00
2017.09.27 21:20:21.674,0.8123,0.81263,1.00,1.00
2017.09.27 21:20:22.205,0.81229,0.81263,1.00,1.00
2017.09.27 21:20:23.404,0.8123,0.81263,1.00,1.00
2017.09.27 21:20:24.063,0.81229,0.81263,1.00,1.00
2017.09.27 21:20:24.834,0.8123,0.81263,1.00,1.00
2017.09.27 21:20:26.405,0.8123,0.81264,1.00,1.50
2017.09.27 21:20:28.326,0.81229,0.81264,1.00,1.50
2017.09.27 21:20:29.321,0.8123,0.81264,1.00,1.00
2017.09.27 21:20:30.197,0.81231,0.81264,1.00,1.00
2017.09.27 21:20:32.174,0.81231,0.81261,1.00,1.00
2017.09.27 21:20:32.696,0.81232,0.81262,1.00,1.00
2017.09.27 21:20:32.811,0.8123,0.81262,1.00,1.00
2017.09.27 21:20:34.504,0.8123,0.8126,1.00,1.00
2017.09.27 21:20:35.103,0.8123,0.81263,1.00,1.00
2017.09.27 21:20:35.621,0.8123,0.81264,1.00,1.00
2017.09.27 21:20:36.564,0.8123,0.81263,1.00,1.00
2017.09.27 21:20:39.254,0.8123,0.81264,1.00,1.00
2017.09.27 21:20:42.713,0.8123,0.81265,1.00,1.00
2017.09.27 21:20:43.241,0.8123,0.81264,1.00,1.00
2017.09.27 21:20:44.485,0.8123,0.81265,1.00,1.00
2017.09.27 21:20:46.970,0.81232,0.81267,1.00,1.50
2017.09.27 21:20:48.089,0.81231,0.81266,1.00,1.50
2017.09.27 21:20:48.604,0.81231,0.81265,1.00,1.00
2017.09.27 21:20:49.214,0.81231,0.81266,1.00,1.00
2017.09.27 21:20:50.539,0.81232,0.81266,1.00,1.00
2017.09.27 21:20:53.220,0.81231,0.81266,1.00,1.00
2017.09.27 21:20:54.995,0.8123,0.81264,1.00,1.00
2017.09.27 21:20:55.147,0.81225,0.8126,1.00,1.00
2017.09.27 21:20:55.672,0.81226,0.81261,1.00,1.00
2017.09.27 21:20:57.174,0.81227,0.81262,1.00,1.00
2017.09.27 21:20:58.604,0.81227,0.81261,1.00,1.00
2017.09.27 21:20:59.820,0.81225,0.8126,1.00,1.00
2017.09.27 21:21:01.809,0.81224,0.81259,1.00,1.00
2017.09.27 21:21:02.328,0.81223,0.81258,1.00,1.00
2017.09.27 21:21:04.533,0.81224,0.81258,1.00,1.00
2017.09.27 21:21:05.196,0.81223,0.81257,1.00,1.00
2017.09.27 21:21:09.756,0.81224,0.81258,1.00,1.00
2017.09.27 21:21:11.512,0.81225,0.81259,1.00,1.00
2017.09.27 21:21:14.104,0.81224,0.81258,1.00,1.00
2017.09.27 21:21:16.325,0.81225,0.81259,1.00,1.00
2017.09.27 21:21:16.427,0.81227,0.81261,1.00,1.00
2017.09.27 21:21:16.965,0.81228,0.81262,1.00,1.00
2017.09.27 21:21:18.399,0.81229,0.81264,1.00,1.00
2017.09.27 21:21:31.422,0.81228,0.81263,1.00,1.00
2017.09.27 21:21:31.524,0.81226,0.81261,1.00,1.00
2017.09.27 21:21:32.124,0.81225,0.8126,1.00,1.00
2017.09.27 21:21:35.315,0.81226,0.81261,1.00,1.00
2017.09.27 21:21:36.715,0.81227,0.81261,1.00,1.50
2017.09.27 21:21:38.846,0.81229,0.81261,1.00,1.00
2017.09.27 21:21:38.896,0.81229,0.81263,1.00,1.00
2017.09.27 21:21:39.401,0.81228,0.81263,1.00,1.50
2017.09.27 21:21:41.055,0.81228,0.81262,1.00,1.00
2017.09.27 21:21:44.479,0.81227,0.81261,1.00,1.00
2017.09.27 21:21:45.239,0.81228,0.81262,1.00,1.00
2017.09.27 21:21:46.202,0.81228,0.81263,1.00,1.50
2017.09.27 21:21:48.979,0.81228,0.81262,1.00,1.00
2017.09.27 21:21:50.157,0.8123,0.81263,1.00,1.00
2017.09.27 21:21:50.675,0.8123,0.81264,1.00,1.50
2017.09.27 21:21:51.250,0.81228,0.81262,1.00,1.00
2017.09.27 21:21:51.471,0.81229,0.81264,1.00,1.50
2017.09.27 21:21:52.016,0.81228,0.81263,1.00,1.00
2017.09.27 21:21:54.376,0.81226,0.81261,1.00,1.00
2017.09.27 21:21:54.702,0.81226,0.81258,1.00,1.00
2017.09.27 21:21:55.125,0.81226,0.8126,1.00,1.00
2017.09.27 21:21:55.732,0.81226,0.81258,1.00,1.00
2017.09.27 21:21:57.141,0.81226,0.81259,1.00,1.00
2017.09.27 21:21:57.625,0.81227,0.81256,1.00,1.00
2017.09.27 21:21:58.142,0.81227,0.81255,1.00,1.00
2017.09.27 21:21:58.670,0.81226,0.81255,1.00,1.00
2017.09.27 21:21:59.154,0.81226,0.81258,1.00,1.00
2017.09.27 21:21:59.666,0.81227,0.81262,1.00,1.00
2017.09.27 21:22:00.175,0.81228,0.81262,1.00,1.00
2017.09.27 21:22:00.676,0.81227,0.81261,1.00,1.00
2017.09.27 21:22:01.025,0.81227,0.81258,1.00,1.00
2017.09.27 21:22:01.525,0.81227,0.81261,1.00,1.50
2017.09.27 21:22:02.075,0.81228,0.81262,1.00,1.00
2017.09.27 21:22:06.070,0.81228,0.81261,1.00,1.00
2017.09.27 21:22:06.975,0.81227,0.81261,1.00,1.00
2017.09.27 21:22:07.484,0.81226,0.81261,1.00,1.00
2017.09.27 21:22:08.754,0.81226,0.81255,1.00,1.00
2017.09.27 21:22:09.726,0.81226,0.81261,1.00,1.00
2017.09.27 21:22:10.733,0.81226,0.81256,1.00,1.00
2017.09.27 21:22:11.709,0.81226,0.81259,1.00,1.00
2017.09.27 21:22:12.705,0.81226,0.81261,1.00,1.00
2017.09.27 21:22:14.837,0.81228,0.81262,1.00,1.00
2017.09.27 21:22:15.147,0.81226,0.81261,1.00,1.00
2017.09.27 21:22:15.198,0.81225,0.81259,1.00,1.00
2017.09.27 21:22:16.202,0.81226,0.8126,1.00,1.00
2017.09.27 21:22:16.706,0.81226,0.81261,1.00,1.50
2017.09.27 21:22:17.213,0.81226,0.81259,1.00,1.00
2017.09.27 21:22:20.565,0.81225,0.81259,1.00,1.00
2017.09.27 21:22:25.428,0.81224,0.81259,1.00,1.50
2017.09.27 21:22:33.249,0.81225,0.81259,1.00,1.00
2017.09.27 21:22:33.771,0.81224,0.81258,1.00,1.00
2017.09.27 21:22:34.305,0.81225,0.81259,1.00,1.00
2017.09.27 21:22:34.904,0.81225,0.81258,1.00,1.00
2017.09.27 21:22:35.425,0.81225,0.81259,1.00,1.00
2017.09.27 21:22:36.639,0.81225,0.81253,1.00,1.00
2017.09.27 21:22:37.124,0.81225,0.81259,1.00,1.00
2017.09.27 21:22:38.047,0.81225,0.8126,1.00,1.50
2017.09.27 21:22:38.549,0.81225,0.81259,1.00,1.00
2017.09.27 21:22:39.105,0.81225,0.8126,1.00,1.50
2017.09.27 21:22:39.664,0.81225,0.81259,1.00,1.00
2017.09.27 21:22:40.202,0.81225,0.8126,1.00,1.50
2017.09.27 21:22:40.726,0.81225,0.81259,1.00,1.00
2017.09.27 21:22:41.289,0.81225,0.81258,1.00,1.00
2017.09.27 21:22:41.849,0.81225,0.81258,1.37,1.00
2017.09.27 21:22:42.126,0.81225,0.81258,1.00,1.00
2017.09.27 21:22:42.358,0.81225,0.81258,1.37,1.00
2017.09.27 21:22:42.666,0.81225,0.81259,1.00,1.00
2017.09.27 21:22:42.820,0.81225,0.81259,1.37,1.00
2017.09.27 21:22:43.122,0.81225,0.81259,1.00,1.00
2017.09.27 21:22:43.446,0.81225,0.8126,1.37,1.50
2017.09.27 21:22:43.670,0.81225,0.8126,1.00,1.50
2017.09.27 21:22:43.827,0.81225,0.8126,1.37,1.50
2017.09.27 21:22:44.169,0.81225,0.81258,1.00,1.00
2017.09.27 21:22:44.375,0.81225,0.81259,1.37,1.00
2017.09.27 21:22:44.675,0.81225,0.81259,1.00,1.00
2017.09.27 21:22:44.879,0.81225,0.81259,1.37,1.00
2017.09.27 21:22:45.149,0.81225,0.81259,1.00,1.00
2017.09.27 21:22:45.344,0.81225,0.81259,1.37,1.00
2017.09.27 21:22:45.661,0.81225,0.81259,1.00,1.00
2017.09.27 21:22:45.879,0.81225,0.81259,1.37,1.00
2017.09.27 21:22:46.155,0.81225,0.81259,1.00,1.00
2017.09.27 21:22:46.357,0.81225,0.81259,1.37,1.00
2017.09.27 21:22:46.666,0.81225,0.81259,1.00,1.00
2017.09.27 21:22:46.841,0.81225,0.81259,1.37,1.00
2017.09.27 21:22:47.044,0.81225,0.81259,1.00,1.00
2017.09.27 21:22:47.356,0.81225,0.8126,1.37,1.50
2017.09.27 21:22:47.579,0.81225,0.81259,1.00,1.00
2017.09.27 21:22:47.859,0.81225,0.81259,1.37,1.00
2017.09.27 21:22:48.186,0.81225,0.8126,1.00,1.50
2017.09.27 21:22:48.354,0.81225,0.8126,1.37,1.50
2017.09.27 21:22:48.551,0.81225,0.8126,1.00,1.50
2017.09.27 21:22:48.951,0.81225,0.8126,1.37,1.50
2017.09.27 21:22:49.102,0.81225,0.8126,1.00,1.50
2017.09.27 21:22:49.356,0.81225,0.8126,1.37,1.50
2017.09.27 21:22:49.558,0.81225,0.8126,1.00,1.50
2017.09.27 21:22:49.881,0.81225,0.8126,1.37,1.50
2017.09.27 21:22:50.083,0.81225,0.8126,1.00,1.50
2017.09.27 21:22:50.400,0.81225,0.81259,1.37,1.00
2017.09.27 21:22:50.626,0.81225,0.81259,1.00,1.00
2017.09.27 21:22:50.879,0.81225,0.81259,1.37,1.00
2017.09.27 21:22:51.091,0.81225,0.81259,1.00,1.00
2017.09.27 21:22:51.379,0.81225,0.81259,1.37,1.00
2017.09.27 21:22:51.581,0.81225,0.81259,1.00,1.00
2017.09.27 21:22:51.910,0.81225,0.81259,1.37,1.00
2017.09.27 21:22:52.077,0.81225,0.81259,1.00,1.00
2017.09.27 21:22:52.384,0.81225,0.81259,1.37,1.00
2017.09.27 21:22:52.696,0.81225,0.81256,1.00,1.00
2017.09.27 21:22:53.070,0.81225,0.81256,1.37,1.00
2017.09.27 21:22:53.120,0.81225,0.81259,1.00,1.50
2017.09.27 21:22:53.431,0.81225,0.81259,1.37,1.50
2017.09.27 21:22:53.583,0.81225,0.81259,1.00,1.50
2017.09.27 21:22:53.955,0.81225,0.81259,1.37,1.00
2017.09.27 21:22:54.084,0.81225,0.81259,1.00,1.00
2017.09.27 21:22:54.406,0.81225,0.81259,1.37,1.00
2017.09.27 21:22:54.608,0.81227,0.8126,1.00,1.00
2017.09.27 21:22:54.911,0.81227,0.8126,1.37,1.00
2017.09.27 21:22:55.088,0.81227,0.8126,1.00,1.00
2017.09.27 21:22:55.330,0.81228,0.8126,1.37,1.00
2017.09.27 21:22:55.846,0.81228,0.8126,1.00,1.00
2017.09.27 21:22:56.329,0.81228,0.8126,1.37,1.00
2017.09.27 21:22:56.626,0.81228,0.8126,1.00,1.00
2017.09.27 21:22:56.817,0.81228,0.8126,1.37,1.00
2017.09.27 21:22:57.100,0.81228,0.8126,1.00,1.00
2017.09.27 21:22:57.302,0.81228,0.8126,1.37,1.00
2017.09.27 21:22:57.638,0.81228,0.8126,1.00,1.00
2017.09.27 21:22:57.841,0.81228,0.8126,1.37,1.00
2017.09.27 21:22:58.107,0.81228,0.8126,1.00,1.00
2017.09.27 21:22:58.309,0.81228,0.8126,1.37,1.00
2017.09.27 21:22:58.638,0.81228,0.8126,1.00,1.00
2017.09.27 21:22:58.861,0.81228,0.8126,1.37,1.00
2017.09.27 21:22:59.112,0.81228,0.8126,1.00,1.00
2017.09.27 21:22:59.363,0.81228,0.8126,1.37,1.00
2017.09.27 21:22:59.662,0.81228,0.8126,1.00,1.00
2017.09.27 21:22:59.848,0.81228,0.8126,1.37,1.00
2017.09.27 21:23:00.116,0.81228,0.8126,1.00,1.00
2017.09.27 21:23:00.368,0.81228,0.8126,1.37,1.00
2017.09.27 21:23:00.618,0.81228,0.8126,1.00,1.00
2017.09.27 21:23:00.869,0.81228,0.8126,1.37,1.00
2017.09.27 21:23:01.120,0.81228,0.8126,1.00,1.00
2017.09.27 21:23:01.829,0.81228,0.8126,1.37,1.00
2017.09.27 21:23:02.159,0.81228,0.8126,1.00,1.00
2017.09.27 21:23:02.379,0.81228,0.8126,1.37,1.00
2017.09.27 21:23:02.632,0.81228,0.8126,1.00,1.00
2017.09.27 21:23:02.867,0.81228,0.8126,1.37,1.00
2017.09.27 21:23:03.136,0.81228,0.8126,1.00,1.00
2017.09.27 21:23:03.382,0.81228,0.8126,1.37,1.00
2017.09.27 21:23:03.640,0.81228,0.8126,1.00,1.00
2017.09.27 21:23:03.857,0.81228,0.8126,1.37,1.00
2017.09.27 21:23:04.041,0.81228,0.8126,1.00,1.00
2017.09.27 21:23:04.270,0.81228,0.8125,1.00,1.00
2017.09.27 21:23:04.543,0.81225,0.8125,1.00,1.00
2017.09.27 21:23:04.744,0.81225,0.81254,1.00,1.00
2017.09.27 21:23:05.347,0.81225,0.81254,1.37,1.00
2017.09.27 21:23:06.050,0.81225,0.81254,1.00,1.00
2017.09.27 21:23:06.599,0.81225,0.81253,1.00,1.00
2017.09.27 21:23:07.155,0.81225,0.81254,1.00,1.00
2017.09.27 21:23:07.408,0.81227,0.81255,1.00,1.00
2017.09.27 21:23:07.771,0.81228,0.81259,1.00,1.00
2017.09.27 21:23:08.444,0.81228,0.81261,1.00,1.00
2017.09.27 21:23:08.930,0.81228,0.81263,1.37,1.50
2017.09.27 21:23:09.590,0.81228,0.81263,1.00,1.00
2017.09.27 21:23:10.343,0.81229,0.81263,1.00,1.00
2017.09.27 21:23:10.844,0.81229,0.81264,1.00,1.50
2017.09.27 21:23:10.895,0.81229,0.81264,1.37,1.50
2017.09.27 21:23:11.079,0.81229,0.81264,1.00,1.00
2017.09.27 21:23:11.381,0.81229,0.81264,1.37,1.00
2017.09.27 21:23:11.584,0.81229,0.81264,1.00,1.00
2017.09.27 21:23:11.905,0.81229,0.81263,1.37,1.00
2017.09.27 21:23:12.112,0.81229,0.81263,1.00,1.00
2017.09.27 21:23:12.416,0.8123,0.81264,1.37,1.00
2017.09.27 21:23:12.948,0.8123,0.81263,1.37,1.00
2017.09.27 21:23:13.608,0.8123,0.81263,1.00,1.00
2017.09.27 21:23:14.353,0.8123,0.81263,1.37,1.00
2017.09.27 21:23:15.116,0.8123,0.81263,1.00,1.00
2017.09.27 21:23:15.625,0.81229,0.81262,1.00,1.00
2017.09.27 21:23:16.139,0.8123,0.81262,1.00,1.00
2017.09.27 21:23:16.190,0.8123,0.81264,1.00,1.00
2017.09.27 21:23:16.664,0.81231,0.81262,1.00,1.00
2017.09.27 21:23:17.167,0.81231,0.81265,1.00,1.50
2017.09.27 21:23:17.673,0.81231,0.81262,1.00,1.00
2017.09.27 21:23:18.177,0.8123,0.81262,1.00,1.00
2017.09.27 21:23:19.084,0.8123,0.81263,1.00,1.00
2017.09.27 21:23:19.632,0.8123,0.81262,1.00,1.00
2017.09.27 21:23:22.019,0.8123,0.81261,1.00,1.00
2017.09.27 21:23:22.551,0.8123,0.8126,1.00,1.00
2017.09.27 21:23:23.015,0.8123,0.81263,1.00,1.00
2017.09.27 21:23:23.567,0.8123,0.81261,1.00,1.00
2017.09.27 21:23:24.116,0.8123,0.81262,1.00,1.00
2017.09.27 21:23:24.618,0.8123,0.81261,1.00,1.00
2017.09.27 21:23:25.117,0.81231,0.81264,1.00,1.00
2017.09.27 21:23:26.772,0.81231,0.81265,1.00,1.00
2017.09.27 21:23:28.015,0.81231,0.81264,1.00,1.00
2017.09.27 21:23:28.930,0.81231,0.81263,1.00,1.00
2017.09.27 21:23:29.402,0.81231,0.8126,1.00,1.00
2017.09.27 21:23:37.269,0.8123,0.8126,1.00,1.00
2017.09.27 21:23:44.196,0.8123,0.81262,1.12,1.00
2017.09.27 21:23:44.695,0.8123,0.8126,1.12,1.00
2017.09.27 21:23:45.194,0.8123,0.81262,1.12,1.00
2017.09.27 21:23:45.695,0.81231,0.81261,1.00,1.00
2017.09.27 21:23:46.246,0.8123,0.81261,1.12,1.00
2017.09.27 21:23:52.355,0.81231,0.81261,1.00,1.00
2017.09.27 21:23:53.241,0.81231,0.81264,1.00,1.00
2017.09.27 21:23:53.712,0.81231,0.81262,1.00,1.00
2017.09.27 21:23:54.242,0.81231,0.81264,1.00,1.00
2017.09.27 21:24:00.205,0.81231,0.81263,1.00,1.00
2017.09.27 21:24:04.615,0.81231,0.81261,1.00,1.00
2017.09.27 21:24:05.089,0.81231,0.81259,1.00,1.00
2017.09.27 21:24:06.562,0.8123,0.81259,1.12,1.00
2017.09.27 21:24:08.187,0.81231,0.81259,1.00,1.00
2017.09.27 21:24:09.206,0.8123,0.81259,1.12,1.00
2017.09.27 21:24:10.435,0.81231,0.81259,1.00,1.00
2017.09.27 21:24:11.397,0.81231,0.8126,1.00,1.00
2017.09.27 21:24:12.700,0.81231,0.81261,1.00,1.00
2017.09.27 21:24:15.308,0.81231,0.8126,1.00,1.00
2017.09.27 21:24:17.006,0.81231,0.81262,1.12,1.00
2017.09.27 21:24:17.572,0.81231,0.81262,1.37,1.00
2017.09.27 21:24:18.086,0.81231,0.81262,1.00,1.00
2017.09.27 21:24:18.790,0.81231,0.81262,1.37,1.00
2017.09.27 21:24:19.091,0.81231,0.81262,1.00,1.00
2017.09.27 21:24:19.292,0.81231,0.81262,1.37,1.00
2017.09.27 21:24:19.626,0.81231,0.81262,1.00,1.00
2017.09.27 21:24:21.150,0.81231,0.81264,1.00,1.00
2017.09.27 21:24:26.919,0.81233,0.81264,1.00,1.00
2017.09.27 21:24:27.264,0.81235,0.81265,1.00,1.00
2017.09.27 21:24:33.327,0.81234,0.81264,1.00,1.00
2017.09.27 21:24:33.842,0.81235,0.81264,1.00,1.00
2017.09.27 21:24:35.036,0.81234,0.81264,1.00,1.00
2017.09.27 21:24:38.183,0.81233,0.81264,1.00,1.00
2017.09.27 21:24:38.790,0.81232,0.81264,1.00,1.00
2017.09.27 21:24:39.507,0.81231,0.81264,1.00,1.00
2017.09.27 21:24:41.146,0.81231,0.81262,1.00,1.00
2017.09.27 21:24:41.725,0.8123,0.81263,1.12,1.00
2017.09.27 21:24:42.907,0.8123,0.81264,1.12,1.00
2017.09.27 21:24:43.641,0.8123,0.81264,1.37,1.00
2017.09.27 21:24:44.343,0.8123,0.81264,1.00,1.00
2017.09.27 21:24:45.146,0.8123,0.81264,1.37,1.00
2017.09.27 21:24:45.648,0.8123,0.81263,1.37,1.00
2017.09.27 21:24:46.352,0.8123,0.81263,1.00,1.00
2017.09.27 21:24:47.199,0.8123,0.81263,1.37,1.00
2017.09.27 21:24:47.807,0.8123,0.81264,1.37,1.00
2017.09.27 21:24:48.369,0.8123,0.81263,1.00,1.00
2017.09.27 21:24:49.179,0.8123,0.81263,1.37,1.00
2017.09.27 21:24:49.803,0.8123,0.81263,1.12,1.00
2017.09.27 21:24:50.379,0.8123,0.81264,1.00,1.00
2017.09.27 21:24:52.855,0.8123,0.81263,1.12,1.00
2017.09.27 21:24:56.711,0.81228,0.81262,1.37,1.00
2017.09.27 21:24:57.017,0.81225,0.81254,1.00,1.00
2017.09.27 21:24:57.321,0.81224,0.81252,1.00,1.00
2017.09.27 21:24:57.624,0.81224,0.81252,1.37,1.00
2017.09.27 21:24:57.826,0.81224,0.81252,1.00,1.00
2017.09.27 21:24:58.029,0.81224,0.81252,1.37,1.00
2017.09.27 21:24:58.401,0.81224,0.81252,1.00,1.00
2017.09.27 21:24:58.554,0.81224,0.81252,1.37,1.00
2017.09.27 21:24:58.858,0.81224,0.81252,1.00,1.00
2017.09.27 21:24:59.061,0.81225,0.81252,1.37,1.00
2017.09.27 21:24:59.989,0.81226,0.81252,1.00,1.00
2017.09.27 21:25:00.538,0.81227,0.81252,1.00,1.00
2017.09.27 21:25:01.041,0.81227,0.81253,1.00,1.00
2017.09.27 21:25:01.544,0.81227,0.81252,1.00,1.00
2017.09.27 21:25:01.893,0.81225,0.81247,1.00,1.00
2017.09.27 21:25:02.203,0.81225,0.81253,1.00,1.00
2017.09.27 21:25:02.801,0.81225,0.81255,1.00,1.00
2017.09.27 21:25:03.306,0.81226,0.81256,1.00,1.00
2017.09.27 21:25:04.065,0.81226,0.81257,1.00,1.00
2017.09.27 21:25:04.608,0.81226,0.81258,1.00,1.00
2017.09.27 21:25:05.071,0.81226,0.81253,1.00,1.00
2017.09.27 21:25:05.590,0.81225,0.81256,1.00,1.00
2017.09.27 21:25:08.531,0.81225,0.81257,1.00,1.00
2017.09.27 21:25:08.692,0.81222,0.81255,1.00,1.19
2017.09.27 21:25:08.994,0.81221,0.8125,1.37,1.00
2017.09.27 21:25:09.500,0.81224,0.81247,1.00,1.00
2017.09.27 21:25:12.642,0.81221,0.81247,1.50,1.00
2017.09.27 21:25:12.744,0.81225,0.81247,1.00,1.00
2017.09.27 21:25:13.091,0.81225,0.81255,1.00,1.00
2017.09.27 21:25:13.582,0.81227,0.81255,1.00,1.00
2017.09.27 21:25:15.424,0.81227,0.81257,1.00,1.00
2017.09.27 21:25:15.881,0.81227,0.81255,1.00,1.00
2017.09.27 21:25:16.399,0.81227,0.81257,1.00,1.00
2017.09.27 21:25:16.881,0.81227,0.81255,1.00,1.00
2017.09.27 21:25:17.524,0.81227,0.81257,1.00,1.00
2017.09.27 21:25:18.011,0.81227,0.81259,1.00,1.00
2017.09.27 21:25:18.521,0.81227,0.81255,1.00,1.00
2017.09.27 21:25:20.229,0.81227,0.81257,1.00,1.00
2017.09.27 21:25:20.741,0.81228,0.81255,1.00,1.00
2017.09.27 21:25:21.229,0.81228,0.81259,1.00,1.00
2017.09.27 21:25:21.671,0.81228,0.81256,1.00,1.00
2017.09.27 21:25:23.220,0.81228,0.81259,1.00,1.00
2017.09.27 21:25:23.728,0.81228,0.81256,1.00,1.00
2017.09.27 21:25:24.717,0.81228,0.81261,1.00,1.27
2017.09.27 21:25:25.737,0.81228,0.81259,1.00,1.00
2017.09.27 21:25:26.251,0.81228,0.8126,1.00,1.00
2017.09.27 21:25:26.737,0.81228,0.81256,1.00,1.00
2017.09.27 21:25:27.341,0.81228,0.81259,1.00,1.00
2017.09.27 21:25:27.746,0.81228,0.81256,1.00,1.00
2017.09.27 21:25:28.661,0.81228,0.81257,1.00,1.00
2017.09.27 21:25:29.310,0.81228,0.81256,1.00,1.00
2017.09.27 21:25:29.636,0.81226,0.81256,1.00,1.00
2017.09.27 21:25:29.687,0.81228,0.8126,1.00,1.00
2017.09.27 21:25:29.917,0.81226,0.8126,1.00,1.50
2017.09.27 21:25:30.018,0.81228,0.8126,1.00,1.00
2017.09.27 21:25:30.562,0.81228,0.81259,1.00,1.00
2017.09.27 21:25:30.959,0.81228,0.81256,1.00,1.00
2017.09.27 21:25:31.472,0.81229,0.81256,1.00,1.00
2017.09.27 21:25:31.573,0.81227,0.81256,1.25,1.00
2017.09.27 21:25:31.675,0.81227,0.81261,1.25,1.27
2017.09.27 21:25:31.726,0.81229,0.81261,1.00,1.27
2017.09.27 21:25:31.914,0.81227,0.81261,1.25,1.27
2017.09.27 21:25:32.015,0.81231,0.81261,1.00,1.27
2017.09.27 21:25:32.318,0.81234,0.81261,1.00,1.27
2017.09.27 21:25:32.414,0.81232,0.81261,1.00,1.27
2017.09.27 21:25:32.689,0.81234,0.81261,1.00,1.27
2017.09.27 21:25:32.914,0.81232,0.81261,1.00,1.27
2017.09.27 21:25:33.203,0.81234,0.81261,1.00,1.27
2017.09.27 21:25:33.413,0.81232,0.81261,1.00,1.27
2017.09.27 21:25:33.693,0.81236,0.81261,1.00,1.00
2017.09.27 21:25:34.221,0.81234,0.81256,1.00,1.00
2017.09.27 21:25:34.423,0.81232,0.81256,1.00,1.00
2017.09.27 21:25:34.474,0.81235,0.81256,1.00,1.00
2017.09.27 21:25:34.526,0.81232,0.81256,1.00,1.00
2017.09.27 21:25:34.680,0.81232,0.81259,1.00,1.00
2017.09.27 21:25:35.424,0.81234,0.81259,1.00,1.00
2017.09.27 21:25:41.147,0.81234,0.81255,1.00,1.00
2017.09.27 21:25:41.553,0.81232,0.81255,1.00,1.00
2017.09.27 21:25:43.923,0.81232,0.81251,1.25,1.00
2017.09.27 21:25:44.201,0.81234,0.81264,1.00,1.77
2017.09.27 21:25:44.303,0.81234,0.81264,1.00,1.25
2017.09.27 21:25:51.463,0.81232,0.81264,1.00,1.00
2017.09.27 21:25:51.703,0.81234,0.81264,1.00,1.00
2017.09.27 21:25:54.966,0.81235,0.81264,1.00,1.00
2017.09.27 21:25:59.152,0.81234,0.81264,1.00,1.00
2017.09.27 21:25:59.661,0.81235,0.81264,1.00,1.00
2017.09.27 21:26:00.429,0.81234,0.81264,1.00,1.00
2017.09.27 21:26:00.801,0.81236,0.81264,1.00,1.00
2017.09.27 21:26:00.902,0.81234,0.81264,1.00,1.00
2017.09.27 21:26:07.043,0.81232,0.81264,1.00,1.00
2017.09.27 21:26:11.575,0.81234,0.81264,1.00,1.25
2017.09.27 21:26:39.942,0.81235,0.81264,1.00,1.00
2017.09.27 21:26:40.151,0.81232,0.81264,1.00,1.00
2017.09.27 21:26:40.305,0.81234,0.81264,1.00,1.00
2017.09.27 21:26:40.896,0.81235,0.81264,1.00,1.00
2017.09.27 21:26:41.358,0.81235,0.81262,1.00,1.44
2017.09.27 21:26:46.416,0.81232,0.81263,1.00,1.44
2017.09.27 21:26:46.467,0.81235,0.81263,1.00,1.44
2017.09.27 21:26:46.569,0.81233,0.81263,1.00,1.44
2017.09.27 21:26:46.620,0.81235,0.81263,1.00,1.44
2017.09.27 21:26:46.671,0.81233,0.81263,1.00,1.44
2017.09.27 21:26:46.721,0.81235,0.81263,1.00,1.44
2017.09.27 21:26:46.772,0.81233,0.81263,1.00,1.44
2017.09.27 21:26:46.823,0.81235,0.81263,1.00,1.44
2017.09.27 21:26:46.874,0.81233,0.81263,1.00,1.44
2017.09.27 21:26:46.925,0.81235,0.81263,1.00,1.44
2017.09.27 21:26:46.976,0.81233,0.81263,1.00,1.44
2017.09.27 21:26:47.027,0.81235,0.81263,1.00,1.44
2017.09.27 21:26:47.078,0.81233,0.81263,1.00,1.44
2017.09.27 21:26:47.179,0.81235,0.81263,1.00,1.44
2017.09.27 21:26:47.230,0.81233,0.81263,1.00,1.44
2017.09.27 21:26:47.281,0.81235,0.81263,1.00,1.44
2017.09.27 21:26:47.332,0.81233,0.81263,1.00,1.44
2017.09.27 21:26:47.383,0.81235,0.81263,1.00,1.44
2017.09.27 21:26:47.434,0.81233,0.81263,1.00,1.44
2017.09.27 21:26:47.485,0.81235,0.81263,1.00,1.44
2017.09.27 21:26:47.536,0.81233,0.81263,1.00,1.44
2017.09.27 21:26:47.587,0.81235,0.81263,1.00,1.44
2017.09.27 21:26:47.638,0.81233,0.81263,1.00,1.44
2017.09.27 21:26:47.688,0.81235,0.81263,1.00,1.44
2017.09.27 21:26:47.739,0.81233,0.81263,1.00,1.44
2017.09.27 21:26:47.790,0.81235,0.81263,1.00,1.44
2017.09.27 21:26:47.841,0.81233,0.81263,1.00,1.44
2017.09.27 21:26:47.892,0.81235,0.81263,1.00,1.44
2017.09.27 21:26:47.943,0.81233,0.81263,1.00,1.44
2017.09.27 21:26:47.994,0.81235,0.81263,1.00,1.44
2017.09.27 21:26:48.045,0.81233,0.81263,1.00,1.44
2017.09.27 21:26:48.096,0.81235,0.81263,1.00,1.44
2017.09.27 21:26:48.262,0.81233,0.81263,1.00,1.44
2017.09.27 21:26:48.313,0.81235,0.81263,1.00,1.44
2017.09.27 21:26:48.364,0.81233,0.81263,1.00,1.44
2017.09.27 21:26:48.414,0.81235,0.81263,1.00,1.44
2017.09.27 21:26:48.465,0.81233,0.81263,1.00,1.44
2017.09.27 21:26:48.516,0.81235,0.81263,1.00,1.44
2017.09.27 21:26:48.567,0.81233,0.81263,1.00,1.44
2017.09.27 21:26:48.618,0.81235,0.81263,1.00,1.44
2017.09.27 21:26:48.669,0.81233,0.81263,1.00,1.44
2017.09.27 21:26:48.720,0.81235,0.81262,1.00,1.25
2017.09.27 21:26:48.771,0.81233,0.81262,1.00,1.12
2017.09.27 21:26:48.821,0.81235,0.81262,1.00,1.44
2017.09.27 21:26:48.872,0.81233,0.81262,1.00,1.44
2017.09.27 21:26:48.923,0.81235,0.81262,1.00,1.44
2017.09.27 21:26:48.974,0.81233,0.81262,1.00,1.44
2017.09.27 21:26:49.025,0.81235,0.81262,1.00,1.44
2017.09.27 21:26:49.077,0.81233,0.81262,1.00,1.44
2017.09.27 21:26:49.128,0.81235,0.81262,1.00,1.44
2017.09.27 21:26:49.230,0.81233,0.81262,1.00,1.44
2017.09.27 21:26:49.281,0.81235,0.81262,1.00,1.44
2017.09.27 21:26:49.333,0.81233,0.81262,1.00,1.44
2017.09.27 21:26:49.384,0.81235,0.81262,1.00,1.44
2017.09.27 21:26:49.435,0.81233,0.81262,1.00,1.44
2017.09.27 21:26:49.486,0.81235,0.81262,1.00,1.44
2017.09.27 21:26:50.397,0.81232,0.81262,1.00,1.44
2017.09.27 21:26:51.215,0.81231,0.81262,1.00,1.37
2017.09.27 21:26:54.284,0.81231,0.81262,1.00,1.44
2017.09.27 21:26:54.806,0.81231,0.81262,1.00,1.44
2017.09.27 21:26:55.398,0.81232,0.81262,1.00,1.44
2017.09.27 21:26:56.877,0.81231,0.81262,1.00,1.44
2017.09.27 21:26:57.494,0.81232,0.81262,1.00,1.44
2017.09.27 21:26:59.929,0.81231,0.81262,1.00,1.37
2017.09.27 21:27:00.343,0.81229,0.81262,1.25,1.37
2017.09.27 21:27:00.395,0.81232,0.81262,1.00,1.37
2017.09.27 21:27:00.445,0.81229,0.81262,1.00,1.37
2017.09.27 21:27:00.496,0.81232,0.81262,1.00,1.37
2017.09.27 21:27:00.547,0.81229,0.81262,1.25,1.37
2017.09.27 21:27:00.598,0.81232,0.81262,1.00,1.37
2017.09.27 21:27:00.649,0.81229,0.81262,1.44,1.37
2017.09.27 21:27:00.700,0.81232,0.81262,1.00,1.37
2017.09.27 21:27:00.751,0.81229,0.81262,1.00,1.37
2017.09.27 21:27:00.802,0.81232,0.81262,1.00,1.37
2017.09.27 21:27:01.338,0.81231,0.81262,1.00,1.37
2017.09.27 21:27:02.224,0.81229,0.81262,1.44,1.37
2017.09.27 21:27:02.729,0.81231,0.81262,1.00,1.44
2017.09.27 21:27:03.100,0.81229,0.81262,1.00,1.44
2017.09.27 21:27:03.202,0.81231,0.81262,1.00,1.44
2017.09.27 21:27:03.253,0.81229,0.81262,1.00,1.44
2017.09.27 21:27:03.304,0.81231,0.81262,1.00,1.44
2017.09.27 21:27:03.355,0.81229,0.81262,1.00,1.44
2017.09.27 21:27:03.406,0.81231,0.81262,1.00,1.44
2017.09.27 21:27:03.457,0.81229,0.81262,1.00,1.44
2017.09.27 21:27:03.508,0.81231,0.81262,1.00,1.44
2017.09.27 21:27:03.559,0.81229,0.81262,1.00,1.44
2017.09.27 21:27:03.610,0.81231,0.81262,1.00,1.44
2017.09.27 21:27:03.661,0.81229,0.81262,1.50,1.44
2017.09.27 21:27:03.712,0.81231,0.81262,1.00,1.44
2017.09.27 21:27:03.951,0.81229,0.81262,1.00,1.44
2017.09.27 21:27:04.002,0.81231,0.81262,1.00,1.44
2017.09.27 21:27:04.255,0.81229,0.81262,1.00,1.44
2017.09.27 21:27:04.808,0.81229,0.81262,1.44,1.44
2017.09.27 21:27:05.239,0.81232,0.81262,1.00,1.44
2017.09.27 21:27:05.289,0.81229,0.81262,1.25,1.44
2017.09.27 21:27:05.848,0.81229,0.81262,1.44,1.44
2017.09.27 21:27:06.398,0.81231,0.81262,1.00,1.44
2017.09.27 21:27:06.939,0.8123,0.81262,1.00,1.44
2017.09.27 21:27:07.444,0.81231,0.81262,1.00,1.44
2017.09.27 21:27:08.002,0.8123,0.81262,1.25,1.44
2017.09.27 21:27:08.606,0.81231,0.81262,1.00,1.44
2017.09.27 21:27:09.112,0.8123,0.81262,1.25,1.44
2017.09.27 21:27:09.670,0.81231,0.81262,1.00,1.44
2017.09.27 21:27:10.228,0.8123,0.81262,1.00,1.44
2017.09.27 21:27:10.955,0.81231,0.81262,1.00,1.44
2017.09.27 21:27:11.510,0.8123,0.81262,1.25,1.44
2017.09.27 21:27:12.066,0.81231,0.81262,1.00,1.44
2017.09.27 21:27:12.572,0.81232,0.81262,1.00,1.44
2017.09.27 21:27:13.150,0.81231,0.81262,1.00,1.44
2017.09.27 21:27:13.657,0.81232,0.81262,1.00,1.44
2017.09.27 21:27:14.030,0.8123,0.81262,1.00,1.37
2017.09.27 21:27:14.586,0.81231,0.81262,1.00,1.37
2017.09.27 21:27:15.239,0.8123,0.81262,1.69,1.37
2017.09.27 21:27:15.744,0.8123,0.81262,1.87,1.37
2017.09.27 21:27:16.250,0.8123,0.81262,1.69,1.37
2017.09.27 21:27:16.758,0.8123,0.81262,1.87,1.37
2017.09.27 21:27:18.729,0.8123,0.81262,1.69,1.37
2017.09.27 21:27:19.284,0.81231,0.81262,1.00,1.37
2017.09.27 21:27:19.859,0.8123,0.81262,1.00,1.37
2017.09.27 21:27:20.415,0.81231,0.81261,1.00,1.44
2017.09.27 21:27:20.970,0.8123,0.81261,1.00,1.44
2017.09.27 21:27:21.526,0.81231,0.81261,1.00,1.44
2017.09.27 21:27:22.035,0.8123,0.81261,1.00,1.44
2017.09.27 21:27:22.591,0.81231,0.81261,1.00,1.44
2017.09.27 21:27:23.362,0.81229,0.81261,1.00,1.44
2017.09.27 21:27:23.712,0.8123,0.81261,1.44,1.44
2017.09.27 21:27:23.903,0.81229,0.81261,1.00,1.44
2017.09.27 21:27:24.235,0.8123,0.81261,1.44,1.44
2017.09.27 21:27:24.604,0.81229,0.81261,1.00,1.44
2017.09.27 21:27:24.756,0.8123,0.81261,1.44,1.44
2017.09.27 21:27:24.922,0.81229,0.81261,1.00,1.44
2017.09.27 21:27:25.241,0.81231,0.81261,1.00,1.44
2017.09.27 21:27:25.792,0.8123,0.81261,1.00,1.44
2017.09.27 21:27:26.347,0.81232,0.81261,1.00,1.44
2017.09.27 21:27:26.887,0.81232,0.81263,1.00,1.37
2017.09.27 21:27:31.222,0.81231,0.81263,1.00,1.37
2017.09.27 21:27:31.743,0.81232,0.81262,1.00,1.44
2017.09.27 21:27:35.501,0.81232,0.81263,1.00,1.44
2017.09.27 21:27:36.157,0.81233,0.81263,1.00,1.44
2017.09.27 21:27:41.414,0.81232,0.81263,1.00,1.44
2017.09.27 21:27:45.179,0.8123,0.81263,1.00,1.44
2017.09.27 21:27:46.156,0.81232,0.81262,1.00,1.25
2017.09.27 21:27:47.113,0.81232,0.81262,1.00,1.44
2017.09.27 21:27:50.596,0.8123,0.81263,1.00,1.37
2017.09.27 21:27:50.711,0.81232,0.81263,1.00,1.37
2017.09.27 21:27:50.762,0.8123,0.81263,1.00,1.37
2017.09.27 21:27:51.335,0.8123,0.81263,1.00,1.44
2017.09.27 21:27:52.823,0.81232,0.81263,1.00,1.44
2017.09.27 21:27:55.883,0.8123,0.81264,1.00,1.87
2017.09.27 21:27:55.934,0.81232,0.81262,1.00,1.25
2017.09.27 21:27:56.264,0.81222,0.81249,1.00,1.00
2017.09.27 21:27:56.314,0.81221,0.81251,1.00,1.25
2017.09.27 21:27:56.997,0.81221,0.81251,1.00,1.44
2017.09.27 21:27:58.183,0.81222,0.81251,1.00,1.44
2017.09.27 21:27:59.177,0.81222,0.81251,1.25,1.12
2017.09.27 21:27:59.684,0.81222,0.8125,1.00,1.25
2017.09.27 21:28:01.818,0.81222,0.81251,1.00,1.25
2017.09.27 21:28:02.695,0.81223,0.81251,1.00,1.25
2017.09.27 21:28:06.971,0.81224,0.81251,1.00,1.25
2017.09.27 21:28:07.201,0.81222,0.81251,1.25,1.25
2017.09.27 21:28:10.224,0.81223,0.81252,1.00,1.69
2017.09.27 21:28:10.427,0.81222,0.81256,1.19,1.00
2017.09.27 21:28:10.580,0.8123,0.8126,1.00,1.90
2017.09.27 21:28:10.733,0.81231,0.8126,1.00,1.44
2017.09.27 21:28:26.973,0.8123,0.8126,1.00,1.44
2017.09.27 21:28:41.615,0.81231,0.8126,1.00,1.44
2017.09.27 21:28:53.919,0.8123,0.8126,1.00,1.87
2017.09.27 21:29:02.430,0.81231,0.8126,1.00,1.44
2017.09.27 21:29:10.559,0.81231,0.8126,1.00,1.37
2017.09.27 21:29:10.661,0.81233,0.81261,1.00,1.00
2017.09.27 21:29:11.168,0.81234,0.81263,1.00,1.37
2017.09.27 21:29:12.082,0.81234,0.81263,1.00,1.44
2017.09.27 21:29:12.781,0.81234,0.81262,1.00,1.44
2017.09.27 21:29:23.212,0.81235,0.81263,1.00,1.37
2017.09.27 21:29:23.714,0.81235,0.81263,1.00,1.44
2017.09.27 21:29:24.503,0.81235,0.81262,1.00,1.44
2017.09.27 21:29:24.604,0.81232,0.81262,1.00,1.44
2017.09.27 21:29:25.204,0.81232,0.81262,1.00,1.44
2017.09.27 21:29:25.714,0.81232,0.81262,1.00,1.44
2017.09.27 21:29:25.816,0.81232,0.81263,1.00,1.00
2017.09.27 21:29:25.968,0.81234,0.81265,1.00,1.00
2017.09.27 21:29:26.275,0.81235,0.81263,1.00,1.00
2017.09.27 21:29:27.147,0.81235,0.81266,1.87,1.19
2017.09.27 21:29:27.198,0.81235,0.81266,1.87,1.25
2017.09.27 21:29:27.551,0.81235,0.81263,1.87,1.00
2017.09.27 21:29:30.242,0.81235,0.81262,1.25,1.25
2017.09.27 21:29:30.794,0.81235,0.81262,1.44,1.00
2017.09.27 21:29:31.457,0.81235,0.81262,1.25,1.25
2017.09.27 21:29:44.386,0.81235,0.81265,1.25,1.19
2017.09.27 21:29:44.950,0.81235,0.81263,1.25,1.00
2017.09.27 21:29:45.727,0.81235,0.81263,1.25,1.19
2017.09.27 21:29:46.227,0.81235,0.81265,1.25,1.00
2017.09.27 21:29:46.325,0.81235,0.81263,1.25,1.00
2017.09.27 21:29:46.769,0.81235,0.81265,1.25,1.00
2017.09.27 21:29:47.023,0.81235,0.81263,1.25,1.00
2017.09.27 21:29:47.669,0.81235,0.81265,1.25,1.37
2017.09.27 21:29:47.721,0.81236,0.81265,1.00,1.00
2017.09.27 21:29:48.220,0.81235,0.81263,1.25,1.00
2017.09.27 21:29:48.670,0.81236,0.81263,1.44,1.00
2017.09.27 21:29:49.051,0.81236,0.81265,1.44,1.00
2017.09.27 21:29:49.205,0.81235,0.81263,1.37,1.25
2017.09.27 21:29:49.357,0.81235,0.81265,1.25,1.00
2017.09.27 21:29:49.672,0.81235,0.81263,1.25,1.00
2017.09.27 21:29:50.147,0.81235,0.81266,1.00,1.00
2017.09.27 21:29:50.249,0.81245,0.81275,1.00,1.52
2017.09.27 21:29:50.522,0.81246,0.81276,1.00,1.00
2017.09.27 21:29:50.573,0.81243,0.81274,1.00,1.00
2017.09.27 21:29:50.624,0.81245,0.81275,1.00,1.00
2017.09.27 21:29:51.000,0.81246,0.81266,1.00,1.00
2017.09.27 21:29:51.051,0.8124,0.81268,1.00,1.00
2017.09.27 21:29:51.102,0.81241,0.81272,1.00,1.52
2017.09.27 21:29:51.204,0.81243,0.81274,1.00,1.00
2017.09.27 21:29:51.255,0.81245,0.81275,1.00,1.00
2017.09.27 21:29:51.572,0.81242,0.81273,1.00,1.19
2017.09.27 21:29:51.623,0.81242,0.81273,1.00,1.00
2017.09.27 21:29:51.775,0.81245,0.81275,1.00,1.00
2017.09.27 21:29:52.337,0.81244,0.81275,1.00,1.00
2017.09.27 21:29:52.863,0.81245,0.81276,1.00,1.00
2017.09.27 21:29:53.166,0.81243,0.81274,1.00,1.00
2017.09.27 21:29:53.749,0.81244,0.81275,1.00,1.00
2017.09.27 21:29:54.336,0.81243,0.81273,1.00,1.00
2017.09.27 21:29:54.851,0.81242,0.81272,1.00,1.00
2017.09.27 21:29:55.200,0.8124,0.8127,1.00,1.00
2017.09.27 21:29:55.706,0.8124,0.81271,1.00,1.00
2017.09.27 21:30:00.086,0.81239,0.8127,1.00,1.00
2017.09.27 21:30:00.600,0.8124,0.81271,1.00,1.00
2017.09.27 21:30:01.128,0.81239,0.8127,1.00,1.00
2017.09.27 21:30:02.124,0.8124,0.81271,1.00,1.00
2017.09.27 21:30:03.582,0.81241,0.81271,1.00,1.00
2017.09.27 21:30:04.258,0.81242,0.81272,1.00,1.00
2017.09.27 21:30:04.800,0.81243,0.81273,1.00,1.00
2017.09.27 21:30:05.661,0.81243,0.81274,1.00,1.00
2017.09.27 21:30:08.488,0.81244,0.81275,1.00,1.00
2017.09.27 21:30:12.335,0.81245,0.81275,1.00,1.00
2017.09.27 21:30:18.196,0.81246,0.81276,1.25,1.69
2017.09.27 21:30:18.542,0.8125,0.81278,1.00,1.19
2017.09.27 21:30:18.644,0.81248,0.81278,1.00,1.19
2017.09.27 21:30:18.745,0.8125,0.81278,1.00,1.19
2017.09.27 21:30:18.796,0.81248,0.81278,1.00,1.19
2017.09.27 21:30:18.847,0.8125,0.81278,1.00,1.19
2017.09.27 21:30:20.452,0.81247,0.81277,1.00,1.19
2017.09.27 21:30:20.705,0.81245,0.81276,1.69,1.69
2017.09.27 21:30:21.254,0.81246,0.81276,1.00,1.69
2017.09.27 21:30:21.553,0.81244,0.81275,1.00,1.00
2017.09.27 21:30:22.057,0.81243,0.81273,1.00,1.00
2017.09.27 21:30:23.327,0.81245,0.81273,1.00,1.00
2017.09.27 21:30:23.379,0.81245,0.81275,1.69,1.00
2017.09.27 21:30:23.887,0.81246,0.81277,1.00,1.19
2017.09.27 21:30:24.503,0.81247,0.81277,1.00,1.19
2017.09.27 21:30:25.265,0.81247,0.81277,1.00,1.25
2017.09.27 21:30:31.309,0.81248,0.81277,1.00,1.25
2017.09.27 21:30:31.926,0.81248,0.81276,1.69,1.25
2017.09.27 21:30:32.773,0.81248,0.81276,1.00,1.19
2017.09.27 21:30:33.449,0.81247,0.81276,1.00,1.19
2017.09.27 21:30:37.122,0.81247,0.81276,1.00,1.25
2017.09.27 21:30:37.430,0.81245,0.81276,1.00,1.69
2017.09.27 21:30:37.481,0.81246,0.81273,1.00,1.25
2017.09.27 21:30:37.583,0.81243,0.81274,1.50,1.69
2017.09.27 21:30:37.635,0.81244,0.81275,1.00,1.69
2017.09.27 21:30:38.438,0.81245,0.81275,1.00,1.25
2017.09.27 21:30:39.894,0.81246,0.81275,1.00,1.25
2017.09.27 21:30:40.395,0.81246,0.81275,1.69,1.25
2017.09.27 21:30:42.020,0.81247,0.81275,1.25,1.19
2017.09.27 21:30:42.650,0.81246,0.81274,1.00,1.00
2017.09.27 21:30:44.901,0.81247,0.81274,1.00,1.25
2017.09.27 21:30:45.442,0.81248,0.81274,1.00,1.25
2017.09.27 21:30:45.797,0.81248,0.81276,1.69,1.25
2017.09.27 21:30:49.199,0.81248,0.81279,1.69,1.25
2017.09.27 21:30:49.250,0.81248,0.81277,1.69,1.25
2017.09.27 21:30:50.083,0.81248,0.81278,1.00,1.19
2017.09.27 21:30:50.460,0.81248,0.81274,1.25,1.00
2017.09.27 21:30:50.563,0.81248,0.81276,1.25,1.69
2017.09.27 21:30:51.361,0.81248,0.81277,1.25,1.69
2017.09.27 21:30:51.962,0.81247,0.81277,1.00,1.69
2017.09.27 21:30:52.014,0.81245,0.81275,1.25,1.00
2017.09.27 21:30:52.380,0.81243,0.81273,2.44,1.00
2017.09.27 21:30:52.431,0.81244,0.81275,1.25,1.69
2017.09.27 21:30:52.972,0.81244,0.81275,1.00,1.69
2017.09.27 21:30:55.264,0.81244,0.81273,1.00,1.00
2017.09.27 21:30:55.805,0.81242,0.81273,1.50,1.69
2017.09.27 21:30:56.635,0.81244,0.81273,1.00,1.25
2017.09.27 21:30:57.536,0.81244,0.81274,1.00,1.25
2017.09.27 21:30:58.496,0.81244,0.81273,1.00,1.25
2017.09.27 21:30:59.302,0.81244,0.81273,1.00,1.19
2017.09.27 21:31:00.781,0.81244,0.81273,1.00,1.25
2017.09.27 21:31:02.228,0.81244,0.81275,1.00,1.19
2017.09.27 21:31:04.176,0.81244,0.81273,1.00,1.00
2017.09.27 21:31:04.695,0.81243,0.81273,1.00,1.12
2017.09.27 21:31:05.320,0.81242,0.81273,1.69,1.87
2017.09.27 21:31:05.980,0.81242,0.81273,1.69,1.87
2017.09.27 21:31:06.641,0.81242,0.81273,1.69,1.87
2017.09.27 21:31:07.161,0.81242,0.81271,1.25,1.00
2017.09.27 21:31:08.609,0.81242,0.81272,1.00,1.25
2017.09.27 21:31:12.429,0.81243,0.81272,1.25,1.12
2017.09.27 21:31:16.226,0.81242,0.81271,1.69,1.00
2017.09.27 21:31:16.892,0.81243,0.81272,1.19,1.19
2017.09.27 21:31:17.548,0.81243,0.81272,1.25,1.25
2017.09.27 21:31:18.817,0.81242,0.81271,1.19,1.00
2017.09.27 21:31:19.823,0.81243,0.81272,1.25,1.25
2017.09.27 21:31:20.981,0.81242,0.81271,1.69,1.00
2017.09.27 21:31:21.338,0.81245,0.81272,1.00,1.19
2017.09.27 21:31:21.985,0.81245,0.81272,1.25,1.25
2017.09.27 21:31:22.774,0.81246,0.81272,1.00,1.25
2017.09.27 21:31:25.380,0.81246,0.81272,1.19,1.25
2017.09.27 21:31:34.404,0.81245,0.81271,1.19,1.00
2017.09.27 21:31:34.455,0.81245,0.81271,1.25,1.25
2017.09.27 21:31:40.117,0.81245,0.81272,1.19,1.25
2017.09.27 21:31:40.843,0.81245,0.81272,1.25,1.25
2017.09.27 21:31:42.119,0.81245,0.81273,1.25,1.25
2017.09.27 21:31:44.161,0.81244,0.81275,1.25,1.25
2017.09.27 21:31:44.212,0.81244,0.81273,1.69,1.25
2017.09.27 21:31:45.188,0.81244,0.81274,1.25,1.25
2017.09.27 21:31:45.705,0.81244,0.81274,1.69,1.19
2017.09.27 21:31:51.646,0.81243,0.81271,1.00,1.25
2017.09.27 21:31:53.619,0.81243,0.81271,1.00,1.19
2017.09.27 21:31:55.423,0.81243,0.81269,1.00,1.25
2017.09.27 21:31:55.940,0.81243,0.8127,1.00,1.25
2017.09.27 21:31:56.942,0.81241,0.81272,1.00,1.00
2017.09.27 21:31:57.450,0.8124,0.81271,1.00,1.00
2017.09.27 21:31:57.899,0.8124,0.81269,1.00,1.00
2017.09.27 21:31:58.001,0.8124,0.81271,1.00,1.00
2017.09.27 21:31:59.160,0.8124,0.81269,1.00,1.00
2017.09.27 21:31:59.262,0.8124,0.81271,1.00,1.00
2017.09.27 21:31:59.313,0.8124,0.81268,1.00,1.25
2017.09.27 21:31:59.414,0.8124,0.81271,1.00,1.25
2017.09.27 21:31:59.536,0.81238,0.81269,1.00,1.00
2017.09.27 21:31:59.963,0.81237,0.81267,1.00,1.00
2017.09.27 21:32:11.173,0.81237,0.81264,1.00,1.00
2017.09.27 21:32:11.224,0.81237,0.81267,1.00,1.69
2017.09.27 21:32:11.758,0.81237,0.81267,1.25,1.69
2017.09.27 21:32:12.128,0.81237,0.81264,1.25,1.00
2017.09.27 21:32:12.229,0.81237,0.81267,1.00,1.25
2017.09.27 21:32:12.280,0.81237,0.81264,1.00,1.25
2017.09.27 21:32:12.395,0.81237,0.81267,1.00,1.25
2017.09.27 21:32:13.177,0.81237,0.81264,1.00,1.00
2017.09.27 21:32:13.335,0.81237,0.81268,1.00,1.69
2017.09.27 21:32:13.387,0.81237,0.81265,1.00,1.19
2017.09.27 21:32:13.438,0.81238,0.81268,1.00,1.25
2017.09.27 21:32:14.240,0.81238,0.81269,1.00,1.87
2017.09.27 21:32:15.886,0.81237,0.81268,1.00,1.00
2017.09.27 21:32:17.371,0.81237,0.81268,1.69,1.25
2017.09.27 21:32:23.712,0.81238,0.81268,1.19,1.00
2017.09.27 21:32:24.237,0.81238,0.81268,1.25,1.00
2017.09.27 21:32:24.811,0.81239,0.81269,1.00,1.87
2017.09.27 21:32:25.176,0.81239,0.81267,1.00,1.00
2017.09.27 21:32:25.278,0.81239,0.81269,1.00,1.12
2017.09.27 21:32:25.892,0.8124,0.8127,1.00,1.37
2017.09.27 21:32:26.409,0.81239,0.81269,1.00,1.87
2017.09.27 21:32:27.060,0.81238,0.81269,1.25,1.87
2017.09.27 21:32:27.709,0.81238,0.81269,1.25,1.25
2017.09.27 21:32:27.760,0.81238,0.81267,1.25,1.25
2017.09.27 21:32:27.861,0.81238,0.81269,1.25,1.25
2017.09.27 21:32:27.963,0.81238,0.81267,1.25,1.00
2017.09.27 21:32:28.176,0.81238,0.81269,1.25,1.25
2017.09.27 21:32:28.248,0.81238,0.81267,1.25,1.00
2017.09.27 21:32:28.350,0.81238,0.81269,1.25,1.25
2017.09.27 21:32:28.668,0.81238,0.81267,1.25,1.00
2017.09.27 21:32:28.770,0.81238,0.81269,1.00,1.12
2017.09.27 21:32:28.821,0.81238,0.81267,1.00,1.19
2017.09.27 21:32:28.923,0.81238,0.81269,1.00,1.12
2017.09.27 21:32:28.973,0.81238,0.81267,1.00,1.19
2017.09.27 21:32:29.024,0.81238,0.81269,1.00,1.12
2017.09.27 21:32:29.075,0.81238,0.81267,1.00,1.00
2017.09.27 21:32:29.575,0.81238,0.81269,1.50,1.12
2017.09.27 21:32:29.642,0.81238,0.81267,1.50,1.00
2017.09.27 21:32:29.744,0.81238,0.81269,1.69,1.12
2017.09.27 21:32:30.186,0.81239,0.81267,1.00,1.19
2017.09.27 21:32:30.294,0.81239,0.81269,1.00,1.12
2017.09.27 21:32:30.345,0.81239,0.81267,1.00,1.19
2017.09.27 21:32:30.396,0.81239,0.81269,1.00,1.12
2017.09.27 21:32:30.447,0.81239,0.81267,1.00,1.00
2017.09.27 21:32:30.619,0.81239,0.81269,1.00,1.12
2017.09.27 21:32:30.674,0.81239,0.81267,1.00,1.00
2017.09.27 21:32:30.775,0.81239,0.81269,1.00,1.12
2017.09.27 21:32:30.826,0.81239,0.81267,1.50,1.00
2017.09.27 21:32:30.928,0.8124,0.8127,1.00,1.37
2017.09.27 21:32:31.029,0.81241,0.81272,1.25,1.87
2017.09.27 21:32:31.182,0.81241,0.81269,1.25,1.00
2017.09.27 21:32:32.128,0.81241,0.81271,1.69,1.25
2017.09.27 21:32:32.179,0.81241,0.8127,1.69,1.19
2017.09.27 21:32:32.230,0.81241,0.81271,1.69,1.25
2017.09.27 21:32:32.331,0.81241,0.8127,1.69,1.19
2017.09.27 21:32:32.382,0.81241,0.81271,1.69,1.25
2017.09.27 21:32:32.433,0.81241,0.8127,1.69,1.19
2017.09.27 21:32:33.121,0.81241,0.81271,1.25,1.25
2017.09.27 21:32:33.172,0.81241,0.8127,1.25,1.19
2017.09.27 21:32:33.692,0.81242,0.81273,1.00,1.87
2017.09.27 21:32:33.953,0.8124,0.81271,1.00,1.00
2017.09.27 21:32:34.590,0.81241,0.81271,1.00,1.00
2017.09.27 21:32:38.684,0.81241,0.81271,1.00,1.19
2017.09.27 21:32:39.227,0.81241,0.81271,1.00,1.25
2017.09.27 21:32:40.712,0.81242,0.81272,1.00,1.12
2017.09.27 21:32:45.093,0.81241,0.81271,1.00,1.00
2017.09.27 21:32:45.144,0.81243,0.81273,1.00,1.25
2017.09.27 21:32:45.245,0.81241,0.81272,1.00,1.00
2017.09.27 21:32:45.296,0.81243,0.81273,1.00,1.25
2017.09.27 21:32:56.752,0.81243,0.81273,1.00,1.87
2017.09.27 21:32:56.803,0.81243,0.81273,1.00,1.25
2017.09.27 21:32:57.823,0.81243,0.81274,1.00,1.00
2017.09.27 21:32:58.417,0.81243,0.81274,1.69,1.19
2017.09.27 21:32:59.229,0.81243,0.81274,1.00,1.00
2017.09.27 21:32:59.748,0.81243,0.81274,1.00,1.19
2017.09.27 21:33:01.228,0.81243,0.81274,1.00,1.00
2017.09.27 21:33:01.769,0.81243,0.81274,1.00,1.19
2017.09.27 21:33:02.293,0.81243,0.81274,1.00,1.00
2017.09.27 21:33:02.811,0.81243,0.81274,1.00,1.19
2017.09.27 21:33:04.229,0.81243,0.81274,1.00,1.00
2017.09.27 21:33:04.756,0.81243,0.81274,1.00,1.19
2017.09.27 21:33:05.362,0.81243,0.81274,1.00,1.00
2017.09.27 21:33:06.226,0.81243,0.81274,1.00,1.19
2017.09.27 21:33:06.740,0.81243,0.81274,1.00,1.00
2017.09.27 21:33:09.376,0.81243,0.81274,1.00,1.19
2017.09.27 21:33:09.931,0.81243,0.81274,1.00,1.00
2017.09.27 21:33:10.470,0.81243,0.81274,1.00,1.19
2017.09.27 21:33:11.026,0.81243,0.81274,1.00,1.25
2017.09.27 21:33:11.178,0.81243,0.81274,1.00,1.37
2017.09.27 21:33:12.071,0.81243,0.81274,1.00,1.19
2017.09.27 21:33:12.666,0.81243,0.81274,1.00,1.37
2017.09.27 21:33:14.681,0.81243,0.81274,1.00,1.00
2017.09.27 21:33:15.228,0.81244,0.81275,1.00,1.87
2017.09.27 21:33:15.279,0.81244,0.81275,1.00,1.25
2017.09.27 21:33:16.386,0.81244,0.81275,1.00,1.87
2017.09.27 21:33:16.548,0.81244,0.81275,1.00,1.25
2017.09.27 21:33:17.227,0.81244,0.81275,1.00,1.87
2017.09.27 21:33:17.737,0.81244,0.81275,1.00,1.87
2017.09.27 21:33:18.278,0.81244,0.81275,1.00,1.25
2017.09.27 21:33:19.313,0.81244,0.81275,1.00,1.87
2017.09.27 21:33:19.365,0.81244,0.81275,1.69,1.25
2017.09.27 21:33:19.517,0.81244,0.81275,1.00,1.37
2017.09.27 21:33:53.001,0.81246,0.81275,1.00,1.37
2017.09.27 21:33:53.102,0.81246,0.81275,1.00,1.25
2017.09.27 21:33:54.985,0.81247,0.81276,1.00,1.00
2017.09.27 21:33:55.238,0.81245,0.81276,1.00,1.87
2017.09.27 21:33:55.599,0.81244,0.81272,1.00,1.00
2017.09.27 21:33:56.337,0.81244,0.81274,1.00,1.37
2017.09.27 21:33:58.356,0.81244,0.81274,1.00,1.00
2017.09.27 21:33:59.202,0.81244,0.81274,1.00,1.37
2017.09.27 21:34:03.558,0.81244,0.81274,1.00,1.00
2017.09.27 21:34:04.101,0.81244,0.81274,1.00,1.37
2017.09.27 21:34:04.657,0.81244,0.81274,1.00,1.00
2017.09.27 21:34:05.370,0.81244,0.81274,1.00,1.19
2017.09.27 21:34:05.981,0.81244,0.81274,1.00,1.00
2017.09.27 21:34:06.641,0.81244,0.81274,1.00,1.37
2017.09.27 21:34:07.390,0.81244,0.81274,1.00,1.00
2017.09.27 21:34:08.234,0.81244,0.81274,2.44,1.44
2017.09.27 21:34:09.467,0.81244,0.81274,1.50,1.25
2017.09.27 21:34:10.321,0.81244,0.81274,1.50,1.44
2017.09.27 21:34:11.290,0.81244,0.81274,1.00,1.25
2017.09.27 21:34:11.897,0.81244,0.81274,1.00,1.44
2017.09.27 21:34:13.192,0.81244,0.81274,1.00,1.00
2017.09.27 21:34:13.901,0.81244,0.81274,1.00,1.44
2017.09.27 21:34:14.409,0.81244,0.81274,1.00,1.00
2017.09.27 21:34:16.742,0.81244,0.81274,1.00,1.44
2017.09.27 21:34:17.249,0.81244,0.81274,1.00,1.00
2017.09.27 21:34:17.793,0.81244,0.81274,1.00,1.44
2017.09.27 21:34:18.341,0.81244,0.81274,1.00,1.00
2017.09.27 21:34:19.350,0.81244,0.81274,1.00,1.19
2017.09.27 21:34:19.909,0.81244,0.81274,1.00,1.00
2017.09.27 21:34:20.449,0.81244,0.81274,1.00,1.19
2017.09.27 21:34:20.950,0.81244,0.81274,1.00,1.00
2017.09.27 21:34:21.593,0.81244,0.81274,1.00,1.44
2017.09.27 21:34:25.249,0.81244,0.81274,1.00,1.25
2017.09.27 21:34:26.267,0.81244,0.81274,1.00,1.19
2017.09.27 21:34:27.146,0.81244,0.81274,1.00,1.69
2017.09.27 21:34:28.499,0.81244,0.81274,1.00,1.87
2017.09.27 21:34:29.196,0.81244,0.81274,1.00,1.00
2017.09.27 21:34:30.096,0.81244,0.81274,1.00,1.87
2017.09.27 21:34:30.839,0.81244,0.81274,1.00,1.50
2017.09.27 21:34:31.378,0.81244,0.81274,1.00,1.69
2017.09.27 21:34:32.159,0.81244,0.81274,1.00,1.00
2017.09.27 21:34:33.279,0.81244,0.81274,1.00,1.69
2017.09.27 21:34:33.810,0.81244,0.81274,1.00,1.00
2017.09.27 21:34:34.346,0.81244,0.81274,1.00,1.69
2017.09.27 21:34:35.046,0.81244,0.81274,1.00,1.50
2017.09.27 21:34:35.586,0.81244,0.81274,1.00,1.69
2017.09.27 21:34:36.096,0.81244,0.81274,1.00,1.00
2017.09.27 21:34:37.096,0.81244,0.81274,1.00,1.69
2017.09.27 21:34:37.666,0.81244,0.81274,1.00,1.00
2017.09.27 21:34:38.227,0.81244,0.81274,1.00,1.69
2017.09.27 21:34:38.750,0.81244,0.81274,1.00,1.50
2017.09.27 21:34:39.345,0.81243,0.81274,1.69,1.69
2017.09.27 21:34:40.389,0.81243,0.81274,1.69,1.00
2017.09.27 21:34:40.918,0.81243,0.81274,1.69,1.19
2017.09.27 21:34:41.442,0.81244,0.81275,1.00,1.25
2017.09.27 21:34:41.547,0.81244,0.81274,1.00,1.19
2017.09.27 21:34:41.598,0.81244,0.81275,1.00,1.25
2017.09.27 21:34:41.649,0.81244,0.81274,1.00,1.19
2017.09.27 21:34:41.700,0.81244,0.81275,1.00,1.25
2017.09.27 21:34:41.814,0.81244,0.81274,1.00,1.19
2017.09.27 21:34:42.395,0.81244,0.81274,1.00,1.00
2017.09.27 21:34:43.096,0.81244,0.81274,1.00,1.19
2017.09.27 21:34:43.147,0.81244,0.81275,1.00,1.25
2017.09.27 21:34:43.248,0.81243,0.81274,1.69,1.69
2017.09.27 21:34:43.849,0.81243,0.81274,1.69,1.00
2017.09.27 21:34:44.897,0.81243,0.81274,1.69,1.69
2017.09.27 21:34:45.418,0.81244,0.81274,1.00,1.19
2017.09.27 21:34:45.943,0.81243,0.81273,1.00,1.00
2017.09.27 21:34:46.495,0.81242,0.81273,1.00,1.87
2017.09.27 21:34:51.001,0.81241,0.81272,1.00,1.25
2017.09.27 21:34:52.203,0.81241,0.81272,1.00,1.19
2017.09.27 21:34:52.729,0.81241,0.81272,1.00,1.25
2017.09.27 21:34:55.894,0.81241,0.81272,1.00,1.87
2017.09.27 21:34:58.409,0.8124,0.81271,1.69,1.25
2017.09.27 21:34:59.090,0.81241,0.81271,1.00,1.25
2017.09.27 21:34:59.659,0.81242,0.81272,1.00,1.44
2017.09.27 21:35:00.340,0.81241,0.81271,1.00,1.25
2017.09.27 21:35:00.900,0.8124,0.81271,1.00,1.25
2017.09.27 21:35:12.323,0.8124,0.8127,1.00,1.00
2017.09.27 21:35:13.123,0.8124,0.81269,1.00,1.44
2017.09.27 21:35:13.728,0.81239,0.81268,1.25,1.25
2017.09.27 21:35:15.233,0.81238,0.81268,1.25,1.87
2017.09.27 21:35:20.848,0.81237,0.81268,1.69,1.87
2017.09.27 21:35:21.001,0.81233,0.81264,1.00,1.00
2017.09.27 21:35:21.153,0.8123,0.8126,1.25,1.00
2017.09.27 21:35:21.458,0.81228,0.81258,1.69,1.00
2017.09.27 21:35:21.950,0.81227,0.81258,1.69,1.00
2017.09.27 21:35:24.044,0.81228,0.81258,1.25,1.25
2017.09.27 21:35:30.080,0.81228,0.81256,1.25,1.00
2017.09.27 21:35:35.129,0.81228,0.81258,1.25,1.00
2017.09.27 21:35:36.705,0.81227,0.81258,1.69,1.00
2017.09.27 21:35:37.082,0.81229,0.8126,1.00,1.00
2017.09.27 21:35:37.738,0.81228,0.81258,1.00,1.00
2017.09.27 21:35:38.256,0.81227,0.81258,1.00,1.00
2017.09.27 21:35:38.987,0.81227,0.81257,1.00,1.00
2017.09.27 21:35:47.152,0.81228,0.81259,1.00,1.00
2017.09.27 21:35:49.407,0.81229,0.8126,1.00,1.00
2017.09.27 21:35:53.394,0.8123,0.81261,1.00,1.25
2017.09.27 21:35:59.410,0.8123,0.81261,1.19,1.25
2017.09.27 21:36:00.020,0.81231,0.81262,1.87,1.87
2017.09.27 21:36:09.039,0.81237,0.81264,1.25,1.37
2017.09.27 21:36:11.086,0.81236,0.81264,1.12,1.69
2017.09.27 21:36:12.420,0.81236,0.81264,1.44,1.25
2017.09.27 21:36:12.922,0.81238,0.81266,1.44,1.44
2017.09.27 21:36:13.425,0.81239,0.81267,1.44,1.25
2017.09.27 21:36:13.527,0.81243,0.81269,1.19,1.25
2017.09.27 21:36:14.479,0.81243,0.81271,1.44,1.87
2017.09.27 21:36:21.152,0.81243,0.81271,1.44,1.87
2017.09.27 21:36:37.050,0.81242,0.81271,1.00,1.00
2017.09.27 21:36:40.476,0.8124,0.81271,1.00,1.50
2017.09.27 21:36:40.527,0.81242,0.81271,1.00,1.00
2017.09.27 21:36:40.753,0.8124,0.81271,1.00,1.69
2017.09.27 21:36:41.722,0.8124,0.81271,1.19,1.25
2017.09.27 21:36:42.255,0.8124,0.81271,1.19,1.44
2017.09.27 21:36:43.187,0.8124,0.81271,1.19,1.00
2017.09.27 21:36:45.373,0.8124,0.81271,1.19,1.87
2017.09.27 21:36:45.709,0.81234,0.81264,1.19,1.00
2017.09.27 21:36:46.517,0.81233,0.81264,1.19,1.44
2017.09.27 21:36:48.627,0.81236,0.81263,1.44,1.44
2017.09.27 21:36:49.134,0.81232,0.81261,1.37,1.00
2017.09.27 21:36:49.560,0.81231,0.81259,1.37,1.00
2017.09.27 21:36:49.772,0.81231,0.81261,1.37,1.00
2017.09.27 21:36:50.308,0.81231,0.81261,1.37,1.44
2017.09.27 21:36:52.430,0.8123,0.81261,1.19,1.25
2017.09.27 21:36:53.004,0.8123,0.81261,1.19,1.44
2017.09.27 21:36:58.455,0.81231,0.8126,1.37,1.44
2017.09.27 21:36:59.200,0.81231,0.8126,1.37,1.12
2017.09.27 21:36:59.717,0.81231,0.8126,1.37,1.44
2017.09.27 21:37:00.260,0.81231,0.81261,1.37,1.87
2017.09.27 21:37:00.595,0.81233,0.81263,1.44,1.44
2017.09.27 21:37:02.480,0.81233,0.81263,1.19,1.25
2017.09.27 21:37:03.337,0.81233,0.81263,1.87,1.44
2017.09.27 21:37:03.540,0.81234,0.81265,1.44,1.87
2017.09.27 21:37:03.793,0.81236,0.81266,1.00,1.44
2017.09.27 21:37:04.324,0.81234,0.81264,1.19,1.44
2017.09.27 21:37:04.849,0.81234,0.81264,1.00,1.44
2017.09.27 21:37:05.385,0.81235,0.81265,1.00,1.44
2017.09.27 21:37:05.486,0.81236,0.81266,1.00,1.25
2017.09.27 21:37:06.025,0.81236,0.81266,1.00,1.87
2017.09.27 21:37:06.688,0.81236,0.81266,1.00,1.87
2017.09.27 21:37:13.236,0.81236,0.81266,1.00,1.00
2017.09.27 21:37:13.558,0.81238,0.81268,1.00,2.62
2017.09.27 21:37:13.933,0.81237,0.81266,1.00,1.44
2017.09.27 21:37:14.672,0.81236,0.81267,1.00,2.62
2017.09.27 21:37:15.667,0.81236,0.81266,1.00,1.37
2017.09.27 21:37:16.192,0.81234,0.81265,1.00,1.87
2017.09.27 21:37:16.997,0.81235,0.81266,1.00,1.44
2017.09.27 21:37:17.760,0.81235,0.81266,1.00,1.25
2017.09.27 21:37:18.337,0.81236,0.81267,1.00,1.87
2017.09.27 21:37:20.293,0.81235,0.81266,1.00,1.25
2017.09.27 21:37:20.445,0.81237,0.81267,1.00,1.44
2017.09.27 21:37:20.648,0.81235,0.81266,1.00,1.00
2017.09.27 21:37:20.779,0.81237,0.81268,1.00,1.87
2017.09.27 21:37:20.830,0.81235,0.81266,1.00,1.00
2017.09.27 21:37:27.750,0.81234,0.81265,1.00,1.00
2017.09.27 21:37:29.395,0.81233,0.81264,1.00,1.00
2017.09.27 21:37:30.020,0.81234,0.81265,1.00,1.69
2017.09.27 21:37:30.541,0.81234,0.81264,1.00,1.00
2017.09.27 21:37:31.314,0.81234,0.81265,1.00,1.25
2017.09.27 21:37:32.433,0.81232,0.81263,1.00,1.00
2017.09.27 21:37:33.515,0.81232,0.81263,1.00,1.87
2017.09.27 21:37:34.085,0.81231,0.81262,1.25,1.25
2017.09.27 21:37:34.746,0.8123,0.81261,1.25,1.00
2017.09.27 21:37:35.636,0.81231,0.81262,1.00,1.25
2017.09.27 21:37:36.282,0.8123,0.81261,1.25,1.00
2017.09.27 21:37:37.232,0.8123,0.81261,1.19,1.00
2017.09.27 21:37:37.740,0.8123,0.81261,1.00,1.44
2017.09.27 21:37:38.512,0.81231,0.81262,1.00,1.87
2017.09.27 21:37:39.382,0.8123,0.81261,1.00,1.44
2017.09.27 21:37:40.055,0.81231,0.81262,1.00,1.87
2017.09.27 21:37:41.178,0.81231,0.81262,1.00,1.44
2017.09.27 21:37:43.354,0.8123,0.81261,1.69,1.12
2017.09.27 21:37:48.694,0.81232,0.81263,1.19,1.19
2017.09.27 21:37:48.796,0.81232,0.81263,1.19,1.69
2017.09.27 21:37:49.331,0.8123,0.81262,1.69,1.00
2017.09.27 21:37:49.679,0.81232,0.81264,1.25,1.87
2017.09.27 21:37:50.328,0.81232,0.81264,1.25,1.87
2017.09.27 21:37:52.232,0.81232,0.81264,1.25,1.87
2017.09.27 21:37:52.969,0.81232,0.81264,1.00,1.87
2017.09.27 21:37:53.479,0.81232,0.81263,1.00,1.44
2017.09.27 21:37:55.247,0.81231,0.81262,1.00,1.25
2017.09.27 21:37:55.756,0.81232,0.81263,1.00,1.25
2017.09.27 21:37:56.434,0.81232,0.81263,1.00,1.44
2017.09.27 21:37:59.876,0.81231,0.81262,1.00,1.25
2017.09.27 21:38:00.640,0.8123,0.81261,1.25,1.25
2017.09.27 21:38:01.234,0.81231,0.81261,1.00,1.12
2017.09.27 21:38:01.788,0.8123,0.81261,1.00,1.12
2017.09.27 21:38:04.053,0.8123,0.81262,1.19,2.06
2017.09.27 21:38:04.647,0.8123,0.81261,1.87,1.44
2017.09.27 21:38:05.265,0.8123,0.81261,1.87,1.31
2017.09.27 21:38:07.001,0.8123,0.8126,1.87,1.44
2017.09.27 21:38:09.880,0.8123,0.81262,1.19,2.06
2017.09.27 21:38:11.181,0.81231,0.81262,1.19,1.62
2017.09.27 21:38:14.772,0.81231,0.81263,1.19,2.06
2017.09.27 21:38:19.265,0.81231,0.81263,1.19,1.37
2017.09.27 21:38:23.869,0.81233,0.81262,1.37,1.25
2017.09.27 21:38:24.172,0.81238,0.81265,1.37,1.37
2017.09.27 21:38:24.501,0.81237,0.81269,3.37,1.62
2017.09.27 21:38:25.297,0.8124,0.81269,1.37,1.56
2017.09.27 21:38:25.540,0.81241,0.8127,1.19,1.56
2017.09.27 21:38:26.760,0.81241,0.81272,1.19,1.62
2017.09.27 21:38:26.887,0.81241,0.81272,1.19,1.62
2017.09.27 21:38:29.181,0.81242,0.81273,1.44,1.56
2017.09.27 21:38:31.296,0.81247,0.81276,1.44,1.44
2017.09.27 21:38:31.348,0.8125,0.81276,1.00,1.44
2017.09.27 21:38:31.753,0.81254,0.81279,1.00,1.56
2017.09.27 21:38:33.553,0.81254,0.81277,1.00,2.06
2017.09.27 21:38:33.857,0.81252,0.81273,1.00,2.06
2017.09.27 21:38:34.566,0.81252,0.81272,1.00,1.44
2017.09.27 21:38:39.996,0.81252,0.81274,1.00,2.06
2017.09.27 21:38:41.465,0.81249,0.81272,1.00,1.62
2017.09.27 21:38:43.223,0.81249,0.81272,1.19,1.56
2017.09.27 21:38:43.755,0.81249,0.81273,1.19,1.56
2017.09.27 21:38:47.767,0.81249,0.81274,1.19,1.87
2017.09.27 21:38:51.196,0.81244,0.81274,1.19,2.06
2017.09.27 21:38:51.741,0.81244,0.81274,1.44,1.44
2017.09.27 21:38:52.045,0.81254,0.81283,1.87,1.25
2017.09.27 21:38:52.586,0.81258,0.81284,1.19,1.25
2017.09.27 21:38:52.795,0.81258,0.81284,1.44,1.44
2017.09.27 21:38:52.896,0.81258,0.81282,1.19,1.44
2017.09.27 21:38:54.765,0.81258,0.81283,1.19,1.56
2017.09.27 21:38:57.085,0.81258,0.81284,1.19,1.37
2017.09.27 21:39:01.942,0.81258,0.81285,1.19,1.31
2017.09.27 21:39:04.196,0.81258,0.81286,1.19,1.25
2017.09.27 21:39:05.156,0.81258,0.81286,1.19,1.87
2017.09.27 21:39:05.766,0.81258,0.81286,1.19,1.87
2017.09.27 21:39:07.587,0.81258,0.81284,1.00,1.25
2017.09.27 21:39:07.689,0.81258,0.81286,1.00,1.25
2017.09.27 21:39:08.337,0.81258,0.81287,1.00,1.87
2017.09.27 21:39:09.374,0.81258,0.81288,1.00,1.00
2017.09.27 21:39:09.425,0.81258,0.81286,1.00,1.00
2017.09.27 21:39:10.660,0.81258,0.81285,1.00,1.00
2017.09.27 21:39:10.970,0.81258,0.81284,1.00,1.37
2017.09.27 21:39:14.530,0.81258,0.81283,1.00,1.00
2017.09.27 21:39:15.287,0.81258,0.81283,1.00,1.44
2017.09.27 21:39:17.282,0.81255,0.81283,1.25,1.44
2017.09.27 21:39:18.260,0.81255,0.81287,1.50,2.06
2017.09.27 21:39:18.362,0.81255,0.81283,1.50,1.00
2017.09.27 21:39:19.302,0.81255,0.81283,1.00,1.44
2017.09.27 21:39:21.805,0.8126,0.81283,1.00,1.12
2017.09.27 21:39:22.135,0.81269,0.81283,1.00,1.25
2017.09.27 21:39:22.869,0.81269,0.81283,1.00,1.19
2017.09.27 21:39:24.193,0.81271,0.81283,1.00,1.19
2017.09.27 21:39:24.771,0.81271,0.81286,1.00,1.19
2017.09.27 21:39:25.386,0.81271,0.81283,1.00,1.00
2017.09.27 21:39:26.192,0.81271,0.81286,1.00,1.25
2017.09.27 21:39:26.243,0.81271,0.81283,1.00,1.25
2017.09.27 21:39:26.751,0.81271,0.81284,1.00,1.25
2017.09.27 21:39:28.430,0.81271,0.81284,1.00,1.19
2017.09.27 21:39:28.633,0.81271,0.81285,1.00,1.00
2017.09.27 21:39:29.252,0.81271,0.81284,1.00,1.25
2017.09.27 21:39:29.936,0.81271,0.81287,1.00,1.25
2017.09.27 21:39:29.987,0.81271,0.81285,1.00,1.19
2017.09.27 21:39:31.232,0.81271,0.81286,1.00,1.25
2017.09.27 21:39:31.283,0.81271,0.81285,1.00,1.19
2017.09.27 21:39:35.516,0.81271,0.81285,1.00,1.25
2017.09.27 21:39:37.034,0.81271,0.81284,1.00,1.00
2017.09.27 21:39:40.193,0.81268,0.81284,1.19,1.25
2017.09.27 21:39:40.902,0.81271,0.81284,1.00,1.25
2017.09.27 21:39:42.440,0.81268,0.81284,1.19,1.25
2017.09.27 21:39:42.983,0.8127,0.81285,1.25,1.25
2017.09.27 21:39:43.500,0.8127,0.81284,1.25,1.25
2017.09.27 21:39:44.633,0.81271,0.81284,1.00,1.25
2017.09.27 21:39:44.954,0.81269,0.81284,1.00,1.25
2017.09.27 21:39:45.106,0.8127,0.81281,1.00,1.00
2017.09.27 21:39:45.511,0.81267,0.8128,1.00,1.25
2017.09.27 21:39:46.176,0.81267,0.81279,1.00,1.00
2017.09.27 21:39:46.425,0.81251,0.81273,1.00,1.00
2017.09.27 21:39:46.476,0.81249,0.81271,1.00,1.00
2017.09.27 21:39:46.527,0.81244,0.81269,1.19,1.44
2017.09.27 21:39:46.679,0.81244,0.81266,1.19,1.00
2017.09.27 21:39:46.831,0.81243,0.81266,1.25,1.19
2017.09.27 21:39:46.882,0.81245,0.81266,1.00,1.19
2017.09.27 21:39:47.416,0.81245,0.81266,1.19,1.19
2017.09.27 21:39:48.069,0.81242,0.81265,1.69,1.25
2017.09.27 21:39:49.067,0.81245,0.81265,1.00,1.25
2017.09.27 21:39:49.220,0.81242,0.81264,1.69,1.25
2017.09.27 21:39:49.322,0.81245,0.81262,1.25,1.25
2017.09.27 21:39:49.425,0.81242,0.81263,1.25,1.25
2017.09.27 21:39:49.475,0.81244,0.81261,1.25,1.19
2017.09.27 21:39:50.412,0.81244,0.81261,1.00,1.00
2017.09.27 21:39:51.134,0.81244,0.81261,1.25,1.19
2017.09.27 21:39:54.232,0.81241,0.81262,1.00,1.25
2017.09.27 21:39:54.283,0.81241,0.8126,1.69,1.25
2017.09.27 21:39:54.587,0.81241,0.81258,1.69,1.19
2017.09.27 21:39:56.233,0.81241,0.81258,1.00,1.25
2017.09.27 21:39:56.780,0.81241,0.81256,1.00,1.00
2017.09.27 21:39:56.890,0.81238,0.81257,1.00,1.25
2017.09.27 21:39:56.992,0.81234,0.81253,1.00,1.00
2017.09.27 21:39:57.441,0.81234,0.81252,1.00,1.19
2017.09.27 21:39:58.281,0.81234,0.81252,1.00,1.25
2017.09.27 21:39:58.816,0.81234,0.81252,1.00,1.19
2017.09.27 21:39:59.675,0.81234,0.81252,1.00,1.25
2017.09.27 21:40:00.421,0.81233,0.81253,1.00,1.25
2017.09.27 21:40:00.949,0.81233,0.81252,1.00,1.25
2017.09.27 21:40:03.119,0.81233,0.81253,1.00,1.25
2017.09.27 21:40:03.612,0.81231,0.81254,1.00,1.44
2017.09.27 21:40:04.119,0.81231,0.81252,1.00,1.87
2017.09.27 21:40:04.653,0.81231,0.81251,1.00,1.25
2017.09.27 21:40:05.582,0.81231,0.81249,1.00,1.25
2017.09.27 21:40:06.741,0.81226,0.81249,1.00,1.69
2017.09.27 21:40:07.133,0.81224,0.81249,1.00,1.69
2017.09.27 21:40:09.703,0.81224,0.8125,1.00,1.00
2017.09.27 21:40:10.223,0.81224,0.81249,1.00,1.00
2017.09.27 21:40:10.762,0.81224,0.8125,1.25,1.25
2017.09.27 21:40:18.472,0.81224,0.8125,1.87,1.00
2017.09.27 21:40:19.279,0.81224,0.81251,1.87,1.25
2017.09.27 21:40:20.320,0.81224,0.81251,1.25,1.87
2017.09.27 21:40:20.930,0.81224,0.8125,1.25,1.00
2017.09.27 21:40:21.851,0.81224,0.81249,1.25,1.00
2017.09.27 21:40:22.351,0.81224,0.81251,1.25,1.87
2017.09.27 21:40:24.621,0.81224,0.81251,1.25,1.87
2017.09.27 21:40:26.836,0.81224,0.81244,1.25,1.00
2017.09.27 21:40:26.888,0.8122,0.81241,1.00,1.25
2017.09.27 21:40:26.990,0.81216,0.81241,1.12,1.25
2017.09.27 21:40:27.703,0.81215,0.8124,1.25,1.25
2017.09.27 21:40:28.677,0.81215,0.81241,1.25,1.25
2017.09.27 21:40:31.031,0.81217,0.81246,1.25,1.87
2017.09.27 21:40:31.184,0.81225,0.81248,1.00,1.25
2017.09.27 21:40:33.091,0.81225,0.8125,1.00,1.25
2017.09.27 21:40:34.183,0.81225,0.8125,1.00,1.19
2017.09.27 21:40:34.759,0.81225,0.8125,1.00,1.25
2017.09.27 21:40:35.272,0.81225,0.81249,1.00,1.25
2017.09.27 21:40:35.373,0.81225,0.81251,1.00,2.44
2017.09.27 21:40:35.475,0.81225,0.81251,1.00,1.69
2017.09.27 21:40:35.570,0.81225,0.81251,1.00,1.50
2017.09.27 21:40:35.621,0.81225,0.81249,1.00,1.25
2017.09.27 21:40:36.842,0.81225,0.8125,1.00,1.25
2017.09.27 21:40:37.857,0.81225,0.8125,1.00,1.69
2017.09.27 21:40:41.531,0.81225,0.8125,1.00,1.69
2017.09.27 21:40:44.044,0.81221,0.8125,1.00,1.25
2017.09.27 21:40:44.095,0.81219,0.8125,1.69,1.69
2017.09.27 21:40:44.506,0.81219,0.81245,1.00,1.25
2017.09.27 21:40:45.067,0.81218,0.81244,1.00,1.00
2017.09.27 21:40:45.603,0.81218,0.81243,1.00,1.25
2017.09.27 21:40:46.218,0.81218,0.81243,1.00,1.19
2017.09.27 21:40:46.331,0.81218,0.81244,1.00,1.25
2017.09.27 21:40:46.933,0.81218,0.81244,1.00,1.69
2017.09.27 21:40:47.417,0.81211,0.81234,1.44,1.25
2017.09.27 21:40:47.620,0.81219,0.81242,1.00,1.00
2017.09.27 21:40:49.192,0.81219,0.81241,1.00,1.25
2017.09.27 21:40:49.243,0.81216,0.81239,1.00,1.25
2017.09.27 21:40:49.294,0.81216,0.81237,1.00,1.25
2017.09.27 21:40:51.538,0.81216,0.81237,1.00,1.19
2017.09.27 21:40:54.641,0.81216,0.81232,1.00,1.19
2017.09.27 21:40:54.743,0.81211,0.8123,1.00,1.25
2017.09.27 21:40:55.250,0.81211,0.81228,1.00,1.00
2017.09.27 21:40:58.460,0.81208,0.81228,1.87,1.69
2017.09.27 21:40:58.989,0.81208,0.81228,1.87,1.19
2017.09.27 21:40:59.826,0.81208,0.81228,1.87,1.25
2017.09.27 21:41:02.658,0.81208,0.81228,1.87,1.69
2017.09.27 21:41:03.956,0.8121,0.8123,1.44,1.19
2017.09.27 21:41:06.169,0.81211,0.81231,1.44,1.19
2017.09.27 21:41:06.711,0.81212,0.81232,2.06,1.69
2017.09.27 21:41:06.971,0.81219,0.81238,1.00,1.00
2017.09.27 21:41:07.091,0.81221,0.81238,1.00,1.00
2017.09.27 21:41:07.418,0.81223,0.81238,1.00,1.00
2017.09.27 21:41:07.469,0.81223,0.81243,1.00,1.19
2017.09.27 21:41:07.774,0.81224,0.81245,1.00,1.00
2017.09.27 21:41:07.825,0.81225,0.81248,1.00,1.25
2017.09.27 21:41:08.346,0.81226,0.81248,1.25,1.00
2017.09.27 21:41:08.875,0.81226,0.81249,1.25,1.12
2017.09.27 21:41:09.621,0.81227,0.81249,1.00,1.87
2017.09.27 21:41:10.145,0.81227,0.81249,1.25,1.87
2017.09.27 21:41:10.898,0.81227,0.81249,1.25,1.87
2017.09.27 21:41:11.402,0.81227,0.81249,1.25,1.87
2017.09.27 21:41:13.741,0.81227,0.81249,1.25,1.87
2017.09.27 21:41:14.242,0.81229,0.81249,1.00,1.87
2017.09.27 21:41:14.294,0.81226,0.81249,1.00,1.87
2017.09.27 21:41:14.396,0.81224,0.81249,1.12,1.12
2017.09.27 21:41:14.903,0.81223,0.81249,1.25,1.25
2017.09.27 21:41:15.427,0.81223,0.81249,1.87,1.12
2017.09.27 21:41:15.936,0.81223,0.81249,1.69,1.87
2017.09.27 21:41:16.461,0.81223,0.81249,1.87,1.12
2017.09.27 21:41:17.001,0.81223,0.81249,1.87,1.87
2017.09.27 21:41:17.508,0.81224,0.81249,1.00,1.12
2017.09.27 21:41:18.056,0.81223,0.81249,1.87,1.25
2017.09.27 21:41:18.741,0.81225,0.81249,1.25,1.87
2017.09.27 21:41:19.267,0.81226,0.81249,1.25,1.87
2017.09.27 21:41:19.772,0.81226,0.81248,1.19,1.00
2017.09.27 21:41:20.317,0.81226,0.81248,1.25,1.00
2017.09.27 21:41:22.062,0.81224,0.81248,1.25,1.00
2017.09.27 21:41:22.113,0.81226,0.81248,1.25,1.00
2017.09.27 21:41:22.614,0.81225,0.81248,1.25,1.25
2017.09.27 21:41:22.918,0.81225,0.81246,1.12,1.00
2017.09.27 21:41:23.635,0.81225,0.81247,1.44,1.00
2017.09.27 21:41:25.991,0.81223,0.81247,1.19,1.00
2017.09.27 21:41:26.429,0.81223,0.81245,1.25,1.00
2017.09.27 21:41:27.001,0.81223,0.81244,1.25,1.25
2017.09.27 21:41:28.253,0.81223,0.81243,1.12,1.00
2017.09.27 21:41:28.304,0.81223,0.81245,1.00,1.69
2017.09.27 21:41:28.355,0.8122,0.81244,1.87,1.69
2017.09.27 21:41:28.867,0.8122,0.81242,1.00,1.00
2017.09.27 21:41:30.111,0.8122,0.81244,1.69,1.69
2017.09.27 21:41:30.657,0.81221,0.81242,1.12,1.00
2017.09.27 21:41:31.163,0.8122,0.81244,1.69,1.19
2017.09.27 21:41:31.665,0.8122,0.81244,1.69,1.50
2017.09.27 21:41:32.215,0.8122,0.81244,1.87,1.69
2017.09.27 21:41:34.561,0.81221,0.81245,1.12,1.69
2017.09.27 21:41:35.079,0.81221,0.81245,1.44,1.69
2017.09.27 21:41:35.612,0.81222,0.81246,1.12,1.69
2017.09.27 21:41:37.014,0.8122,0.81246,1.87,1.69
2017.09.27 21:41:37.553,0.81224,0.81246,1.25,1.25
2017.09.27 21:41:38.063,0.81225,0.81247,1.25,1.25
2017.09.27 21:41:38.215,0.81223,0.81247,1.25,1.25
2017.09.27 21:41:38.368,0.8122,0.81247,1.44,1.87
2017.09.27 21:41:38.469,0.81218,0.81246,1.87,1.25
2017.09.27 21:41:38.520,0.81218,0.81244,1.44,1.44
2017.09.27 21:41:39.504,0.81218,0.81243,1.25,1.12
2017.09.27 21:41:41.550,0.81218,0.81244,1.25,1.25
2017.09.27 21:41:42.053,0.81218,0.81244,1.25,1.19
2017.09.27 21:41:42.557,0.81218,0.81244,1.25,1.25
2017.09.27 21:41:43.829,0.81218,0.81244,1.25,1.19
2017.09.27 21:41:44.145,0.81215,0.8124,1.62,1.12
2017.09.27 21:41:44.449,0.81214,0.81238,2.06,1.12
2017.09.27 21:41:45.181,0.81214,0.81238,2.06,1.25
2017.09.27 21:41:45.748,0.81217,0.81237,1.00,1.00
2017.09.27 21:41:46.249,0.81217,0.81238,1.00,1.25
2017.09.27 21:41:48.361,0.81217,0.81239,1.69,1.12
2017.09.27 21:41:49.077,0.81218,0.81239,1.25,1.12
2017.09.27 21:41:49.705,0.81217,0.81239,1.25,1.12
2017.09.27 21:41:50.215,0.81217,0.81238,1.00,1.12
2017.09.27 21:41:50.523,0.8122,0.81239,1.37,1.12
2017.09.27 21:41:51.173,0.8122,0.81239,1.44,1.44
2017.09.27 21:41:51.476,0.81218,0.81234,1.37,1.00
2017.09.27 21:41:52.010,0.81219,0.81233,1.37,1.00
2017.09.27 21:41:52.770,0.81219,0.81232,1.37,1.00
2017.09.27 21:41:53.377,0.81219,0.81233,1.37,1.00
2017.09.27 21:41:53.962,0.81219,0.81235,1.37,1.00
2017.09.27 21:41:54.468,0.81219,0.81232,1.37,1.00
2017.09.27 21:41:55.059,0.81215,0.81233,1.37,1.00
2017.09.27 21:41:55.588,0.81215,0.81232,1.37,1.00
2017.09.27 21:41:56.044,0.81215,0.81234,1.37,1.00
2017.09.27 21:41:56.581,0.81215,0.81233,1.44,1.00
2017.09.27 21:41:57.185,0.81215,0.81232,1.44,1.00
2017.09.27 21:41:57.757,0.81215,0.81231,1.44,1.00
2017.09.27 21:41:58.542,0.81214,0.81234,1.37,1.25
2017.09.27 21:41:59.149,0.81214,0.81236,1.44,1.44
2017.09.27 21:42:00.351,0.81214,0.81234,1.37,1.25
2017.09.27 21:42:03.484,0.81214,0.81235,1.87,1.12
2017.09.27 21:42:04.064,0.81214,0.81234,1.87,1.25
2017.09.27 21:42:05.291,0.81217,0.81237,1.44,1.25
2017.09.27 21:42:05.842,0.81216,0.81236,1.19,1.12
2017.09.27 21:42:06.356,0.81214,0.81236,1.87,1.44
2017.09.27 21:42:07.022,0.81214,0.81237,1.31,1.25
2017.09.27 21:42:07.124,0.81214,0.81236,1.87,1.44
2017.09.27 21:42:07.234,0.81214,0.81237,1.31,1.00
2017.09.27 21:42:07.769,0.81214,0.81237,1.31,1.87
2017.09.27 21:42:08.201,0.81214,0.81238,1.31,1.25
2017.09.27 21:42:08.353,0.81214,0.81237,1.31,1.44
2017.09.27 21:42:13.836,0.81216,0.81235,1.37,1.00
2017.09.27 21:42:15.362,0.81214,0.81234,1.44,1.00
2017.09.27 21:42:15.665,0.81209,0.8123,1.19,1.12
2017.09.27 21:42:16.064,0.81209,0.81228,1.19,1.00
2017.09.27 21:42:16.421,0.81209,0.81226,1.69,1.00
2017.09.27 21:42:16.968,0.81209,0.81228,1.44,1.19
2017.09.27 21:42:17.501,0.81209,0.81228,1.19,1.25
2017.09.27 21:42:18.115,0.81208,0.8123,2.06,1.12
2017.09.27 21:42:18.619,0.81209,0.81232,1.62,1.25
2017.09.27 21:42:24.659,0.81211,0.81233,1.31,1.00
2017.09.27 21:42:24.965,0.81213,0.81237,1.31,1.37
2017.09.27 21:42:25.370,0.81211,0.81238,2.25,1.44
2017.09.27 21:42:26.011,0.81211,0.81238,2.25,1.44
2017.09.27 21:42:26.163,0.81215,0.81239,1.25,1.37
2017.09.27 21:42:26.315,0.81212,0.81237,1.00,1.25
2017.09.27 21:42:26.366,0.8121,0.81235,1.00,1.25
2017.09.27 21:42:26.417,0.81207,0.81235,1.00,1.25
2017.09.27 21:42:26.469,0.81205,0.81233,1.50,1.25
2017.09.27 21:42:26.782,0.81203,0.81231,1.87,1.00
2017.09.27 21:42:27.264,0.81203,0.81229,1.25,1.00
2017.09.27 21:42:27.754,0.81203,0.81232,1.25,1.25
2017.09.27 21:42:28.636,0.81203,0.81234,1.12,1.87
2017.09.27 21:42:28.795,0.81204,0.81235,1.25,1.25
2017.09.27 21:42:29.611,0.81204,0.81234,1.69,1.00
2017.09.27 21:42:30.125,0.81204,0.81236,1.87,2.81
2017.09.27 21:42:32.159,0.81206,0.81236,1.00,1.44
2017.09.27 21:42:32.665,0.81207,0.81237,1.25,2.62
2017.09.27 21:42:32.716,0.8121,0.81237,1.00,1.87
2017.09.27 21:42:33.093,0.8121,0.81238,1.25,1.25
2017.09.27 21:42:34.542,0.8121,0.81239,1.00,2.62
2017.09.27 21:42:36.442,0.8121,0.81239,1.25,1.87
2017.09.27 21:42:37.465,0.81213,0.81239,1.00,1.87
2017.09.27 21:42:37.972,0.81213,0.81239,1.00,1.69
2017.09.27 21:42:38.490,0.81213,0.81239,1.00,1.87
2017.09.27 21:42:39.412,0.81213,0.81239,1.00,1.25
2017.09.27 21:42:39.941,0.81213,0.81239,1.00,1.44
2017.09.27 21:42:40.747,0.81213,0.81239,1.00,1.25
2017.09.27 21:42:42.951,0.81217,0.81239,1.00,1.00
2017.09.27 21:42:45.581,0.81217,0.8124,1.00,1.25
2017.09.27 21:42:50.771,0.81215,0.8124,1.00,1.00
2017.09.27 21:42:56.886,0.81217,0.8124,1.00,1.00
2017.09.27 21:43:05.492,0.81217,0.81242,1.00,1.25
2017.09.27 21:43:05.543,0.81221,0.81245,1.00,1.87
2017.09.27 21:43:05.848,0.81226,0.81246,1.00,1.00
2017.09.27 21:43:05.988,0.81226,0.81251,1.00,1.87
2017.09.27 21:43:06.599,0.81226,0.81251,1.00,1.25
2017.09.27 21:43:10.217,0.81226,0.81251,1.44,1.00
2017.09.27 21:43:11.273,0.81226,0.81251,1.25,1.00
2017.09.27 21:43:13.849,0.81222,0.81242,1.00,1.44
2017.09.27 21:43:13.900,0.81218,0.81245,1.00,1.37
2017.09.27 21:43:14.412,0.81218,0.81242,1.00,1.44
2017.09.27 21:43:17.865,0.81218,0.81243,1.25,1.44
2017.09.27 21:43:18.150,0.81222,0.81245,1.00,1.87
2017.09.27 21:43:18.455,0.81232,0.81251,1.00,1.00
2017.09.27 21:43:20.682,0.81234,0.81251,1.00,1.00
2017.09.27 21:43:26.232,0.81235,0.81251,1.00,1.00
2017.09.27 21:43:27.621,0.81235,0.81259,1.00,2.40
2017.09.27 21:43:27.673,0.81241,0.81259,1.00,1.52
2017.09.27 21:43:27.775,0.81244,0.81259,1.00,1.00
2017.09.27 21:43:27.826,0.81249,0.81269,1.00,1.00
2017.09.27 21:43:27.976,0.81253,0.8127,1.00,1.00
2017.09.27 21:43:28.027,0.81253,0.81274,1.00,1.00
2017.09.27 21:43:28.230,0.81255,0.81274,1.00,1.00
2017.09.27 21:43:28.995,0.81256,0.81274,1.00,1.00
2017.09.27 21:43:29.551,0.81251,0.81274,1.87,1.00
2017.09.27 21:43:34.211,0.81251,0.81274,1.25,1.00
2017.09.27 21:43:35.329,0.81252,0.81274,1.00,1.00
2017.09.27 21:43:37.312,0.81252,0.81274,1.19,1.00
2017.09.27 21:43:39.251,0.81252,0.81274,1.25,1.00
2017.09.27 21:43:39.415,0.81252,0.81274,1.19,1.00
2017.09.27 21:43:39.566,0.81252,0.81274,1.25,1.00
2017.09.27 21:43:39.765,0.81252,0.81274,1.19,1.00
2017.09.27 21:43:39.916,0.81252,0.81274,1.25,1.00
2017.09.27 21:43:40.105,0.81252,0.81274,1.87,1.00
2017.09.27 21:43:40.278,0.81252,0.81274,1.25,1.00
2017.09.27 21:43:40.466,0.81252,0.81274,1.19,1.00
2017.09.27 21:43:40.729,0.81252,0.81274,1.87,1.00
2017.09.27 21:43:43.262,0.81252,0.81274,1.87,1.00
2017.09.27 21:43:48.415,0.81252,0.81274,1.00,1.00
2017.09.27 21:43:53.271,0.81252,0.81274,1.87,1.00
2017.09.27 21:43:53.778,0.81252,0.81274,1.87,1.00
2017.09.27 21:43:54.326,0.81252,0.81274,1.87,1.00
2017.09.27 21:43:54.846,0.81252,0.81274,1.87,1.00
2017.09.27 21:43:55.026,0.81252,0.81274,1.87,1.00
2017.09.27 21:43:55.345,0.81252,0.81274,1.87,1.00
2017.09.27 21:43:55.597,0.81252,0.81274,1.69,1.00
2017.09.27 21:43:56.254,0.8125,0.81274,2.06,1.00
2017.09.27 21:43:57.106,0.81251,0.81274,1.44,1.00
2017.09.27 21:43:57.990,0.81251,0.81274,1.25,1.00
2017.09.27 21:43:58.657,0.81251,0.81274,1.44,1.00
2017.09.27 21:43:59.544,0.81251,0.81274,1.25,1.00
2017.09.27 21:44:00.204,0.81251,0.81274,1.44,1.00
2017.09.27 21:44:00.416,0.81251,0.81274,1.12,1.00
2017.09.27 21:44:00.721,0.81251,0.81274,1.44,1.00
2017.09.27 21:44:00.923,0.81251,0.81274,1.12,1.00
2017.09.27 21:44:01.285,0.81251,0.81274,1.44,1.00
2017.09.27 21:44:01.436,0.81251,0.81274,1.12,1.00
2017.09.27 21:44:01.763,0.81251,0.81274,1.44,1.00
2017.09.27 21:44:01.966,0.81251,0.81274,1.87,1.00
2017.09.27 21:44:02.288,0.81251,0.81274,1.87,1.00
2017.09.27 21:44:02.679,0.81251,0.81274,1.87,1.00
2017.09.27 21:44:02.849,0.81251,0.81274,1.87,1.00
2017.09.27 21:44:03.177,0.81251,0.81274,1.87,1.00
2017.09.27 21:44:03.358,0.81251,0.81274,1.87,1.00
2017.09.27 21:44:03.697,0.81251,0.81274,1.69,1.00
2017.09.27 21:44:03.849,0.81251,0.81274,1.87,1.00
2017.09.27 21:44:04.216,0.81251,0.81274,1.69,1.00
2017.09.27 21:44:04.503,0.81251,0.81274,1.87,1.00
2017.09.27 21:44:05.586,0.81251,0.81274,1.87,1.00
2017.09.27 21:44:06.162,0.81251,0.81274,1.87,1.00
2017.09.27 21:44:06.506,0.81251,0.81274,1.87,1.00
2017.09.27 21:44:06.632,0.81251,0.81274,1.87,1.00
2017.09.27 21:44:07.207,0.81251,0.81274,1.87,1.00
2017.09.27 21:44:08.199,0.81251,0.81274,1.87,1.00
2017.09.27 21:44:08.528,0.81251,0.81274,1.87,1.00
2017.09.27 21:44:09.186,0.81251,0.81274,1.87,1.00
2017.09.27 21:44:09.741,0.81251,0.81274,1.87,1.00
2017.09.27 21:44:10.278,0.81252,0.81274,1.25,1.00
2017.09.27 21:44:12.555,0.81252,0.81274,1.44,1.00
2017.09.27 21:44:13.431,0.81252,0.81274,1.25,1.00
2017.09.27 21:44:14.083,0.81252,0.81274,1.44,1.00
2017.09.27 21:44:14.657,0.81252,0.81274,1.25,1.00
2017.09.27 21:44:15.177,0.81252,0.81274,1.44,1.00
2017.09.27 21:44:16.859,0.81252,0.81274,1.12,1.00
2017.09.27 21:44:18.252,0.81253,0.81274,1.00,1.00
2017.09.27 21:44:18.778,0.81252,0.81274,1.25,1.00
2017.09.27 21:44:29.106,0.81253,0.81274,1.00,1.00
2017.09.27 21:44:30.223,0.81252,0.81274,1.69,1.00
2017.09.27 21:44:30.762,0.81252,0.81274,1.87,1.00
2017.09.27 21:44:35.370,0.81251,0.81274,1.50,1.00
2017.09.27 21:44:36.023,0.81252,0.81274,1.00,1.00
2017.09.27 21:44:36.592,0.81251,0.81274,1.50,1.00
2017.09.27 21:44:37.144,0.81252,0.81274,1.00,1.00
2017.09.27 21:44:37.441,0.81257,0.81274,1.00,1.00
2017.09.27 21:44:37.745,0.81262,0.81278,1.19,1.00
2017.09.27 21:44:38.263,0.81265,0.81278,1.25,1.00
2017.09.27 21:44:45.296,0.81265,0.81277,1.25,1.00
2017.09.27 21:44:45.831,0.81265,0.81276,1.25,1.00
2017.09.27 21:44:48.392,0.81265,0.81278,1.25,1.00
2017.09.27 21:44:51.053,0.81265,0.81279,1.25,1.00
2017.09.27 21:44:52.228,0.81265,0.81278,1.25,1.00
2017.09.27 21:44:54.443,0.81262,0.81278,1.25,1.00
2017.09.27 21:44:54.743,0.81264,0.81277,1.00,1.00
2017.09.27 21:44:54.846,0.81262,0.81277,1.25,1.00
2017.09.27 21:44:54.896,0.81264,0.81277,1.25,1.00
2017.09.27 21:44:55.257,0.81262,0.81275,1.25,1.00
2017.09.27 21:44:55.588,0.81264,0.81274,1.25,1.00
2017.09.27 21:44:56.019,0.81262,0.81274,1.25,1.00
2017.09.27 21:44:56.171,0.81264,0.81274,1.00,1.00
2017.09.27 21:44:56.376,0.81262,0.81275,1.25,1.00
2017.09.27 21:44:56.426,0.81264,0.81275,1.25,1.00
2017.09.27 21:44:57.228,0.81262,0.81274,1.25,1.00
2017.09.27 21:44:57.479,0.81259,0.81274,1.25,1.00
2017.09.27 21:44:57.581,0.81261,0.81274,1.19,1.00
2017.09.27 21:44:58.114,0.81255,0.81273,1.87,1.00
2017.09.27 21:44:58.216,0.81264,0.81276,1.00,1.00
2017.09.27 21:44:58.742,0.81264,0.81276,1.19,1.00
2017.09.27 21:44:59.441,0.81265,0.81277,1.25,1.00
2017.09.27 21:44:59.991,0.81264,0.81276,1.19,1.00
2017.09.27 21:45:00.324,0.81267,0.81276,1.19,1.00
2017.09.27 21:45:00.375,0.81264,0.81276,1.19,1.00
2017.09.27 21:45:00.476,0.81264,0.81278,1.19,1.00
2017.09.27 21:45:00.527,0.81267,0.81278,1.19,1.00
2017.09.27 21:45:00.702,0.81264,0.81278,1.19,1.00
2017.09.27 21:45:00.820,0.81267,0.81278,1.00,1.00
2017.09.27 21:45:00.871,0.81262,0.81278,1.25,1.00
2017.09.27 21:45:01.061,0.8126,0.81278,1.00,1.00
2017.09.27 21:45:01.518,0.81255,0.81277,1.50,1.00
2017.09.27 21:45:01.612,0.81249,0.81277,1.12,1.69
2017.09.27 21:45:01.663,0.81249,0.81275,1.69,1.00
2017.09.27 21:45:01.968,0.81251,0.81268,1.19,1.00
2017.09.27 21:45:02.118,0.81248,0.81268,1.19,1.00
2017.09.27 21:45:02.169,0.81251,0.81268,1.00,1.00
2017.09.27 21:45:02.271,0.81248,0.81268,1.19,1.00
2017.09.27 21:45:02.459,0.81251,0.81271,1.19,1.00
2017.09.27 21:45:03.935,0.81252,0.8127,1.25,1.00
2017.09.27 21:45:04.306,0.8125,0.8127,1.25,1.00
2017.09.27 21:45:04.357,0.81253,0.8127,1.25,1.00
2017.09.27 21:45:04.897,0.81253,0.81271,1.25,1.00
2017.09.27 21:45:05.226,0.81255,0.81272,1.25,1.00
2017.09.27 21:45:05.327,0.81253,0.81272,1.25,1.00
2017.09.27 21:45:05.429,0.81253,0.81278,1.25,1.31
2017.09.27 21:45:05.532,0.81255,0.81278,1.00,1.25
2017.09.27 21:45:06.081,0.81255,0.81279,1.50,1.25
2017.09.27 21:45:06.595,0.81255,0.81278,1.00,1.00
2017.09.27 21:45:07.860,0.81255,0.8128,1.69,2.62
2017.09.27 21:45:09.378,0.81255,0.8128,1.69,1.25
2017.09.27 21:45:09.982,0.81255,0.81278,1.69,1.00
2017.09.27 21:45:10.533,0.81256,0.8128,1.00,1.00
2017.09.27 21:45:12.631,0.81257,0.8128,1.00,1.00
2017.09.27 21:45:18.122,0.81262,0.8128,1.25,1.50
2017.09.27 21:45:18.246,0.81259,0.8128,1.25,1.50
2017.09.27 21:45:18.298,0.81262,0.8128,1.25,1.00
2017.09.27 21:45:18.454,0.81259,0.81282,1.25,2.62
2017.09.27 21:45:23.093,0.81259,0.81281,1.25,1.87
2017.09.27 21:45:27.062,0.81261,0.81281,1.25,1.19
2017.09.27 21:45:27.113,0.81258,0.81282,1.25,2.62
2017.09.27 21:45:27.265,0.81261,0.81282,1.25,2.62
2017.09.27 21:45:28.211,0.81258,0.81281,1.25,1.25
2017.09.27 21:45:29.218,0.81261,0.81281,1.00,1.25
2017.09.27 21:45:30.424,0.81262,0.81282,1.25,1.87
2017.09.27 21:45:31.243,0.81262,0.8128,1.25,1.00
2017.09.27 21:45:37.076,0.81262,0.81279,1.25,1.00
2017.09.27 21:45:37.736,0.8126,0.81279,1.25,1.00
2017.09.27 21:45:38.258,0.81263,0.81279,1.00,1.00
2017.09.27 21:45:38.359,0.8126,0.81278,1.25,1.00
2017.09.27 21:45:38.773,0.81259,0.8128,1.69,1.00
2017.09.27 21:45:40.343,0.81262,0.8128,1.25,1.00
2017.09.27 21:45:42.312,0.81259,0.8128,1.25,1.00
2017.09.27 21:45:42.363,0.81262,0.8128,1.25,1.00
2017.09.27 21:45:42.813,0.81259,0.81279,1.25,1.00
2017.09.27 21:45:43.016,0.81262,0.81279,1.25,1.00
2017.09.27 21:45:43.312,0.81259,0.8128,1.25,1.00
2017.09.27 21:45:43.363,0.81262,0.8128,1.25,1.00
2017.09.27 21:45:44.334,0.81259,0.8128,1.25,1.00
2017.09.27 21:45:44.385,0.81261,0.81279,1.19,1.00
2017.09.27 21:45:44.592,0.81259,0.81279,1.25,1.00
2017.09.27 21:45:44.772,0.81261,0.81279,1.19,1.00
2017.09.27 21:45:44.942,0.81259,0.81279,1.25,1.00
2017.09.27 21:45:44.993,0.81261,0.81279,1.19,1.00
2017.09.27 21:45:45.196,0.81258,0.81279,1.19,1.00
2017.09.27 21:45:45.398,0.81258,0.81277,1.19,1.00
2017.09.27 21:45:45.762,0.81261,0.81277,1.25,1.00
2017.09.27 21:45:46.219,0.81258,0.81278,1.19,1.00
2017.09.27 21:45:46.336,0.81261,0.81278,1.00,1.00
2017.09.27 21:45:46.582,0.81258,0.81277,1.19,1.00
2017.09.27 21:45:46.633,0.81261,0.81277,1.25,1.00
2017.09.27 21:45:46.852,0.81258,0.81277,1.19,1.00
2017.09.27 21:45:47.004,0.81261,0.81278,1.25,1.00
2017.09.27 21:45:48.343,0.81258,0.81278,1.19,1.00
2017.09.27 21:45:48.394,0.81261,0.81279,1.25,1.00
2017.09.27 21:45:48.583,0.81258,0.81279,1.19,1.00
2017.09.27 21:45:48.703,0.81261,0.81279,1.00,1.00
2017.09.27 21:45:49.034,0.81258,0.81276,1.25,1.00
2017.09.27 21:45:49.373,0.8126,0.81277,1.19,1.00
2017.09.27 21:45:50.220,0.81258,0.81277,1.25,1.00
2017.09.27 21:45:50.271,0.8126,0.81277,1.19,1.00
2017.09.27 21:45:52.308,0.81258,0.81277,1.25,1.00
2017.09.27 21:45:52.523,0.8126,0.81277,1.00,1.00
2017.09.27 21:45:52.743,0.81258,0.81278,1.25,1.00
2017.09.27 21:45:52.914,0.8126,0.81278,1.19,1.00
2017.09.27 21:45:53.258,0.81258,0.81279,1.25,1.00
2017.09.27 21:45:53.573,0.8126,0.81279,1.25,1.00
2017.09.27 21:45:53.624,0.81258,0.81278,1.25,1.00
2017.09.27 21:45:53.675,0.8126,0.81278,1.25,1.00
2017.09.27 21:45:54.291,0.8126,0.81279,1.25,1.00
2017.09.27 21:45:55.203,0.81258,0.81279,1.25,1.00
2017.09.27 21:45:55.456,0.81261,0.81279,1.00,1.00
2017.09.27 21:45:56.163,0.81261,0.81278,1.25,1.00
2017.09.27 21:45:56.622,0.81261,0.81281,1.25,1.25
2017.09.27 21:45:57.167,0.81261,0.8128,1.25,1.00
2017.09.27 21:45:57.813,0.81261,0.81279,1.25,1.00
2017.09.27 21:45:59.151,0.81261,0.8128,1.25,1.00
2017.09.27 21:46:03.602,0.81261,0.81279,1.25,1.00
2017.09.27 21:46:04.602,0.81261,0.81278,1.25,1.00
2017.09.27 21:46:05.879,0.81261,0.81279,1.25,1.00
2017.09.27 21:46:06.383,0.81261,0.8128,1.25,1.00
2017.09.27 21:46:06.862,0.81261,0.81277,1.25,1.00
2017.09.27 21:46:07.402,0.81261,0.81276,1.25,1.00
2017.09.27 21:46:07.889,0.81261,0.81274,1.25,1.00
2017.09.27 21:46:08.402,0.81261,0.81273,1.25,1.00
2017.09.27 21:46:12.192,0.8126,0.81272,1.25,1.00
2017.09.27 21:46:12.337,0.81257,0.81272,1.19,1.00
2017.09.27 21:46:12.388,0.8126,0.81272,1.25,1.00
2017.09.27 21:46:12.669,0.8126,0.81275,1.25,1.00
2017.09.27 21:46:13.118,0.81257,0.81275,1.19,1.00
2017.09.27 21:46:13.658,0.81256,0.81272,1.25,1.00
2017.09.27 21:46:14.213,0.81258,0.81273,1.25,1.00
2017.09.27 21:46:14.264,0.81256,0.81273,1.25,1.00
2017.09.27 21:46:14.773,0.81256,0.81272,1.25,1.00
2017.09.27 21:46:15.213,0.81258,0.81273,1.25,1.00
2017.09.27 21:46:15.394,0.81256,0.81273,1.25,1.00
2017.09.27 21:46:15.951,0.81256,0.81272,1.25,1.00
2017.09.27 21:46:16.257,0.81258,0.81272,1.00,1.00
2017.09.27 21:46:16.358,0.81256,0.81273,1.25,1.00
2017.09.27 21:46:16.461,0.81258,0.81273,1.25,1.00
2017.09.27 21:46:16.666,0.81256,0.81273,1.25,1.00
2017.09.27 21:46:16.797,0.81258,0.81273,1.25,1.00
2017.09.27 21:46:18.303,0.81255,0.81272,1.19,1.00
2017.09.27 21:46:18.354,0.81258,0.81272,1.25,1.00
2017.09.27 21:46:19.032,0.81257,0.81274,1.19,1.44
2017.09.27 21:46:19.083,0.81255,0.81274,1.25,1.44
2017.09.27 21:46:19.633,0.81255,0.81272,1.25,1.00
2017.09.27 21:46:20.280,0.81255,0.81272,1.19,1.00
2017.09.27 21:46:20.331,0.81255,0.81273,1.25,1.25
2017.09.27 21:46:20.433,0.81257,0.81273,1.19,1.25
2017.09.27 21:46:20.805,0.81255,0.81273,1.25,1.25
2017.09.27 21:46:20.995,0.81258,0.81273,1.25,1.25
2017.09.27 21:46:21.219,0.81255,0.81273,1.25,1.25
2017.09.27 21:46:21.270,0.81257,0.81273,1.19,1.25
2017.09.27 21:46:21.740,0.81256,0.81273,1.25,1.25
2017.09.27 21:46:22.242,0.81256,0.81272,1.25,1.00
2017.09.27 21:46:27.777,0.81252,0.8127,1.69,1.00
2017.09.27 21:46:27.931,0.81255,0.8127,1.19,1.00
2017.09.27 21:46:34.083,0.81256,0.81272,1.25,1.00
2017.09.27 21:46:34.532,0.81256,0.8127,1.25,1.00
2017.09.27 21:46:38.195,0.81256,0.8127,1.19,1.00
2017.09.27 21:46:42.239,0.81257,0.81272,1.25,1.00
2017.09.27 21:46:49.697,0.81257,0.81268,1.25,1.00
2017.09.27 21:46:50.249,0.81257,0.81269,1.25,1.00
2017.09.27 21:46:51.664,0.81256,0.81273,1.19,1.00
2017.09.27 21:46:52.183,0.81256,0.81274,1.19,1.25
2017.09.27 21:46:52.873,0.81256,0.81273,1.19,1.00
2017.09.27 21:46:58.463,0.81257,0.81271,1.25,1.00
2017.09.27 21:46:59.585,0.81257,0.81273,1.25,1.00
2017.09.27 21:47:01.653,0.81257,0.81271,1.25,1.00
2017.09.27 21:47:14.311,0.81257,0.81273,1.25,1.00
2017.09.27 21:47:27.374,0.81256,0.81273,1.25,1.00
2017.09.27 21:47:28.539,0.81256,0.81271,1.25,1.00
2017.09.27 21:47:30.343,0.81256,0.81272,1.25,1.00
2017.09.27 21:47:30.883,0.81256,0.81271,1.25,1.00
2017.09.27 21:47:32.232,0.81256,0.81273,1.25,1.00
2017.09.27 21:47:33.272,0.81256,0.81271,1.25,1.00
2017.09.27 21:47:36.263,0.81256,0.81275,1.25,1.87
2017.09.27 21:47:38.494,0.81256,0.81275,1.25,1.25
2017.09.27 21:47:41.271,0.81256,0.81275,1.19,1.25
2017.09.27 21:47:42.325,0.81256,0.81275,1.25,1.25
2017.09.27 21:47:44.889,0.81256,0.81276,1.25,1.00
2017.09.27 21:47:46.274,0.81256,0.81275,1.25,1.00
2017.09.27 21:47:52.262,0.81256,0.81271,1.25,1.00
2017.09.27 21:47:53.384,0.81256,0.81272,1.25,1.00
2017.09.27 21:47:54.623,0.81256,0.81271,1.25,1.00
2017.09.27 21:47:55.335,0.81256,0.81272,1.25,1.00
2017.09.27 21:47:55.857,0.81256,0.81271,1.25,1.00
2017.09.27 21:47:57.334,0.81256,0.81272,1.25,1.00
2017.09.27 21:47:57.837,0.81256,0.81271,1.19,1.00
2017.09.27 21:47:59.360,0.81256,0.81272,1.19,1.00
2017.09.27 21:47:59.879,0.81257,0.81271,1.25,1.00
2017.09.27 21:48:00.388,0.81257,0.81272,1.25,1.00
2017.09.27 21:48:00.867,0.81257,0.81274,1.25,1.00
2017.09.27 21:48:03.654,0.81256,0.81273,1.19,1.00
2017.09.27 21:48:04.593,0.81256,0.81274,1.19,1.00
2017.09.27 21:48:05.404,0.81256,0.81273,1.19,1.00
2017.09.27 21:48:07.363,0.81256,0.81274,1.19,1.00
2017.09.27 21:48:07.912,0.81256,0.81273,1.19,1.00
2017.09.27 21:48:08.440,0.81256,0.81272,1.19,1.00
2017.09.27 21:48:12.383,0.81258,0.81272,1.00,1.00
2017.09.27 21:48:14.983,0.81258,0.81273,1.25,1.00
2017.09.27 21:48:16.293,0.81258,0.81272,1.25,1.00
2017.09.27 21:48:30.322,0.81258,0.81273,1.25,1.00
2017.09.27 21:48:37.672,0.81254,0.81271,1.00,1.00
2017.09.27 21:48:38.143,0.81253,0.81268,1.25,1.00
2017.09.27 21:48:39.182,0.81252,0.81269,1.44,1.00
2017.09.27 21:48:42.183,0.81253,0.81268,1.25,1.00
2017.09.27 21:48:42.733,0.81253,0.81268,1.19,1.00
2017.09.27 21:48:44.656,0.81252,0.81268,1.19,1.00
2017.09.27 21:48:47.122,0.81252,0.81269,1.19,1.00
2017.09.27 21:48:47.623,0.81252,0.81271,1.44,1.50
2017.09.27 21:48:48.142,0.81254,0.81271,1.25,1.50
2017.09.27 21:48:57.475,0.81254,0.81271,1.19,1.50
2017.09.27 21:49:04.112,0.81254,0.81269,1.19,1.00
2017.09.27 21:49:05.219,0.81252,0.81268,1.19,1.00
2017.09.27 21:49:07.276,0.81252,0.81269,1.19,1.00
2017.09.27 21:49:09.377,0.81252,0.81268,1.19,1.00
2017.09.27 21:49:10.763,0.81252,0.8127,1.19,1.00
2017.09.27 21:49:11.277,0.81252,0.81268,1.19,1.00
2017.09.27 21:49:16.782,0.81252,0.81269,1.44,1.00
2017.09.27 21:49:18.293,0.81252,0.81268,1.44,1.00
2017.09.27 21:49:24.508,0.8125,0.8127,1.69,1.00
2017.09.27 21:49:24.864,0.81249,0.81268,1.19,1.00
2017.09.27 21:49:25.539,0.81248,0.81266,1.87,1.00
2017.09.27 21:49:25.643,0.81248,0.81269,1.37,1.00
2017.09.27 21:49:27.383,0.81248,0.81268,1.37,1.00
2017.09.27 21:49:28.092,0.81248,0.81266,1.37,1.00
2017.09.27 21:49:29.223,0.81247,0.81268,1.37,1.00
2017.09.27 21:49:33.374,0.81247,0.81266,1.37,1.00
2017.09.27 21:49:35.590,0.81247,0.81268,1.37,1.00
2017.09.27 21:49:36.383,0.81247,0.81268,1.37,1.00
2017.09.27 21:49:39.334,0.81247,0.81268,1.37,1.00
2017.09.27 21:49:39.385,0.8125,0.81266,1.00,1.00
2017.09.27 21:49:39.780,0.81252,0.81267,1.00,1.00
2017.09.27 21:49:40.396,0.81252,0.81267,1.19,1.00
2017.09.27 21:49:43.045,0.81251,0.81267,1.44,1.00
2017.09.27 21:49:47.562,0.8125,0.81263,1.25,1.00
2017.09.27 21:49:48.073,0.81248,0.81263,1.19,1.00
2017.09.27 21:49:57.617,0.81248,0.81262,1.25,1.00
2017.09.27 21:50:04.171,0.81247,0.81261,1.19,1.00
2017.09.27 21:50:11.400,0.81248,0.81263,1.25,1.00
2017.09.27 21:50:11.903,0.81248,0.81263,1.19,1.00
2017.09.27 21:50:12.626,0.81248,0.81262,1.19,1.00
2017.09.27 21:50:13.321,0.81248,0.81262,1.25,1.00
2017.09.27 21:50:14.977,0.81248,0.81262,1.19,1.00
2017.09.27 21:50:15.490,0.81248,0.81263,1.19,1.00
2017.09.27 21:50:16.034,0.81249,0.81262,1.19,1.00
2017.09.27 21:50:16.390,0.81249,0.81264,1.19,1.00
2017.09.27 21:50:19.237,0.81249,0.81262,1.19,1.00
2017.09.27 21:50:19.688,0.81249,0.81264,1.19,1.50
2017.09.27 21:50:26.430,0.81248,0.81263,1.44,1.00
2017.09.27 21:50:43.502,0.8125,0.81266,1.00,1.00
2017.09.27 21:50:43.603,0.81252,0.81265,1.19,1.00
2017.09.27 21:50:48.059,0.81253,0.81267,1.25,1.00
2017.09.27 21:50:49.237,0.81253,0.81266,1.25,1.00
2017.09.27 21:50:54.103,0.81253,0.81267,1.25,1.00
2017.09.27 21:50:55.308,0.81253,0.81266,1.25,1.00
2017.09.27 21:50:57.207,0.81253,0.81267,1.25,1.00
2017.09.27 21:51:08.037,0.81253,0.81265,1.25,1.00
2017.09.27 21:51:08.552,0.81253,0.81264,1.25,1.00
2017.09.27 21:51:08.987,0.81252,0.81266,1.19,1.00
2017.09.27 21:51:23.149,0.81252,0.81266,1.25,1.00
2017.09.27 21:51:44.202,0.81244,0.81264,1.00,1.00
2017.09.27 21:51:44.253,0.81239,0.81264,1.44,1.44
2017.09.27 21:51:44.769,0.81237,0.81263,1.37,1.25
2017.09.27 21:51:45.168,0.81237,0.81261,1.37,1.00
2017.09.27 21:51:45.669,0.81236,0.81259,2.06,1.00
2017.09.27 21:51:46.168,0.81236,0.81257,2.06,1.00
2017.09.27 21:51:46.812,0.81236,0.81257,1.56,1.00
2017.09.27 21:51:49.932,0.81236,0.81257,1.56,1.00
2017.09.27 21:51:53.222,0.81235,0.81257,1.62,1.00
2017.09.27 21:51:56.707,0.81235,0.81257,1.62,1.00
2017.09.27 21:52:03.664,0.81235,0.81259,1.37,1.00
2017.09.27 21:52:04.167,0.81234,0.81258,1.37,1.00
2017.09.27 21:52:04.619,0.81234,0.81255,1.37,1.00
2017.09.27 21:52:05.408,0.81234,0.81255,1.37,1.00
2017.09.27 21:52:06.279,0.81233,0.81253,2.06,1.00
2017.09.27 21:52:23.411,0.81233,0.81253,1.62,1.00
2017.09.27 21:52:25.413,0.81232,0.81258,2.06,1.00
2017.09.27 21:52:25.911,0.81232,0.81255,2.06,1.00
2017.09.27 21:52:26.865,0.81233,0.81255,1.31,1.00
2017.09.27 21:52:27.412,0.81233,0.81255,1.62,1.00
2017.09.27 21:52:27.964,0.81235,0.81252,1.25,1.00
2017.09.27 21:52:28.666,0.81234,0.81253,1.44,1.00
2017.09.27 21:52:29.170,0.81233,0.81253,1.87,1.00
2017.09.27 21:52:33.278,0.81233,0.81253,2.06,1.00
2017.09.27 21:52:35.468,0.81233,0.81257,1.62,1.00
2017.09.27 21:52:36.049,0.81234,0.81257,1.25,1.00
2017.09.27 21:52:37.159,0.81234,0.81258,1.44,1.00
2017.09.27 21:52:37.798,0.81234,0.81258,1.37,1.00
2017.09.27 21:52:42.159,0.81234,0.81258,1.44,1.00
2017.09.27 21:52:43.209,0.81234,0.81258,1.37,1.00
2017.09.27 21:52:45.481,0.81234,0.81258,1.37,1.00
2017.09.27 21:52:46.190,0.81234,0.81259,1.37,1.00
2017.09.27 21:52:46.797,0.81234,0.81259,1.37,1.00
2017.09.27 21:52:50.698,0.81234,0.81258,1.37,1.00
2017.09.27 21:52:57.597,0.81234,0.81258,1.44,1.00
2017.09.27 21:52:59.860,0.81234,0.81258,1.37,1.00
2017.09.27 21:53:10.997,0.81236,0.81265,1.25,2.06
2017.09.27 21:53:16.808,0.81235,0.81258,1.44,1.00
2017.09.27 21:53:17.442,0.81235,0.81258,1.37,1.00
2017.09.27 21:53:19.105,0.81235,0.81258,1.44,1.00
2017.09.27 21:53:20.110,0.81235,0.81258,1.37,1.00
2017.09.27 21:53:21.368,0.81235,0.81258,1.44,1.00
2017.09.27 21:53:23.443,0.81235,0.8126,1.44,1.00
2017.09.27 21:53:40.424,0.81235,0.8126,1.37,1.00
2017.09.27 21:53:41.425,0.81235,0.8126,1.44,1.00
2017.09.27 21:53:50.450,0.81235,0.8126,1.37,1.00
2017.09.27 21:53:51.660,0.81235,0.8126,1.44,1.00
2017.09.27 21:53:54.813,0.81235,0.81258,1.44,1.00
2017.09.27 21:53:55.279,0.81235,0.81255,1.44,1.00
2017.09.27 21:53:58.513,0.81234,0.81258,1.37,1.00
2017.09.27 21:53:58.988,0.81235,0.81255,1.44,1.00
2017.09.27 21:54:08.419,0.81232,0.81257,2.06,1.69
2017.09.27 21:54:08.621,0.81229,0.81255,1.87,1.44
2017.09.27 21:54:09.379,0.81229,0.81253,1.37,1.00
2017.09.27 21:54:10.581,0.81231,0.81253,1.44,1.87
2017.09.27 21:54:25.949,0.8123,0.81251,1.37,1.00
2017.09.27 21:54:26.522,0.8123,0.81253,1.37,1.87
2017.09.27 21:54:27.026,0.8123,0.81251,1.37,1.12
2017.09.27 21:54:28.188,0.81231,0.81251,1.44,1.44
2017.09.27 21:54:34.474,0.8123,0.81248,1.12,1.69
2017.09.27 21:54:35.103,0.81229,0.81248,1.87,1.19
2017.09.27 21:54:39.254,0.81229,0.81248,1.25,1.44
2017.09.27 21:54:41.171,0.81229,0.81249,1.25,1.87
2017.09.27 21:54:41.272,0.81231,0.81249,1.44,1.25
2017.09.27 21:54:41.817,0.81232,0.81248,1.25,1.00
2017.09.27 21:54:42.359,0.81232,0.81249,1.44,1.00
2017.09.27 21:54:43.169,0.81231,0.81249,1.44,1.25
2017.09.27 21:54:43.220,0.81229,0.8125,1.37,1.37
2017.09.27 21:54:43.271,0.81225,0.81249,1.44,1.44
2017.09.27 21:54:43.322,0.81222,0.81249,1.62,1.44
2017.09.27 21:54:43.373,0.81222,0.81249,1.31,1.44
2017.09.27 21:54:43.534,0.81223,0.81249,1.00,1.19
2017.09.27 21:54:43.640,0.81224,0.8125,1.00,1.69
2017.09.27 21:54:43.691,0.81221,0.81249,1.25,1.25
2017.09.27 21:54:43.793,0.81219,0.81247,1.19,1.19
2017.09.27 21:54:43.844,0.81218,0.81247,2.06,1.19
2017.09.27 21:54:44.138,0.81218,0.81243,1.44,1.25
2017.09.27 21:54:44.648,0.81214,0.81242,2.06,1.69
2017.09.27 21:54:45.198,0.81215,0.81242,1.19,1.69
2017.09.27 21:54:45.742,0.81212,0.81241,2.06,1.69
2017.09.27 21:54:46.197,0.81212,0.81238,2.06,1.00
2017.09.27 21:54:46.724,0.81212,0.81238,2.06,1.00
2017.09.27 21:54:47.357,0.81211,0.81238,1.37,1.00
2017.09.27 21:54:48.199,0.81211,0.81237,1.62,1.69
2017.09.27 21:54:48.503,0.81206,0.81231,1.62,1.19
2017.09.27 21:54:49.127,0.81206,0.81229,1.62,1.00
2017.09.27 21:54:49.718,0.81206,0.81229,1.44,1.00
2017.09.27 21:54:50.040,0.81202,0.81228,1.62,1.19
2017.09.27 21:54:50.141,0.81202,0.81228,1.62,1.19
2017.09.27 21:54:51.139,0.81202,0.81225,1.31,1.19
2017.09.27 21:54:52.968,0.812,0.81224,1.56,1.19
2017.09.27 21:54:53.020,0.81201,0.81227,1.62,1.00
2017.09.27 21:54:53.366,0.81201,0.8123,1.62,1.69
2017.09.27 21:54:53.872,0.81205,0.8123,1.00,1.00
2017.09.27 21:54:53.924,0.81205,0.81232,1.00,1.00
2017.09.27 21:54:53.975,0.81207,0.81232,1.00,1.00
2017.09.27 21:54:54.026,0.81205,0.81232,1.00,1.00
2017.09.27 21:54:55.861,0.81205,0.81232,1.44,1.00
2017.09.27 21:54:56.369,0.81205,0.81234,1.25,2.44
2017.09.27 21:54:56.521,0.81206,0.81234,1.87,1.00
2017.09.27 21:54:56.775,0.81207,0.81236,1.25,1.00
2017.09.27 21:54:57.319,0.81208,0.81237,1.25,1.00
2017.09.27 21:54:57.863,0.81207,0.81236,1.44,1.00
2017.09.27 21:54:57.915,0.81207,0.81234,1.62,1.00
2017.09.27 21:55:00.568,0.81208,0.81234,1.25,1.00
2017.09.27 21:55:01.081,0.81209,0.81234,1.00,1.00
2017.09.27 21:55:01.753,0.8121,0.81234,1.00,1.00
2017.09.27 21:55:02.415,0.81209,0.81234,1.25,1.00
2017.09.27 21:55:02.945,0.81209,0.81232,1.25,1.00
2017.09.27 21:55:03.662,0.81207,0.81235,2.06,1.00
2017.09.27 21:55:04.684,0.81208,0.81235,1.44,1.00
2017.09.27 21:55:05.224,0.81209,0.81233,1.25,1.00
2017.09.27 21:55:05.741,0.81207,0.81235,1.37,1.00
2017.09.27 21:55:06.282,0.81207,0.81236,1.37,1.50
2017.09.27 21:55:06.830,0.81207,0.81235,1.37,1.00
2017.09.27 21:55:07.364,0.81207,0.81234,2.06,1.00
2017.09.27 21:55:08.210,0.8121,0.81234,1.00,1.00
2017.09.27 21:55:08.922,0.81208,0.81234,1.62,1.00
2017.09.27 21:55:10.182,0.81208,0.81232,1.44,1.00
2017.09.27 21:55:12.305,0.81208,0.81232,1.37,1.00
2017.09.27 21:55:13.962,0.81208,0.81235,1.37,1.12
2017.09.27 21:55:15.410,0.81208,0.81234,1.37,1.00
2017.09.27 21:55:15.960,0.81208,0.81235,1.44,1.87
2017.09.27 21:55:16.463,0.81208,0.81235,1.12,1.87
2017.09.27 21:55:19.926,0.81208,0.81227,1.00,1.00
2017.09.27 21:55:20.669,0.81204,0.81227,1.62,1.00
2017.09.27 21:55:21.006,0.81204,0.81231,1.62,1.25
2017.09.27 21:55:21.115,0.81203,0.81229,1.56,1.00
2017.09.27 21:55:21.620,0.81203,0.8123,2.06,1.44
2017.09.27 21:55:22.159,0.81203,0.81229,2.06,1.00
2017.09.27 21:55:35.679,0.81203,0.81228,2.06,1.00
2017.09.27 21:55:58.974,0.81204,0.81228,1.62,1.00
2017.09.27 21:56:02.275,0.81209,0.81231,1.44,1.00
2017.09.27 21:56:02.326,0.81211,0.81235,1.31,1.25
2017.09.27 21:56:02.428,0.81212,0.81235,1.62,1.00
2017.09.27 21:56:02.733,0.81213,0.81237,1.44,1.00
2017.09.27 21:56:03.527,0.81214,0.81237,1.62,1.00
2017.09.27 21:56:04.219,0.81214,0.81237,1.62,1.00
2017.09.27 21:56:07.332,0.81214,0.81238,1.25,1.00
2017.09.27 21:56:07.383,0.81209,0.81238,1.37,1.00
2017.09.27 21:56:07.435,0.81206,0.81236,1.56,1.00
2017.09.27 21:56:07.486,0.81206,0.81236,1.56,1.00
2017.09.27 21:56:07.799,0.81208,0.81234,1.37,1.00
2017.09.27 21:56:10.512,0.81207,0.81234,1.62,1.50
2017.09.27 21:56:11.574,0.81207,0.81233,1.62,1.00
2017.09.27 21:56:22.356,0.81207,0.81234,2.06,1.44
2017.09.27 21:56:48.537,0.81207,0.81233,1.62,1.25
2017.09.27 21:56:57.069,0.81207,0.81233,1.62,1.25
2017.09.27 21:57:01.364,0.81206,0.81234,1.62,1.69
2017.09.27 21:57:01.885,0.81206,0.81233,1.62,1.00
2017.09.27 21:57:03.281,0.81206,0.81234,1.62,1.25
2017.09.27 21:57:03.956,0.81206,0.81233,1.62,1.00
2017.09.27 21:57:04.526,0.81206,0.81234,1.62,1.25
2017.09.27 21:57:05.070,0.81206,0.81233,1.62,1.00
2017.09.27 21:57:06.773,0.81206,0.81234,1.62,1.25
2017.09.27 21:57:07.300,0.81206,0.81233,1.62,1.00
2017.09.27 21:57:07.820,0.81206,0.81233,1.62,1.00
2017.09.27 21:57:08.665,0.81206,0.81234,1.62,1.25
2017.09.27 21:57:09.237,0.81206,0.81233,1.62,1.00
2017.09.27 21:57:09.780,0.81206,0.81234,1.62,1.25
2017.09.27 21:57:10.330,0.81206,0.81233,1.62,1.00
2017.09.27 21:57:10.888,0.81206,0.81234,1.62,1.25
2017.09.27 21:57:11.578,0.81206,0.81233,1.62,1.00
2017.09.27 21:57:12.309,0.81206,0.81234,1.62,1.25
2017.09.27 21:57:12.833,0.81206,0.81233,1.62,1.00
2017.09.27 21:57:13.531,0.81206,0.81234,1.62,1.25
2017.09.27 21:57:14.816,0.81206,0.81232,1.62,1.00
2017.09.27 21:57:15.026,0.81206,0.81234,1.62,1.69
2017.09.27 21:57:15.268,0.81206,0.81232,1.62,1.00
2017.09.27 21:57:16.550,0.81206,0.81233,1.62,1.00
2017.09.27 21:57:17.356,0.81206,0.81232,1.62,1.00
2017.09.27 21:57:18.025,0.81206,0.81233,1.62,1.25
2017.09.27 21:57:18.679,0.81206,0.81232,1.62,1.00
2017.09.27 21:57:20.525,0.81206,0.81233,1.62,1.25
2017.09.27 21:57:21.371,0.81206,0.81232,1.62,1.00
2017.09.27 21:57:21.681,0.81213,0.81232,1.00,1.50
2017.09.27 21:57:22.162,0.81213,0.8123,1.00,1.00
2017.09.27 21:57:22.659,0.81213,0.81232,1.00,1.00
2017.09.27 21:57:24.361,0.81213,0.81233,1.00,1.25
2017.09.27 21:57:25.089,0.81213,0.81232,1.00,1.00
2017.09.27 21:57:26.022,0.81212,0.81232,1.00,1.00
2017.09.27 21:57:27.525,0.81212,0.81233,1.00,1.25
2017.09.27 21:57:28.070,0.81212,0.81232,1.00,1.00
2017.09.27 21:57:28.770,0.81213,0.81232,1.00,1.00
2017.09.27 21:57:30.525,0.81213,0.81233,1.00,1.25
2017.09.27 21:57:31.275,0.81213,0.81232,1.00,1.00
2017.09.27 21:57:31.693,0.81214,0.81226,1.00,1.00
2017.09.27 21:57:31.744,0.8121,0.81224,1.00,1.00
2017.09.27 21:57:31.795,0.8121,0.81226,1.00,1.00
2017.09.27 21:57:31.846,0.81213,0.81226,1.00,1.00
2017.09.27 21:57:32.172,0.81213,0.8123,1.00,1.00
2017.09.27 21:57:33.438,0.81213,0.81231,1.00,1.00
2017.09.27 21:57:34.917,0.81213,0.81232,1.00,1.00
2017.09.27 21:57:35.469,0.81214,0.81232,1.00,1.00
2017.09.27 21:57:36.046,0.81214,0.81233,1.00,1.25
2017.09.27 21:57:40.749,0.81224,0.81234,1.00,1.25
2017.09.27 21:57:41.087,0.81227,0.81234,1.00,1.25
2017.09.27 21:57:41.828,0.81228,0.81235,1.00,1.12
2017.09.27 21:57:44.120,0.81228,0.81235,1.00,1.12
2017.09.27 21:57:44.847,0.81228,0.81235,1.00,1.12
2017.09.27 21:57:45.609,0.81227,0.81235,1.00,1.12
2017.09.27 21:57:51.077,0.81228,0.81235,1.00,1.12
2017.09.27 21:57:55.827,0.81228,0.81236,1.00,1.12
2017.09.27 21:57:56.776,0.81228,0.81235,1.00,1.25
2017.09.27 21:57:58.617,0.81228,0.81236,1.00,1.12
2017.09.27 21:58:00.751,0.81228,0.81235,1.00,1.12
2017.09.27 21:58:01.406,0.81227,0.81235,1.00,1.44
2017.09.27 21:58:11.759,0.81227,0.81235,1.00,1.12
2017.09.27 21:58:35.060,0.81225,0.81235,1.00,1.12
2017.09.27 21:58:35.162,0.81223,0.81235,1.00,1.44
2017.09.27 21:58:35.700,0.81222,0.81235,1.00,1.44
2017.09.27 21:58:36.537,0.81221,0.81234,1.00,1.12
2017.09.27 21:58:38.522,0.81222,0.81234,1.00,1.12
2017.09.27 21:58:39.059,0.81221,0.81234,1.00,1.12
2017.09.27 21:58:41.831,0.81221,0.81234,1.00,1.44
2017.09.27 21:58:42.340,0.81221,0.81234,1.00,1.87
2017.09.27 21:58:43.423,0.8122,0.81233,1.00,1.25
2017.09.27 21:58:45.349,0.81219,0.81233,1.00,1.25
2017.09.27 21:58:47.475,0.81219,0.81234,1.00,1.00
2017.09.27 21:58:47.678,0.81219,0.81241,1.00,1.00
2017.09.27 21:58:47.931,0.81221,0.81242,1.00,1.25
2017.09.27 21:58:48.430,0.81222,0.81242,1.19,1.00
2017.09.27 21:58:48.836,0.81221,0.81245,1.62,1.69
2017.09.27 21:58:49.140,0.81223,0.81249,2.06,1.19
2017.09.27 21:58:49.839,0.81225,0.81249,1.12,1.25
2017.09.27 21:58:49.941,0.81229,0.8125,1.00,1.19
2017.09.27 21:58:50.244,0.81229,0.81252,1.12,1.25
2017.09.27 21:58:51.024,0.81228,0.81256,1.62,1.50
2017.09.27 21:58:51.550,0.81229,0.81256,2.06,1.19
2017.09.27 21:58:52.162,0.81235,0.81256,1.25,1.00
2017.09.27 21:58:52.708,0.81233,0.81255,1.62,1.00
2017.09.27 21:58:53.161,0.81233,0.81255,1.12,1.25
2017.09.27 21:58:53.313,0.81233,0.81257,1.12,1.25
2017.09.27 21:58:53.364,0.81233,0.81256,1.12,1.19
2017.09.27 21:58:53.811,0.81233,0.81257,1.12,1.25
2017.09.27 21:58:54.138,0.81233,0.81256,1.12,1.19
2017.09.27 21:58:54.509,0.81233,0.81257,1.12,1.69
2017.09.27 21:58:55.224,0.81232,0.81256,1.62,1.19
2017.09.27 21:58:55.376,0.81231,0.81257,1.56,1.69
2017.09.27 21:58:56.451,0.81232,0.81256,1.31,1.19
2017.09.27 21:58:57.341,0.81232,0.81257,1.31,1.25
2017.09.27 21:58:59.350,0.81232,0.81256,1.31,1.00
2017.09.27 21:59:00.010,0.81232,0.81257,1.62,1.69
2017.09.27 21:59:00.606,0.81229,0.81256,2.06,1.25
2017.09.27 21:59:01.364,0.81233,0.81257,0.19,0.94
2017.09.27 21:59:01.912,0.81233,0.81256,0.19,0.94
2017.09.27 21:59:03.350,0.81233,0.81257,0.19,0.94
2017.09.27 21:59:03.861,0.81233,0.81256,0.19,0.94
2017.09.27 21:59:04.182,0.8123,0.81256,0.19,0.94
2017.09.27 21:59:04.781,0.8123,0.81257,0.19,1.69
2017.09.27 21:59:05.292,0.81229,0.81256,0.94,0.94
2017.09.27 21:59:06.190,0.81229,0.81257,0.94,0.94
2017.09.27 21:59:07.186,0.81229,0.81256,0.19,0.75
2017.09.27 21:59:07.726,0.8123,0.81252,0.19,0.19
2017.09.27 21:59:08.048,0.81226,0.8125,0.37,0.75
2017.09.27 21:59:08.150,0.81227,0.81252,0.19,0.19
2017.09.27 21:59:08.454,0.81227,0.81255,0.75,0.75
2017.09.27 21:59:08.759,0.81228,0.81257,1.50,1.50
2017.09.27 21:59:09.115,0.8123,0.81257,0.19,0.75
2017.09.27 21:59:09.420,0.81234,0.81258,0.19,1.12
2017.09.27 21:59:10.294,0.81232,0.81256,0.19,0.94
2017.09.27 21:59:10.840,0.81233,0.81257,0.19,0.19
2017.09.27 21:59:11.361,0.81233,0.81258,0.19,0.75
2017.09.27 21:59:11.940,0.81233,0.81257,0.19,0.19
2017.09.27 21:59:13.719,0.81234,0.81257,0.75,0.94
2017.09.27 21:59:14.274,0.81235,0.81257,0.37,0.94
2017.09.27 21:59:15.347,0.81235,0.81258,0.19,0.75
2017.09.27 21:59:15.398,0.81233,0.81258,0.19,0.75
2017.09.27 21:59:16.285,0.81233,0.81256,0.19,0.19
2017.09.27 21:59:16.336,0.81233,0.81258,0.19,0.75
2017.09.27 21:59:17.293,0.81233,0.81259,0.19,0.37
2017.09.27 21:59:18.082,0.81233,0.81258,0.19,0.75
2017.09.27 21:59:19.374,0.81233,0.81259,0.19,0.37
2017.09.27 21:59:19.984,0.81233,0.81258,0.19,0.75
2017.09.27 21:59:20.334,0.81234,0.81256,0.19,0.19
2017.09.27 21:59:22.233,0.81234,0.81257,0.19,0.19
2017.09.27 21:59:26.327,0.8124,0.81257,0.94,0.94
2017.09.27 21:59:26.378,0.81239,0.81259,0.94,0.19
2017.09.27 21:59:26.430,0.81237,0.81261,1.12,0.94
2017.09.27 21:59:26.483,0.81239,0.81261,0.19,0.75
2017.09.27 21:59:26.534,0.81236,0.81261,0.94,0.75
2017.09.27 21:59:26.695,0.81238,0.81261,1.12,0.75
2017.09.27 21:59:27.566,0.81243,0.81263,0.19,0.75
2017.09.27 21:59:28.550,0.81243,0.81264,0.19,0.94
2017.09.27 21:59:29.054,0.81242,0.81265,0.94,0.75
2017.09.27 21:59:29.590,0.81242,0.81266,0.94,0.94
2017.09.27 21:59:30.184,0.81243,0.81266,0.19,0.94
2017.09.27 21:59:30.553,0.81243,0.81264,0.19,0.75
2017.09.27 21:59:32.205,0.81243,0.81263,0.19,0.75
2017.09.27 21:59:32.661,0.81243,0.8126,0.19,0.75
2017.09.27 21:59:34.148,0.81245,0.81261,0.94,0.75
2017.09.27 21:59:34.471,0.81247,0.81261,0.19,0.75
2017.09.27 21:59:34.623,0.81247,0.81263,0.19,0.75
2017.09.27 21:59:37.429,0.81246,0.81263,0.94,0.75
2017.09.27 21:59:39.690,0.81245,0.81263,0.94,0.75
2017.09.27 21:59:40.459,0.81244,0.81263,1.87,0.75
2017.09.27 21:59:41.000,0.81247,0.81264,0.94,0.75
2017.09.27 21:59:41.492,0.81248,0.81266,0.94,0.75
2017.09.27 21:59:41.960,0.81248,0.81263,0.19,0.75
2017.09.27 21:59:43.096,0.81248,0.81264,0.19,0.75
2017.09.27 21:59:43.611,0.81248,0.81263,0.19,0.75
2017.09.27 21:59:44.136,0.8125,0.81269,0.19,0.75
2017.09.27 21:59:44.592,0.81252,0.81269,0.19,0.75
2017.09.27 21:59:44.643,0.81252,0.81278,0.94,0.75
2017.09.27 21:59:45.104,0.81252,0.81276,0.94,0.75
2017.09.27 21:59:45.653,0.81253,0.81276,0.19,0.75
2017.09.27 21:59:48.371,0.81252,0.8128,0.94,0.19
2017.09.27 21:59:48.927,0.81252,0.81281,0.19,1.69
2017.09.27 21:59:49.453,0.81253,0.8128,0.94,0.19
2017.09.27 21:59:50.004,0.81253,0.81281,0.75,0.75
2017.09.27 21:59:50.510,0.81252,0.81281,0.19,0.94
2017.09.27 21:59:51.233,0.81251,0.81272,0.75,1.69
2017.09.27 21:59:51.436,0.81248,0.8127,0.37,0.19
2017.09.27 21:59:52.477,0.81248,0.81269,0.19,0.19
2017.09.27 21:59:54.237,0.81247,0.81269,1.12,0.19
2017.09.27 21:59:54.288,0.81247,0.81271,1.12,0.19
2017.09.27 21:59:54.824,0.81248,0.81272,0.19,0.75
2017.09.27 21:59:57.252,0.81248,0.81274,0.37,0.94
2017.09.27 21:59:57.561,0.81246,0.81273,0.19,0.19
2017.09.27 21:59:57.763,0.81246,0.81269,1.31,0.75
2017.09.27 21:59:58.311,0.81245,0.81268,0.94,0.75
