2018.01.23 10:00:00.353,0.81064,0.81076,2.25,1.00
2018.01.23 10:00:00.456,0.81063,0.81073,1.12,1.00
2018.01.23 10:00:00.540,0.81064,0.81075,1.00,1.00
2018.01.23 10:00:00.643,0.81066,0.81077,1.00,1.12
2018.01.23 10:00:00.746,0.81067,0.81079,1.50,1.00
2018.01.23 10:00:00.849,0.81069,0.81079,1.00,1.00
2018.01.23 10:00:00.900,0.81066,0.81078,1.12,1.00
2018.01.23 10:00:00.951,0.8107,0.81079,1.00,1.50
2018.01.23 10:00:01.003,0.81067,0.81079,1.00,2.25
2018.01.23 10:00:02.729,0.81069,0.81079,1.00,1.00
2018.01.23 10:00:03.165,0.81071,0.81082,1.00,1.69
2018.01.23 10:00:06.183,0.81071,0.81081,1.50,1.25
2018.01.23 10:00:06.739,0.81071,0.8108,1.25,1.00
2018.01.23 10:00:07.240,0.8107,0.81079,1.00,1.00
2018.01.23 10:00:07.752,0.81069,0.81078,1.12,1.00
2018.01.23 10:00:08.293,0.81067,0.81077,1.69,1.69
2018.01.23 10:00:08.344,0.81067,0.81075,1.00,1.00
2018.01.23 10:00:08.597,0.81064,0.81073,1.00,1.00
2018.01.23 10:00:09.043,0.81068,0.81075,1.00,1.25
2018.01.23 10:00:09.095,0.81065,0.81074,1.50,1.25
2018.01.23 10:00:11.029,0.81065,0.81074,1.00,1.25
2018.01.23 10:00:11.233,0.81063,0.81073,1.69,1.25
2018.01.23 10:00:11.410,0.8106,0.81068,1.75,1.00
2018.01.23 10:00:11.468,0.81058,0.81067,1.25,1.00
2018.01.23 10:00:12.152,0.81058,0.81068,1.25,1.00
2018.01.23 10:00:12.480,0.81058,0.81066,1.00,1.00
2018.01.23 10:00:12.633,0.81056,0.81065,1.50,1.00
2018.01.23 10:00:13.502,0.81058,0.81067,1.00,1.44
2018.01.23 10:00:13.940,0.81059,0.81069,1.00,1.87
2018.01.23 10:00:14.144,0.8106,0.8107,1.00,1.69
2018.01.23 10:00:14.666,0.81061,0.8107,1.00,1.25
2018.01.23 10:00:15.396,0.81062,0.81072,1.25,2.62
2018.01.23 10:00:16.097,0.81061,0.8107,1.00,1.25
2018.01.23 10:00:16.667,0.81061,0.8107,1.00,1.44
2018.01.23 10:00:20.264,0.81062,0.81072,1.12,2.62
2018.01.23 10:00:20.725,0.81063,0.81074,1.00,1.87
2018.01.23 10:00:20.777,0.81061,0.81072,1.87,1.00
2018.01.23 10:00:20.964,0.81061,0.8107,1.50,1.25
2018.01.23 10:00:23.591,0.81061,0.8107,1.00,1.44
2018.01.23 10:00:24.108,0.81061,0.8107,1.25,1.25
2018.01.23 10:00:24.989,0.81061,0.8107,1.00,1.44
2018.01.23 10:00:25.334,0.81063,0.8107,1.00,1.12
2018.01.23 10:00:25.510,0.81061,0.8107,2.44,1.12
2018.01.23 10:00:26.030,0.81069,0.81072,1.00,1.00
2018.01.23 10:00:26.088,0.81072,0.81081,1.00,1.69
2018.01.23 10:00:27.820,0.81074,0.81082,1.00,1.44
2018.01.23 10:00:27.925,0.81079,0.81087,1.25,1.50
2018.01.23 10:00:28.108,0.81084,0.81091,1.00,1.25
2018.01.23 10:00:28.708,0.81085,0.81094,1.00,2.62
2018.01.23 10:00:28.861,0.81079,0.81088,1.00,1.25
2018.01.23 10:00:28.980,0.81081,0.81089,1.00,1.12
2018.01.23 10:00:29.039,0.81083,0.81092,1.00,1.25
2018.01.23 10:00:29.962,0.81083,0.81094,1.00,2.06
2018.01.23 10:00:30.469,0.81084,0.81094,1.00,1.87
2018.01.23 10:00:31.658,0.81084,0.81094,1.50,1.25
2018.01.23 10:00:32.009,0.81086,0.81094,1.00,1.25
2018.01.23 10:00:32.538,0.81086,0.81096,1.50,1.31
2018.01.23 10:00:33.053,0.81086,0.81096,1.69,1.25
2018.01.23 10:00:33.778,0.81086,0.81095,1.25,1.00
2018.01.23 10:00:34.441,0.81086,0.81095,1.00,1.44
2018.01.23 10:00:35.536,0.81086,0.81093,1.00,1.25
2018.01.23 10:00:35.587,0.81084,0.81095,2.25,1.87
2018.01.23 10:00:36.169,0.81084,0.81094,2.44,1.25
2018.01.23 10:00:37.720,0.81086,0.81095,1.00,1.44
2018.01.23 10:00:38.261,0.81086,0.81095,1.00,1.25
2018.01.23 10:00:39.182,0.81089,0.81096,1.00,1.69
2018.01.23 10:00:39.285,0.81087,0.81096,2.25,1.25
2018.01.23 10:00:39.907,0.81087,0.81096,2.25,1.44
2018.01.23 10:00:40.483,0.81087,0.81095,1.00,1.44
2018.01.23 10:00:41.772,0.81085,0.81094,1.87,1.25
2018.01.23 10:00:42.467,0.81086,0.81094,1.00,1.25
2018.01.23 10:00:43.042,0.81088,0.81095,1.00,1.44
2018.01.23 10:00:43.350,0.81083,0.81091,1.50,1.44
2018.01.23 10:00:44.356,0.81083,0.81089,1.00,1.00
2018.01.23 10:00:45.692,0.81083,0.8109,1.00,1.25
2018.01.23 10:00:46.238,0.81083,0.81092,1.50,1.44
2018.01.23 10:00:48.699,0.81085,0.81094,1.50,1.87
2018.01.23 10:00:49.248,0.81086,0.81094,1.87,1.12
2018.01.23 10:00:49.708,0.81086,0.81093,1.50,1.44
2018.01.23 10:00:50.257,0.81086,0.81093,1.50,1.25
2018.01.23 10:00:51.362,0.81088,0.81094,1.00,1.12
2018.01.23 10:00:52.262,0.81088,0.81095,1.00,1.12
2018.01.23 10:00:52.765,0.81088,0.81095,2.25,1.00
2018.01.23 10:00:53.481,0.8109,0.81097,1.00,1.44
2018.01.23 10:00:54.013,0.8109,0.81097,1.00,1.25
2018.01.23 10:00:54.970,0.8109,0.81096,1.00,1.25
2018.01.23 10:00:55.597,0.81088,0.81096,2.25,1.25
2018.01.23 10:00:55.749,0.81087,0.81095,1.50,1.25
2018.01.23 10:00:56.164,0.81088,0.81097,2.44,1.12
2018.01.23 10:00:56.215,0.8109,0.81097,1.00,1.12
2018.01.23 10:00:56.368,0.8109,0.811,2.81,1.87
2018.01.23 10:00:56.420,0.81092,0.811,1.50,1.12
2018.01.23 10:00:57.141,0.81093,0.81102,1.50,1.25
2018.01.23 10:00:57.869,0.81093,0.81101,1.00,1.00
2018.01.23 10:00:58.868,0.81093,0.81102,1.50,1.25
2018.01.23 10:01:02.052,0.81093,0.81102,1.50,1.44
2018.01.23 10:01:02.596,0.81093,0.811,1.00,1.25
2018.01.23 10:01:03.800,0.81092,0.81099,1.12,1.25
2018.01.23 10:01:05.208,0.81091,0.81099,1.00,1.25
2018.01.23 10:01:05.360,0.81091,0.81097,1.50,1.25
2018.01.23 10:01:05.771,0.81091,0.81099,1.50,1.12
2018.01.23 10:01:06.374,0.81091,0.811,1.69,1.12
2018.01.23 10:01:06.770,0.81093,0.81101,1.00,1.12
2018.01.23 10:01:07.074,0.81095,0.81103,1.00,1.25
2018.01.23 10:01:07.864,0.81098,0.81105,1.00,1.12
2018.01.23 10:01:08.489,0.81098,0.81107,1.50,1.44
2018.01.23 10:01:09.006,0.81099,0.81108,1.00,1.44
2018.01.23 10:01:09.525,0.81099,0.81108,1.25,1.12
2018.01.23 10:01:09.919,0.81101,0.81109,1.00,1.44
2018.01.23 10:01:09.970,0.81102,0.81111,1.31,1.12
2018.01.23 10:01:10.275,0.81105,0.81114,1.00,1.44
2018.01.23 10:01:10.841,0.81106,0.81116,1.50,1.37
2018.01.23 10:01:11.516,0.81106,0.81116,1.87,1.44
2018.01.23 10:01:11.889,0.81106,0.81114,1.50,1.44
2018.01.23 10:01:12.452,0.81106,0.81114,1.00,1.25
2018.01.23 10:01:13.058,0.81105,0.81114,1.12,1.44
2018.01.23 10:01:15.182,0.81105,0.81114,1.87,1.25
2018.01.23 10:01:15.489,0.81107,0.81115,1.00,1.25
2018.01.23 10:01:16.248,0.81107,0.81115,1.00,1.44
2018.01.23 10:01:18.054,0.81106,0.81114,1.00,1.44
2018.01.23 10:01:18.597,0.81104,0.81113,3.00,1.25
2018.01.23 10:01:19.052,0.81104,0.81112,1.50,1.44
2018.01.23 10:01:22.071,0.81104,0.81112,1.00,1.44
2018.01.23 10:01:22.577,0.81103,0.81112,2.25,1.44
2018.01.23 10:01:29.479,0.81101,0.8111,3.00,1.25
2018.01.23 10:01:30.002,0.81102,0.81111,1.00,1.44
2018.01.23 10:01:30.154,0.81104,0.81111,1.00,1.44
2018.01.23 10:01:31.022,0.81104,0.81112,1.12,1.44
2018.01.23 10:01:31.729,0.81103,0.81111,1.00,1.25
2018.01.23 10:01:32.360,0.81103,0.81111,1.00,1.44
2018.01.23 10:01:34.168,0.81103,0.81111,1.00,1.25
2018.01.23 10:01:35.277,0.81103,0.81112,2.62,1.25
2018.01.23 10:01:35.582,0.81106,0.81114,1.00,1.25
2018.01.23 10:01:41.726,0.81106,0.81115,2.25,1.25
2018.01.23 10:01:44.239,0.81106,0.81114,1.00,1.25
2018.01.23 10:01:48.962,0.81106,0.81113,1.00,1.00
2018.01.23 10:01:49.852,0.81106,0.81113,1.00,1.44
2018.01.23 10:02:00.964,0.81106,0.81114,1.00,1.44
2018.01.23 10:02:13.469,0.81104,0.81112,1.50,1.25
2018.01.23 10:02:20.985,0.81104,0.81112,1.00,1.44
2018.01.23 10:02:21.951,0.81103,0.8111,1.50,1.00
2018.01.23 10:02:22.682,0.81103,0.81111,1.69,1.00
2018.01.23 10:02:23.256,0.81103,0.81112,2.25,1.25
2018.01.23 10:02:24.003,0.81104,0.81113,1.00,1.44
2018.01.23 10:02:24.194,0.81105,0.81114,1.87,1.25
2018.01.23 10:02:24.792,0.81105,0.81112,1.00,1.00
2018.01.23 10:02:25.003,0.81107,0.81115,1.50,1.25
2018.01.23 10:02:25.104,0.81109,0.81118,1.69,1.69
2018.01.23 10:02:25.206,0.81111,0.8112,1.00,1.87
2018.01.23 10:02:25.416,0.81111,0.8112,1.00,1.69
2018.01.23 10:02:25.678,0.81111,0.81117,1.00,1.00
2018.01.23 10:02:25.785,0.81109,0.81116,1.00,1.00
2018.01.23 10:02:26.722,0.81109,0.81117,1.00,1.25
2018.01.23 10:02:29.837,0.81109,0.81116,1.00,1.00
2018.01.23 10:02:31.741,0.81109,0.81117,1.50,1.00
2018.01.23 10:02:31.792,0.81111,0.8112,1.00,1.69
2018.01.23 10:02:32.321,0.81111,0.81121,1.50,1.44
2018.01.23 10:02:32.626,0.81111,0.81118,1.00,1.44
2018.01.23 10:02:34.521,0.81111,0.81117,1.00,1.44
2018.01.23 10:02:35.065,0.81109,0.81116,1.00,1.25
2018.01.23 10:02:41.207,0.81109,0.81118,1.87,1.25
2018.01.23 10:02:41.513,0.81111,0.81119,1.00,1.25
2018.01.23 10:02:41.835,0.81113,0.8112,1.00,1.44
2018.01.23 10:02:42.449,0.81113,0.8112,1.00,1.25
2018.01.23 10:02:43.362,0.81113,0.81119,1.00,1.25
2018.01.23 10:02:43.413,0.8111,0.81118,1.00,1.25
2018.01.23 10:02:44.359,0.8111,0.81118,1.00,1.44
2018.01.23 10:02:44.937,0.8111,0.81119,1.50,1.44
2018.01.23 10:02:45.039,0.81111,0.8112,1.00,1.25
2018.01.23 10:02:45.090,0.81113,0.81121,1.00,1.44
2018.01.23 10:02:45.621,0.81113,0.81121,1.00,1.25
2018.01.23 10:02:45.956,0.81113,0.8112,1.00,1.44
2018.01.23 10:02:46.485,0.81113,0.8112,1.00,1.25
2018.01.23 10:02:50.315,0.81113,0.81122,1.00,1.44
2018.01.23 10:02:50.866,0.81113,0.81122,1.50,1.25
2018.01.23 10:02:55.045,0.81113,0.8112,1.00,1.00
2018.01.23 10:02:57.725,0.81113,0.8112,1.00,1.44
2018.01.23 10:03:00.095,0.81113,0.81121,1.00,1.25
2018.01.23 10:03:00.880,0.81113,0.81121,1.00,1.44
2018.01.23 10:03:01.768,0.8111,0.81119,1.00,1.44
2018.01.23 10:03:02.281,0.81109,0.81118,1.00,1.25
2018.01.23 10:03:02.880,0.81109,0.81117,1.00,1.25
2018.01.23 10:03:05.705,0.81111,0.81119,1.00,1.50
2018.01.23 10:03:05.810,0.81116,0.81125,1.00,4.12
2018.01.23 10:03:05.892,0.81115,0.81122,2.25,1.00
2018.01.23 10:03:06.199,0.81113,0.81121,1.00,1.44
2018.01.23 10:03:08.406,0.81113,0.81121,1.00,1.25
2018.01.23 10:03:13.279,0.81115,0.81121,1.00,1.00
2018.01.23 10:03:13.785,0.81115,0.81122,1.00,1.25
2018.01.23 10:03:14.212,0.81113,0.81121,1.50,1.44
2018.01.23 10:03:16.026,0.81111,0.81119,1.00,1.00
2018.01.23 10:03:17.518,0.81111,0.81118,1.00,1.00
2018.01.23 10:03:18.104,0.81111,0.81118,1.00,1.44
2018.01.23 10:03:19.162,0.81111,0.81119,1.00,1.25
2018.01.23 10:03:19.469,0.81113,0.81122,2.62,1.00
2018.01.23 10:03:19.775,0.81118,0.81125,1.00,1.00
2018.01.23 10:03:19.877,0.81116,0.81124,2.62,1.12
2018.01.23 10:03:19.928,0.81116,0.81122,1.87,1.00
2018.01.23 10:03:20.594,0.81115,0.81122,1.00,1.25
2018.01.23 10:03:21.139,0.81117,0.81124,1.00,1.44
2018.01.23 10:03:23.045,0.81117,0.81123,1.00,1.44
2018.01.23 10:03:23.856,0.81116,0.81123,1.00,1.12
2018.01.23 10:03:24.404,0.81116,0.81123,1.00,1.44
2018.01.23 10:03:25.488,0.81115,0.81123,1.00,1.44
2018.01.23 10:03:26.021,0.81115,0.81124,1.00,1.37
2018.01.23 10:03:26.543,0.81116,0.81124,1.00,1.37
2018.01.23 10:03:27.084,0.81116,0.81124,1.00,1.25
2018.01.23 10:03:27.592,0.81116,0.81125,1.50,1.25
2018.01.23 10:03:28.531,0.81116,0.81125,2.25,1.44
2018.01.23 10:03:29.565,0.81116,0.81125,2.25,1.25
2018.01.23 10:03:30.114,0.81119,0.81128,1.00,1.69
2018.01.23 10:03:30.694,0.81119,0.8113,1.50,3.94
2018.01.23 10:03:32.484,0.81118,0.81126,1.00,1.12
2018.01.23 10:03:32.586,0.81116,0.81126,1.87,1.44
2018.01.23 10:03:33.094,0.81116,0.81124,1.00,1.25
2018.01.23 10:03:33.900,0.81116,0.81122,1.00,1.00
2018.01.23 10:03:33.951,0.81114,0.81122,1.00,1.25
2018.01.23 10:03:34.055,0.81114,0.81119,1.00,1.00
2018.01.23 10:03:34.158,0.81111,0.81119,1.00,1.25
2018.01.23 10:03:34.676,0.81111,0.81118,1.00,1.00
2018.01.23 10:03:35.218,0.81111,0.81119,1.00,2.06
2018.01.23 10:03:36.721,0.8111,0.81119,1.50,2.06
2018.01.23 10:03:37.039,0.81112,0.8112,1.00,2.06
2018.01.23 10:03:40.746,0.81112,0.81121,1.00,1.37
2018.01.23 10:03:40.939,0.81112,0.81121,1.00,1.25
2018.01.23 10:03:41.329,0.81112,0.81121,1.00,1.38
2018.01.23 10:03:42.970,0.81111,0.81118,1.00,1.13
2018.01.23 10:03:43.073,0.81109,0.81118,1.25,2.06
2018.01.23 10:03:43.129,0.81109,0.81116,1.25,1.00
2018.01.23 10:03:43.282,0.81106,0.81114,1.00,1.31
2018.01.23 10:03:43.878,0.81106,0.81114,1.00,2.06
2018.01.23 10:03:46.414,0.81104,0.81112,1.50,1.13
2018.01.23 10:03:46.516,0.81104,0.81113,1.00,2.06
2018.01.23 10:03:46.619,0.81105,0.81114,1.00,2.81
2018.01.23 10:03:47.993,0.81107,0.81115,1.69,1.63
2018.01.23 10:03:48.858,0.81105,0.81111,1.19,1.00
2018.01.23 10:03:48.909,0.81104,0.8111,1.00,1.00
2018.01.23 10:03:49.453,0.81105,0.81114,1.50,1.38
2018.01.23 10:03:50.016,0.81104,0.81111,1.00,1.13
2018.01.23 10:03:50.503,0.81101,0.81109,1.25,1.13
2018.01.23 10:03:52.965,0.81102,0.81111,1.00,1.63
2018.01.23 10:03:53.124,0.81102,0.81112,1.87,2.06
2018.01.23 10:03:54.049,0.81102,0.81111,1.69,1.13
2018.01.23 10:03:54.575,0.81102,0.8111,1.25,1.00
2018.01.23 10:03:55.732,0.81102,0.81111,1.69,1.31
2018.01.23 10:03:57.378,0.81103,0.81112,1.00,1.63
2018.01.23 10:03:58.291,0.81103,0.81112,1.44,1.44
2018.01.23 10:03:59.015,0.81105,0.81114,1.50,1.88
2018.01.23 10:03:59.541,0.81104,0.81113,2.62,1.38
2018.01.23 10:04:04.036,0.81105,0.81112,1.00,1.19
2018.01.23 10:04:04.088,0.81106,0.81114,1.25,1.00
2018.01.23 10:04:04.261,0.81107,0.81112,1.50,1.00
2018.01.23 10:04:04.363,0.81107,0.81114,1.00,1.00
2018.01.23 10:04:05.304,0.81107,0.81115,1.00,1.13
2018.01.23 10:04:07.241,0.81109,0.81118,1.69,1.63
2018.01.23 10:04:07.342,0.81109,0.81118,2.44,1.25
2018.01.23 10:04:07.541,0.81109,0.81113,1.00,1.00
2018.01.23 10:04:07.594,0.81107,0.81112,1.00,1.00
2018.01.23 10:04:07.646,0.81104,0.81111,1.00,1.25
2018.01.23 10:04:17.213,0.81104,0.81112,1.00,1.12
2018.01.23 10:04:18.062,0.81104,0.81111,1.00,1.25
2018.01.23 10:04:18.634,0.81104,0.81112,1.69,1.13
2018.01.23 10:04:18.737,0.81105,0.81114,1.44,1.88
2018.01.23 10:04:19.049,0.81108,0.81117,1.69,1.38
2018.01.23 10:04:19.590,0.81109,0.81119,1.13,3.38
2018.01.23 10:04:25.353,0.81109,0.81118,1.69,1.25
2018.01.23 10:04:25.661,0.81111,0.81119,1.69,1.44
2018.01.23 10:04:27.157,0.81111,0.81119,1.00,1.31
2018.01.23 10:04:31.803,0.81111,0.81117,1.00,1.00
2018.01.23 10:04:32.520,0.81111,0.8112,1.69,1.12
2018.01.23 10:04:33.051,0.81111,0.81119,1.00,1.25
2018.01.23 10:04:36.066,0.81111,0.81118,1.50,1.00
2018.01.23 10:04:36.599,0.81111,0.81117,1.00,1.00
2018.01.23 10:04:40.258,0.81111,0.81119,1.00,1.63
2018.01.23 10:04:40.856,0.81109,0.81117,1.69,1.00
2018.01.23 10:04:43.949,0.81109,0.81118,2.25,1.25
2018.01.23 10:04:44.456,0.81109,0.81118,2.25,1.63
2018.01.23 10:04:48.168,0.8111,0.81118,1.00,1.38
2018.01.23 10:04:48.672,0.81109,0.81117,1.50,1.13
2018.01.23 10:04:51.463,0.8111,0.81119,1.69,1.38
2018.01.23 10:04:52.241,0.8111,0.81119,1.69,1.38
2018.01.23 10:04:53.269,0.8111,0.81117,1.00,1.63
2018.01.23 10:04:53.748,0.81105,0.8111,1.00,1.00
2018.01.23 10:04:53.799,0.81103,0.8111,1.00,1.00
2018.01.23 10:04:54.401,0.81103,0.81111,1.00,1.31
2018.01.23 10:04:54.907,0.81103,0.8111,1.00,1.13
2018.01.23 10:04:55.905,0.81103,0.81111,1.69,1.13
2018.01.23 10:04:56.009,0.81105,0.81115,1.44,1.87
2018.01.23 10:04:56.060,0.81108,0.81116,1.00,1.50
2018.01.23 10:04:56.285,0.81108,0.81118,2.25,2.06
2018.01.23 10:04:57.294,0.81108,0.81117,1.00,1.38
2018.01.23 10:04:58.239,0.81108,0.81117,1.00,1.38
2018.01.23 10:04:59.163,0.81109,0.81118,1.50,1.63
2018.01.23 10:05:01.009,0.8111,0.81119,1.25,2.06
2018.01.23 10:05:01.139,0.8111,0.81119,1.25,2.06
2018.01.23 10:05:02.079,0.8111,0.81117,1.00,1.38
2018.01.23 10:05:05.799,0.81109,0.81117,1.50,1.63
2018.01.23 10:05:09.453,0.81109,0.81118,1.50,1.50
2018.01.23 10:05:09.973,0.8111,0.81119,1.69,1.38
2018.01.23 10:05:10.688,0.81111,0.81119,1.00,1.38
2018.01.23 10:05:11.794,0.81111,0.8112,1.13,1.25
2018.01.23 10:05:12.337,0.81111,0.8112,1.25,2.06
2018.01.23 10:05:12.844,0.81113,0.8112,1.00,1.12
2018.01.23 10:05:13.462,0.81112,0.81121,3.00,1.63
2018.01.23 10:05:13.967,0.81113,0.81121,1.00,1.38
2018.01.23 10:05:14.487,0.81113,0.81122,1.69,2.06
2018.01.23 10:05:14.991,0.81112,0.8112,1.69,1.50
2018.01.23 10:05:16.783,0.81113,0.81121,1.25,1.00
2018.01.23 10:05:18.647,0.81114,0.81122,1.00,1.37
2018.01.23 10:05:19.290,0.81114,0.81122,1.00,1.13
2018.01.23 10:05:19.868,0.81114,0.81121,1.00,1.13
2018.01.23 10:05:20.257,0.81117,0.81123,1.00,1.37
2018.01.23 10:05:20.308,0.81119,0.81127,1.25,1.00
2018.01.23 10:05:20.410,0.81121,0.8113,1.00,2.00
2018.01.23 10:05:20.461,0.8112,0.8113,2.44,1.25
2018.01.23 10:05:20.981,0.8112,0.8113,3.38,1.38
2018.01.23 10:05:22.130,0.81121,0.8113,1.00,1.63
2018.01.23 10:05:23.145,0.81121,0.81131,1.44,1.38
2018.01.23 10:05:23.679,0.8112,0.8113,3.38,1.38
2018.01.23 10:05:24.201,0.8112,0.8113,3.19,2.06
2018.01.23 10:05:25.789,0.81121,0.8113,1.00,1.63
2018.01.23 10:05:27.090,0.8112,0.8113,3.38,1.38
2018.01.23 10:05:27.662,0.81121,0.8113,1.00,2.06
2018.01.23 10:05:29.006,0.8112,0.8113,3.19,1.63
2018.01.23 10:05:31.031,0.81121,0.8113,1.88,1.13
2018.01.23 10:05:31.600,0.81121,0.81129,1.00,1.25
2018.01.23 10:05:32.103,0.8112,0.81129,1.50,1.25
2018.01.23 10:05:32.790,0.8112,0.81128,1.00,1.00
2018.01.23 10:05:33.804,0.8112,0.81128,1.50,1.44
2018.01.23 10:05:35.321,0.8112,0.81129,1.50,1.44
2018.01.23 10:05:35.858,0.8112,0.81129,2.44,1.25
2018.01.23 10:05:36.681,0.81121,0.81129,1.00,1.25
2018.01.23 10:05:37.308,0.8112,0.81129,2.25,1.25
2018.01.23 10:05:39.850,0.8112,0.81128,1.50,1.25
2018.01.23 10:05:42.008,0.8112,0.81129,2.25,1.25
2018.01.23 10:05:42.636,0.8112,0.81129,1.50,1.44
2018.01.23 10:05:43.717,0.8112,0.81129,1.50,1.25
2018.01.23 10:05:44.549,0.81121,0.8113,1.00,1.87
2018.01.23 10:05:45.075,0.81122,0.81131,1.00,1.44
2018.01.23 10:05:45.661,0.81122,0.81131,1.50,1.25
2018.01.23 10:05:47.105,0.81121,0.8113,2.44,1.25
2018.01.23 10:05:47.870,0.81121,0.8113,2.25,1.44
2018.01.23 10:05:50.513,0.81121,0.8113,2.25,1.25
2018.01.23 10:05:51.198,0.81122,0.8113,1.00,1.25
2018.01.23 10:05:51.300,0.81125,0.81134,1.69,1.00
2018.01.23 10:05:51.426,0.81128,0.81136,1.00,1.25
2018.01.23 10:05:51.733,0.81126,0.81134,1.00,1.44
2018.01.23 10:05:54.202,0.81126,0.81132,1.50,1.00
2018.01.23 10:05:54.403,0.81122,0.81131,1.50,1.87
2018.01.23 10:05:54.939,0.81122,0.81131,1.25,1.87
2018.01.23 10:05:55.040,0.81126,0.81132,1.00,1.00
2018.01.23 10:05:55.273,0.81122,0.81131,2.25,1.31
2018.01.23 10:05:55.580,0.81122,0.81128,1.00,1.12
2018.01.23 10:05:56.125,0.81122,0.81129,1.50,1.25
2018.01.23 10:05:59.977,0.81126,0.81133,1.00,1.00
2018.01.23 10:06:00.084,0.8113,0.81139,1.25,1.69
2018.01.23 10:06:00.136,0.81132,0.81141,1.50,1.50
2018.01.23 10:06:00.668,0.81131,0.81139,1.00,1.69
2018.01.23 10:06:01.389,0.81132,0.81139,1.00,1.25
2018.01.23 10:06:02.110,0.81131,0.81139,1.50,1.25
2018.01.23 10:06:02.263,0.81129,0.81138,2.44,1.25
2018.01.23 10:06:02.817,0.81129,0.81138,1.50,1.44
2018.01.23 10:06:03.061,0.81128,0.81135,1.00,1.25
2018.01.23 10:06:03.582,0.81127,0.81135,1.00,1.44
2018.01.23 10:06:04.056,0.81129,0.81138,1.50,1.69
2018.01.23 10:06:04.210,0.81133,0.8114,1.44,1.50
2018.01.23 10:06:04.313,0.81133,0.81143,4.13,1.63
2018.01.23 10:06:05.667,0.81133,0.81141,2.44,1.00
2018.01.23 10:06:06.170,0.81133,0.81142,2.44,1.13
2018.01.23 10:06:07.265,0.81133,0.81141,2.63,1.00
2018.01.23 10:06:07.942,0.81132,0.81141,1.50,1.25
2018.01.23 10:06:08.478,0.81133,0.81141,1.13,1.44
2018.01.23 10:06:09.184,0.81133,0.81142,1.25,1.88
2018.01.23 10:06:09.281,0.81131,0.81139,1.50,1.13
2018.01.23 10:06:09.809,0.8113,0.8114,1.50,1.44
2018.01.23 10:06:10.128,0.8113,0.81138,1.00,1.44
2018.01.23 10:06:10.408,0.81132,0.81142,1.50,1.44
2018.01.23 10:06:11.158,0.81132,0.81143,1.50,1.37
2018.01.23 10:06:11.760,0.81132,0.81143,2.25,1.44
2018.01.23 10:06:12.066,0.81132,0.81137,1.00,1.00
2018.01.23 10:06:12.398,0.8113,0.81136,1.00,1.44
2018.01.23 10:06:13.648,0.81128,0.81136,2.25,1.44
2018.01.23 10:06:14.644,0.81128,0.81138,3.37,1.44
2018.01.23 10:06:14.696,0.81132,0.81138,1.00,1.37
2018.01.23 10:06:14.747,0.81132,0.8114,1.00,1.31
2018.01.23 10:06:14.799,0.8113,0.81138,1.50,1.00
2018.01.23 10:06:14.965,0.81132,0.81139,1.00,1.25
2018.01.23 10:06:15.016,0.81132,0.81142,1.00,1.31
2018.01.23 10:06:15.548,0.81132,0.81142,1.00,1.37
2018.01.23 10:06:15.701,0.8113,0.81142,1.50,2.62
2018.01.23 10:06:16.007,0.81128,0.81138,1.00,1.25
2018.01.23 10:06:16.535,0.81128,0.81138,1.00,1.44
2018.01.23 10:06:16.711,0.81126,0.81135,1.00,1.44
2018.01.23 10:06:17.905,0.81127,0.81134,1.00,1.25
2018.01.23 10:06:18.196,0.81125,0.81133,1.50,1.25
2018.01.23 10:06:20.623,0.81125,0.81134,1.50,1.25
2018.01.23 10:06:21.445,0.81125,0.81133,1.50,1.25
2018.01.23 10:06:21.948,0.81125,0.81133,1.00,1.44
2018.01.23 10:06:22.290,0.81127,0.81135,1.00,1.37
2018.01.23 10:06:22.341,0.81129,0.81138,1.00,1.62
2018.01.23 10:06:22.393,0.81128,0.81132,1.00,1.00
2018.01.23 10:06:22.495,0.81125,0.81131,1.50,1.44
2018.01.23 10:06:22.547,0.81124,0.81134,1.00,1.87
2018.01.23 10:06:22.753,0.81128,0.81137,1.00,1.31
2018.01.23 10:06:23.230,0.81128,0.81135,1.00,1.44
2018.01.23 10:06:23.384,0.81125,0.81133,1.50,1.25
2018.01.23 10:06:24.034,0.81125,0.81133,1.00,1.44
2018.01.23 10:06:24.685,0.81125,0.81135,1.00,1.37
2018.01.23 10:06:25.371,0.81124,0.81129,1.87,1.00
2018.01.23 10:06:25.426,0.81121,0.81131,1.12,1.25
2018.01.23 10:06:25.478,0.81121,0.8113,1.12,1.44
2018.01.23 10:06:25.784,0.81122,0.81133,1.50,2.44
2018.01.23 10:06:25.990,0.81125,0.81133,1.00,1.00
2018.01.23 10:06:26.495,0.81124,0.81135,1.12,2.81
2018.01.23 10:06:27.027,0.81124,0.81135,1.87,1.25
2018.01.23 10:06:27.569,0.81125,0.81136,1.00,2.06
2018.01.23 10:06:28.025,0.81124,0.81135,1.50,3.75
2018.01.23 10:06:28.368,0.81122,0.81131,1.50,1.00
2018.01.23 10:06:28.676,0.81124,0.81132,1.00,1.44
2018.01.23 10:06:29.320,0.81122,0.81129,1.00,1.44
2018.01.23 10:06:29.623,0.8112,0.81127,1.00,1.44
2018.01.23 10:06:30.138,0.8112,0.81124,1.00,1.25
2018.01.23 10:06:30.189,0.81118,0.81125,1.00,1.44
2018.01.23 10:06:31.338,0.81115,0.81124,1.00,1.25
2018.01.23 10:06:31.870,0.81115,0.81124,1.00,1.44
2018.01.23 10:06:33.856,0.81116,0.81124,1.00,1.44
2018.01.23 10:06:34.392,0.81115,0.81124,1.00,1.44
2018.01.23 10:06:34.444,0.81119,0.81127,1.00,2.62
2018.01.23 10:06:34.637,0.81119,0.81129,1.50,1.25
2018.01.23 10:06:34.690,0.81121,0.81132,1.00,4.31
2018.01.23 10:06:35.209,0.81121,0.81131,2.25,1.25
2018.01.23 10:06:35.756,0.81121,0.81131,1.50,1.44
2018.01.23 10:06:36.371,0.81122,0.81132,1.00,1.37
2018.01.23 10:06:36.541,0.81124,0.81134,1.50,2.25
2018.01.23 10:06:37.117,0.81124,0.81134,1.00,1.31
2018.01.23 10:06:37.823,0.81127,0.81136,1.00,1.31
2018.01.23 10:06:38.130,0.81126,0.8113,1.00,1.25
2018.01.23 10:06:38.182,0.81123,0.8113,1.00,1.31
2018.01.23 10:06:38.233,0.81121,0.81128,1.87,1.25
2018.01.23 10:06:38.284,0.81121,0.81127,1.50,1.44
2018.01.23 10:06:38.826,0.8112,0.81127,1.00,1.44
2018.01.23 10:06:41.073,0.8112,0.81128,1.00,1.44
2018.01.23 10:06:44.855,0.8112,0.81129,1.00,1.44
2018.01.23 10:06:45.175,0.81122,0.8113,1.00,1.25
2018.01.23 10:06:47.002,0.81122,0.81132,1.00,1.44
2018.01.23 10:06:47.344,0.81126,0.81135,1.50,1.44
2018.01.23 10:06:49.028,0.81126,0.81135,2.25,1.25
2018.01.23 10:06:50.824,0.81128,0.81137,1.00,2.25
2018.01.23 10:06:50.876,0.81129,0.81138,1.00,1.44
2018.01.23 10:06:51.433,0.8113,0.81139,1.00,1.87
2018.01.23 10:06:51.536,0.81133,0.81139,1.00,1.00
2018.01.23 10:06:51.679,0.81134,0.81142,1.00,1.00
2018.01.23 10:06:51.730,0.81136,0.81144,1.00,1.44
2018.01.23 10:06:52.288,0.81137,0.81146,1.00,3.56
2018.01.23 10:06:52.801,0.81137,0.81143,1.00,1.00
2018.01.23 10:06:53.765,0.81134,0.81143,1.69,1.00
2018.01.23 10:06:54.031,0.81136,0.81143,1.00,1.00
2018.01.23 10:06:54.544,0.81135,0.81146,3.00,1.37
2018.01.23 10:06:55.440,0.81135,0.81146,2.44,1.44
2018.01.23 10:06:55.810,0.81138,0.81147,1.50,1.25
2018.01.23 10:06:56.208,0.81137,0.81146,1.00,1.31
2018.01.23 10:06:56.718,0.81137,0.81144,1.00,1.25
2018.01.23 10:06:58.025,0.81136,0.81144,1.50,1.25
2018.01.23 10:06:58.334,0.81134,0.81143,1.50,1.44
2018.01.23 10:06:59.291,0.81134,0.81143,1.50,1.25
2018.01.23 10:07:01.454,0.81134,0.81141,1.00,1.00
2018.01.23 10:07:01.609,0.81132,0.81141,1.00,1.87
2018.01.23 10:07:03.016,0.81132,0.8114,1.00,1.44
2018.01.23 10:07:06.084,0.81133,0.81143,1.50,1.50
2018.01.23 10:07:06.655,0.81134,0.81143,1.50,1.25
2018.01.23 10:07:07.561,0.81134,0.81142,1.00,1.25
2018.01.23 10:07:08.016,0.81132,0.8114,1.12,1.85
2018.01.23 10:07:08.538,0.81132,0.8114,1.00,1.25
2018.01.23 10:07:09.087,0.81132,0.81139,1.00,1.25
2018.01.23 10:07:09.444,0.81132,0.81138,1.00,1.44
2018.01.23 10:07:13.072,0.81132,0.81138,1.00,1.25
2018.01.23 10:07:14.113,0.8113,0.81137,1.00,1.44
2018.01.23 10:07:14.642,0.8113,0.81137,1.00,1.25
2018.01.23 10:07:15.177,0.8113,0.81136,1.00,1.00
2018.01.23 10:07:15.555,0.8113,0.81139,1.00,1.31
2018.01.23 10:07:15.606,0.81132,0.8114,1.00,1.87
2018.01.23 10:07:16.111,0.81132,0.8114,1.00,1.25
2018.01.23 10:07:19.132,0.81132,0.81141,1.00,1.25
2018.01.23 10:07:20.072,0.81134,0.81142,1.00,2.62
2018.01.23 10:07:22.431,0.81134,0.81142,1.00,2.44
2018.01.23 10:07:25.407,0.81134,0.81141,1.00,1.00
2018.01.23 10:07:29.647,0.81134,0.81139,1.00,1.00
2018.01.23 10:07:30.202,0.81134,0.81141,1.00,1.44
2018.01.23 10:07:30.397,0.81134,0.81142,1.00,2.44
2018.01.23 10:07:30.941,0.81134,0.81142,1.00,2.62
2018.01.23 10:07:31.469,0.81134,0.81142,1.00,2.44
2018.01.23 10:07:33.028,0.81134,0.81141,1.00,1.00
2018.01.23 10:07:33.746,0.81134,0.81141,1.00,1.44
2018.01.23 10:07:35.333,0.81131,0.81139,1.00,1.25
2018.01.23 10:07:35.385,0.81131,0.81137,1.00,1.00
2018.01.23 10:07:35.937,0.8113,0.81137,1.00,1.25
2018.01.23 10:07:36.477,0.8113,0.81138,1.00,1.69
2018.01.23 10:07:36.986,0.8113,0.81138,1.00,1.87
2018.01.23 10:07:37.641,0.8113,0.81136,1.00,1.25
2018.01.23 10:07:37.743,0.81128,0.81136,1.00,1.25
2018.01.23 10:07:41.518,0.81128,0.81136,1.00,1.44
2018.01.23 10:07:43.895,0.81128,0.81136,1.00,1.25
2018.01.23 10:07:44.407,0.81128,0.81135,1.00,1.00
2018.01.23 10:07:44.957,0.81128,0.81135,1.00,1.87
2018.01.23 10:07:47.423,0.81125,0.8113,1.00,1.00
2018.01.23 10:07:47.475,0.81125,0.81133,1.00,2.62
2018.01.23 10:07:47.979,0.81125,0.81133,1.50,1.00
2018.01.23 10:07:49.058,0.81125,0.81134,1.50,1.31
2018.01.23 10:07:49.439,0.81125,0.81132,1.00,1.25
2018.01.23 10:07:49.956,0.81124,0.81133,1.50,1.87
2018.01.23 10:07:50.283,0.81125,0.81134,1.00,1.25
2018.01.23 10:07:50.336,0.81127,0.81136,1.25,1.69
2018.01.23 10:07:50.839,0.81126,0.81135,1.50,1.25
2018.01.23 10:07:52.495,0.81126,0.81133,1.00,1.25
2018.01.23 10:07:53.038,0.81126,0.81135,1.00,3.00
2018.01.23 10:07:53.971,0.81126,0.81136,2.44,1.25
2018.01.23 10:07:55.588,0.81126,0.81134,2.25,1.00
2018.01.23 10:07:58.175,0.81128,0.81136,1.25,1.00
2018.01.23 10:07:58.519,0.81131,0.81139,1.25,1.50
2018.01.23 10:08:00.199,0.8113,0.81139,1.25,1.50
2018.01.23 10:08:01.203,0.8113,0.81136,1.00,1.00
2018.01.23 10:08:01.257,0.81128,0.81136,1.00,1.00
2018.01.23 10:08:15.851,0.81128,0.81136,1.00,1.87
2018.01.23 10:08:28.948,0.81128,0.81137,1.00,1.44
2018.01.23 10:08:31.362,0.81129,0.81138,1.00,1.87
2018.01.23 10:08:32.051,0.81129,0.81138,1.00,1.69
2018.01.23 10:08:33.010,0.81129,0.81138,1.00,1.62
2018.01.23 10:08:33.550,0.81128,0.81137,1.00,1.31
2018.01.23 10:08:36.055,0.81128,0.81136,1.00,1.44
2018.01.23 10:08:37.953,0.81128,0.81135,1.00,1.44
2018.01.23 10:08:38.006,0.81126,0.81135,1.00,2.06
2018.01.23 10:08:38.510,0.81126,0.81134,1.00,1.44
2018.01.23 10:08:39.047,0.81126,0.81135,1.00,1.87
2018.01.23 10:08:39.378,0.81127,0.81137,1.69,1.87
2018.01.23 10:08:47.131,0.81129,0.81137,2.25,1.25
2018.01.23 10:08:47.936,0.81129,0.81137,1.50,1.44
2018.01.23 10:08:48.969,0.81129,0.81137,1.00,1.25
2018.01.23 10:08:50.872,0.81129,0.81136,1.00,1.25
2018.01.23 10:08:51.548,0.81127,0.81134,1.00,1.25
2018.01.23 10:08:51.651,0.81124,0.81132,1.00,1.25
2018.01.23 10:08:52.190,0.81124,0.81132,1.00,1.44
2018.01.23 10:08:52.705,0.81124,0.81132,1.00,1.25
2018.01.23 10:08:53.222,0.81124,0.81132,1.00,1.44
2018.01.23 10:08:53.751,0.81124,0.81133,1.50,1.44
2018.01.23 10:08:55.065,0.81124,0.81131,1.00,1.44
2018.01.23 10:08:55.512,0.81122,0.81129,1.00,2.06
2018.01.23 10:08:55.666,0.8112,0.81128,1.50,1.25
2018.01.23 10:08:56.484,0.8112,0.81129,1.50,1.25
2018.01.23 10:08:59.340,0.81122,0.81129,1.00,1.25
2018.01.23 10:08:59.391,0.81122,0.81132,1.69,1.87
2018.01.23 10:08:59.912,0.81125,0.81132,1.00,1.25
2018.01.23 10:09:04.801,0.81124,0.8113,1.00,1.31
2018.01.23 10:09:04.932,0.81121,0.8113,1.00,1.44
2018.01.23 10:09:05.576,0.81121,0.8113,2.25,1.25
2018.01.23 10:09:06.107,0.81122,0.81132,1.00,1.87
2018.01.23 10:09:07.091,0.81121,0.81132,2.44,1.87
2018.01.23 10:09:07.687,0.81121,0.81132,2.44,1.87
2018.01.23 10:09:09.150,0.81121,0.81132,2.44,2.06
2018.01.23 10:09:10.182,0.81121,0.8113,1.50,1.25
2018.01.23 10:09:20.909,0.81122,0.81131,1.00,1.25
2018.01.23 10:09:26.569,0.81122,0.81131,1.00,1.44
2018.01.23 10:09:27.104,0.81121,0.8113,2.25,1.25
2018.01.23 10:09:30.720,0.81123,0.81132,1.00,1.25
2018.01.23 10:09:31.150,0.81124,0.8113,1.00,1.25
2018.01.23 10:09:31.202,0.81122,0.81131,1.00,1.44
2018.01.23 10:09:33.303,0.81122,0.81129,1.00,1.44
2018.01.23 10:09:33.559,0.81119,0.81126,1.00,1.25
2018.01.23 10:09:33.610,0.81116,0.81125,1.00,1.87
2018.01.23 10:09:33.866,0.81118,0.81127,2.25,1.87
2018.01.23 10:09:34.498,0.81118,0.81127,2.25,1.25
2018.01.23 10:09:36.181,0.81121,0.8113,1.00,2.62
2018.01.23 10:09:36.232,0.81119,0.81128,1.25,1.00
2018.01.23 10:09:37.171,0.81119,0.81129,1.00,1.69
2018.01.23 10:09:37.928,0.81118,0.81129,2.44,1.87
2018.01.23 10:09:38.434,0.81119,0.81129,1.00,1.87
2018.01.23 10:09:38.973,0.81119,0.81129,1.25,1.25
2018.01.23 10:09:39.025,0.81118,0.81128,2.44,1.44
2018.01.23 10:09:39.562,0.81118,0.81126,1.50,1.25
2018.01.23 10:09:42.094,0.81118,0.81127,2.25,1.25
2018.01.23 10:09:42.839,0.81118,0.81127,2.25,1.44
2018.01.23 10:09:42.948,0.81115,0.81125,1.50,1.44
2018.01.23 10:09:45.498,0.81113,0.81122,1.50,1.87
2018.01.23 10:09:45.703,0.81108,0.81117,1.00,1.25
2018.01.23 10:09:46.225,0.81107,0.81117,1.69,1.69
2018.01.23 10:09:46.766,0.81107,0.81117,1.69,1.87
2018.01.23 10:09:50.623,0.81106,0.81116,1.00,1.44
2018.01.23 10:09:51.160,0.81106,0.81115,1.00,1.31
2018.01.23 10:09:51.415,0.81103,0.81113,1.69,1.69
2018.01.23 10:09:51.720,0.81102,0.81111,1.87,1.44
2018.01.23 10:09:51.958,0.811,0.81109,1.25,1.12
2018.01.23 10:09:58.521,0.81098,0.81106,1.00,1.00
2018.01.23 10:09:58.776,0.81096,0.81105,1.25,1.69
2018.01.23 10:09:58.982,0.81098,0.81107,1.00,1.37
2018.01.23 10:09:59.584,0.81097,0.81107,1.50,1.37
2018.01.23 10:09:59.637,0.81094,0.81103,1.50,1.25
2018.01.23 10:10:00.246,0.81094,0.81103,1.00,1.87
2018.01.23 10:10:00.808,0.81095,0.81104,1.00,1.50
2018.01.23 10:10:00.961,0.81093,0.81102,2.25,1.25
2018.01.23 10:10:01.589,0.81094,0.81103,1.00,1.87
2018.01.23 10:10:01.744,0.81095,0.81104,1.00,2.06
2018.01.23 10:10:04.150,0.81094,0.81103,1.00,1.25
2018.01.23 10:10:05.147,0.81093,0.81103,2.06,1.25
2018.01.23 10:10:05.677,0.81093,0.81103,2.06,1.44
2018.01.23 10:10:07.984,0.81094,0.81103,1.00,1.44
2018.01.23 10:10:08.615,0.81094,0.81103,1.00,1.25
2018.01.23 10:10:08.900,0.81096,0.81104,1.00,1.69
2018.01.23 10:10:09.425,0.81096,0.81105,1.25,1.25
2018.01.23 10:10:10.159,0.81095,0.81105,1.69,1.25
2018.01.23 10:10:10.930,0.81095,0.81105,1.25,1.87
2018.01.23 10:10:11.458,0.81095,0.81103,1.00,1.00
2018.01.23 10:10:12.518,0.81095,0.81104,1.00,1.25
2018.01.23 10:10:15.049,0.81094,0.81104,1.25,1.25
2018.01.23 10:10:15.594,0.81095,0.81104,1.00,1.31
2018.01.23 10:10:16.117,0.81096,0.81104,1.00,1.12
2018.01.23 10:10:16.403,0.8109,0.81099,1.00,1.25
2018.01.23 10:10:16.682,0.81092,0.811,1.00,1.31
2018.01.23 10:10:16.887,0.81088,0.81097,1.25,1.00
2018.01.23 10:10:16.938,0.81087,0.81095,1.25,1.00
2018.01.23 10:10:17.133,0.81085,0.81094,1.25,1.00
2018.01.23 10:10:17.931,0.81085,0.81093,1.00,1.25
2018.01.23 10:10:18.310,0.81082,0.81092,1.00,1.25
2018.01.23 10:10:18.362,0.8108,0.8109,1.12,1.44
2018.01.23 10:10:18.678,0.81074,0.81083,1.00,1.87
2018.01.23 10:10:18.866,0.81074,0.81085,1.25,1.25
2018.01.23 10:10:19.259,0.81076,0.81086,1.00,1.50
2018.01.23 10:10:19.310,0.81076,0.81087,1.25,3.19
2018.01.23 10:10:19.463,0.81074,0.81085,1.69,1.25
2018.01.23 10:10:19.515,0.81073,0.81082,1.25,1.00
2018.01.23 10:10:19.708,0.81074,0.81084,1.12,1.50
2018.01.23 10:10:19.759,0.81076,0.81084,1.00,1.00
2018.01.23 10:10:19.810,0.81076,0.81086,1.00,1.12
2018.01.23 10:10:20.186,0.81078,0.81086,1.00,1.12
2018.01.23 10:10:20.288,0.81078,0.81088,1.00,1.25
2018.01.23 10:10:20.822,0.81078,0.81088,1.00,1.44
2018.01.23 10:10:21.024,0.81076,0.81088,1.69,1.87
2018.01.23 10:10:21.847,0.81077,0.81088,1.00,1.44
2018.01.23 10:10:22.061,0.81079,0.81089,1.00,2.44
2018.01.23 10:10:23.206,0.8108,0.81089,1.25,1.25
2018.01.23 10:10:23.359,0.81077,0.81088,1.00,1.87
2018.01.23 10:10:24.319,0.81076,0.81087,3.19,1.37
2018.01.23 10:10:24.371,0.81074,0.81085,1.50,1.87
2018.01.23 10:10:24.884,0.81076,0.81086,1.00,2.81
2018.01.23 10:10:25.825,0.81075,0.81086,1.69,2.62
2018.01.23 10:10:26.461,0.81075,0.81086,1.69,2.62
2018.01.23 10:10:28.229,0.81075,0.81086,1.69,2.06
2018.01.23 10:10:29.385,0.81075,0.81085,1.50,1.37
2018.01.23 10:10:30.426,0.81073,0.81084,1.50,2.06
2018.01.23 10:10:31.110,0.81073,0.81083,1.00,1.44
2018.01.23 10:10:32.891,0.81073,0.81082,1.00,1.44
2018.01.23 10:10:33.573,0.81072,0.81082,1.12,1.87
2018.01.23 10:10:33.675,0.8107,0.81081,1.69,2.62
2018.01.23 10:10:35.028,0.81071,0.81081,1.00,2.62
2018.01.23 10:10:35.293,0.81071,0.81081,1.00,2.44
2018.01.23 10:10:36.711,0.81072,0.81081,1.25,1.00
2018.01.23 10:10:37.231,0.81073,0.81083,1.25,3.00
2018.01.23 10:10:38.049,0.81073,0.81084,1.50,2.62
2018.01.23 10:10:38.358,0.81075,0.81084,1.00,1.25
2018.01.23 10:10:38.882,0.81075,0.81085,1.50,1.25
2018.01.23 10:10:39.420,0.81075,0.81086,1.50,2.62
2018.01.23 10:10:39.890,0.81077,0.81087,1.00,1.37
2018.01.23 10:10:40.422,0.81077,0.81088,1.25,3.00
2018.01.23 10:10:43.459,0.81076,0.81087,1.87,1.31
2018.01.23 10:10:44.119,0.81078,0.81087,1.00,1.25
2018.01.23 10:10:44.440,0.8108,0.8109,1.00,2.06
2018.01.23 10:10:44.928,0.81078,0.81088,1.25,1.37
2018.01.23 10:10:45.031,0.81076,0.81085,1.00,1.25
2018.01.23 10:10:45.269,0.81072,0.81083,3.75,1.25
2018.01.23 10:10:45.791,0.81072,0.81082,2.06,1.25
2018.01.23 10:10:47.505,0.81073,0.81083,1.00,2.62
2018.01.23 10:10:48.053,0.81072,0.81082,1.12,1.31
2018.01.23 10:10:53.851,0.81072,0.81081,1.12,1.44
2018.01.23 10:10:59.246,0.81071,0.81081,1.00,1.44
2018.01.23 10:10:59.749,0.8107,0.8108,1.69,1.25
2018.01.23 10:11:00.265,0.81069,0.81079,1.50,1.50
2018.01.23 10:11:00.418,0.81066,0.81076,1.50,1.87
2018.01.23 10:11:00.936,0.81065,0.81075,1.12,1.69
2018.01.23 10:11:01.769,0.81065,0.81075,1.00,1.87
2018.01.23 10:11:02.278,0.81066,0.81075,1.00,1.25
2018.01.23 10:11:04.213,0.81065,0.81075,1.25,1.25
2018.01.23 10:11:04.777,0.81064,0.81074,1.50,1.25
2018.01.23 10:11:05.549,0.81066,0.81075,1.25,1.50
2018.01.23 10:11:05.702,0.81068,0.81078,1.87,1.31
2018.01.23 10:11:06.235,0.81069,0.81078,1.00,1.25
2018.01.23 10:11:06.825,0.81068,0.81078,2.25,1.25
2018.01.23 10:11:07.647,0.81068,0.81078,1.50,1.44
2018.01.23 10:11:08.198,0.81067,0.81078,1.44,3.19
2018.01.23 10:11:08.300,0.81065,0.81076,3.19,1.87
2018.01.23 10:11:08.851,0.81066,0.81077,1.87,2.81
2018.01.23 10:11:09.182,0.81064,0.81075,1.87,1.87
2018.01.23 10:11:10.631,0.81065,0.81075,1.00,1.87
2018.01.23 10:11:11.279,0.81064,0.81074,1.00,1.87
2018.01.23 10:11:13.199,0.81064,0.81074,1.12,1.25
2018.01.23 10:11:15.940,0.81063,0.81073,1.69,1.25
2018.01.23 10:11:16.245,0.81061,0.8107,1.12,1.00
2018.01.23 10:11:16.516,0.81063,0.81073,1.25,3.56
2018.01.23 10:11:16.617,0.81061,0.81071,2.06,1.25
2018.01.23 10:11:17.371,0.81061,0.8107,1.31,1.00
2018.01.23 10:11:17.760,0.81062,0.81072,1.31,1.25
2018.01.23 10:11:19.201,0.81061,0.81071,2.62,1.69
2018.01.23 10:11:19.770,0.81061,0.81071,1.87,1.69
2018.01.23 10:11:21.639,0.8106,0.8107,1.44,2.62
2018.01.23 10:11:22.362,0.81065,0.81071,1.12,1.00
2018.01.23 10:11:22.412,0.81065,0.81075,2.06,2.00
2018.01.23 10:11:22.463,0.81067,0.81075,1.50,1.00
2018.01.23 10:11:22.653,0.81068,0.81077,1.00,1.25
2018.01.23 10:11:24.710,0.81069,0.8108,1.87,2.62
2018.01.23 10:11:24.887,0.81071,0.8108,1.00,1.25
2018.01.23 10:11:25.390,0.81071,0.81082,1.12,3.00
2018.01.23 10:11:28.310,0.81072,0.81081,1.25,1.00
2018.01.23 10:11:28.986,0.81071,0.81081,1.25,1.25
2018.01.23 10:11:29.528,0.81072,0.81081,1.25,1.00
2018.01.23 10:11:31.309,0.81071,0.81081,1.12,1.25
2018.01.23 10:11:31.819,0.81071,0.81081,1.00,1.87
2018.01.23 10:11:32.357,0.81071,0.81081,1.25,1.69
2018.01.23 10:11:33.022,0.81072,0.81081,1.25,1.00
2018.01.23 10:11:33.759,0.81074,0.81083,1.00,2.62
2018.01.23 10:11:34.249,0.81072,0.81081,1.00,1.25
2018.01.23 10:11:34.488,0.81074,0.81082,1.00,1.44
2018.01.23 10:11:35.033,0.81074,0.81083,1.00,1.87
2018.01.23 10:11:35.457,0.81076,0.81083,1.00,1.87
2018.01.23 10:11:36.028,0.81074,0.81082,1.00,1.44
2018.01.23 10:11:39.145,0.81074,0.81081,1.00,1.44
2018.01.23 10:11:39.719,0.81072,0.81081,2.25,1.44
2018.01.23 10:11:40.189,0.81069,0.81078,1.50,1.25
2018.01.23 10:11:40.240,0.81068,0.81077,1.12,1.44
2018.01.23 10:11:41.677,0.81065,0.81073,1.50,1.25
2018.01.23 10:11:41.987,0.81067,0.81075,1.00,1.44
2018.01.23 10:11:42.531,0.81065,0.81074,1.50,1.25
2018.01.23 10:11:43.049,0.81065,0.81074,1.50,1.44
2018.01.23 10:11:43.322,0.81063,0.81073,1.00,1.00
2018.01.23 10:11:43.427,0.81063,0.81072,1.00,1.44
2018.01.23 10:11:43.795,0.81061,0.81073,2.25,1.75
2018.01.23 10:11:43.897,0.81056,0.81065,3.37,1.25
2018.01.23 10:11:43.999,0.81058,0.81067,1.00,1.87
2018.01.23 10:11:44.287,0.81058,0.81068,1.12,1.44
2018.01.23 10:11:44.797,0.81059,0.81068,1.50,1.44
2018.01.23 10:11:44.989,0.8106,0.8107,1.87,1.44
2018.01.23 10:11:45.517,0.81059,0.81068,1.12,1.25
2018.01.23 10:11:46.077,0.81058,0.81068,1.87,1.31
2018.01.23 10:11:47.105,0.81058,0.81067,1.00,1.44
2018.01.23 10:11:49.544,0.81058,0.81065,1.00,1.00
2018.01.23 10:11:49.596,0.81056,0.81064,1.00,1.44
2018.01.23 10:11:50.279,0.81054,0.81063,2.62,1.25
2018.01.23 10:11:50.780,0.81054,0.81063,1.00,1.44
2018.01.23 10:11:51.367,0.81053,0.81062,1.50,1.25
2018.01.23 10:11:51.905,0.81053,0.81062,1.50,1.87
2018.01.23 10:11:53.462,0.81055,0.81061,1.00,1.25
2018.01.23 10:11:53.563,0.81052,0.81059,1.00,1.00
2018.01.23 10:11:54.074,0.81054,0.81064,1.50,1.37
2018.01.23 10:11:54.127,0.81053,0.81063,1.87,1.12
2018.01.23 10:11:54.672,0.81054,0.81063,1.00,1.25
2018.01.23 10:11:55.814,0.81054,0.81064,1.69,1.25
2018.01.23 10:11:56.019,0.81056,0.81065,1.00,1.31
2018.01.23 10:11:56.933,0.81055,0.81065,1.50,1.44
2018.01.23 10:11:57.306,0.81051,0.8106,1.00,1.69
2018.01.23 10:11:58.169,0.81049,0.81059,2.62,1.44
2018.01.23 10:11:58.374,0.81047,0.81056,1.31,1.12
2018.01.23 10:11:58.429,0.81046,0.81055,1.00,1.44
2018.01.23 10:11:59.136,0.81045,0.81055,1.12,1.87
2018.01.23 10:11:59.896,0.81046,0.81055,1.00,1.25
2018.01.23 10:12:00.435,0.81047,0.81056,1.12,1.25
2018.01.23 10:12:00.740,0.81044,0.81054,1.87,1.44
2018.01.23 10:12:01.137,0.81046,0.81054,1.00,1.19
2018.01.23 10:12:01.188,0.81046,0.81055,1.00,2.44
2018.01.23 10:12:01.393,0.81045,0.81053,1.12,1.00
2018.01.23 10:12:01.647,0.81046,0.81055,1.00,1.69
2018.01.23 10:12:01.699,0.81048,0.81057,1.12,2.06
2018.01.23 10:12:02.003,0.8105,0.81057,1.00,1.00
2018.01.23 10:12:02.156,0.81047,0.81056,1.37,1.00
2018.01.23 10:12:02.412,0.8105,0.8106,1.25,3.00
2018.01.23 10:12:02.940,0.81048,0.81058,1.31,1.25
2018.01.23 10:12:03.496,0.81048,0.81058,1.12,1.44
2018.01.23 10:12:04.185,0.81048,0.81058,1.12,1.25
2018.01.23 10:12:04.236,0.81047,0.81057,1.87,1.44
2018.01.23 10:12:04.796,0.81046,0.81056,1.00,1.87
2018.01.23 10:12:05.330,0.81047,0.81056,1.00,1.44
2018.01.23 10:12:06.143,0.81044,0.81052,2.25,1.00
2018.01.23 10:12:06.195,0.81042,0.81051,1.50,1.25
2018.01.23 10:12:07.193,0.81042,0.81052,1.69,1.25
2018.01.23 10:12:08.213,0.81044,0.81053,1.00,1.25
2018.01.23 10:12:08.520,0.81046,0.81053,1.00,1.25
2018.01.23 10:12:08.623,0.81048,0.81057,1.50,1.87
2018.01.23 10:12:08.674,0.8105,0.81057,1.00,1.44
2018.01.23 10:12:08.777,0.81047,0.81055,1.00,1.44
2018.01.23 10:12:09.256,0.81048,0.81057,1.00,1.44
2018.01.23 10:12:09.470,0.81049,0.81058,1.00,1.25
2018.01.23 10:12:10.468,0.81051,0.8106,1.00,2.44
2018.01.23 10:12:11.573,0.81052,0.81062,1.00,2.25
2018.01.23 10:12:12.185,0.81053,0.81062,1.00,1.44
2018.01.23 10:12:12.810,0.81054,0.81063,1.00,1.87
2018.01.23 10:12:14.590,0.81053,0.81063,1.12,1.87
2018.01.23 10:12:14.896,0.81052,0.81063,3.00,2.62
2018.01.23 10:12:15.199,0.81048,0.81055,1.00,1.25
2018.01.23 10:12:15.386,0.81046,0.81055,1.87,1.25
2018.01.23 10:12:15.932,0.81046,0.81054,1.00,1.25
2018.01.23 10:12:16.803,0.81046,0.81054,3.75,1.44
2018.01.23 10:12:17.059,0.81044,0.81053,2.25,2.06
2018.01.23 10:12:17.367,0.81039,0.81047,3.37,1.00
2018.01.23 10:12:17.469,0.81039,0.81045,3.00,1.00
2018.01.23 10:12:17.698,0.81037,0.81046,1.87,1.37
2018.01.23 10:12:17.749,0.81037,0.81046,2.25,1.25
2018.01.23 10:12:18.050,0.81039,0.81046,2.25,1.25
2018.01.23 10:12:18.547,0.81037,0.81046,4.12,1.44
2018.01.23 10:12:19.548,0.81039,0.81047,1.00,1.44
2018.01.23 10:12:20.315,0.81039,0.81048,1.00,1.44
2018.01.23 10:12:21.062,0.81039,0.81047,1.00,1.44
2018.01.23 10:12:21.564,0.8104,0.81047,1.00,1.44
2018.01.23 10:12:22.066,0.8104,0.81048,2.25,1.25
2018.01.23 10:12:22.274,0.8104,0.81046,2.25,1.25
2018.01.23 10:12:22.558,0.81038,0.81047,1.00,1.44
2018.01.23 10:12:23.277,0.81037,0.81047,1.12,1.44
2018.01.23 10:12:24.566,0.81036,0.81045,1.12,1.25
2018.01.23 10:12:25.204,0.81036,0.81045,1.00,1.44
2018.01.23 10:12:25.833,0.81037,0.81046,1.00,1.87
2018.01.23 10:12:26.374,0.81036,0.81045,1.50,1.44
2018.01.23 10:12:26.907,0.81035,0.81044,1.00,1.44
2018.01.23 10:12:27.410,0.81034,0.81043,1.00,1.87
2018.01.23 10:12:27.845,0.81037,0.81045,1.00,2.06
2018.01.23 10:12:28.356,0.81037,0.81046,1.12,1.25
2018.01.23 10:12:28.788,0.81039,0.81049,1.00,1.87
2018.01.23 10:12:29.041,0.81037,0.81047,3.00,1.25
2018.01.23 10:12:29.176,0.8104,0.81049,1.00,1.44
2018.01.23 10:12:29.549,0.81038,0.81046,1.12,1.00
2018.01.23 10:12:30.102,0.81038,0.81047,1.00,1.25
2018.01.23 10:12:30.808,0.81037,0.81046,2.25,1.00
2018.01.23 10:12:31.548,0.81038,0.81047,1.00,1.25
2018.01.23 10:12:31.926,0.81036,0.81045,2.25,1.25
2018.01.23 10:12:32.230,0.81035,0.81043,1.00,1.00
2018.01.23 10:12:32.539,0.81037,0.81043,1.00,1.44
2018.01.23 10:12:32.848,0.81033,0.81043,1.12,1.44
2018.01.23 10:12:33.381,0.81033,0.81043,1.12,1.25
2018.01.23 10:12:33.696,0.81035,0.81045,1.50,1.37
2018.01.23 10:12:33.748,0.81035,0.81045,2.06,1.25
2018.01.23 10:12:34.284,0.81036,0.81045,1.00,1.25
2018.01.23 10:12:34.803,0.81035,0.81044,1.87,1.25
2018.01.23 10:12:35.221,0.81033,0.81042,2.25,1.25
2018.01.23 10:12:35.376,0.81028,0.81038,2.62,1.69
2018.01.23 10:12:35.478,0.81028,0.81036,1.00,1.25
2018.01.23 10:12:35.752,0.81032,0.81041,1.87,1.25
2018.01.23 10:12:36.254,0.81033,0.81043,1.00,1.50
2018.01.23 10:12:36.787,0.81034,0.81043,1.00,1.50
2018.01.23 10:12:37.445,0.81034,0.81043,1.00,1.25
2018.01.23 10:12:37.985,0.81034,0.81043,1.50,1.44
2018.01.23 10:12:38.571,0.81033,0.81042,1.50,1.25
2018.01.23 10:12:39.118,0.81032,0.81041,1.00,1.25
2018.01.23 10:12:41.238,0.81031,0.81041,1.87,1.25
2018.01.23 10:12:41.878,0.81031,0.81041,2.62,1.44
2018.01.23 10:12:42.038,0.81029,0.81038,1.87,1.69
2018.01.23 10:12:42.372,0.81031,0.81038,1.00,1.25
2018.01.23 10:12:43.347,0.81031,0.81039,1.00,1.31
2018.01.23 10:12:44.310,0.8103,0.81039,1.12,1.31
2018.01.23 10:12:44.693,0.81029,0.81038,1.00,1.87
2018.01.23 10:12:44.897,0.81027,0.81036,2.25,1.44
2018.01.23 10:12:45.242,0.81029,0.81038,1.00,1.87
2018.01.23 10:12:45.396,0.81026,0.81035,1.00,1.00
2018.01.23 10:12:46.382,0.81026,0.81035,1.00,1.87
2018.01.23 10:12:47.673,0.81026,0.81035,1.12,1.25
2018.01.23 10:12:48.112,0.81028,0.81037,1.12,1.25
2018.01.23 10:12:48.654,0.8103,0.81039,1.00,1.87
2018.01.23 10:12:48.756,0.81031,0.8104,1.00,2.06
2018.01.23 10:12:48.858,0.81033,0.81042,1.00,2.06
2018.01.23 10:12:49.410,0.81033,0.81042,1.25,1.00
2018.01.23 10:12:50.350,0.81033,0.81044,1.44,2.06
2018.01.23 10:12:50.473,0.81032,0.81041,1.00,1.44
2018.01.23 10:12:51.238,0.81031,0.81041,1.00,1.44
2018.01.23 10:12:51.741,0.81031,0.81041,1.50,1.37
2018.01.23 10:12:52.089,0.81033,0.81042,1.00,1.87
2018.01.23 10:12:52.293,0.81031,0.81041,1.87,1.25
2018.01.23 10:12:52.499,0.81034,0.81041,1.00,1.25
2018.01.23 10:12:52.772,0.81041,0.8105,1.00,3.75
2018.01.23 10:12:53.078,0.81042,0.81051,1.00,1.69
2018.01.23 10:12:53.650,0.8104,0.8105,2.62,1.25
2018.01.23 10:12:53.807,0.81043,0.81052,1.25,1.00
2018.01.23 10:12:54.433,0.81044,0.81054,1.12,1.87
2018.01.23 10:12:55.339,0.81043,0.81054,4.87,1.69
2018.01.23 10:12:58.337,0.81042,0.8105,1.00,1.25
2018.01.23 10:12:58.653,0.81039,0.81047,1.25,1.00
2018.01.23 10:12:59.458,0.81038,0.81047,1.25,1.00
2018.01.23 10:12:59.764,0.81036,0.81044,1.69,1.00
2018.01.23 10:13:00.310,0.81035,0.81045,1.25,2.06
2018.01.23 10:13:00.855,0.81036,0.81047,2.62,1.44
2018.01.23 10:13:02.380,0.81036,0.81047,2.62,1.25
2018.01.23 10:13:03.038,0.81039,0.81048,1.00,2.62
2018.01.23 10:13:03.091,0.8104,0.81049,1.12,1.87
2018.01.23 10:13:03.461,0.81038,0.81049,1.69,2.81
2018.01.23 10:13:04.043,0.81037,0.81048,1.69,1.69
2018.01.23 10:13:04.576,0.81037,0.81047,1.87,1.25
2018.01.23 10:13:05.121,0.81037,0.81048,1.69,1.69
2018.01.23 10:13:05.172,0.81037,0.81046,1.50,1.25
2018.01.23 10:13:05.482,0.81036,0.81043,1.00,1.00
2018.01.23 10:13:05.806,0.81034,0.81044,1.87,1.69
2018.01.23 10:13:06.092,0.81034,0.81042,1.31,1.00
2018.01.23 10:13:06.443,0.81032,0.81041,1.00,1.25
2018.01.23 10:13:06.548,0.81029,0.81039,3.00,1.44
2018.01.23 10:13:06.861,0.81032,0.81041,1.00,1.69
2018.01.23 10:13:07.998,0.81032,0.81041,1.00,2.62
2018.01.23 10:13:08.151,0.81033,0.81043,1.87,1.00
2018.01.23 10:13:08.902,0.81031,0.81042,2.44,1.25
2018.01.23 10:13:09.443,0.81031,0.81041,1.25,1.50
2018.01.23 10:13:10.057,0.81031,0.81041,1.44,1.50
2018.01.23 10:13:10.457,0.81034,0.81041,1.25,1.00
2018.01.23 10:13:10.508,0.81033,0.81043,1.25,1.31
2018.01.23 10:13:10.562,0.81033,0.81041,1.25,1.00
2018.01.23 10:13:11.495,0.81033,0.81043,1.12,1.31
2018.01.23 10:13:13.090,0.81034,0.81043,1.00,1.31
2018.01.23 10:13:13.696,0.81034,0.81044,1.69,1.69
2018.01.23 10:13:16.122,0.81034,0.81044,1.44,1.00
2018.01.23 10:13:16.354,0.81036,0.81046,1.25,1.50
2018.01.23 10:13:17.233,0.81037,0.81046,1.25,1.50
2018.01.23 10:13:17.284,0.81036,0.81042,1.31,1.00
2018.01.23 10:13:17.335,0.81035,0.81044,1.12,1.25
2018.01.23 10:13:17.464,0.81038,0.81045,1.00,1.00
2018.01.23 10:13:17.619,0.8104,0.81048,1.00,1.00
2018.01.23 10:13:18.167,0.8104,0.81049,1.69,1.00
2018.01.23 10:13:18.981,0.8104,0.81049,1.00,1.87
2018.01.23 10:13:19.487,0.81038,0.81048,1.87,1.00
2018.01.23 10:13:20.439,0.81038,0.81048,1.69,1.00
2018.01.23 10:13:24.427,0.81038,0.81048,1.50,1.87
2018.01.23 10:13:25.160,0.8104,0.81049,1.00,2.62
2018.01.23 10:13:25.211,0.8104,0.8105,1.31,1.69
2018.01.23 10:13:25.313,0.81039,0.8105,1.69,2.62
2018.01.23 10:13:25.415,0.81038,0.81047,1.87,1.50
2018.01.23 10:13:25.466,0.81037,0.81046,1.87,1.00
2018.01.23 10:13:25.568,0.8104,0.81047,1.00,1.25
2018.01.23 10:13:25.680,0.81041,0.81049,1.00,1.25
2018.01.23 10:13:25.731,0.81042,0.81051,1.25,1.50
2018.01.23 10:13:28.696,0.81042,0.81052,1.25,1.25
2018.01.23 10:13:29.306,0.81041,0.81051,1.12,1.25
2018.01.23 10:13:29.869,0.81042,0.81051,1.25,1.00
2018.01.23 10:13:31.970,0.81042,0.81052,1.25,1.50
2018.01.23 10:13:32.787,0.81043,0.81052,1.25,1.00
2018.01.23 10:13:34.220,0.81043,0.81051,1.00,1.44
2018.01.23 10:13:34.524,0.81044,0.81053,1.00,1.25
2018.01.23 10:13:34.575,0.81046,0.81054,1.00,1.44
2018.01.23 10:13:35.140,0.81047,0.81057,1.00,1.87
2018.01.23 10:13:36.046,0.81047,0.81057,1.00,1.87
2018.01.23 10:13:39.655,0.81049,0.81057,1.50,1.25
2018.01.23 10:13:39.807,0.81051,0.8106,1.00,1.69
2018.01.23 10:13:40.320,0.81052,0.81063,1.00,3.37
2018.01.23 10:13:40.928,0.81052,0.81063,1.00,3.56
2018.01.23 10:13:41.468,0.81053,0.81063,1.50,1.31
2018.01.23 10:13:42.191,0.81054,0.81065,1.00,2.25
2018.01.23 10:13:42.692,0.81055,0.81065,1.50,1.50
2018.01.23 10:13:43.233,0.81055,0.81065,1.00,1.50
2018.01.23 10:13:43.688,0.81057,0.81065,1.00,1.31
2018.01.23 10:13:44.190,0.81055,0.81065,3.00,1.50
2018.01.23 10:13:44.741,0.81055,0.81065,1.00,1.50
2018.01.23 10:13:45.354,0.81055,0.81065,1.00,1.50
2018.01.23 10:13:46.491,0.81055,0.81065,1.00,2.25
2018.01.23 10:13:46.644,0.81055,0.81063,1.00,1.37
2018.01.23 10:13:46.695,0.81052,0.81062,1.50,1.87
2018.01.23 10:13:47.237,0.81052,0.81061,1.00,1.44
2018.01.23 10:13:48.182,0.81052,0.81061,1.00,1.25
2018.01.23 10:13:52.386,0.81053,0.81061,1.00,1.00
2018.01.23 10:13:52.919,0.81052,0.81063,4.69,1.69
2018.01.23 10:13:53.438,0.81053,0.81063,2.25,1.69
2018.01.23 10:13:53.939,0.81052,0.81063,4.69,1.69
2018.01.23 10:13:54.928,0.81053,0.81063,1.00,1.25
2018.01.23 10:13:56.505,0.81054,0.81063,3.00,1.00
2018.01.23 10:13:56.608,0.81055,0.81066,1.00,3.37
2018.01.23 10:13:57.349,0.81056,0.81066,1.00,3.37
2018.01.23 10:13:58.515,0.81057,0.81066,1.00,1.69
2018.01.23 10:13:59.753,0.81056,0.81064,1.00,1.44
2018.01.23 10:14:00.296,0.81056,0.81063,1.00,1.44
2018.01.23 10:14:00.861,0.81055,0.81063,1.50,1.44
2018.01.23 10:14:00.912,0.81055,0.81064,1.50,1.25
2018.01.23 10:14:01.826,0.81055,0.81065,1.50,1.25
2018.01.23 10:14:03.394,0.81055,0.81065,1.50,1.44
2018.01.23 10:14:03.597,0.81056,0.81066,1.25,1.25
2018.01.23 10:14:03.699,0.81058,0.81068,1.00,4.50
2018.01.23 10:14:04.212,0.81058,0.81066,1.00,1.87
2018.01.23 10:14:04.588,0.8106,0.81068,1.00,3.19
2018.01.23 10:14:05.112,0.81061,0.81068,1.00,1.31
2018.01.23 10:14:05.414,0.81062,0.8107,1.00,1.25
2018.01.23 10:14:05.465,0.81059,0.8107,2.25,1.56
2018.01.23 10:14:05.517,0.81057,0.81065,2.62,1.25
2018.01.23 10:14:05.824,0.81056,0.81064,1.00,1.44
2018.01.23 10:14:06.149,0.81058,0.81064,1.00,1.44
2018.01.23 10:14:06.454,0.81059,0.81066,1.00,1.44
2018.01.23 10:14:07.156,0.81061,0.81069,1.00,1.87
2018.01.23 10:14:07.325,0.81059,0.81068,1.87,1.31
2018.01.23 10:14:07.676,0.81061,0.81069,1.00,1.62
2018.01.23 10:14:08.285,0.81062,0.81069,1.00,1.31
2018.01.23 10:14:08.812,0.81062,0.8107,1.00,1.56
2018.01.23 10:14:08.987,0.81062,0.81071,1.87,1.62
2018.01.23 10:14:09.108,0.81064,0.81072,1.00,2.06
2018.01.23 10:14:09.609,0.81065,0.81072,1.00,1.62
2018.01.23 10:14:10.049,0.81067,0.81074,1.00,1.62
2018.01.23 10:14:10.365,0.81069,0.81075,1.00,1.62
2018.01.23 10:14:10.618,0.81067,0.81075,1.12,1.62
2018.01.23 10:14:10.719,0.81067,0.81073,1.00,1.62
2018.01.23 10:14:11.437,0.81066,0.81072,1.00,1.62
2018.01.23 10:14:11.978,0.81064,0.81071,1.50,1.31
2018.01.23 10:14:13.867,0.81063,0.81071,1.50,1.31
2018.01.23 10:14:14.711,0.81063,0.8107,1.50,1.31
2018.01.23 10:14:15.018,0.81063,0.81068,1.00,1.44
2018.01.23 10:14:16.938,0.81063,0.81069,1.00,1.31
2018.01.23 10:14:17.143,0.81061,0.81068,1.50,1.25
2018.01.23 10:14:17.278,0.81061,0.81067,1.00,1.44
2018.01.23 10:14:17.330,0.81058,0.81067,1.50,1.44
2018.01.23 10:14:17.858,0.81058,0.81067,1.00,1.44
2018.01.23 10:14:18.945,0.81056,0.81064,1.87,1.00
2018.01.23 10:14:19.485,0.81055,0.81064,1.00,1.44
2018.01.23 10:14:19.701,0.81057,0.81067,2.62,2.06
2018.01.23 10:14:19.752,0.8106,0.81068,1.00,2.06
2018.01.23 10:14:21.424,0.81061,0.81069,1.00,1.44
2018.01.23 10:14:21.613,0.81059,0.81069,1.00,2.06
2018.01.23 10:14:22.747,0.81059,0.81069,1.00,1.87
2018.01.23 10:14:24.142,0.81059,0.81069,1.00,2.44
2018.01.23 10:14:24.448,0.81057,0.81067,1.00,1.44
2018.01.23 10:14:24.789,0.81055,0.81063,1.00,1.44
2018.01.23 10:14:26.229,0.81053,0.81062,1.00,1.25
2018.01.23 10:14:28.502,0.81055,0.81062,1.00,1.25
2018.01.23 10:14:29.816,0.81055,0.81062,1.50,1.44
2018.01.23 10:14:29.918,0.81055,0.81064,1.50,1.87
2018.01.23 10:14:30.457,0.81057,0.81065,1.00,1.44
2018.01.23 10:14:30.748,0.81055,0.81064,2.25,1.44
2018.01.23 10:14:30.799,0.81057,0.81066,1.00,1.25
2018.01.23 10:14:31.349,0.81058,0.81065,1.00,1.25
2018.01.23 10:14:32.147,0.81058,0.81067,1.00,1.87
2018.01.23 10:14:32.548,0.8106,0.8107,1.50,1.87
2018.01.23 10:14:33.067,0.8106,0.81069,1.00,1.31
2018.01.23 10:14:33.689,0.8106,0.81069,1.00,1.62
2018.01.23 10:14:34.733,0.81059,0.81068,1.00,1.44
2018.01.23 10:14:35.797,0.81059,0.81069,1.00,2.06
2018.01.23 10:14:36.304,0.81059,0.81068,1.00,1.44
2018.01.23 10:14:36.809,0.81059,0.81069,1.00,1.87
2018.01.23 10:14:37.360,0.8106,0.81069,1.00,1.44
2018.01.23 10:14:38.263,0.8106,0.8107,1.87,1.44
2018.01.23 10:14:38.478,0.81061,0.81071,1.25,2.44
2018.01.23 10:14:38.993,0.81062,0.81071,1.50,1.25
2018.01.23 10:14:40.517,0.81062,0.81073,2.44,2.06
2018.01.23 10:14:41.053,0.81062,0.81072,2.25,1.44
2018.01.23 10:14:41.649,0.81062,0.81073,2.62,2.06
2018.01.23 10:14:42.377,0.81063,0.81073,1.00,2.06
2018.01.23 10:14:43.048,0.81064,0.81073,1.00,1.69
2018.01.23 10:14:44.892,0.81064,0.81072,1.50,1.00
2018.01.23 10:14:44.995,0.81064,0.8107,1.00,1.44
2018.01.23 10:14:45.130,0.81061,0.8107,1.50,1.44
2018.01.23 10:14:46.388,0.81062,0.8107,1.00,1.44
2018.01.23 10:14:46.541,0.81064,0.81072,1.50,1.31
2018.01.23 10:14:47.797,0.81064,0.81072,1.50,1.25
2018.01.23 10:14:48.338,0.81064,0.81072,1.50,1.44
2018.01.23 10:14:50.953,0.81064,0.81072,1.50,1.25
2018.01.23 10:14:51.691,0.81065,0.81073,1.00,1.44
2018.01.23 10:14:52.580,0.81065,0.81073,1.00,1.25
2018.01.23 10:14:53.087,0.81065,0.81072,1.00,1.25
2018.01.23 10:14:54.309,0.81065,0.81074,1.00,1.31
2018.01.23 10:14:54.849,0.81064,0.81073,1.50,1.44
2018.01.23 10:14:59.705,0.81064,0.81071,1.50,1.44
2018.01.23 10:14:59.757,0.81064,0.81073,1.00,1.44
2018.01.23 10:14:59.808,0.81065,0.81074,1.00,1.25
2018.01.23 10:15:03.979,0.81065,0.81074,1.00,1.44
2018.01.23 10:15:06.622,0.81065,0.81076,1.00,2.62
2018.01.23 10:15:06.983,0.81066,0.81073,1.00,1.87
2018.01.23 10:15:07.177,0.81065,0.81075,1.50,1.87
2018.01.23 10:15:07.587,0.81067,0.81076,1.00,1.37
2018.01.23 10:15:08.133,0.81067,0.81076,1.50,1.44
2018.01.23 10:15:08.646,0.81067,0.81077,1.50,1.44
2018.01.23 10:15:09.275,0.81068,0.81077,1.00,1.44
2018.01.23 10:15:10.088,0.81068,0.81078,1.12,1.44
2018.01.23 10:15:10.390,0.8107,0.81079,1.50,1.31
2018.01.23 10:15:12.047,0.8107,0.8108,1.00,2.06
2018.01.23 10:15:13.041,0.8107,0.81081,2.44,3.56
2018.01.23 10:15:15.397,0.81071,0.81081,1.25,1.69
2018.01.23 10:15:15.951,0.81072,0.81081,1.00,1.69
2018.01.23 10:15:16.510,0.81072,0.81081,1.00,2.06
2018.01.23 10:15:16.887,0.81073,0.81082,1.00,1.31
2018.01.23 10:15:16.949,0.81072,0.8108,1.00,1.37
2018.01.23 10:15:17.102,0.81065,0.81074,1.00,2.06
2018.01.23 10:15:17.778,0.81063,0.81072,1.50,1.25
2018.01.23 10:15:18.388,0.81063,0.8107,1.00,1.00
2018.01.23 10:15:18.440,0.81061,0.8107,1.69,1.00
2018.01.23 10:15:19.542,0.81061,0.8107,1.00,1.44
2018.01.23 10:15:20.117,0.81061,0.81068,1.00,1.25
2018.01.23 10:15:20.169,0.81059,0.81068,1.00,1.69
2018.01.23 10:15:20.372,0.81059,0.81066,1.00,1.44
2018.01.23 10:15:20.424,0.8106,0.8107,2.25,1.87
2018.01.23 10:15:20.475,0.81061,0.81071,1.00,1.87
2018.01.23 10:15:20.685,0.81063,0.81072,1.12,1.25
2018.01.23 10:15:21.169,0.81064,0.81075,2.44,2.81
2018.01.23 10:15:22.664,0.81065,0.81075,1.00,1.44
2018.01.23 10:15:23.206,0.81066,0.81076,1.00,1.87
2018.01.23 10:15:24.220,0.81066,0.81076,1.00,1.87
2018.01.23 10:15:24.512,0.81066,0.8107,1.00,1.00
2018.01.23 10:15:24.616,0.81062,0.81068,1.00,1.44
2018.01.23 10:15:24.668,0.81058,0.81068,3.00,1.44
2018.01.23 10:15:25.176,0.81058,0.81067,1.50,1.25
2018.01.23 10:15:25.739,0.81058,0.81067,1.50,1.31
2018.01.23 10:15:26.270,0.81058,0.81066,1.50,1.44
2018.01.23 10:15:26.372,0.81056,0.81065,1.12,2.06
2018.01.23 10:15:26.942,0.81056,0.81066,1.12,1.44
2018.01.23 10:15:28.209,0.81056,0.81067,1.12,1.87
2018.01.23 10:15:28.749,0.81056,0.81066,1.12,1.31
2018.01.23 10:15:30.575,0.81056,0.81063,1.12,1.25
2018.01.23 10:15:30.681,0.81053,0.81064,2.62,1.44
2018.01.23 10:15:31.599,0.81054,0.81065,1.69,1.31
2018.01.23 10:15:32.100,0.81057,0.81067,1.25,2.44
2018.01.23 10:15:32.662,0.81057,0.81067,1.00,1.44
2018.01.23 10:15:33.042,0.81056,0.81066,1.12,1.62
2018.01.23 10:15:33.873,0.81056,0.81066,1.87,1.31
2018.01.23 10:15:36.471,0.81056,0.81066,1.12,1.25
2018.01.23 10:15:37.613,0.81055,0.81065,1.87,1.00
2018.01.23 10:15:38.139,0.81055,0.81065,1.25,1.25
2018.01.23 10:15:38.442,0.81057,0.81065,1.00,1.44
2018.01.23 10:15:38.985,0.81057,0.81066,1.00,1.44
2018.01.23 10:15:39.036,0.81058,0.81068,1.00,2.25
2018.01.23 10:15:39.735,0.81059,0.81069,1.00,1.44
2018.01.23 10:15:40.270,0.8106,0.81069,1.50,1.44
2018.01.23 10:15:41.449,0.8106,0.8107,2.81,1.25
2018.01.23 10:15:42.007,0.81061,0.8107,1.00,1.25
2018.01.23 10:15:42.508,0.8106,0.8107,3.56,1.25
2018.01.23 10:15:43.212,0.81063,0.81072,1.00,1.25
2018.01.23 10:15:43.314,0.81064,0.81075,2.44,3.56
2018.01.23 10:15:43.416,0.81067,0.81077,1.00,1.37
2018.01.23 10:15:44.474,0.81067,0.81078,1.00,3.37
2018.01.23 10:15:46.542,0.81067,0.81077,1.00,1.44
2018.01.23 10:15:47.988,0.81067,0.81078,1.25,2.62
2018.01.23 10:15:48.294,0.81065,0.81074,2.25,1.69
2018.01.23 10:15:48.628,0.81064,0.81071,1.00,1.25
2018.01.23 10:15:49.269,0.81064,0.81072,1.00,1.25
2018.01.23 10:15:51.585,0.81064,0.81071,1.00,1.25
2018.01.23 10:15:55.300,0.81064,0.81072,1.00,1.69
2018.01.23 10:15:55.772,0.81064,0.81074,1.87,1.25
2018.01.23 10:15:55.875,0.81066,0.81076,1.87,1.25
2018.01.23 10:15:56.199,0.81068,0.81078,2.44,1.31
2018.01.23 10:15:57.710,0.81069,0.81079,1.00,1.87
2018.01.23 10:16:00.279,0.81068,0.81078,1.50,1.44
2018.01.23 10:16:04.092,0.81068,0.81077,1.50,1.44
2018.01.23 10:16:07.731,0.81068,0.81077,1.00,1.25
2018.01.23 10:16:12.272,0.81065,0.81076,2.06,2.66
2018.01.23 10:16:12.739,0.81063,0.81072,1.00,1.25
2018.01.23 10:16:13.044,0.81061,0.81069,1.50,1.44
2018.01.23 10:16:13.778,0.81061,0.81069,1.00,1.44
2018.01.23 10:16:14.308,0.81061,0.8107,1.00,1.44
2018.01.23 10:16:14.410,0.81062,0.81072,1.00,1.44
2018.01.23 10:16:14.958,0.81063,0.81072,1.50,1.44
2018.01.23 10:16:15.060,0.81063,0.81073,3.00,1.25
2018.01.23 10:16:15.561,0.81065,0.81074,1.00,1.87
2018.01.23 10:16:16.298,0.81065,0.81075,2.25,1.31
2018.01.23 10:16:17.289,0.81066,0.81075,1.00,1.25
2018.01.23 10:16:17.801,0.81066,0.81077,1.12,3.94
2018.01.23 10:16:18.714,0.81066,0.81076,1.00,1.87
2018.01.23 10:16:19.710,0.81065,0.81076,2.62,1.87
2018.01.23 10:16:20.258,0.81066,0.81077,1.12,3.94
2018.01.23 10:16:20.957,0.81065,0.81074,1.00,1.44
2018.01.23 10:16:21.059,0.81063,0.81072,1.12,1.25
2018.01.23 10:16:23.671,0.81063,0.81074,1.69,3.00
2018.01.23 10:16:30.001,0.81064,0.81074,1.25,1.25
2018.01.23 10:16:31.910,0.81064,0.81074,1.44,1.00
2018.01.23 10:16:32.438,0.81065,0.81075,1.69,1.25
2018.01.23 10:16:32.968,0.81066,0.81076,1.00,1.25
2018.01.23 10:16:34.148,0.81066,0.81076,1.00,1.87
2018.01.23 10:16:34.833,0.81066,0.81077,2.44,1.50
2018.01.23 10:16:35.537,0.81066,0.81075,1.00,1.25
2018.01.23 10:16:36.500,0.81066,0.81075,1.00,1.44
2018.01.23 10:16:37.087,0.81067,0.81076,1.00,1.25
2018.01.23 10:16:37.553,0.81069,0.81077,1.00,1.44
2018.01.23 10:16:39.211,0.81069,0.81078,1.00,1.44
2018.01.23 10:16:39.716,0.8107,0.81078,1.00,1.44
2018.01.23 10:16:40.266,0.8107,0.81078,1.00,1.25
2018.01.23 10:16:41.214,0.8107,0.81079,1.00,1.25
2018.01.23 10:16:41.807,0.81072,0.8108,1.00,1.44
2018.01.23 10:16:42.360,0.81072,0.8108,1.00,1.25
2018.01.23 10:16:44.228,0.81072,0.8108,1.00,1.44
2018.01.23 10:16:44.653,0.81072,0.81078,1.00,1.44
2018.01.23 10:16:44.807,0.8107,0.81077,1.00,1.25
2018.01.23 10:16:47.538,0.8107,0.81077,1.00,1.44
2018.01.23 10:16:48.146,0.81069,0.81076,1.00,1.25
2018.01.23 10:16:50.342,0.81069,0.81078,1.00,1.25
2018.01.23 10:16:50.711,0.8107,0.81076,1.00,1.00
2018.01.23 10:16:50.762,0.81068,0.81076,1.00,1.69
2018.01.23 10:16:51.364,0.81067,0.81076,1.00,1.87
2018.01.23 10:16:51.875,0.81066,0.81076,2.62,1.44
2018.01.23 10:16:55.562,0.81066,0.81074,1.00,1.44
2018.01.23 10:16:55.996,0.81066,0.81072,1.00,1.44
2018.01.23 10:16:56.049,0.81064,0.81072,1.00,1.44
2018.01.23 10:16:56.101,0.81062,0.81071,1.00,1.44
2018.01.23 10:16:56.152,0.81062,0.81069,1.00,1.44
2018.01.23 10:16:56.338,0.8106,0.81069,1.00,1.31
2018.01.23 10:16:57.443,0.81061,0.81069,1.00,1.44
2018.01.23 10:16:58.057,0.81061,0.8107,1.00,1.44
2018.01.23 10:16:59.022,0.81062,0.8107,1.00,1.44
2018.01.23 10:17:01.384,0.81062,0.8107,1.00,1.25
2018.01.23 10:17:09.378,0.81062,0.8107,1.00,1.44
2018.01.23 10:17:09.921,0.81062,0.8107,1.00,1.25
2018.01.23 10:17:13.701,0.81062,0.81071,1.00,1.25
2018.01.23 10:17:13.752,0.81064,0.81071,1.00,1.25
2018.01.23 10:17:14.302,0.81064,0.81073,1.00,1.44
2018.01.23 10:17:14.820,0.81064,0.81074,1.50,1.87
2018.01.23 10:17:15.350,0.81066,0.81072,1.00,1.25
2018.01.23 10:17:15.686,0.81061,0.81072,1.87,1.87
2018.01.23 10:17:16.384,0.81063,0.81071,1.00,1.25
2018.01.23 10:17:17.871,0.81064,0.81073,1.00,1.87
2018.01.23 10:17:17.922,0.81064,0.81074,1.00,2.06
2018.01.23 10:17:19.149,0.81064,0.81074,1.00,1.25
2018.01.23 10:17:19.303,0.81063,0.81072,1.50,1.25
2018.01.23 10:17:21.079,0.81064,0.81074,1.00,1.37
2018.01.23 10:17:22.325,0.81064,0.81074,1.00,1.44
2018.01.23 10:17:22.948,0.81064,0.81073,1.00,1.44
2018.01.23 10:17:23.623,0.81065,0.81073,1.00,1.44
2018.01.23 10:17:24.283,0.81065,0.81074,1.00,1.44
2018.01.23 10:17:25.462,0.81065,0.81072,1.00,1.00
2018.01.23 10:17:25.564,0.81063,0.81072,1.00,1.31
2018.01.23 10:17:26.488,0.81063,0.81071,1.00,1.44
2018.01.23 10:17:26.795,0.81064,0.81072,1.00,1.25
2018.01.23 10:17:26.899,0.81063,0.81074,1.69,1.25
2018.01.23 10:17:28.392,0.81063,0.81074,1.00,2.06
2018.01.23 10:17:29.003,0.81063,0.81071,1.00,1.25
2018.01.23 10:17:29.527,0.81063,0.81071,1.00,1.87
2018.01.23 10:17:30.473,0.81061,0.8107,1.00,1.25
2018.01.23 10:17:30.755,0.81064,0.81071,1.00,1.25
2018.01.23 10:17:31.101,0.81066,0.81074,1.00,1.37
2018.01.23 10:17:31.426,0.81065,0.81074,1.50,1.69
2018.01.23 10:17:31.732,0.81067,0.81075,1.00,1.25
2018.01.23 10:17:33.900,0.81067,0.81076,1.50,1.25
2018.01.23 10:17:34.405,0.81069,0.81077,1.00,1.69
2018.01.23 10:17:42.967,0.81069,0.81078,1.69,1.25
2018.01.23 10:17:43.577,0.8107,0.81079,1.00,1.69
2018.01.23 10:17:44.104,0.81069,0.81078,1.69,1.25
2018.01.23 10:17:45.740,0.81069,0.81078,1.50,1.44
2018.01.23 10:17:46.226,0.81073,0.81082,1.50,1.25
2018.01.23 10:17:47.182,0.81073,0.81082,2.25,1.44
2018.01.23 10:17:49.310,0.81073,0.81083,3.19,1.44
2018.01.23 10:17:50.840,0.81074,0.81083,1.00,1.44
2018.01.23 10:17:51.735,0.81074,0.81083,1.00,1.25
2018.01.23 10:17:52.286,0.81073,0.81083,2.44,1.44
2018.01.23 10:17:54.003,0.81073,0.81081,1.00,1.25
2018.01.23 10:17:55.017,0.81074,0.81083,1.00,1.87
2018.01.23 10:17:56.231,0.81076,0.81085,1.69,1.25
2018.01.23 10:17:56.334,0.81078,0.81087,1.00,1.62
2018.01.23 10:17:56.436,0.81078,0.81087,1.00,1.25
2018.01.23 10:17:56.538,0.8108,0.81088,1.00,1.69
2018.01.23 10:18:00.840,0.8108,0.81088,1.00,2.62
2018.01.23 10:18:04.318,0.8108,0.81087,1.00,1.44
2018.01.23 10:18:04.420,0.81077,0.81086,1.50,1.69
2018.01.23 10:18:04.966,0.81077,0.81086,1.00,1.87
2018.01.23 10:18:06.289,0.81075,0.81084,1.00,1.25
2018.01.23 10:18:06.796,0.81075,0.81085,1.00,1.25
2018.01.23 10:18:10.142,0.81077,0.81086,1.00,1.50
2018.01.23 10:18:14.351,0.81077,0.81084,1.00,1.00
2018.01.23 10:18:14.554,0.81075,0.81084,1.00,1.00
2018.01.23 10:18:15.739,0.81075,0.81086,1.00,1.44
2018.01.23 10:18:15.792,0.81077,0.81088,1.69,2.62
2018.01.23 10:18:16.191,0.81077,0.81086,1.00,1.44
2018.01.23 10:18:18.580,0.81077,0.81086,1.50,1.69
2018.01.23 10:18:19.220,0.81077,0.81088,1.50,2.62
2018.01.23 10:18:20.759,0.81077,0.81086,1.00,1.25
2018.01.23 10:18:24.109,0.81077,0.81085,1.00,1.25
2018.01.23 10:18:24.671,0.81075,0.8108,1.00,1.25
2018.01.23 10:18:24.774,0.81073,0.81079,1.00,1.25
2018.01.23 10:18:27.229,0.81071,0.81079,1.00,1.25
2018.01.23 10:18:34.398,0.81071,0.81079,1.00,1.44
2018.01.23 10:18:36.369,0.81072,0.81081,1.00,1.44
2018.01.23 10:18:36.471,0.81074,0.81081,1.00,1.25
2018.01.23 10:18:37.871,0.81074,0.81082,1.00,1.25
2018.01.23 10:18:40.244,0.81074,0.81082,1.00,1.44
2018.01.23 10:18:41.575,0.81074,0.81083,1.00,1.44
2018.01.23 10:18:42.986,0.81074,0.81083,1.50,1.25
2018.01.23 10:18:46.704,0.81075,0.81084,1.00,1.44
2018.01.23 10:18:48.070,0.81075,0.81084,1.50,1.25
2018.01.23 10:18:49.127,0.81075,0.81084,1.00,1.44
2018.01.23 10:18:50.896,0.81074,0.81082,1.00,1.25
2018.01.23 10:18:52.867,0.81074,0.81082,1.00,1.44
2018.01.23 10:18:54.748,0.81074,0.81083,1.00,1.44
2018.01.23 10:18:55.976,0.81075,0.81084,1.00,1.44
2018.01.23 10:18:56.477,0.81074,0.81083,1.50,1.25
2018.01.23 10:18:58.843,0.81075,0.81083,1.00,1.25
2018.01.23 10:18:59.754,0.81076,0.81084,1.00,1.25
2018.01.23 10:19:00.266,0.81076,0.81085,1.50,1.25
2018.01.23 10:19:01.733,0.81076,0.81084,1.00,1.25
2018.01.23 10:19:02.229,0.81076,0.81082,1.00,1.25
2018.01.23 10:19:04.471,0.81074,0.81081,1.00,1.25
2018.01.23 10:19:05.005,0.81073,0.81081,1.50,1.00
2018.01.23 10:19:05.560,0.81071,0.81079,1.00,1.31
2018.01.23 10:19:05.868,0.81068,0.81074,1.00,1.25
2018.01.23 10:19:05.971,0.81069,0.81077,1.00,1.25
2018.01.23 10:19:06.487,0.8107,0.81078,1.00,1.44
2018.01.23 10:19:07.051,0.8107,0.81079,1.00,1.31
2018.01.23 10:19:07.516,0.81072,0.8108,1.00,1.44
2018.01.23 10:19:07.987,0.81072,0.81081,1.50,1.25
2018.01.23 10:19:08.040,0.81074,0.81083,1.00,1.87
2018.01.23 10:19:08.091,0.81075,0.81085,2.25,1.31
2018.01.23 10:19:08.628,0.81076,0.81085,1.00,1.25
2018.01.23 10:19:10.097,0.81076,0.81086,1.69,1.69
2018.01.23 10:19:10.606,0.81076,0.81085,1.00,1.25
2018.01.23 10:19:19.451,0.81076,0.81086,1.50,1.69
2018.01.23 10:19:19.960,0.81077,0.81087,1.00,1.44
2018.01.23 10:19:20.478,0.81078,0.81087,1.00,1.44
2018.01.23 10:19:20.896,0.81078,0.81088,1.00,1.69
2018.01.23 10:19:20.947,0.81081,0.8109,1.00,1.44
2018.01.23 10:19:21.048,0.81081,0.81091,1.00,1.25
2018.01.23 10:19:22.452,0.8108,0.8109,1.50,1.87
2018.01.23 10:19:22.758,0.8108,0.81087,1.00,1.25
2018.01.23 10:19:23.088,0.81078,0.81087,1.00,1.25
2018.01.23 10:19:24.132,0.8108,0.81088,1.00,1.25
2018.01.23 10:19:27.363,0.8108,0.81089,1.50,1.69
2018.01.23 10:19:27.921,0.81081,0.81089,1.00,1.31
2018.01.23 10:19:28.230,0.8108,0.81089,1.50,1.87
2018.01.23 10:19:28.483,0.8108,0.81089,1.50,1.69
2018.01.23 10:19:29.159,0.81081,0.81089,1.00,1.25
2018.01.23 10:19:30.275,0.81081,0.8109,1.25,1.25
2018.01.23 10:19:30.562,0.8108,0.81088,1.00,1.25
2018.01.23 10:19:31.090,0.8108,0.81087,1.00,1.25
2018.01.23 10:19:31.591,0.8108,0.81086,1.00,1.25
2018.01.23 10:19:32.197,0.81079,0.81086,1.00,1.25
2018.01.23 10:19:34.368,0.81078,0.81086,1.00,1.25
2018.01.23 10:19:35.134,0.81078,0.81087,1.00,1.25
2018.01.23 10:19:35.915,0.81078,0.81086,1.00,1.25
2018.01.23 10:19:37.162,0.81078,0.81086,1.00,1.44
2018.01.23 10:19:37.707,0.81078,0.81085,1.00,1.87
2018.01.23 10:19:38.930,0.81078,0.81085,1.00,1.69
2018.01.23 10:19:39.357,0.81075,0.81084,1.00,1.31
2018.01.23 10:19:40.010,0.81078,0.81086,1.50,1.00
2018.01.23 10:19:40.113,0.81081,0.8109,2.44,1.25
2018.01.23 10:19:40.267,0.81081,0.81088,1.00,1.00
2018.01.23 10:19:40.471,0.81079,0.81087,1.12,1.12
2018.01.23 10:19:41.307,0.81079,0.81086,1.00,1.25
2018.01.23 10:19:45.603,0.81079,0.81086,1.00,1.44
2018.01.23 10:19:46.056,0.81076,0.81084,1.00,1.00
2018.01.23 10:19:46.603,0.81077,0.81087,1.50,2.06
2018.01.23 10:19:46.654,0.81077,0.81088,1.50,1.87
2018.01.23 10:19:47.166,0.81078,0.81089,1.00,2.06
2018.01.23 10:19:48.671,0.81078,0.81089,1.50,1.69
2018.01.23 10:19:49.274,0.81078,0.81088,1.00,1.44
2018.01.23 10:19:50.230,0.81078,0.81087,1.00,1.44
2018.01.23 10:19:50.789,0.81078,0.81088,1.00,2.06
2018.01.23 10:19:51.515,0.81078,0.81088,1.00,1.25
2018.01.23 10:19:52.267,0.81078,0.81087,1.00,1.44
2018.01.23 10:19:53.210,0.81078,0.81088,1.00,1.25
2018.01.23 10:19:54.499,0.81078,0.81088,1.00,1.44
2018.01.23 10:20:00.431,0.81078,0.81088,1.00,1.25
2018.01.23 10:20:01.118,0.8108,0.81089,1.50,1.00
2018.01.23 10:20:01.460,0.81082,0.81092,1.50,2.62
2018.01.23 10:20:02.192,0.81082,0.81091,1.00,1.44
2018.01.23 10:20:03.707,0.81082,0.81092,1.00,1.87
2018.01.23 10:20:12.227,0.81082,0.81091,1.00,1.87
2018.01.23 10:20:12.330,0.8108,0.81089,1.00,2.81
2018.01.23 10:20:12.381,0.8108,0.81087,1.00,1.25
2018.01.23 10:20:15.214,0.8108,0.8109,1.00,2.44
2018.01.23 10:20:15.721,0.8108,0.8109,1.00,2.44
2018.01.23 10:20:17.750,0.8108,0.81089,1.00,1.25
2018.01.23 10:20:20.158,0.8108,0.81089,1.00,2.25
2018.01.23 10:20:21.007,0.8108,0.81089,1.00,1.31
2018.01.23 10:20:25.514,0.8108,0.8109,1.00,2.44
2018.01.23 10:20:26.629,0.8108,0.81089,1.00,1.00
2018.01.23 10:20:28.450,0.8108,0.81089,1.00,2.25
2018.01.23 10:20:31.910,0.81078,0.81088,1.69,2.62
2018.01.23 10:20:32.460,0.81079,0.81088,1.00,1.44
2018.01.23 10:20:33.067,0.81079,0.81088,1.25,1.25
2018.01.23 10:20:34.960,0.81079,0.8109,1.50,2.44
2018.01.23 10:20:35.871,0.8108,0.8109,1.00,1.69
2018.01.23 10:20:39.372,0.81081,0.81091,1.00,1.69
2018.01.23 10:20:40.346,0.81081,0.81092,1.25,3.56
2018.01.23 10:20:41.299,0.8108,0.8109,1.50,1.25
2018.01.23 10:20:42.079,0.8108,0.81089,1.00,1.00
2018.01.23 10:20:44.293,0.8108,0.81089,1.00,1.87
2018.01.23 10:20:44.838,0.8108,0.81087,1.00,1.25
2018.01.23 10:20:45.302,0.81079,0.81086,1.00,1.31
2018.01.23 10:20:45.455,0.81077,0.81086,1.50,1.87
2018.01.23 10:20:46.436,0.81077,0.81085,1.50,1.44
2018.01.23 10:20:46.844,0.81078,0.81087,1.00,1.44
2018.01.23 10:20:47.349,0.81079,0.81088,1.00,1.62
2018.01.23 10:20:47.400,0.81077,0.81086,3.00,1.37
2018.01.23 10:20:48.024,0.81079,0.81087,1.00,1.31
2018.01.23 10:20:48.567,0.81079,0.81087,1.50,1.25
2018.01.23 10:20:50.424,0.81079,0.81087,1.50,1.44
2018.01.23 10:20:51.231,0.81079,0.81088,1.69,1.25
2018.01.23 10:20:51.406,0.81079,0.81088,1.00,1.37
2018.01.23 10:20:51.712,0.81075,0.81084,1.50,1.44
2018.01.23 10:20:51.967,0.81075,0.81081,1.00,1.00
2018.01.23 10:20:52.564,0.81075,0.81082,1.00,1.25
2018.01.23 10:20:53.078,0.81075,0.81083,1.00,1.25
2018.01.23 10:20:53.849,0.81075,0.81084,1.69,1.25
2018.01.23 10:20:55.363,0.81076,0.81085,1.00,1.87
2018.01.23 10:20:56.730,0.81076,0.81085,1.00,1.69
2018.01.23 10:20:57.035,0.81075,0.81084,1.50,1.44
2018.01.23 10:20:57.573,0.81075,0.81084,1.00,1.25
2018.01.23 10:20:58.249,0.81075,0.81084,1.00,1.44
2018.01.23 10:20:58.763,0.81076,0.81085,1.00,1.87
2018.01.23 10:20:58.815,0.81077,0.81086,1.50,1.25
2018.01.23 10:20:59.517,0.81078,0.81087,1.00,1.44
2018.01.23 10:21:00.458,0.81077,0.81086,1.69,1.25
2018.01.23 10:21:00.714,0.81077,0.81085,1.00,2.06
2018.01.23 10:21:00.819,0.81075,0.81083,1.00,1.25
2018.01.23 10:21:02.350,0.81077,0.81086,1.00,2.62
2018.01.23 10:21:02.756,0.81077,0.81083,1.00,1.44
2018.01.23 10:21:02.808,0.81075,0.81083,1.00,1.87
2018.01.23 10:21:04.117,0.81075,0.81081,1.00,1.00
2018.01.23 10:21:04.799,0.81072,0.81077,1.00,1.85
2018.01.23 10:21:04.851,0.8107,0.81078,2.44,1.00
2018.01.23 10:21:05.227,0.81068,0.81077,1.50,1.44
2018.01.23 10:21:06.938,0.81068,0.81077,1.00,1.87
2018.01.23 10:21:07.091,0.81065,0.81075,1.50,2.44
2018.01.23 10:21:07.609,0.81065,0.81073,1.00,1.25
2018.01.23 10:21:12.466,0.81063,0.81073,1.69,1.25
2018.01.23 10:21:14.421,0.81064,0.81074,1.50,1.25
2018.01.23 10:21:18.287,0.81065,0.81075,1.00,2.06
2018.01.23 10:21:18.952,0.81064,0.81075,1.69,2.06
2018.01.23 10:21:19.617,0.81064,0.81075,1.69,2.25
2018.01.23 10:21:22.926,0.81065,0.81074,1.00,1.25
2018.01.23 10:21:32.383,0.81065,0.81073,1.00,1.25
2018.01.23 10:21:35.284,0.81065,0.81074,1.00,1.69
2018.01.23 10:21:36.120,0.81064,0.81071,1.00,1.00
2018.01.23 10:21:36.770,0.81063,0.81071,1.00,2.44
2018.01.23 10:21:38.167,0.81063,0.81072,1.00,1.69
2018.01.23 10:21:39.169,0.81063,0.81073,1.50,1.25
2018.01.23 10:21:39.689,0.81064,0.81074,1.00,2.06
2018.01.23 10:21:40.569,0.81064,0.81074,1.25,1.69
2018.01.23 10:21:41.092,0.81064,0.81073,1.00,1.25
2018.01.23 10:21:41.793,0.81064,0.81073,1.00,1.31
2018.01.23 10:21:45.340,0.81063,0.81073,1.00,1.44
2018.01.23 10:21:45.881,0.81063,0.81071,1.00,1.25
2018.01.23 10:21:46.508,0.81063,0.81071,1.00,1.44
2018.01.23 10:21:46.989,0.81063,0.81072,1.00,1.25
2018.01.23 10:21:47.528,0.81063,0.81072,1.00,1.44
2018.01.23 10:21:49.608,0.81063,0.81072,1.00,1.25
2018.01.23 10:21:53.340,0.81063,0.81073,1.00,1.25
2018.01.23 10:21:55.963,0.81063,0.81073,1.50,1.44
2018.01.23 10:21:56.951,0.81063,0.81073,1.50,1.37
2018.01.23 10:22:02.472,0.81063,0.81073,1.50,1.44
2018.01.23 10:22:02.992,0.81063,0.81074,1.69,1.87
2018.01.23 10:22:03.528,0.81063,0.81074,1.50,2.62
2018.01.23 10:22:07.052,0.81064,0.81073,1.00,1.69
2018.01.23 10:22:07.590,0.81063,0.81073,1.69,1.69
2018.01.23 10:22:07.910,0.81065,0.81073,1.50,1.00
2018.01.23 10:22:08.340,0.81067,0.81075,1.00,1.44
2018.01.23 10:22:08.713,0.81065,0.81074,1.50,1.44
2018.01.23 10:22:08.763,0.81065,0.81071,1.00,1.25
2018.01.23 10:22:08.814,0.81063,0.8107,1.00,1.00
2018.01.23 10:22:09.173,0.81061,0.8107,1.69,1.12
2018.01.23 10:22:09.224,0.81061,0.81066,1.00,1.00
2018.01.23 10:22:09.277,0.81058,0.81066,1.50,1.25
2018.01.23 10:22:09.859,0.81058,0.81068,1.50,1.50
2018.01.23 10:22:11.700,0.81058,0.81067,1.00,1.44
2018.01.23 10:22:12.205,0.81058,0.81067,1.88,1.25
2018.01.23 10:22:12.748,0.81058,0.81067,1.00,2.06
2018.01.23 10:22:13.312,0.81058,0.81067,1.50,1.69
2018.01.23 10:22:13.820,0.81058,0.81067,1.50,1.44
2018.01.23 10:22:14.431,0.81058,0.81067,1.00,1.69
2018.01.23 10:22:14.932,0.81058,0.81067,1.00,2.06
2018.01.23 10:22:17.715,0.81058,0.81067,1.50,1.69
2018.01.23 10:22:19.020,0.81058,0.81066,1.00,1.00
2018.01.23 10:22:19.579,0.81059,0.81067,1.00,1.44
2018.01.23 10:22:19.630,0.81059,0.81068,1.00,1.31
2018.01.23 10:22:20.131,0.81058,0.81067,1.25,1.25
2018.01.23 10:22:20.688,0.81058,0.81067,1.00,1.44
2018.01.23 10:22:23.419,0.81058,0.81065,1.00,1.25
2018.01.23 10:22:23.470,0.81056,0.81065,1.50,1.25
2018.01.23 10:22:25.029,0.81056,0.81065,1.00,1.44
2018.01.23 10:22:25.341,0.81054,0.81063,1.13,1.00
2018.01.23 10:22:25.634,0.81052,0.81061,1.88,1.00
2018.01.23 10:22:26.618,0.81052,0.81061,1.69,1.25
2018.01.23 10:22:28.756,0.81053,0.81062,1.00,1.44
2018.01.23 10:22:29.625,0.81057,0.81063,1.00,1.19
2018.01.23 10:22:29.676,0.81059,0.81065,1.00,1.87
2018.01.23 10:22:29.727,0.81059,0.81068,1.50,1.44
2018.01.23 10:22:29.778,0.81062,0.81069,1.13,1.00
2018.01.23 10:22:29.830,0.81062,0.81071,1.13,1.87
2018.01.23 10:22:30.254,0.81064,0.81071,1.00,1.25
2018.01.23 10:22:30.309,0.81064,0.81073,1.25,1.25
2018.01.23 10:22:31.465,0.81063,0.81073,2.44,1.87
2018.01.23 10:22:31.598,0.81065,0.81073,1.44,1.00
2018.01.23 10:22:31.805,0.81072,0.81081,1.13,1.69
2018.01.23 10:22:32.066,0.81072,0.81079,1.00,1.00
2018.01.23 10:22:32.118,0.8107,0.81078,1.69,1.00
2018.01.23 10:22:32.256,0.81073,0.81081,1.88,1.00
2018.01.23 10:22:32.357,0.81075,0.81084,1.25,1.87
2018.01.23 10:22:32.559,0.81076,0.81086,1.00,2.06
2018.01.23 10:22:32.749,0.81075,0.81084,1.88,1.25
2018.01.23 10:22:33.390,0.81075,0.81087,1.87,3.56
2018.01.23 10:22:33.892,0.81075,0.81086,1.87,1.50
2018.01.23 10:22:35.319,0.81074,0.81085,1.69,1.88
2018.01.23 10:22:35.826,0.81074,0.81085,2.81,1.25
2018.01.23 10:22:36.964,0.81074,0.81085,2.63,1.00
2018.01.23 10:22:37.840,0.81075,0.81085,1.31,1.25
2018.01.23 10:22:39.157,0.81075,0.81085,1.31,1.00
2018.01.23 10:22:39.742,0.81077,0.81086,1.87,1.25
2018.01.23 10:22:42.792,0.81076,0.81083,1.00,1.00
2018.01.23 10:22:43.370,0.81075,0.81083,1.00,1.12
2018.01.23 10:22:43.422,0.81073,0.81082,1.88,1.25
2018.01.23 10:22:44.222,0.81074,0.81082,1.00,1.25
2018.01.23 10:22:44.274,0.81075,0.81085,1.88,1.12
2018.01.23 10:22:44.838,0.81076,0.81086,1.13,1.25
2018.01.23 10:22:44.993,0.81075,0.81083,2.25,1.25
2018.01.23 10:22:45.180,0.81073,0.81082,2.63,1.25
2018.01.23 10:22:45.231,0.81075,0.81083,1.00,1.25
2018.01.23 10:22:45.537,0.81077,0.81086,2.06,1.25
2018.01.23 10:22:45.588,0.81075,0.81084,2.25,1.31
2018.01.23 10:22:45.894,0.81073,0.81081,1.00,1.00
2018.01.23 10:22:45.999,0.81074,0.81084,1.25,2.44
2018.01.23 10:22:46.315,0.81073,0.81082,2.62,1.00
2018.01.23 10:22:46.420,0.81074,0.81084,1.31,2.62
2018.01.23 10:22:46.944,0.81075,0.81083,1.25,1.00
2018.01.23 10:22:47.895,0.81076,0.81085,1.00,1.37
2018.01.23 10:22:47.946,0.81078,0.81086,1.00,1.25
2018.01.23 10:22:48.201,0.81079,0.81088,1.13,1.00
2018.01.23 10:22:48.669,0.81077,0.81085,1.44,1.00
2018.01.23 10:22:48.874,0.81077,0.81087,1.25,1.25
2018.01.23 10:22:49.179,0.81079,0.81088,1.25,1.50
2018.01.23 10:22:49.640,0.81083,0.81089,1.25,1.00
2018.01.23 10:22:50.156,0.81082,0.81092,1.88,1.50
2018.01.23 10:22:50.584,0.8108,0.81088,1.25,1.00
2018.01.23 10:22:50.685,0.81078,0.81087,2.81,1.25
2018.01.23 10:22:53.220,0.81078,0.81087,1.00,1.44
2018.01.23 10:22:53.374,0.81076,0.81085,1.69,1.25
2018.01.23 10:22:53.580,0.81082,0.81091,1.00,1.25
2018.01.23 10:22:53.888,0.81088,0.81097,1.13,1.00
2018.01.23 10:23:00.050,0.81088,0.81097,1.00,1.44
2018.01.23 10:23:00.180,0.81085,0.81094,3.38,1.25
2018.01.23 10:23:01.332,0.81083,0.81092,2.25,1.87
2018.01.23 10:23:02.295,0.81083,0.81092,1.69,1.69
2018.01.23 10:23:02.630,0.81081,0.8109,2.81,1.25
2018.01.23 10:23:02.935,0.81079,0.81088,1.25,1.25
2018.01.23 10:23:03.514,0.81078,0.81087,1.25,1.25
2018.01.23 10:23:04.037,0.8108,0.81088,1.00,1.25
2018.01.23 10:23:04.558,0.8108,0.8109,1.69,1.44
2018.01.23 10:23:05.078,0.81081,0.81092,1.00,2.25
2018.01.23 10:23:05.408,0.81083,0.81091,1.00,1.69
2018.01.23 10:23:07.044,0.81083,0.81092,1.00,1.25
2018.01.23 10:23:07.799,0.81084,0.81092,1.00,1.25
2018.01.23 10:23:08.330,0.81085,0.81094,1.00,1.87
2018.01.23 10:23:09.144,0.81086,0.81094,1.00,1.25
2018.01.23 10:23:09.741,0.81085,0.81094,1.50,1.69
2018.01.23 10:23:10.248,0.81086,0.81095,1.00,1.69
2018.01.23 10:23:10.883,0.81087,0.81096,1.00,1.25
2018.01.23 10:23:11.400,0.81086,0.81095,1.69,1.12
2018.01.23 10:23:11.905,0.81087,0.81096,1.00,1.31
2018.01.23 10:23:12.424,0.81087,0.81098,2.25,1.87
2018.01.23 10:23:12.970,0.81087,0.81098,1.00,4.12
2018.01.23 10:23:13.304,0.81083,0.81093,1.00,1.87
2018.01.23 10:23:14.399,0.81083,0.81093,1.00,1.87
2018.01.23 10:23:14.652,0.81081,0.81089,1.00,1.12
2018.01.23 10:23:16.057,0.81081,0.8109,1.69,1.12
2018.01.23 10:23:17.135,0.81082,0.81091,1.00,2.06
2018.01.23 10:23:19.901,0.81083,0.81091,1.00,1.25
2018.01.23 10:23:20.539,0.81082,0.81091,1.00,1.44
2018.01.23 10:23:21.098,0.81081,0.81091,1.69,2.06
2018.01.23 10:23:22.614,0.81082,0.81091,1.00,1.87
2018.01.23 10:23:23.284,0.81082,0.81091,1.69,1.12
2018.01.23 10:23:24.085,0.81083,0.81093,1.00,2.25
2018.01.23 10:23:24.644,0.81083,0.81093,1.00,1.50
2018.01.23 10:23:25.187,0.81083,0.81093,1.00,1.31
2018.01.23 10:23:25.740,0.81084,0.81095,1.69,2.62
2018.01.23 10:23:26.166,0.81086,0.81095,1.00,1.25
2018.01.23 10:23:26.795,0.81085,0.81095,1.25,1.25
2018.01.23 10:23:27.887,0.81086,0.81096,1.00,2.25
2018.01.23 10:23:28.654,0.81085,0.81095,2.44,1.44
2018.01.23 10:23:29.160,0.81086,0.81096,1.25,2.25
2018.01.23 10:23:30.057,0.81087,0.81097,1.00,1.87
2018.01.23 10:23:30.638,0.81086,0.81095,1.00,1.44
2018.01.23 10:23:32.073,0.81086,0.81095,1.00,1.37
2018.01.23 10:23:32.759,0.81086,0.81095,1.00,1.87
2018.01.23 10:23:40.463,0.81086,0.81095,1.50,1.25
2018.01.23 10:23:41.190,0.81086,0.81095,1.00,1.87
2018.01.23 10:23:41.395,0.81082,0.81091,1.87,1.25
2018.01.23 10:23:41.738,0.81083,0.81094,1.25,4.12
2018.01.23 10:23:41.944,0.81084,0.81091,3.00,1.00
2018.01.23 10:23:42.950,0.81084,0.81094,1.00,2.62
2018.01.23 10:23:44.512,0.81084,0.81093,1.00,1.50
2018.01.23 10:23:46.085,0.81084,0.81093,1.00,1.25
2018.01.23 10:23:48.134,0.81084,0.81094,1.69,1.25
2018.01.23 10:23:49.749,0.81085,0.81095,1.00,2.06
2018.01.23 10:23:50.717,0.81086,0.81095,1.00,1.69
2018.01.23 10:23:51.218,0.81086,0.81096,2.44,1.25
2018.01.23 10:23:51.800,0.81087,0.81096,2.25,1.25
2018.01.23 10:23:52.307,0.81086,0.81096,1.69,1.25
2018.01.23 10:23:53.529,0.81087,0.81097,1.00,2.62
2018.01.23 10:23:53.634,0.81087,0.81094,1.00,1.69
2018.01.23 10:23:53.972,0.81085,0.81094,1.50,1.69
2018.01.23 10:23:54.507,0.81085,0.81094,1.00,1.87
2018.01.23 10:23:55.165,0.81085,0.81094,1.50,1.69
2018.01.23 10:23:56.027,0.81085,0.81094,1.50,1.87
2018.01.23 10:23:56.616,0.81086,0.81094,2.25,1.87
2018.01.23 10:23:57.301,0.81085,0.81094,1.00,1.87
2018.01.23 10:23:57.477,0.81084,0.81094,1.00,2.62
2018.01.23 10:23:57.941,0.81082,0.81092,1.00,2.62
2018.01.23 10:23:58.646,0.81081,0.8109,2.25,1.31
2018.01.23 10:24:01.021,0.81081,0.81092,2.44,2.62
2018.01.23 10:24:07.409,0.81081,0.8109,1.00,1.37
2018.01.23 10:24:08.184,0.81087,0.81091,1.87,1.00
2018.01.23 10:24:08.236,0.81085,0.81093,2.25,3.37
2018.01.23 10:24:08.338,0.81085,0.81093,1.00,2.62
2018.01.23 10:24:08.767,0.81088,0.81096,1.00,1.12
2018.01.23 10:24:08.819,0.81088,0.81097,1.00,1.31
2018.01.23 10:24:09.331,0.81087,0.81097,2.62,1.87
2018.01.23 10:24:09.791,0.81089,0.81097,1.00,1.31
2018.01.23 10:24:10.354,0.81088,0.81096,1.50,1.25
2018.01.23 10:24:10.896,0.81087,0.81098,2.25,2.25
2018.01.23 10:24:11.220,0.81085,0.81091,1.00,1.25
2018.01.23 10:24:11.525,0.81083,0.81088,1.00,1.00
2018.01.23 10:24:12.154,0.81083,0.8109,1.00,1.44
2018.01.23 10:24:13.656,0.81083,0.8109,1.00,1.25
2018.01.23 10:24:15.134,0.81083,0.8109,1.00,1.44
2018.01.23 10:24:16.791,0.81083,0.8109,1.50,1.25
2018.01.23 10:24:17.366,0.81083,0.81091,1.50,1.25
2018.01.23 10:24:19.343,0.81083,0.81092,1.50,1.25
2018.01.23 10:24:19.853,0.81085,0.81093,1.00,1.25
2018.01.23 10:24:20.316,0.81083,0.81093,3.37,1.25
2018.01.23 10:24:24.338,0.81084,0.81094,1.00,2.06
2018.01.23 10:24:24.637,0.81088,0.81097,1.00,1.44
2018.01.23 10:24:25.162,0.81087,0.81097,1.50,1.44
2018.01.23 10:24:27.140,0.81086,0.81096,2.25,1.25
2018.01.23 10:24:27.993,0.81086,0.81096,2.62,1.44
2018.01.23 10:24:28.601,0.8109,0.81099,1.12,1.25
2018.01.23 10:24:28.907,0.81095,0.81103,1.00,1.44
2018.01.23 10:24:29.686,0.81094,0.81103,1.00,1.37
2018.01.23 10:24:30.690,0.81095,0.81103,2.25,1.44
2018.01.23 10:24:31.229,0.81094,0.81104,1.50,2.06
2018.01.23 10:24:31.567,0.81094,0.81103,1.00,1.62
2018.01.23 10:24:32.110,0.81094,0.81102,1.00,1.25
2018.01.23 10:24:33.870,0.81094,0.81103,3.00,1.25
2018.01.23 10:24:34.448,0.81095,0.81103,1.00,1.25
2018.01.23 10:24:35.300,0.81095,0.81104,1.50,1.69
2018.01.23 10:24:37.260,0.81095,0.81104,2.25,1.87
2018.01.23 10:24:37.775,0.81094,0.81104,1.00,1.87
2018.01.23 10:24:38.362,0.81095,0.81104,1.00,1.69
2018.01.23 10:24:38.686,0.81097,0.81104,1.00,1.25
2018.01.23 10:24:39.219,0.81096,0.81104,3.75,1.25
2018.01.23 10:24:40.344,0.81096,0.81106,4.87,1.44
2018.01.23 10:24:41.099,0.81098,0.81106,1.00,1.25
2018.01.23 10:24:41.150,0.81096,0.81106,3.37,1.25
2018.01.23 10:24:42.086,0.81097,0.81107,1.00,1.87
2018.01.23 10:24:42.138,0.81099,0.81108,1.00,1.44
2018.01.23 10:24:42.443,0.81097,0.81106,1.00,1.44
2018.01.23 10:24:42.944,0.81097,0.81107,1.50,1.87
2018.01.23 10:24:43.591,0.81097,0.81107,1.87,1.69
2018.01.23 10:24:43.898,0.81094,0.81102,1.50,1.00
2018.01.23 10:24:43.950,0.81095,0.81105,1.87,1.25
2018.01.23 10:24:44.001,0.81098,0.81106,1.00,2.25
2018.01.23 10:24:44.557,0.81098,0.81106,1.00,1.69
2018.01.23 10:24:45.348,0.81098,0.81105,1.00,1.44
2018.01.23 10:24:45.451,0.81098,0.81107,1.50,1.44
2018.01.23 10:24:45.656,0.811,0.81109,2.25,1.44
2018.01.23 10:24:46.003,0.81103,0.8111,1.00,1.44
2018.01.23 10:24:46.260,0.81101,0.8111,1.00,1.44
2018.01.23 10:24:46.792,0.811,0.8111,1.87,1.69
2018.01.23 10:24:48.317,0.81099,0.81108,3.37,1.00
2018.01.23 10:24:49.090,0.81099,0.81108,1.87,1.25
2018.01.23 10:24:49.395,0.81098,0.81106,1.00,1.69
2018.01.23 10:24:49.447,0.81096,0.81105,1.00,1.25
2018.01.23 10:24:49.769,0.81097,0.81104,1.00,1.44
2018.01.23 10:24:50.276,0.81096,0.81104,1.00,1.44
2018.01.23 10:24:50.815,0.81096,0.81105,1.50,1.25
2018.01.23 10:24:51.329,0.81098,0.81107,1.00,1.25
2018.01.23 10:24:52.002,0.81097,0.81107,1.87,1.25
2018.01.23 10:24:52.323,0.811,0.81109,1.00,1.31
2018.01.23 10:24:53.054,0.81099,0.81109,2.62,1.31
2018.01.23 10:24:54.740,0.811,0.81109,1.00,1.31
2018.01.23 10:24:56.294,0.81099,0.81107,1.50,1.25
2018.01.23 10:24:56.851,0.81099,0.81106,1.00,1.25
2018.01.23 10:24:58.119,0.811,0.81106,2.25,1.25
2018.01.23 10:24:58.629,0.81099,0.81107,1.50,1.25
2018.01.23 10:24:59.607,0.81099,0.81109,1.87,1.44
2018.01.23 10:25:00.346,0.811,0.81109,1.00,1.25
2018.01.23 10:25:00.933,0.81101,0.81109,2.25,1.25
2018.01.23 10:25:01.447,0.811,0.81109,1.00,1.25
2018.01.23 10:25:02.926,0.81101,0.81109,1.00,1.25
2018.01.23 10:25:03.430,0.811,0.81109,3.00,1.25
2018.01.23 10:25:03.902,0.81102,0.81109,1.00,1.25
2018.01.23 10:25:04.223,0.811,0.81109,1.00,1.25
2018.01.23 10:25:11.573,0.81099,0.81107,1.12,1.00
2018.01.23 10:25:11.877,0.81093,0.811,1.37,1.44
2018.01.23 10:25:11.982,0.81091,0.81099,1.00,1.31
2018.01.23 10:25:12.033,0.81091,0.81097,1.00,1.00
2018.01.23 10:25:12.322,0.81083,0.81091,1.00,1.00
2018.01.23 10:25:13.014,0.81083,0.8109,1.00,1.00
2018.01.23 10:25:13.699,0.81084,0.81091,1.00,1.25
2018.01.23 10:25:14.407,0.81083,0.81091,1.00,1.25
2018.01.23 10:25:16.189,0.81083,0.81091,1.00,1.44
2018.01.23 10:25:17.342,0.81084,0.81092,1.00,1.25
2018.01.23 10:25:17.965,0.81085,0.81093,1.00,1.44
2018.01.23 10:25:18.631,0.81085,0.81093,1.00,1.25
2018.01.23 10:25:21.042,0.81086,0.81095,1.00,1.44
2018.01.23 10:25:21.649,0.81085,0.81094,1.00,1.44
2018.01.23 10:25:22.776,0.81085,0.81095,1.87,2.06
2018.01.23 10:25:23.298,0.81085,0.81094,1.00,1.44
2018.01.23 10:25:23.820,0.81085,0.81095,1.25,1.25
2018.01.23 10:25:25.116,0.81085,0.81094,1.00,1.25
2018.01.23 10:25:25.823,0.81085,0.81091,1.00,1.00
2018.01.23 10:25:26.026,0.81076,0.81086,1.12,1.87
2018.01.23 10:25:26.548,0.81075,0.81085,1.50,1.44
2018.01.23 10:25:27.276,0.81075,0.81085,1.50,1.25
2018.01.23 10:25:30.981,0.81075,0.81084,1.25,1.25
2018.01.23 10:25:31.035,0.81075,0.81081,1.00,1.00
2018.01.23 10:25:31.086,0.81072,0.81081,1.50,1.44
2018.01.23 10:25:33.923,0.81072,0.81081,2.25,1.25
2018.01.23 10:25:34.513,0.81075,0.81085,1.25,1.25
2018.01.23 10:25:35.101,0.81075,0.81084,1.25,1.00
2018.01.23 10:25:37.449,0.81074,0.81082,1.12,1.00
2018.01.23 10:25:37.552,0.81071,0.81082,2.06,2.62
2018.01.23 10:25:38.196,0.81071,0.81082,2.06,1.69
2018.01.23 10:25:39.808,0.81071,0.8108,1.12,1.44
2018.01.23 10:25:41.557,0.81071,0.81081,2.25,1.44
2018.01.23 10:25:42.926,0.81072,0.81081,1.00,1.44
2018.01.23 10:25:43.506,0.81072,0.81082,1.87,1.25
2018.01.23 10:25:43.608,0.81076,0.81084,1.00,1.00
2018.01.23 10:25:43.915,0.81074,0.81083,1.00,1.44
2018.01.23 10:25:44.294,0.81074,0.81084,3.00,1.25
2018.01.23 10:25:44.965,0.81072,0.81082,2.62,1.25
2018.01.23 10:25:45.515,0.81073,0.81084,1.25,3.00
2018.01.23 10:25:46.696,0.81075,0.81084,1.00,1.69
2018.01.23 10:25:47.239,0.81074,0.81083,1.00,1.25
2018.01.23 10:25:47.748,0.81075,0.81084,1.00,1.25
2018.01.23 10:25:48.639,0.81076,0.81085,1.00,1.44
2018.01.23 10:25:48.895,0.81079,0.81089,1.87,1.44
2018.01.23 10:25:49.428,0.8108,0.81089,1.00,1.44
2018.01.23 10:25:49.929,0.8108,0.8109,1.87,1.87
2018.01.23 10:25:50.538,0.81081,0.8109,1.00,1.87
2018.01.23 10:25:51.157,0.81081,0.8109,1.00,1.25
2018.01.23 10:25:51.259,0.8108,0.81089,1.00,1.87
2018.01.23 10:25:51.582,0.81078,0.81086,1.00,1.25
2018.01.23 10:25:52.387,0.81078,0.81087,1.50,1.69
2018.01.23 10:25:53.392,0.8108,0.81089,1.87,1.00
2018.01.23 10:25:53.965,0.8108,0.8109,1.87,1.25
2018.01.23 10:25:54.272,0.81082,0.81092,1.87,1.87
2018.01.23 10:25:54.617,0.81084,0.81093,1.00,1.44
2018.01.23 10:25:55.087,0.81082,0.81092,1.50,1.44
2018.01.23 10:25:55.420,0.81083,0.81094,1.69,2.81
2018.01.23 10:25:55.963,0.81085,0.81094,1.00,1.69
2018.01.23 10:25:56.467,0.81086,0.81094,1.50,1.00
2018.01.23 10:25:57.027,0.81086,0.81095,1.00,1.25
2018.01.23 10:25:57.661,0.81086,0.81095,1.00,1.31
2018.01.23 10:25:58.145,0.81084,0.81093,1.00,2.06
2018.01.23 10:25:59.269,0.81084,0.81093,1.50,1.69
2018.01.23 10:25:59.827,0.81085,0.81094,1.00,1.25
2018.01.23 10:26:00.219,0.81084,0.81093,1.50,1.44
2018.01.23 10:26:00.751,0.81085,0.81094,1.00,1.44
2018.01.23 10:26:01.534,0.81085,0.81094,1.00,1.25
2018.01.23 10:26:02.672,0.81086,0.81094,1.00,1.25
2018.01.23 10:26:03.260,0.81086,0.81095,1.50,1.25
2018.01.23 10:26:03.818,0.81086,0.81095,1.50,1.31
2018.01.23 10:26:04.506,0.81086,0.81095,1.50,1.25
2018.01.23 10:26:07.891,0.81086,0.81094,1.00,1.00
2018.01.23 10:26:12.628,0.81087,0.81096,1.00,1.87
2018.01.23 10:26:12.939,0.81088,0.81097,1.00,1.25
2018.01.23 10:26:14.658,0.81089,0.81097,1.00,1.25
2018.01.23 10:26:15.200,0.81089,0.81096,1.00,1.44
2018.01.23 10:26:15.496,0.81089,0.81098,1.00,1.69
2018.01.23 10:26:16.050,0.8109,0.81099,1.00,1.31
2018.01.23 10:26:23.321,0.81089,0.81099,1.87,1.50
2018.01.23 10:26:23.425,0.81091,0.811,1.00,1.87
2018.01.23 10:26:23.731,0.81093,0.81101,1.00,1.25
2018.01.23 10:26:26.714,0.81093,0.81101,1.00,1.44
2018.01.23 10:26:27.276,0.81093,0.81099,1.00,1.25
2018.01.23 10:26:29.638,0.81091,0.81098,1.00,1.44
2018.01.23 10:26:29.993,0.81088,0.81098,1.87,1.87
2018.01.23 10:26:30.517,0.81088,0.81097,1.00,1.44
2018.01.23 10:26:38.546,0.81088,0.81095,1.00,1.25
2018.01.23 10:26:39.093,0.81087,0.81094,1.00,1.25
2018.01.23 10:26:39.598,0.81087,0.81095,1.00,1.25
2018.01.23 10:26:40.522,0.81087,0.81096,1.00,1.69
2018.01.23 10:26:44.292,0.81088,0.81097,1.00,1.31
2018.01.23 10:26:44.344,0.81092,0.811,1.12,2.25
2018.01.23 10:26:44.396,0.81093,0.811,1.12,1.00
2018.01.23 10:26:44.448,0.81094,0.81104,1.00,1.50
2018.01.23 10:26:45.030,0.81095,0.81104,1.00,1.25
2018.01.23 10:26:45.948,0.81095,0.81104,1.00,1.44
2018.01.23 10:26:49.507,0.81095,0.81103,1.00,1.44
2018.01.23 10:26:51.472,0.81095,0.81104,1.50,1.44
2018.01.23 10:26:51.575,0.81098,0.81106,1.00,1.44
2018.01.23 10:26:52.084,0.81098,0.81106,1.00,1.25
2018.01.23 10:26:53.068,0.81097,0.81106,1.87,1.25
2018.01.23 10:26:54.117,0.81097,0.81105,1.12,1.00
2018.01.23 10:26:55.892,0.81097,0.81104,1.12,1.00
2018.01.23 10:26:57.000,0.81097,0.81105,1.12,1.25
2018.01.23 10:26:58.887,0.81097,0.81107,3.00,1.87
2018.01.23 10:26:59.193,0.81099,0.81107,1.00,1.25
2018.01.23 10:27:00.091,0.81098,0.81107,1.50,1.25
2018.01.23 10:27:01.119,0.81097,0.81104,1.50,1.00
2018.01.23 10:27:01.427,0.81095,0.81102,1.00,1.25
2018.01.23 10:27:04.142,0.81095,0.81103,1.00,1.25
2018.01.23 10:27:05.035,0.81095,0.81105,1.50,2.06
2018.01.23 10:27:05.138,0.81096,0.81106,1.12,1.25
2018.01.23 10:27:05.190,0.81098,0.81106,1.50,1.25
2018.01.23 10:27:06.883,0.81098,0.81107,2.25,1.25
2018.01.23 10:27:07.675,0.81098,0.81107,1.50,1.31
2018.01.23 10:27:08.554,0.81098,0.81107,2.25,1.00
2018.01.23 10:27:12.818,0.81099,0.81108,1.00,1.00
2018.01.23 10:27:13.375,0.81099,0.81109,1.50,1.50
2018.01.23 10:27:13.940,0.81099,0.81108,1.50,1.00
2018.01.23 10:27:16.887,0.811,0.81109,1.00,1.00
2018.01.23 10:27:17.405,0.81099,0.81109,4.12,1.00
2018.01.23 10:27:17.921,0.811,0.81109,1.00,1.00
2018.01.23 10:27:19.115,0.81099,0.81109,2.25,1.50
2018.01.23 10:27:20.438,0.81099,0.81108,1.50,1.00
2018.01.23 10:27:34.795,0.81099,0.81107,1.00,1.00
2018.01.23 10:27:34.948,0.81101,0.8111,1.00,1.50
2018.01.23 10:27:35.102,0.81103,0.81111,1.00,1.00
2018.01.23 10:27:35.916,0.81102,0.81112,3.00,1.50
2018.01.23 10:27:36.505,0.81102,0.81109,1.50,1.00
2018.01.23 10:27:36.810,0.811,0.81107,1.00,1.00
2018.01.23 10:27:37.114,0.81098,0.81107,1.00,1.50
2018.01.23 10:27:38.070,0.81098,0.81106,1.00,1.00
2018.01.23 10:27:38.665,0.81098,0.81107,1.69,1.13
2018.01.23 10:27:40.138,0.81099,0.81107,1.00,1.88
2018.01.23 10:27:41.169,0.811,0.81107,1.00,1.88
2018.01.23 10:27:42.814,0.81099,0.81107,1.50,1.69
2018.01.23 10:27:43.426,0.81098,0.81106,1.25,1.00
2018.01.23 10:27:44.013,0.81098,0.81107,1.69,1.88
2018.01.23 10:27:44.921,0.811,0.81107,1.00,1.88
2018.01.23 10:27:45.428,0.81099,0.81107,1.50,1.88
2018.01.23 10:27:49.316,0.81099,0.81106,1.00,1.25
2018.01.23 10:27:50.509,0.81099,0.81107,1.00,1.69
2018.01.23 10:27:51.477,0.81099,0.81107,1.00,1.88
2018.01.23 10:27:53.240,0.81099,0.81107,1.00,1.69
2018.01.23 10:27:53.788,0.81099,0.81107,1.00,1.44
2018.01.23 10:27:54.327,0.81099,0.81107,1.88,1.00
2018.01.23 10:27:54.693,0.811,0.81108,2.06,1.00
2018.01.23 10:27:54.744,0.81101,0.8111,1.25,1.31
2018.01.23 10:27:55.419,0.81101,0.81109,1.25,1.00
2018.01.23 10:27:57.619,0.811,0.81109,3.56,1.13
2018.01.23 10:27:58.277,0.811,0.81108,1.87,1.31
2018.01.23 10:27:59.507,0.81098,0.81108,1.88,1.31
2018.01.23 10:27:59.610,0.81098,0.81106,1.00,1.13
2018.01.23 10:28:05.489,0.81098,0.81105,1.00,1.00
2018.01.23 10:28:06.640,0.81097,0.81105,1.00,1.31
2018.01.23 10:28:12.630,0.81098,0.81107,1.00,1.88
2018.01.23 10:28:13.210,0.81097,0.81107,1.50,1.88
2018.01.23 10:28:32.463,0.81097,0.81104,1.00,1.50
2018.01.23 10:28:32.651,0.81091,0.81099,1.00,1.88
2018.01.23 10:28:33.199,0.8109,0.81098,1.00,1.13
2018.01.23 10:28:36.319,0.8109,0.81097,1.00,1.13
2018.01.23 10:28:36.726,0.81087,0.81096,1.25,1.88
2018.01.23 10:28:37.368,0.81087,0.81095,1.25,1.00
2018.01.23 10:28:38.016,0.81087,0.81095,1.00,1.38
2018.01.23 10:28:41.438,0.81087,0.81096,1.00,1.63
2018.01.23 10:28:44.103,0.81087,0.81095,1.00,2.06
2018.01.23 10:28:45.467,0.81086,0.81095,1.50,2.06
2018.01.23 10:28:46.120,0.81088,0.81096,1.00,1.63
2018.01.23 10:28:50.988,0.81086,0.81096,2.63,2.63
2018.01.23 10:28:51.332,0.81086,0.81094,1.00,2.06
2018.01.23 10:28:52.515,0.81086,0.81094,1.00,1.12
2018.01.23 10:28:52.566,0.81087,0.81096,1.00,2.44
2018.01.23 10:28:53.136,0.81086,0.81094,1.50,1.25
2018.01.23 10:28:53.442,0.81081,0.8109,1.69,1.25
2018.01.23 10:28:55.368,0.81082,0.8109,1.00,1.12
2018.01.23 10:28:55.889,0.8108,0.81089,2.63,1.00
2018.01.23 10:28:56.957,0.8108,0.8109,2.63,1.31
2018.01.23 10:28:57.478,0.8108,0.8109,2.44,1.44
2018.01.23 10:28:58.008,0.81081,0.8109,1.50,1.25
2018.01.23 10:28:58.894,0.81081,0.81092,1.44,2.44
2018.01.23 10:29:02.457,0.81081,0.81091,1.44,3.94
2018.01.23 10:29:02.828,0.8108,0.81087,1.88,1.00
2018.01.23 10:29:02.879,0.81078,0.81087,1.69,1.13
2018.01.23 10:29:03.791,0.81079,0.81089,1.00,2.81
2018.01.23 10:29:04.279,0.81078,0.81089,1.00,1.69
2018.01.23 10:29:04.814,0.81078,0.81089,1.25,1.44
2018.01.23 10:29:05.067,0.8108,0.81089,1.00,1.87
2018.01.23 10:29:05.746,0.8108,0.81089,1.88,1.00
2018.01.23 10:29:06.291,0.81082,0.81091,1.00,1.31
2018.01.23 10:29:06.753,0.81082,0.81092,2.63,1.69
2018.01.23 10:29:08.848,0.81084,0.81093,1.50,1.25
2018.01.23 10:29:09.349,0.81084,0.81093,1.00,1.44
2018.01.23 10:29:09.885,0.81084,0.81093,1.00,1.25
2018.01.23 10:29:11.501,0.81084,0.81092,1.00,1.25
2018.01.23 10:29:12.051,0.81082,0.8109,1.88,1.00
2018.01.23 10:29:12.429,0.8108,0.81089,1.69,1.12
2018.01.23 10:29:13.017,0.8108,0.81088,1.00,1.25
2018.01.23 10:29:14.018,0.81079,0.81088,1.25,1.31
2018.01.23 10:29:14.069,0.81077,0.81087,2.44,1.31
2018.01.23 10:29:14.529,0.81078,0.81088,1.00,1.25
2018.01.23 10:29:14.581,0.8108,0.81089,1.25,1.50
2018.01.23 10:29:15.109,0.81081,0.8109,1.50,1.31
2018.01.23 10:29:17.098,0.8108,0.8109,1.88,2.81
2018.01.23 10:29:17.898,0.81081,0.8109,1.00,1.44
2018.01.23 10:29:18.420,0.81081,0.8109,1.44,1.00
2018.01.23 10:29:18.521,0.8108,0.8109,1.69,1.25
2018.01.23 10:29:19.065,0.81081,0.81091,1.00,1.50
2018.01.23 10:29:19.588,0.81082,0.81092,1.00,4.12
2018.01.23 10:29:20.086,0.81082,0.81089,1.00,1.50
2018.01.23 10:29:20.643,0.81082,0.8109,1.00,1.50
2018.01.23 10:29:20.969,0.81085,0.81095,2.63,1.50
2018.01.23 10:29:21.986,0.81085,0.81095,1.88,2.25
2018.01.23 10:29:23.886,0.81086,0.81095,1.25,2.06
2018.01.23 10:29:25.986,0.81085,0.81095,1.69,2.25
2018.01.23 10:29:27.455,0.81083,0.8109,1.00,1.00
2018.01.23 10:29:29.086,0.81081,0.8109,1.25,1.87
2018.01.23 10:29:30.038,0.81081,0.81089,1.25,1.00
2018.01.23 10:29:31.089,0.81081,0.81091,2.63,1.87
2018.01.23 10:29:31.638,0.81083,0.81093,1.50,2.62
2018.01.23 10:29:31.690,0.81085,0.81093,1.00,1.87
2018.01.23 10:29:32.178,0.81085,0.81094,1.69,1.31
2018.01.23 10:29:33.992,0.81085,0.81093,1.25,1.00
2018.01.23 10:29:34.778,0.81085,0.81094,1.25,1.12
2018.01.23 10:29:35.310,0.81085,0.81094,1.25,1.37
2018.01.23 10:29:35.746,0.81087,0.81097,1.88,1.87
2018.01.23 10:29:35.899,0.8109,0.81099,1.00,2.25
2018.01.23 10:29:36.414,0.8109,0.81099,1.25,1.13
2018.01.23 10:29:37.341,0.81091,0.811,1.00,1.50
2018.01.23 10:29:37.891,0.81089,0.81097,1.00,1.62
2018.01.23 10:29:37.992,0.81086,0.81094,1.31,1.00
2018.01.23 10:29:38.516,0.81086,0.81093,1.00,1.00
2018.01.23 10:29:39.046,0.81086,0.81094,1.00,2.25
2018.01.23 10:29:39.591,0.81085,0.81094,1.25,2.25
2018.01.23 10:29:40.102,0.81086,0.81094,1.00,1.31
2018.01.23 10:29:40.642,0.81086,0.81094,1.44,1.12
2018.01.23 10:29:41.189,0.81086,0.81094,1.00,2.06
2018.01.23 10:29:41.398,0.81083,0.81089,1.00,1.25
2018.01.23 10:29:41.501,0.81081,0.81089,1.00,1.25
2018.01.23 10:29:42.091,0.81082,0.8109,1.00,1.69
2018.01.23 10:29:42.519,0.81085,0.81093,1.00,3.37
2018.01.23 10:29:43.385,0.81085,0.81094,2.25,1.44
2018.01.23 10:29:44.912,0.81086,0.81095,1.00,2.06
2018.01.23 10:29:44.963,0.81086,0.81095,1.25,1.87
2018.01.23 10:29:45.064,0.8109,0.81099,1.69,1.63
2018.01.23 10:29:46.638,0.8109,0.81099,1.69,1.13
2018.01.23 10:29:47.147,0.81091,0.81098,1.00,1.25
2018.01.23 10:29:47.470,0.8109,0.81097,1.50,1.44
2018.01.23 10:29:47.591,0.8109,0.81099,3.00,1.87
2018.01.23 10:29:47.642,0.81093,0.81099,1.00,1.44
2018.01.23 10:29:47.923,0.8109,0.81099,1.00,1.44
2018.01.23 10:29:48.476,0.81091,0.811,1.50,1.25
2018.01.23 10:29:49.036,0.81092,0.811,1.00,1.25
2018.01.23 10:29:50.579,0.81091,0.811,2.44,2.06
2018.01.23 10:29:51.098,0.81091,0.81099,1.50,1.25
2018.01.23 10:29:53.326,0.81091,0.81098,1.00,1.12
2018.01.23 10:29:53.837,0.81091,0.81097,1.00,1.25
2018.01.23 10:29:54.720,0.81089,0.81097,1.00,1.25
2018.01.23 10:29:55.775,0.8109,0.81098,1.25,1.00
2018.01.23 10:29:56.381,0.81091,0.81098,1.00,1.00
2018.01.23 10:29:57.555,0.81091,0.81099,1.50,1.25
2018.01.23 10:29:58.148,0.81091,0.81098,1.00,1.25
2018.01.23 10:29:59.914,0.81091,0.811,1.69,2.06
2018.01.23 10:30:00.926,0.81091,0.81098,1.00,1.25
2018.01.23 10:30:01.029,0.81089,0.81097,2.44,1.00
2018.01.23 10:30:04.688,0.81089,0.81096,1.00,1.00
2018.01.23 10:30:04.923,0.81087,0.81095,1.00,1.31
2018.01.23 10:30:05.278,0.81086,0.81094,1.50,1.63
2018.01.23 10:30:05.434,0.81081,0.81089,1.00,1.69
2018.01.23 10:30:05.639,0.81079,0.81088,1.50,1.25
2018.01.23 10:30:06.152,0.81079,0.81088,1.50,1.44
2018.01.23 10:30:06.421,0.81081,0.81088,1.00,1.44
2018.01.23 10:30:06.472,0.81081,0.8109,1.00,1.31
2018.01.23 10:30:07.024,0.8108,0.81088,1.69,1.12
2018.01.23 10:30:07.549,0.81081,0.81088,1.00,1.12
2018.01.23 10:30:08.371,0.8108,0.81088,1.69,1.00
2018.01.23 10:30:09.389,0.81081,0.81088,1.00,1.00
2018.01.23 10:30:11.614,0.81079,0.81088,3.38,1.00
2018.01.23 10:30:12.140,0.81081,0.8109,2.25,1.31
2018.01.23 10:30:12.490,0.81082,0.81087,1.00,1.00
2018.01.23 10:30:12.825,0.81078,0.81084,1.25,1.00
2018.01.23 10:30:13.172,0.8108,0.81086,1.00,1.00
2018.01.23 10:30:13.326,0.8108,0.81089,1.00,3.56
2018.01.23 10:30:13.510,0.81082,0.8109,1.00,1.37
2018.01.23 10:30:13.715,0.81083,0.81091,1.00,1.25
2018.01.23 10:30:13.837,0.81086,0.81094,1.00,1.12
2018.01.23 10:30:13.934,0.81086,0.81095,1.25,1.88
2018.01.23 10:30:14.489,0.81087,0.81095,1.00,1.87
2018.01.23 10:30:15.023,0.81087,0.81095,1.00,1.88
2018.01.23 10:30:19.207,0.81088,0.81095,1.00,1.88
2018.01.23 10:30:24.552,0.81087,0.81095,1.00,2.06
2018.01.23 10:30:26.694,0.81087,0.81093,1.00,1.25
2018.01.23 10:30:27.664,0.81086,0.81093,1.69,1.25
2018.01.23 10:30:29.410,0.81086,0.81094,1.69,1.13
2018.01.23 10:30:29.761,0.81088,0.81096,1.50,1.38
2018.01.23 10:30:30.677,0.81089,0.81096,1.00,1.44
2018.01.23 10:30:31.634,0.8109,0.81097,1.00,1.31
2018.01.23 10:30:31.685,0.8109,0.81098,1.00,1.69
2018.01.23 10:30:34.715,0.81091,0.81099,1.00,3.56
2018.01.23 10:30:35.928,0.81091,0.81099,1.00,3.37
2018.01.23 10:30:36.693,0.81091,0.81099,1.00,3.38
2018.01.23 10:30:37.278,0.8109,0.81097,1.00,1.13
2018.01.23 10:30:42.493,0.81091,0.81097,1.00,1.25
2018.01.23 10:30:43.922,0.8109,0.81097,1.00,1.25
2018.01.23 10:30:44.267,0.81088,0.81097,1.88,1.25
2018.01.23 10:30:45.095,0.81089,0.81097,1.50,1.25
2018.01.23 10:30:46.311,0.81089,0.81097,1.00,3.19
2018.01.23 10:30:46.868,0.81088,0.81097,1.50,3.19
2018.01.23 10:30:47.600,0.81088,0.81095,1.00,1.00
2018.01.23 10:30:48.879,0.81086,0.81095,3.38,1.00
2018.01.23 10:30:49.396,0.81086,0.81096,2.63,2.06
2018.01.23 10:30:50.212,0.81088,0.81096,1.00,1.88
2018.01.23 10:30:50.526,0.81087,0.81092,1.25,1.00
2018.01.23 10:30:51.116,0.81088,0.81093,1.00,1.87
2018.01.23 10:30:51.936,0.81086,0.81093,1.88,1.87
2018.01.23 10:30:52.408,0.81085,0.8109,1.88,1.00
2018.01.23 10:30:52.459,0.81085,0.81092,1.88,1.00
2018.01.23 10:30:53.679,0.81087,0.81094,1.00,1.50
2018.01.23 10:30:54.511,0.81087,0.81094,1.50,1.00
2018.01.23 10:30:55.369,0.81087,0.81092,1.00,1.00
2018.01.23 10:30:55.527,0.81085,0.81092,1.25,1.87
2018.01.23 10:30:55.578,0.81085,0.8109,1.00,1.00
2018.01.23 10:30:55.629,0.81083,0.8109,1.25,1.00
2018.01.23 10:30:55.884,0.81083,0.81092,1.88,1.31
2018.01.23 10:30:56.548,0.81085,0.81092,1.00,1.31
2018.01.23 10:30:56.649,0.81086,0.81094,1.25,1.13
2018.01.23 10:30:57.081,0.81086,0.81092,1.25,1.00
2018.01.23 10:30:58.439,0.81083,0.81092,2.81,1.00
2018.01.23 10:30:58.971,0.81083,0.81091,1.44,1.00
2018.01.23 10:31:05.983,0.81081,0.81091,3.38,2.06
2018.01.23 10:31:06.305,0.8108,0.8109,2.63,1.31
2018.01.23 10:31:07.594,0.81082,0.81091,1.50,1.13
2018.01.23 10:31:08.219,0.81082,0.81091,1.50,1.38
2018.01.23 10:31:08.893,0.81081,0.81091,2.06,1.69
2018.01.23 10:31:14.172,0.81082,0.8109,1.25,1.00
2018.01.23 10:31:17.287,0.81081,0.81089,2.06,1.00
2018.01.23 10:31:17.989,0.81081,0.8109,1.44,2.25
2018.01.23 10:31:18.617,0.81081,0.81089,1.44,1.00
2018.01.23 10:31:20.824,0.8108,0.81087,1.25,1.00
2018.01.23 10:31:21.345,0.81079,0.81088,3.38,1.13
2018.01.23 10:31:22.381,0.81081,0.81089,1.00,1.63
2018.01.23 10:31:22.853,0.81079,0.81087,1.50,1.69
2018.01.23 10:31:25.921,0.81081,0.81089,1.00,1.00
2018.01.23 10:31:26.490,0.81081,0.8109,2.63,1.44
2018.01.23 10:31:27.039,0.81081,0.81092,4.31,2.63
2018.01.23 10:31:29.303,0.81081,0.81092,4.31,1.87
2018.01.23 10:31:31.227,0.81083,0.81092,1.00,1.88
2018.01.23 10:31:31.843,0.81082,0.81092,1.69,2.06
2018.01.23 10:31:32.500,0.81081,0.81092,3.19,1.87
2018.01.23 10:31:33.097,0.81081,0.81092,3.38,1.38
2018.01.23 10:31:36.004,0.81083,0.81092,1.00,1.88
2018.01.23 10:31:36.913,0.81083,0.81092,1.44,1.44
2018.01.23 10:31:38.704,0.81084,0.81092,1.25,1.88
2018.01.23 10:31:39.429,0.81085,0.81092,1.00,1.50
2018.01.23 10:31:39.582,0.81086,0.81094,1.69,1.12
2018.01.23 10:31:40.399,0.81086,0.81095,1.69,1.12
2018.01.23 10:31:41.599,0.81088,0.81095,2.25,1.12
2018.01.23 10:31:41.650,0.81086,0.81095,2.44,1.12
2018.01.23 10:31:42.165,0.81089,0.81096,1.00,1.00
2018.01.23 10:31:43.219,0.81089,0.81095,1.00,1.12
2018.01.23 10:31:43.423,0.81086,0.81095,1.44,1.12
2018.01.23 10:31:43.958,0.81086,0.81095,1.50,1.44
2018.01.23 10:31:44.240,0.81086,0.81096,1.87,1.87
2018.01.23 10:31:49.571,0.81086,0.81096,1.12,1.69
2018.01.23 10:31:50.104,0.81086,0.81096,1.12,1.87
2018.01.23 10:31:52.405,0.81085,0.81095,2.25,1.25
2018.01.23 10:31:53.523,0.81084,0.81094,1.12,1.69
2018.01.23 10:31:53.574,0.81083,0.81091,2.06,1.00
2018.01.23 10:31:54.109,0.8108,0.81089,2.06,1.00
2018.01.23 10:31:54.615,0.81082,0.81088,1.00,1.00
2018.01.23 10:31:55.369,0.81083,0.81088,1.13,1.00
2018.01.23 10:31:56.980,0.81082,0.81088,2.06,1.00
2018.01.23 10:31:57.484,0.81083,0.81088,1.00,1.00
2018.01.23 10:31:58.718,0.81082,0.81088,1.31,1.00
2018.01.23 10:31:59.141,0.8108,0.81088,2.06,1.00
2018.01.23 10:32:01.153,0.81082,0.81089,1.13,1.00
2018.01.23 10:32:01.554,0.81084,0.81093,1.13,1.69
2018.01.23 10:32:04.754,0.81085,0.81093,1.00,1.00
2018.01.23 10:32:05.527,0.81085,0.81093,1.63,1.00
2018.01.23 10:32:06.100,0.81085,0.81093,1.12,1.00
2018.01.23 10:32:06.653,0.81085,0.81093,1.63,1.00
2018.01.23 10:32:08.151,0.81085,0.81093,1.12,1.00
2018.01.23 10:32:11.468,0.81086,0.81093,1.00,1.00
2018.01.23 10:32:16.227,0.81086,0.81095,1.00,2.25
2018.01.23 10:32:21.017,0.81086,0.81095,2.25,2.06
2018.01.23 10:32:22.028,0.81088,0.81095,1.00,2.06
2018.01.23 10:32:22.597,0.81087,0.81095,1.25,1.87
2018.01.23 10:32:24.060,0.81088,0.81095,1.00,1.00
2018.01.23 10:32:24.367,0.81092,0.81098,1.31,1.00
2018.01.23 10:32:25.594,0.81093,0.811,1.25,1.50
2018.01.23 10:32:28.737,0.8109,0.81098,1.00,2.25
2018.01.23 10:32:29.042,0.81088,0.81095,1.25,1.00
2018.01.23 10:32:30.273,0.81088,0.81096,1.25,1.87
2018.01.23 10:32:34.366,0.81085,0.81094,1.00,2.06
2018.01.23 10:32:34.619,0.81083,0.81093,2.62,1.25
2018.01.23 10:32:35.142,0.81083,0.81092,2.62,1.00
2018.01.23 10:32:35.682,0.81084,0.81092,1.00,1.25
2018.01.23 10:32:35.734,0.81082,0.81091,1.12,1.25
2018.01.23 10:32:35.786,0.81082,0.81089,1.12,1.25
2018.01.23 10:32:35.838,0.8108,0.81089,1.00,1.44
2018.01.23 10:32:35.889,0.81082,0.81089,1.00,1.25
2018.01.23 10:32:36.486,0.81082,0.8109,1.50,1.00
2018.01.23 10:32:38.460,0.81085,0.81092,1.00,1.00
2018.01.23 10:32:38.746,0.81087,0.81096,1.00,1.87
2018.01.23 10:32:38.797,0.81089,0.81096,1.00,1.00
2018.01.23 10:32:41.044,0.8109,0.81098,1.00,1.50
2018.01.23 10:32:41.248,0.81092,0.81098,1.00,1.00
2018.01.23 10:32:41.418,0.81092,0.811,1.00,1.00
2018.01.23 10:32:41.780,0.81093,0.81102,1.87,1.25
2018.01.23 10:32:41.831,0.81092,0.811,1.00,1.00
2018.01.23 10:32:44.426,0.81093,0.811,1.00,1.00
2018.01.23 10:32:47.049,0.81092,0.811,1.87,1.00
2018.01.23 10:32:51.804,0.81091,0.811,1.12,1.25
2018.01.23 10:32:53.461,0.81092,0.811,1.00,1.50
2018.01.23 10:32:53.969,0.81091,0.811,1.12,1.50
2018.01.23 10:32:57.121,0.8109,0.81099,1.50,1.25
2018.01.23 10:32:57.625,0.8109,0.81098,1.00,1.00
2018.01.23 10:32:59.220,0.81089,0.81096,1.50,1.00
2018.01.23 10:32:59.912,0.8109,0.81096,1.00,1.00
2018.01.23 10:33:00.446,0.81089,0.81096,1.12,1.00
2018.01.23 10:33:00.700,0.8109,0.81098,1.00,1.25
2018.01.23 10:33:00.802,0.8109,0.81096,1.00,1.00
2018.01.23 10:33:01.346,0.8109,0.81098,1.00,1.12
2018.01.23 10:33:01.907,0.81091,0.81098,1.00,1.00
2018.01.23 10:33:03.324,0.81092,0.81098,1.00,1.00
2018.01.23 10:33:03.850,0.81091,0.81098,1.87,1.00
2018.01.23 10:33:04.376,0.8109,0.81098,1.12,1.50
2018.01.23 10:33:05.360,0.81091,0.81098,1.00,1.00
2018.01.23 10:33:05.897,0.8109,0.81098,1.00,1.00
2018.01.23 10:33:06.439,0.81091,0.81098,1.00,1.00
2018.01.23 10:33:09.201,0.8109,0.81098,1.12,1.00
2018.01.23 10:33:09.703,0.81091,0.81098,1.00,1.00
2018.01.23 10:33:15.879,0.8109,0.81098,1.00,1.00
2018.01.23 10:33:16.655,0.81089,0.81098,1.12,1.00
2018.01.23 10:33:17.579,0.8109,0.81098,1.00,1.25
2018.01.23 10:33:18.274,0.81088,0.81098,1.87,2.62
2018.01.23 10:33:21.321,0.81088,0.81097,1.00,1.44
2018.01.23 10:33:23.810,0.81088,0.81097,1.50,1.25
2018.01.23 10:33:24.643,0.81089,0.81098,1.00,1.69
2018.01.23 10:33:25.214,0.8109,0.81098,1.12,1.00
2018.01.23 10:33:25.743,0.81091,0.81098,1.00,1.00
2018.01.23 10:33:28.786,0.8109,0.81098,1.00,1.69
2018.01.23 10:33:29.288,0.81091,0.81098,1.50,1.00
2018.01.23 10:33:30.309,0.8109,0.81098,1.50,1.00
2018.01.23 10:33:31.347,0.81089,0.81098,1.50,1.25
2018.01.23 10:33:33.692,0.81089,0.81096,1.00,1.00
2018.01.23 10:33:35.218,0.81091,0.81098,1.00,1.00
2018.01.23 10:33:39.878,0.81092,0.811,1.37,1.00
2018.01.23 10:33:39.929,0.81095,0.81102,1.05,1.50
2018.01.23 10:33:40.096,0.81095,0.81102,1.37,1.00
2018.01.23 10:33:40.147,0.81095,0.81104,1.87,1.69
2018.01.23 10:33:40.658,0.81094,0.81103,1.00,1.25
2018.01.23 10:33:41.488,0.81095,0.81104,1.00,1.87
2018.01.23 10:33:41.590,0.81097,0.81104,1.00,1.00
2018.01.23 10:33:43.031,0.81096,0.81104,1.12,1.00
2018.01.23 10:33:43.336,0.81099,0.81105,1.00,1.00
2018.01.23 10:33:43.969,0.81097,0.81105,2.25,1.00
2018.01.23 10:33:44.536,0.81097,0.81105,3.00,1.00
2018.01.23 10:33:47.349,0.81097,0.81105,3.19,1.00
2018.01.23 10:33:50.170,0.81098,0.81105,1.12,1.00
2018.01.23 10:33:51.199,0.81097,0.81105,2.06,1.00
2018.01.23 10:33:58.429,0.81098,0.81107,1.00,1.25
2018.01.23 10:34:00.152,0.81097,0.81107,1.87,1.69
2018.01.23 10:34:04.851,0.81097,0.81107,1.50,1.87
2018.01.23 10:34:12.788,0.81098,0.81107,1.12,1.25
2018.01.23 10:34:16.315,0.81099,0.81107,1.00,1.25
2018.01.23 10:34:17.069,0.81096,0.81107,2.62,1.87
2018.01.23 10:34:17.221,0.81096,0.81105,1.12,1.44
2018.01.23 10:34:17.577,0.81098,0.81103,1.00,1.00
2018.01.23 10:34:17.629,0.81096,0.81104,1.12,1.25
2018.01.23 10:34:17.681,0.81095,0.81106,1.69,1.00
2018.01.23 10:34:17.875,0.81098,0.81106,1.00,1.00
2018.01.23 10:34:18.388,0.81097,0.81106,1.12,1.00
2018.01.23 10:34:18.891,0.81096,0.81105,2.25,1.25
2018.01.23 10:34:19.496,0.81095,0.81105,1.12,2.62
2018.01.23 10:34:20.007,0.81094,0.81104,1.69,1.25
2018.01.23 10:34:20.532,0.81094,0.81104,1.50,1.44
2018.01.23 10:34:20.841,0.81096,0.81105,1.12,1.69
2018.01.23 10:34:22.753,0.81097,0.81105,1.00,1.25
2018.01.23 10:34:23.092,0.81101,0.81107,1.00,1.25
2018.01.23 10:34:23.147,0.81099,0.81107,2.25,1.25
2018.01.23 10:34:23.302,0.81096,0.81106,1.12,1.69
2018.01.23 10:34:24.197,0.81097,0.81106,1.00,1.69
2018.01.23 10:34:25.500,0.81096,0.81106,1.12,1.87
2018.01.23 10:34:26.454,0.81095,0.81105,1.87,1.31
2018.01.23 10:34:27.005,0.81094,0.81103,1.12,1.87
2018.01.23 10:34:27.507,0.81094,0.81103,1.87,1.25
2018.01.23 10:34:27.929,0.81092,0.81102,1.12,1.87
2018.01.23 10:34:31.241,0.81091,0.81101,3.00,1.25
2018.01.23 10:34:31.557,0.81093,0.81101,1.00,1.25
2018.01.23 10:34:32.137,0.81093,0.811,1.00,1.00
2018.01.23 10:34:32.272,0.81091,0.811,1.87,1.44
2018.01.23 10:34:32.951,0.81091,0.81101,2.25,2.62
2018.01.23 10:34:33.607,0.81091,0.811,1.12,1.44
2018.01.23 10:34:34.157,0.81091,0.811,1.87,1.25
2018.01.23 10:34:34.742,0.81091,0.811,1.12,1.44
2018.01.23 10:34:35.273,0.81092,0.81101,1.00,1.44
2018.01.23 10:34:35.826,0.81091,0.811,2.25,1.25
2018.01.23 10:34:38.002,0.81092,0.811,1.00,1.00
2018.01.23 10:34:38.910,0.81091,0.811,2.25,1.00
2018.01.23 10:34:39.850,0.81092,0.811,1.12,1.00
2018.01.23 10:34:40.155,0.8109,0.811,1.12,2.62
2018.01.23 10:34:40.503,0.81093,0.811,1.00,1.19
2018.01.23 10:34:40.554,0.81094,0.81103,1.00,3.00
2018.01.23 10:34:40.656,0.81096,0.81103,1.00,1.44
2018.01.23 10:34:40.708,0.81096,0.81104,1.00,1.25
2018.01.23 10:34:41.245,0.81096,0.81106,1.00,1.87
2018.01.23 10:34:42.651,0.81098,0.81106,1.00,1.00
2018.01.23 10:34:42.753,0.81096,0.81106,1.87,1.87
2018.01.23 10:34:47.027,0.81096,0.81104,1.00,1.25
2018.01.23 10:34:51.229,0.81094,0.81103,1.50,1.44
2018.01.23 10:34:53.208,0.81095,0.81104,1.00,1.37
2018.01.23 10:34:53.259,0.81095,0.81104,1.00,1.25
2018.01.23 10:34:57.782,0.81096,0.81105,1.00,1.44
2018.01.23 10:35:01.825,0.81097,0.81103,1.00,1.44
2018.01.23 10:35:01.927,0.81093,0.81102,1.00,1.44
2018.01.23 10:35:02.443,0.81092,0.81102,1.12,1.44
2018.01.23 10:35:04.665,0.81093,0.81103,1.12,1.87
2018.01.23 10:35:05.228,0.81096,0.81103,1.00,1.00
2018.01.23 10:35:05.279,0.81097,0.81106,1.50,3.00
2018.01.23 10:35:06.161,0.81097,0.81106,1.50,1.69
2018.01.23 10:35:06.726,0.81099,0.81108,1.50,1.69
2018.01.23 10:35:07.236,0.811,0.81109,1.00,1.25
2018.01.23 10:35:08.973,0.81099,0.81109,1.87,1.25
2018.01.23 10:35:09.487,0.81099,0.81109,1.50,1.44
2018.01.23 10:35:14.453,0.81098,0.81108,2.25,1.25
2018.01.23 10:35:17.349,0.81099,0.81108,1.00,1.25
2018.01.23 10:35:18.069,0.811,0.81109,1.00,1.25
2018.01.23 10:35:18.375,0.81099,0.81105,1.00,1.00
2018.01.23 10:35:18.427,0.81096,0.81105,1.50,1.25
2018.01.23 10:35:18.948,0.81097,0.81106,1.00,1.69
2018.01.23 10:35:20.293,0.81096,0.81106,2.62,1.87
2018.01.23 10:35:20.947,0.81096,0.81104,1.50,1.00
2018.01.23 10:35:22.933,0.81095,0.81105,1.12,2.25
2018.01.23 10:35:27.927,0.81095,0.81106,2.62,1.00
2018.01.23 10:35:28.934,0.81095,0.81105,2.62,1.00
2018.01.23 10:35:30.764,0.81095,0.81105,2.62,1.25
2018.01.23 10:35:31.121,0.81098,0.81106,1.50,1.00
2018.01.23 10:35:35.255,0.81097,0.81106,1.12,1.25
2018.01.23 10:35:37.086,0.81096,0.81106,1.87,1.69
2018.01.23 10:35:37.976,0.81096,0.81106,1.87,1.44
2018.01.23 10:35:40.657,0.81098,0.81107,1.12,1.25
2018.01.23 10:35:41.614,0.81099,0.81107,1.00,1.25
2018.01.23 10:35:45.696,0.81098,0.81107,1.50,1.25
2018.01.23 10:35:49.719,0.81099,0.81107,1.00,1.00
2018.01.23 10:35:50.502,0.811,0.81107,1.00,1.00
2018.01.23 10:35:50.554,0.811,0.81109,1.00,2.44
2018.01.23 10:35:50.849,0.811,0.81107,1.00,1.00
2018.01.23 10:35:51.443,0.81099,0.81107,1.12,1.00
2018.01.23 10:35:51.814,0.81102,0.8111,1.00,1.69
2018.01.23 10:35:52.318,0.81102,0.81112,1.50,2.44
2018.01.23 10:35:53.070,0.81103,0.81112,1.00,1.44
2018.01.23 10:35:53.509,0.81105,0.81113,1.00,1.44
2018.01.23 10:35:54.112,0.81105,0.81113,1.00,1.25
2018.01.23 10:35:54.625,0.81104,0.81113,1.50,1.25
2018.01.23 10:35:55.209,0.81105,0.81114,1.00,1.69
2018.01.23 10:35:57.630,0.81105,0.81114,1.44,1.00
2018.01.23 10:35:57.835,0.81104,0.81113,1.00,1.25
2018.01.23 10:35:58.240,0.81102,0.81111,1.44,1.50
2018.01.23 10:35:59.444,0.81102,0.8111,1.44,1.00
2018.01.23 10:36:00.299,0.81101,0.8111,1.31,1.25
2018.01.23 10:36:00.819,0.81101,0.8111,1.31,1.00
2018.01.23 10:36:01.398,0.81101,0.81111,2.06,2.06
2018.01.23 10:36:02.077,0.81101,0.8111,2.25,1.00
2018.01.23 10:36:02.689,0.81101,0.81111,2.25,1.87
2018.01.23 10:36:03.829,0.81101,0.8111,2.06,1.00
2018.01.23 10:36:07.476,0.811,0.81109,2.63,1.00
2018.01.23 10:36:07.998,0.81102,0.8111,1.25,1.12
2018.01.23 10:36:13.280,0.81102,0.81111,1.25,2.06
2018.01.23 10:36:13.840,0.81102,0.8111,1.25,1.00
2018.01.23 10:36:19.134,0.81103,0.8111,1.00,1.50
2018.01.23 10:36:19.948,0.81103,0.81112,1.00,3.19
2018.01.23 10:36:21.891,0.81105,0.81112,1.00,2.62
2018.01.23 10:36:22.920,0.81104,0.81112,1.25,2.62
2018.01.23 10:36:23.225,0.81105,0.81114,1.44,1.00
2018.01.23 10:36:23.747,0.81104,0.81113,2.63,1.13
2018.01.23 10:36:27.422,0.81104,0.81114,1.87,1.25
2018.01.23 10:36:27.966,0.81104,0.81114,2.06,1.38
2018.01.23 10:36:28.497,0.81106,0.81115,1.00,2.25
2018.01.23 10:36:28.651,0.81102,0.81112,2.81,2.06
2018.01.23 10:36:29.187,0.81102,0.81111,2.06,1.00
2018.01.23 10:36:29.697,0.81102,0.81111,1.25,1.38
2018.01.23 10:36:30.501,0.81102,0.81112,1.88,1.63
2018.01.23 10:36:31.016,0.81103,0.81112,1.00,1.63
2018.01.23 10:36:42.045,0.81104,0.81113,1.25,1.38
2018.01.23 10:36:42.960,0.81103,0.81113,1.69,2.06
2018.01.23 10:36:43.581,0.81104,0.81113,1.00,1.63
2018.01.23 10:36:44.540,0.81102,0.8111,2.62,1.50
2018.01.23 10:36:45.046,0.811,0.8111,2.06,2.06
2018.01.23 10:36:46.473,0.811,0.81108,1.00,1.38
2018.01.23 10:36:47.038,0.81099,0.81108,1.69,1.13
2018.01.23 10:36:51.537,0.81098,0.81107,3.19,1.00
2018.01.23 10:37:00.184,0.81099,0.81108,1.25,1.31
2018.01.23 10:37:03.598,0.811,0.81108,1.00,1.31
2018.01.23 10:37:03.928,0.81103,0.81112,1.00,3.00
2018.01.23 10:37:04.324,0.81103,0.81112,2.06,1.88
2018.01.23 10:37:05.128,0.81105,0.81114,1.88,1.88
2018.01.23 10:37:06.122,0.81105,0.81114,1.69,1.88
2018.01.23 10:37:06.658,0.81105,0.81114,1.00,2.06
2018.01.23 10:37:07.840,0.81104,0.81114,2.25,2.06
2018.01.23 10:37:08.145,0.81103,0.81111,1.00,1.37
2018.01.23 10:37:08.197,0.81103,0.81112,1.00,3.19
2018.01.23 10:37:08.299,0.81103,0.81113,2.81,1.31
2018.01.23 10:37:09.019,0.81103,0.81112,1.88,1.31
2018.01.23 10:37:09.381,0.81102,0.81112,1.69,2.06
2018.01.23 10:37:09.584,0.811,0.81108,5.63,1.00
2018.01.23 10:37:20.232,0.81099,0.81109,4.13,1.31
2018.01.23 10:37:27.150,0.81102,0.8111,2.06,1.00
2018.01.23 10:37:27.252,0.81104,0.81113,1.00,1.44
2018.01.23 10:37:29.568,0.81104,0.81113,2.25,1.25
2018.01.23 10:37:30.077,0.81105,0.81113,1.00,1.38
2018.01.23 10:37:31.630,0.81104,0.81113,2.25,1.38
2018.01.23 10:37:38.936,0.81104,0.81113,2.25,1.25
2018.01.23 10:37:39.541,0.81104,0.81113,2.25,1.44
2018.01.23 10:37:45.369,0.81104,0.81114,2.25,1.87
2018.01.23 10:37:52.075,0.81102,0.81109,1.00,1.25
2018.01.23 10:37:52.282,0.81096,0.81105,1.69,1.00
2018.01.23 10:37:52.334,0.81094,0.81102,2.06,1.00
2018.01.23 10:37:52.864,0.81095,0.81103,1.12,1.00
2018.01.23 10:37:53.525,0.81096,0.81103,1.25,1.00
2018.01.23 10:37:56.131,0.81095,0.81103,1.00,1.00
2018.01.23 10:38:04.652,0.81094,0.81103,1.12,1.00
2018.01.23 10:38:07.159,0.81093,0.81103,1.87,1.69
2018.01.23 10:38:07.741,0.81093,0.81103,1.87,1.87
2018.01.23 10:38:11.940,0.81092,0.811,1.12,1.00
2018.01.23 10:38:12.600,0.81091,0.811,1.00,1.25
2018.01.23 10:38:17.310,0.81092,0.811,1.12,1.00
2018.01.23 10:38:19.377,0.81093,0.811,1.12,1.00
2018.01.23 10:38:24.277,0.81094,0.81101,1.00,1.00
2018.01.23 10:38:24.431,0.81094,0.81103,1.12,1.69
2018.01.23 10:38:24.634,0.81096,0.81103,1.00,1.50
2018.01.23 10:38:25.165,0.81097,0.81103,1.00,1.50
2018.01.23 10:38:28.831,0.81096,0.81103,1.12,1.50
2018.01.23 10:38:29.178,0.81099,0.81105,1.00,1.00
2018.01.23 10:38:30.414,0.81098,0.81105,1.12,1.00
2018.01.23 10:38:31.068,0.81099,0.81106,1.00,1.00
2018.01.23 10:38:31.627,0.811,0.81106,1.00,1.00
2018.01.23 10:38:32.517,0.81099,0.81106,1.12,1.00
2018.01.23 10:38:33.077,0.81099,0.81105,1.00,1.00
2018.01.23 10:38:33.810,0.81095,0.81102,2.25,1.00
2018.01.23 10:38:33.991,0.81094,0.811,1.12,1.00
2018.01.23 10:38:36.151,0.81092,0.811,2.06,1.00
2018.01.23 10:38:36.698,0.81092,0.811,1.00,1.69
2018.01.23 10:38:37.350,0.81091,0.811,1.31,1.50
2018.01.23 10:38:41.285,0.81092,0.811,1.00,1.50
2018.01.23 10:38:41.809,0.81091,0.811,1.25,1.50
2018.01.23 10:38:44.188,0.81092,0.811,1.25,1.50
2018.01.23 10:38:50.657,0.81093,0.811,1.00,1.00
2018.01.23 10:38:52.964,0.81094,0.811,1.00,1.00
2018.01.23 10:38:54.107,0.81093,0.811,1.12,1.00
2018.01.23 10:38:54.677,0.81094,0.811,1.00,1.00
2018.01.23 10:38:56.243,0.81093,0.811,1.12,1.00
2018.01.23 10:38:58.507,0.81094,0.811,1.00,1.00
2018.01.23 10:38:59.597,0.81093,0.811,1.87,1.00
2018.01.23 10:39:00.122,0.81094,0.811,1.00,1.00
2018.01.23 10:39:03.055,0.81093,0.811,1.12,1.00
2018.01.23 10:39:04.404,0.81093,0.81102,1.12,1.25
2018.01.23 10:39:10.143,0.81094,0.81102,1.00,1.00
2018.01.23 10:39:11.238,0.81093,0.81102,1.12,1.00
2018.01.23 10:39:11.777,0.81094,0.81102,1.00,1.00
2018.01.23 10:39:13.070,0.81093,0.81102,1.87,1.00
2018.01.23 10:39:13.607,0.81094,0.81102,1.00,1.00
2018.01.23 10:39:14.110,0.81093,0.81102,1.12,1.69
2018.01.23 10:39:14.659,0.81094,0.81102,1.00,1.50
2018.01.23 10:39:15.198,0.81093,0.81102,1.12,1.69
2018.01.23 10:39:17.830,0.81094,0.81102,1.00,1.69
2018.01.23 10:39:18.434,0.81093,0.81102,1.12,1.50
2018.01.23 10:39:18.959,0.81094,0.81102,1.00,1.50
2018.01.23 10:39:20.655,0.81095,0.81102,1.25,1.50
2018.01.23 10:39:21.048,0.81097,0.81102,1.00,1.00
2018.01.23 10:39:21.837,0.81096,0.81102,1.12,1.00
2018.01.23 10:39:22.689,0.81097,0.81102,1.00,1.00
2018.01.23 10:39:22.992,0.81096,0.81104,1.12,1.00
2018.01.23 10:39:23.537,0.81097,0.81104,1.00,1.00
2018.01.23 10:39:24.985,0.81098,0.81104,1.00,1.00
2018.01.23 10:39:25.598,0.81097,0.81104,1.12,1.00
2018.01.23 10:39:26.314,0.81098,0.81104,1.00,1.00
2018.01.23 10:39:26.990,0.81099,0.81104,1.00,1.00
2018.01.23 10:39:27.752,0.81101,0.81106,1.00,1.00
2018.01.23 10:39:28.345,0.811,0.81106,1.00,1.00
2018.01.23 10:39:28.851,0.81099,0.81106,1.00,1.00
2018.01.23 10:39:29.155,0.81101,0.81106,1.00,1.00
2018.01.23 10:39:29.692,0.811,0.81106,1.12,1.00
2018.01.23 10:39:29.795,0.81098,0.81106,1.00,1.00
2018.01.23 10:39:30.307,0.81098,0.81105,1.25,1.00
2018.01.23 10:39:30.643,0.81096,0.81104,1.12,1.00
2018.01.23 10:39:31.763,0.81097,0.81104,1.00,1.50
2018.01.23 10:39:34.776,0.81096,0.81104,1.87,1.00
2018.01.23 10:39:35.295,0.81097,0.81104,1.00,1.12
2018.01.23 10:39:35.652,0.81094,0.81102,1.12,1.00
2018.01.23 10:39:36.856,0.81094,0.81104,1.12,3.75
2018.01.23 10:39:37.361,0.81095,0.81104,1.00,2.81
2018.01.23 10:39:37.860,0.81098,0.81106,1.00,2.10
2018.01.23 10:39:38.308,0.811,0.81106,1.00,1.00
2018.01.23 10:39:38.412,0.811,0.81108,1.00,1.00
2018.01.23 10:39:38.920,0.811,0.81107,1.00,2.25
2018.01.23 10:39:39.399,0.81099,0.81105,1.12,1.00
2018.01.23 10:39:39.921,0.81099,0.81107,1.00,3.00
2018.01.23 10:39:40.547,0.81099,0.81106,1.00,1.00
2018.01.23 10:39:41.097,0.81098,0.81107,1.12,1.69
2018.01.23 10:39:42.217,0.81098,0.81106,1.00,1.00
2018.01.23 10:39:42.845,0.81098,0.81107,1.00,2.44
2018.01.23 10:39:43.437,0.81098,0.81106,1.00,1.00
2018.01.23 10:39:43.962,0.81099,0.81106,1.00,1.00
2018.01.23 10:39:44.700,0.81098,0.81105,1.12,1.00
2018.01.23 10:39:45.204,0.81098,0.81104,1.12,1.00
2018.01.23 10:39:45.907,0.81098,0.81105,1.00,1.00
2018.01.23 10:39:46.561,0.81098,0.81104,1.00,1.00
2018.01.23 10:39:47.115,0.81097,0.81103,1.87,2.25
2018.01.23 10:39:48.165,0.81097,0.81104,1.50,1.00
2018.01.23 10:39:52.070,0.81098,0.81104,1.00,1.00
2018.01.23 10:39:54.453,0.81098,0.81102,1.00,1.00
2018.01.23 10:39:55.316,0.81097,0.81102,2.62,1.00
2018.01.23 10:39:55.953,0.81096,0.811,1.00,1.00
2018.01.23 10:39:56.058,0.81092,0.81098,1.12,1.00
2018.01.23 10:39:59.401,0.81091,0.81098,1.87,1.00
2018.01.23 10:39:59.949,0.81091,0.81097,1.87,1.00
2018.01.23 10:40:01.252,0.81091,0.81098,1.12,1.00
2018.01.23 10:40:02.918,0.81092,0.81099,1.12,1.00
2018.01.23 10:40:02.970,0.81091,0.81097,1.12,1.00
2018.01.23 10:40:03.024,0.81091,0.81099,1.12,1.50
2018.01.23 10:40:03.128,0.81092,0.81097,1.00,1.00
2018.01.23 10:40:08.436,0.81091,0.81097,1.12,1.00
2018.01.23 10:40:21.958,0.81092,0.81097,1.00,1.00
2018.01.23 10:40:23.821,0.81091,0.81097,1.12,1.00
2018.01.23 10:40:26.371,0.8109,0.81097,1.00,1.00
2018.01.23 10:40:26.683,0.81088,0.81095,1.00,1.00
2018.01.23 10:40:27.197,0.81087,0.81095,2.62,1.00
2018.01.23 10:40:36.988,0.81088,0.81095,1.00,1.00
2018.01.23 10:40:43.261,0.81088,0.81097,1.12,1.00
2018.01.23 10:40:43.393,0.81088,0.81095,1.12,1.00
2018.01.23 10:40:43.714,0.81091,0.81098,1.00,1.12
2018.01.23 10:40:44.759,0.81091,0.81099,1.25,1.50
2018.01.23 10:40:45.137,0.81089,0.81096,1.00,1.00
2018.01.23 10:40:45.663,0.81088,0.81096,1.12,1.00
2018.01.23 10:40:48.916,0.81086,0.81094,1.69,1.00
2018.01.23 10:40:49.442,0.81085,0.81093,1.12,2.25
2018.01.23 10:40:50.197,0.81085,0.81092,1.00,2.25
2018.01.23 10:40:50.747,0.81085,0.81093,1.12,1.00
2018.01.23 10:40:52.910,0.81084,0.81093,1.00,2.44
2018.01.23 10:40:53.358,0.81084,0.81091,1.00,1.00
2018.01.23 10:40:53.877,0.81083,0.81091,1.00,1.25
2018.01.23 10:40:59.185,0.81084,0.81091,1.00,1.00
2018.01.23 10:41:00.148,0.81084,0.81092,1.25,2.25
2018.01.23 10:41:00.750,0.81084,0.81091,1.25,2.25
2018.01.23 10:41:02.860,0.81086,0.81091,1.25,1.00
2018.01.23 10:41:03.307,0.81086,0.81093,1.25,1.00
2018.01.23 10:41:03.889,0.81086,0.81094,1.25,2.25
2018.01.23 10:41:05.295,0.81087,0.81094,1.00,2.25
2018.01.23 10:41:07.047,0.81086,0.81094,1.12,2.25
2018.01.23 10:41:09.037,0.81086,0.81093,1.12,2.25
2018.01.23 10:41:10.538,0.81086,0.81092,1.12,1.00
2018.01.23 10:41:11.411,0.81086,0.81093,1.12,2.25
2018.01.23 10:41:11.940,0.81087,0.81092,1.12,1.00
2018.01.23 10:41:12.448,0.81087,0.81093,1.12,1.00
2018.01.23 10:41:13.231,0.81087,0.81094,1.12,2.25
2018.01.23 10:41:14.370,0.81088,0.81094,1.25,1.00
2018.01.23 10:41:15.497,0.81088,0.81095,1.25,2.25
2018.01.23 10:41:16.046,0.81088,0.81094,1.25,1.00
2018.01.23 10:41:22.108,0.81087,0.81094,1.12,1.00
2018.01.23 10:41:22.658,0.81087,0.81093,1.25,2.25
2018.01.23 10:41:23.203,0.81087,0.81092,1.00,1.00
2018.01.23 10:41:23.899,0.81086,0.81092,1.12,1.00
2018.01.23 10:41:24.551,0.81086,0.81091,1.00,1.00
2018.01.23 10:41:25.335,0.81086,0.81092,1.00,2.25
2018.01.23 10:41:25.848,0.81085,0.81091,1.25,2.25
2018.01.23 10:41:26.398,0.81085,0.81092,1.12,2.25
2018.01.23 10:41:27.741,0.81086,0.81092,1.00,1.00
2018.01.23 10:41:27.843,0.81086,0.81095,1.00,1.69
2018.01.23 10:41:28.387,0.81086,0.81096,1.12,3.94
2018.01.23 10:41:28.923,0.81087,0.81096,1.12,1.50
2018.01.23 10:41:29.604,0.81088,0.81096,1.00,1.00
2018.01.23 10:41:30.220,0.81088,0.81095,1.00,1.00
2018.01.23 10:41:30.787,0.81087,0.81097,2.06,3.19
2018.01.23 10:41:31.679,0.81086,0.81095,1.12,1.25
2018.01.23 10:41:31.991,0.81085,0.81092,1.00,1.00
2018.01.23 10:41:32.541,0.81084,0.81092,1.00,1.12
2018.01.23 10:41:33.076,0.81083,0.81092,1.00,1.12
2018.01.23 10:41:33.626,0.81083,0.81092,1.00,1.44
2018.01.23 10:41:36.601,0.81082,0.81091,3.00,1.25
2018.01.23 10:41:37.146,0.81082,0.81092,2.44,1.25
2018.01.23 10:41:37.449,0.81085,0.81094,1.00,1.25
2018.01.23 10:41:38.579,0.81084,0.81094,2.06,2.44
2018.01.23 10:41:39.086,0.81084,0.81094,1.87,1.87
2018.01.23 10:41:39.886,0.81083,0.81092,1.50,1.25
2018.01.23 10:41:50.568,0.81083,0.81093,1.87,1.25
2018.01.23 10:41:51.188,0.81083,0.81093,1.50,1.44
2018.01.23 10:41:52.189,0.81083,0.81093,1.87,1.25
2018.01.23 10:41:52.691,0.81084,0.81093,1.00,1.25
2018.01.23 10:41:54.919,0.81083,0.81093,1.87,1.25
2018.01.23 10:41:55.587,0.81083,0.81093,1.50,1.44
2018.01.23 10:41:56.118,0.81083,0.81093,1.87,1.25
2018.01.23 10:42:00.936,0.81083,0.81093,1.87,1.44
2018.01.23 10:42:05.364,0.81083,0.81093,1.87,1.25
2018.01.23 10:42:06.408,0.81083,0.81093,1.87,1.44
2018.01.23 10:42:08.894,0.81084,0.81094,1.25,2.44
2018.01.23 10:42:09.660,0.81083,0.81093,1.44,1.00
2018.01.23 10:42:10.303,0.81083,0.81094,1.87,5.06
2018.01.23 10:42:10.827,0.81083,0.81093,1.87,1.00
2018.01.23 10:42:11.567,0.81083,0.81094,1.87,5.06
2018.01.23 10:42:12.899,0.81083,0.81093,1.87,1.00
2018.01.23 10:42:13.457,0.81083,0.81094,1.87,4.69
2018.01.23 10:42:14.189,0.81083,0.81093,1.87,1.00
2018.01.23 10:42:17.989,0.81083,0.81093,1.12,1.69
2018.01.23 10:42:20.353,0.81084,0.81093,1.00,1.25
2018.01.23 10:42:21.122,0.81084,0.81094,1.25,4.69
2018.01.23 10:42:22.230,0.81084,0.81094,1.31,2.62
2018.01.23 10:42:24.864,0.81083,0.81093,2.06,1.25
2018.01.23 10:42:28.834,0.81084,0.81094,1.00,2.62
2018.01.23 10:42:29.347,0.81084,0.81094,1.12,2.44
2018.01.23 10:42:29.767,0.81087,0.81094,1.00,1.00
2018.01.23 10:42:29.870,0.81087,0.81096,1.00,1.31
2018.01.23 10:42:30.396,0.81088,0.81097,1.00,3.94
2018.01.23 10:42:31.337,0.81087,0.81097,1.12,1.69
2018.01.23 10:42:31.848,0.81087,0.81096,1.12,1.00
2018.01.23 10:42:33.148,0.81087,0.81097,1.12,2.44
2018.01.23 10:42:33.743,0.81088,0.81097,1.00,2.44
2018.01.23 10:42:34.406,0.81087,0.81097,1.87,1.25
2018.01.23 10:42:35.354,0.81086,0.81095,1.87,2.25
2018.01.23 10:42:35.863,0.81087,0.81097,1.25,2.44
2018.01.23 10:42:36.537,0.81088,0.81097,1.00,1.69
2018.01.23 10:42:39.670,0.81088,0.81095,1.00,1.00
2018.01.23 10:42:40.276,0.81087,0.81096,1.50,1.69
2018.01.23 10:42:40.778,0.81087,0.81096,1.50,1.87
2018.01.23 10:42:43.569,0.81087,0.81094,1.00,1.00
2018.01.23 10:42:47.403,0.81087,0.81096,1.00,2.06
2018.01.23 10:42:51.047,0.81088,0.81099,1.25,4.16
2018.01.23 10:42:51.578,0.81088,0.81099,1.00,3.97
2018.01.23 10:42:52.285,0.81087,0.81099,2.62,3.22
2018.01.23 10:43:05.018,0.81087,0.81097,1.00,1.44
2018.01.23 10:43:05.538,0.81086,0.81097,1.87,1.69
2018.01.23 10:43:06.045,0.81086,0.81097,1.69,1.69
2018.01.23 10:43:07.086,0.81086,0.81097,1.87,1.69
2018.01.23 10:43:13.288,0.81087,0.81097,1.87,1.00
2018.01.23 10:43:13.920,0.81088,0.81099,1.25,1.69
2018.01.23 10:43:14.937,0.81087,0.81099,2.81,2.62
2018.01.23 10:43:15.452,0.81088,0.81099,1.25,1.69
2018.01.23 10:43:16.046,0.81088,0.81099,1.44,1.69
2018.01.23 10:43:18.364,0.81088,0.81099,1.25,1.69
2018.01.23 10:43:18.968,0.81087,0.81099,3.00,1.87
2018.01.23 10:43:19.393,0.81087,0.81096,1.00,1.25
2018.01.23 10:43:19.444,0.81085,0.81096,1.69,1.87
2018.01.23 10:43:19.750,0.81084,0.81093,1.00,1.25
2018.01.23 10:43:20.272,0.81084,0.81094,1.44,1.00
2018.01.23 10:43:21.015,0.81084,0.81094,1.25,1.00
2018.01.23 10:43:25.011,0.81083,0.81094,2.62,1.87
2018.01.23 10:43:30.473,0.81084,0.81095,1.50,2.62
2018.01.23 10:43:31.007,0.81085,0.81095,1.00,1.87
2018.01.23 10:43:31.550,0.81084,0.81094,1.50,1.25
2018.01.23 10:43:33.776,0.81083,0.81093,1.69,1.25
2018.01.23 10:43:46.194,0.81084,0.81095,1.50,3.56
2018.01.23 10:43:47.866,0.81084,0.81095,1.69,2.62
2018.01.23 10:43:48.449,0.81083,0.81094,1.69,2.06
2018.01.23 10:43:48.958,0.81084,0.81093,1.00,1.25
2018.01.23 10:43:49.790,0.81084,0.81093,1.00,1.44
2018.01.23 10:43:50.327,0.81083,0.81091,1.00,1.25
2018.01.23 10:43:51.748,0.81081,0.81091,1.69,1.87
2018.01.23 10:43:53.214,0.81081,0.81091,1.69,1.87
2018.01.23 10:43:56.121,0.81082,0.81091,1.00,1.25
2018.01.23 10:44:01.497,0.81082,0.81091,1.00,1.44
2018.01.23 10:44:07.460,0.81082,0.81092,1.00,1.44
2018.01.23 10:44:13.285,0.81082,0.81091,1.00,2.29
2018.01.23 10:44:13.336,0.8108,0.81088,1.00,1.00
2018.01.23 10:44:13.490,0.81079,0.81086,1.00,1.00
2018.01.23 10:44:13.541,0.81077,0.81086,1.00,1.00
2018.01.23 10:44:14.196,0.81077,0.81088,1.69,1.25
2018.01.23 10:44:14.451,0.81077,0.81086,1.69,1.00
2018.01.23 10:44:18.496,0.81077,0.81086,1.69,1.60
2018.01.23 10:44:18.598,0.81072,0.81081,2.25,1.00
2018.01.23 10:44:18.738,0.81074,0.81081,1.00,1.00
2018.01.23 10:44:18.789,0.81072,0.81082,2.06,1.44
2018.01.23 10:44:20.192,0.81072,0.81082,1.00,2.62
2018.01.23 10:44:20.243,0.81072,0.81078,1.00,1.00
2018.01.23 10:44:20.746,0.81073,0.81078,1.25,1.00
2018.01.23 10:44:21.689,0.81073,0.81081,1.25,1.50
2018.01.23 10:44:21.916,0.81071,0.81081,1.00,1.50
2018.01.23 10:44:22.870,0.81072,0.81081,1.25,1.50
2018.01.23 10:44:23.016,0.81074,0.81081,1.00,1.50
2018.01.23 10:44:23.068,0.81074,0.81085,1.69,2.44
2018.01.23 10:44:23.617,0.81074,0.81083,1.25,1.00
2018.01.23 10:44:24.289,0.81075,0.81084,1.00,1.31
2018.01.23 10:44:25.102,0.81074,0.81084,2.44,1.12
2018.01.23 10:44:25.605,0.81075,0.81084,1.00,1.12
2018.01.23 10:44:26.819,0.81074,0.81084,2.44,1.12
2018.01.23 10:44:27.338,0.81074,0.81084,1.69,1.12
2018.01.23 10:44:27.905,0.81075,0.81086,1.69,1.44
2018.01.23 10:44:30.348,0.81075,0.81086,1.69,1.25
2018.01.23 10:44:30.603,0.81074,0.81084,2.44,1.00
2018.01.23 10:44:31.147,0.81074,0.81084,2.44,1.00
2018.01.23 10:44:32.516,0.81074,0.81084,1.69,1.87
2018.01.23 10:44:34.273,0.81075,0.81084,1.00,1.44
2018.01.23 10:44:35.087,0.81074,0.81084,1.69,1.87
2018.01.23 10:44:35.954,0.81075,0.81084,1.00,1.44
2018.01.23 10:44:36.318,0.81077,0.81084,1.25,1.00
2018.01.23 10:44:36.374,0.81077,0.81086,1.25,1.87
2018.01.23 10:44:36.889,0.81078,0.81088,1.25,1.37
2018.01.23 10:44:38.286,0.81078,0.81089,1.25,2.81
2018.01.23 10:44:40.462,0.81079,0.81089,1.00,2.44
2018.01.23 10:44:45.640,0.81078,0.81088,1.25,1.25
2018.01.23 10:44:46.442,0.81079,0.81089,1.00,2.44
2018.01.23 10:44:46.943,0.81078,0.81089,1.69,1.69
2018.01.23 10:44:48.440,0.81078,0.81089,1.87,2.62
2018.01.23 10:44:48.988,0.81079,0.81089,1.25,2.44
2018.01.23 10:44:49.490,0.81078,0.81088,1.69,1.00
2018.01.23 10:44:50.045,0.81078,0.81088,1.69,1.25
2018.01.23 10:44:51.132,0.81079,0.81088,1.00,1.25
2018.01.23 10:44:52.078,0.81079,0.81087,1.00,1.00
2018.01.23 10:44:54.474,0.81078,0.81087,1.25,1.00
2018.01.23 10:44:55.200,0.81078,0.81088,2.44,1.25
2018.01.23 10:44:55.709,0.81079,0.81089,1.00,1.87
2018.01.23 10:44:56.908,0.81078,0.81088,1.25,1.69
2018.01.23 10:44:56.959,0.81077,0.81086,1.00,1.69
2018.01.23 10:44:57.688,0.81078,0.81087,1.00,1.69
2018.01.23 10:44:58.675,0.81079,0.81087,1.00,1.00
2018.01.23 10:44:59.291,0.81078,0.81087,1.12,1.00
2018.01.23 10:45:01.784,0.81079,0.81087,1.00,1.25
2018.01.23 10:45:02.514,0.81078,0.81087,1.25,1.12
2018.01.23 10:45:02.863,0.81068,0.81076,1.31,1.00
2018.01.23 10:45:04.002,0.81069,0.81076,1.00,1.00
2018.01.23 10:45:04.506,0.81069,0.81077,1.00,1.12
2018.01.23 10:45:05.285,0.81068,0.81077,1.00,2.06
2018.01.23 10:45:07.564,0.81068,0.81076,1.00,1.00
2018.01.23 10:45:08.189,0.81068,0.81077,1.00,1.31
2018.01.23 10:45:10.317,0.81067,0.81077,1.87,2.06
2018.01.23 10:45:10.935,0.81068,0.81077,1.00,2.06
2018.01.23 10:45:21.834,0.81069,0.81077,1.25,1.00
2018.01.23 10:45:23.381,0.81069,0.81078,1.12,1.69
2018.01.23 10:45:23.936,0.81069,0.81077,1.00,1.00
2018.01.23 10:45:24.497,0.81068,0.81076,1.12,1.00
2018.01.23 10:45:24.804,0.81065,0.81073,1.31,1.00
2018.01.23 10:45:25.317,0.81065,0.81072,1.25,1.00
2018.01.23 10:45:26.158,0.81064,0.81074,2.06,1.87
2018.01.23 10:45:27.030,0.81064,0.81074,1.69,1.87
2018.01.23 10:45:29.093,0.81064,0.81072,1.87,1.00
2018.01.23 10:45:29.366,0.81064,0.81074,1.87,2.62
2018.01.23 10:45:29.938,0.81065,0.81074,1.00,1.12
2018.01.23 10:45:30.496,0.81064,0.81072,1.87,1.00
2018.01.23 10:45:31.111,0.81065,0.81072,1.00,1.00
2018.01.23 10:45:31.456,0.81064,0.81074,1.87,1.87
2018.01.23 10:45:31.968,0.81065,0.81074,1.00,1.12
2018.01.23 10:45:32.634,0.81064,0.81072,1.87,1.00
2018.01.23 10:45:32.844,0.81064,0.81074,1.87,1.87
2018.01.23 10:45:33.359,0.81065,0.81074,1.00,1.12
2018.01.23 10:45:34.501,0.81064,0.81072,1.87,1.00
2018.01.23 10:45:37.428,0.81064,0.81072,2.81,1.00
2018.01.23 10:45:41.889,0.81064,0.8107,1.69,1.00
2018.01.23 10:45:42.798,0.81062,0.8107,1.00,2.25
2018.01.23 10:45:43.358,0.81061,0.81069,1.12,1.12
2018.01.23 10:45:43.888,0.81061,0.81069,1.87,1.00
2018.01.23 10:45:44.436,0.81061,0.81069,1.69,1.00
2018.01.23 10:45:50.690,0.81061,0.8107,1.25,2.25
2018.01.23 10:45:51.430,0.81061,0.81069,1.25,1.00
2018.01.23 10:45:53.288,0.8106,0.81069,2.44,3.00
2018.01.23 10:45:53.492,0.8106,0.81064,1.00,1.25
2018.01.23 10:45:53.543,0.81056,0.8106,1.00,1.00
2018.01.23 10:45:53.594,0.81052,0.8106,1.37,1.00
2018.01.23 10:45:54.127,0.81054,0.81062,1.00,1.00
2018.01.23 10:45:54.651,0.81052,0.81061,1.44,1.00
2018.01.23 10:45:55.199,0.81052,0.8106,1.25,1.00
2018.01.23 10:45:57.187,0.81052,0.81061,1.00,3.00
2018.01.23 10:45:57.546,0.81049,0.81059,1.25,1.00
2018.01.23 10:45:57.599,0.81048,0.81056,1.50,1.00
2018.01.23 10:45:57.984,0.81046,0.81055,2.25,1.00
2018.01.23 10:46:04.173,0.81048,0.81055,1.00,1.00
2018.01.23 10:46:05.989,0.81049,0.81057,1.00,1.00
2018.01.23 10:46:06.091,0.81046,0.8105,1.00,1.00
2018.01.23 10:46:06.141,0.81043,0.8105,1.00,1.00
2018.01.23 10:46:06.395,0.81044,0.81052,1.00,1.00
2018.01.23 10:46:06.937,0.81043,0.81051,1.31,1.00
2018.01.23 10:46:07.448,0.81044,0.81052,1.25,1.00
2018.01.23 10:46:08.045,0.81044,0.81051,1.50,1.00
2018.01.23 10:46:08.591,0.81044,0.81052,1.69,1.00
2018.01.23 10:46:10.268,0.81044,0.81051,1.69,1.00
2018.01.23 10:46:11.134,0.81044,0.81052,1.00,1.00
2018.01.23 10:46:11.641,0.81045,0.81052,1.00,1.00
2018.01.23 10:46:11.744,0.81046,0.81054,1.25,1.00
2018.01.23 10:46:12.147,0.81048,0.81056,1.00,1.00
2018.01.23 10:46:12.847,0.81049,0.81056,1.00,1.00
2018.01.23 10:46:13.382,0.81048,0.81056,1.25,1.50
2018.01.23 10:46:13.891,0.81048,0.81055,1.25,1.00
2018.01.23 10:46:14.442,0.81048,0.81056,1.25,1.50
2018.01.23 10:46:14.945,0.81049,0.81056,1.25,1.50
2018.01.23 10:46:15.347,0.81048,0.81054,1.25,1.00
2018.01.23 10:46:15.889,0.81047,0.81055,1.69,1.50
2018.01.23 10:46:16.422,0.81047,0.81054,1.69,2.25
2018.01.23 10:46:17.004,0.81047,0.81055,1.69,1.00
2018.01.23 10:46:17.688,0.81048,0.81056,1.00,1.69
2018.01.23 10:46:18.140,0.81048,0.81054,1.25,2.25
2018.01.23 10:46:18.666,0.81048,0.81053,1.25,1.00
2018.01.23 10:46:19.141,0.81048,0.81056,1.00,1.25
2018.01.23 10:46:20.539,0.81047,0.81056,1.25,2.62
2018.01.23 10:46:21.043,0.81048,0.81055,1.00,1.00
2018.01.23 10:46:21.570,0.81048,0.81056,1.00,2.44
2018.01.23 10:46:22.722,0.81047,0.81056,1.00,3.37
2018.01.23 10:46:23.254,0.81047,0.81054,1.00,2.25
2018.01.23 10:46:23.766,0.81048,0.81053,1.00,1.00
2018.01.23 10:46:23.905,0.81046,0.81056,1.19,1.12
2018.01.23 10:46:23.957,0.81044,0.81054,1.00,1.87
2018.01.23 10:46:24.356,0.81043,0.81051,1.00,1.00
2018.01.23 10:46:24.942,0.81044,0.81052,1.00,1.12
2018.01.23 10:46:25.248,0.81043,0.8105,1.00,1.00
2018.01.23 10:46:25.512,0.81044,0.81052,1.00,1.00
2018.01.23 10:46:26.076,0.81046,0.81053,1.00,1.00
2018.01.23 10:46:26.589,0.81046,0.81052,1.00,1.00
2018.01.23 10:46:27.136,0.81045,0.81052,1.25,1.00
2018.01.23 10:46:27.639,0.81045,0.81053,1.00,1.00
2018.01.23 10:46:28.149,0.81046,0.81053,1.00,1.00
2018.01.23 10:46:28.679,0.81046,0.81054,1.00,1.00
2018.01.23 10:46:29.203,0.81046,0.81055,1.00,1.31
2018.01.23 10:46:30.268,0.81046,0.81055,1.00,2.44
2018.01.23 10:46:30.800,0.81046,0.81053,1.25,1.00
2018.01.23 10:46:31.263,0.81046,0.81056,1.25,3.56
2018.01.23 10:46:31.902,0.81046,0.81054,1.00,1.25
2018.01.23 10:46:32.448,0.81046,0.81053,1.00,1.00
2018.01.23 10:46:33.037,0.81046,0.81054,1.25,1.00
2018.01.23 10:46:33.700,0.81045,0.81054,1.25,1.50
2018.01.23 10:46:35.790,0.81045,0.81052,1.25,1.00
2018.01.23 10:46:36.339,0.81045,0.81051,1.25,1.00
2018.01.23 10:46:36.843,0.81045,0.81052,1.25,1.00
2018.01.23 10:46:39.526,0.81045,0.81051,1.00,2.25
2018.01.23 10:46:40.066,0.81043,0.81053,1.00,1.87
2018.01.23 10:46:40.117,0.81043,0.8105,1.00,1.00
2018.01.23 10:46:40.582,0.81042,0.81048,1.25,1.00
2018.01.23 10:46:41.289,0.81042,0.81049,1.25,1.00
2018.01.23 10:46:42.317,0.81042,0.8105,1.25,2.25
2018.01.23 10:46:42.833,0.81043,0.8105,1.00,2.25
2018.01.23 10:46:43.824,0.81043,0.81051,1.00,1.00
2018.01.23 10:46:44.451,0.81043,0.81052,1.25,3.56
2018.01.23 10:46:44.975,0.81043,0.81051,1.25,1.00
2018.01.23 10:46:45.476,0.81043,0.8105,1.25,1.00
2018.01.23 10:46:46.013,0.81042,0.81049,1.00,1.00
2018.01.23 10:46:46.579,0.81041,0.81048,1.00,1.00
2018.01.23 10:46:47.307,0.8104,0.81048,1.69,1.50
2018.01.23 10:46:48.096,0.8104,0.81047,1.50,1.00
2018.01.23 10:46:48.686,0.81038,0.81045,1.87,1.00
2018.01.23 10:46:48.993,0.81036,0.81043,1.00,1.00
2018.01.23 10:46:51.063,0.81037,0.81043,1.00,1.00
2018.01.23 10:46:51.608,0.81037,0.81044,1.00,1.00
2018.01.23 10:46:52.200,0.81037,0.81043,1.25,2.25
2018.01.23 10:46:52.737,0.81037,0.81044,1.25,1.00
2018.01.23 10:46:52.839,0.81038,0.81046,1.25,3.00
2018.01.23 10:46:53.476,0.81039,0.81046,1.00,1.50
2018.01.23 10:46:53.992,0.81039,0.81045,1.00,2.25
2018.01.23 10:46:54.096,0.81036,0.81044,1.00,2.25
2018.01.23 10:46:54.147,0.81034,0.81044,1.25,3.22
2018.01.23 10:46:54.329,0.81033,0.81041,1.00,1.00
2018.01.23 10:46:54.585,0.81031,0.8104,1.25,1.25
2018.01.23 10:46:54.789,0.81033,0.81042,1.00,2.62
2018.01.23 10:46:55.145,0.81031,0.81039,1.25,1.00
2018.01.23 10:46:56.944,0.81031,0.8104,1.00,1.69
2018.01.23 10:46:57.471,0.81032,0.81041,1.50,1.00
2018.01.23 10:46:57.988,0.81032,0.81042,1.50,1.69
2018.01.23 10:46:58.940,0.81032,0.81042,1.50,1.44
2018.01.23 10:47:00.236,0.81032,0.8104,1.50,1.00
2018.01.23 10:47:00.389,0.8103,0.8104,3.00,1.25
2018.01.23 10:47:00.701,0.81031,0.81038,1.00,1.00
2018.01.23 10:47:01.227,0.8103,0.81038,2.25,2.25
2018.01.23 10:47:01.737,0.8103,0.81037,1.50,1.00
2018.01.23 10:47:02.261,0.81031,0.81038,1.00,1.00
2018.01.23 10:47:02.637,0.81029,0.81037,1.12,1.50
2018.01.23 10:47:03.155,0.8103,0.81036,1.12,1.00
2018.01.23 10:47:03.206,0.8103,0.81038,1.12,1.00
2018.01.23 10:47:03.753,0.81031,0.81039,1.00,1.69
2018.01.23 10:47:04.000,0.81029,0.81037,1.12,1.00
2018.01.23 10:47:04.153,0.8103,0.81039,1.12,1.69
2018.01.23 10:47:04.357,0.8103,0.81037,1.12,1.00
2018.01.23 10:47:04.913,0.81029,0.81037,1.00,1.00
2018.01.23 10:47:05.449,0.8103,0.81036,1.00,1.00
2018.01.23 10:47:05.889,0.8103,0.81038,1.25,2.25
2018.01.23 10:47:06.499,0.8103,0.81039,1.25,1.87
2018.01.23 10:47:07.002,0.81029,0.81038,1.12,1.25
2018.01.23 10:47:07.522,0.81029,0.81037,1.00,1.69
2018.01.23 10:47:08.189,0.81029,0.81038,1.12,1.69
2018.01.23 10:47:08.690,0.8103,0.81038,1.00,1.25
2018.01.23 10:47:09.347,0.81029,0.81038,1.12,2.44
2018.01.23 10:47:09.861,0.81029,0.81037,1.00,1.00
2018.01.23 10:47:10.405,0.8103,0.81038,1.00,1.25
2018.01.23 10:47:10.907,0.81029,0.81038,1.00,1.69
2018.01.23 10:47:11.460,0.81028,0.81037,1.12,1.25
2018.01.23 10:47:12.110,0.81029,0.81038,1.00,2.62
2018.01.23 10:47:13.401,0.81028,0.81037,1.00,1.25
2018.01.23 10:47:13.605,0.8103,0.81038,1.00,1.00
2018.01.23 10:47:14.197,0.81029,0.81038,1.12,1.50
2018.01.23 10:47:14.953,0.8103,0.81038,1.00,1.25
2018.01.23 10:47:15.950,0.8103,0.81039,1.00,1.69
2018.01.23 10:47:16.460,0.81029,0.81038,1.12,1.69
2018.01.23 10:47:16.768,0.81031,0.81038,1.00,1.00
2018.01.23 10:47:18.193,0.8103,0.81038,1.12,1.00
2018.01.23 10:47:18.755,0.81031,0.81038,1.00,1.00
2018.01.23 10:47:19.561,0.8103,0.81038,1.00,1.00
2018.01.23 10:47:20.100,0.81029,0.81038,1.00,1.69
2018.01.23 10:47:22.510,0.8103,0.81039,1.00,1.44
2018.01.23 10:47:23.048,0.8103,0.81039,1.00,1.69
2018.01.23 10:47:24.042,0.8103,0.81039,1.00,1.87
2018.01.23 10:47:24.550,0.8103,0.81039,1.12,1.25
2018.01.23 10:47:25.637,0.81029,0.81038,1.12,1.00
2018.01.23 10:47:26.158,0.8103,0.81039,1.00,1.69
2018.01.23 10:47:29.295,0.8103,0.81039,1.00,1.87
2018.01.23 10:47:29.800,0.81029,0.81038,1.12,1.25
2018.01.23 10:47:30.543,0.81029,0.81038,1.00,1.87
2018.01.23 10:47:31.188,0.81029,0.81038,1.12,1.69
2018.01.23 10:47:32.252,0.81028,0.81037,1.00,1.44
2018.01.23 10:47:32.783,0.81027,0.81037,1.12,2.62
2018.01.23 10:47:34.193,0.81028,0.81036,1.00,1.00
2018.01.23 10:47:34.782,0.81029,0.81038,1.00,3.75
2018.01.23 10:47:35.186,0.8103,0.81039,1.00,1.69
2018.01.23 10:47:35.796,0.81029,0.81038,1.00,1.25
2018.01.23 10:47:35.898,0.81031,0.8104,1.00,2.62
2018.01.23 10:47:36.344,0.81032,0.81041,1.12,2.06
2018.01.23 10:47:36.849,0.81033,0.81041,1.00,1.31
2018.01.23 10:47:36.899,0.81035,0.81043,1.00,2.25
2018.01.23 10:47:37.203,0.81037,0.81045,1.00,1.00
2018.01.23 10:47:37.745,0.81038,0.81045,1.00,1.00
2018.01.23 10:47:38.252,0.81038,0.81046,1.12,1.00
2018.01.23 10:47:38.780,0.81039,0.81048,1.00,2.62
2018.01.23 10:47:39.298,0.81039,0.81048,1.87,1.25
2018.01.23 10:47:39.881,0.8104,0.81049,1.00,2.44
2018.01.23 10:47:40.390,0.81041,0.81049,1.00,1.50
2018.01.23 10:47:41.050,0.81041,0.8105,1.50,1.25
2018.01.23 10:47:43.864,0.81041,0.8105,1.00,1.87
2018.01.23 10:47:44.189,0.81039,0.81049,1.87,2.44
2018.01.23 10:47:44.341,0.81038,0.81048,1.25,2.62
2018.01.23 10:47:44.442,0.81036,0.81046,1.25,3.22
2018.01.23 10:47:45.025,0.81037,0.81046,1.00,2.62
2018.01.23 10:47:45.567,0.81036,0.81046,1.12,2.81
2018.01.23 10:47:46.048,0.81034,0.81043,1.12,1.00
2018.01.23 10:47:46.372,0.81037,0.81047,1.12,3.94
2018.01.23 10:47:46.906,0.81038,0.81047,1.00,2.44
2018.01.23 10:47:48.801,0.81037,0.81047,1.12,3.00
2018.01.23 10:47:49.491,0.81037,0.81045,1.00,1.25
2018.01.23 10:47:50.419,0.81036,0.81045,1.12,1.25
2018.01.23 10:47:50.728,0.81026,0.81034,1.87,1.25
2018.01.23 10:47:51.031,0.81023,0.81032,1.87,1.00
2018.01.23 10:47:51.577,0.81023,0.81032,1.87,1.00
2018.01.23 10:47:52.126,0.81024,0.81034,1.00,1.87
2018.01.23 10:47:52.473,0.81022,0.81032,1.12,1.87
2018.01.23 10:47:53.177,0.81022,0.8103,1.12,1.00
2018.01.23 10:47:53.682,0.81022,0.81029,1.00,1.00
2018.01.23 10:47:53.734,0.8102,0.81029,1.12,1.00
2018.01.23 10:47:54.331,0.8102,0.81028,1.12,1.00
2018.01.23 10:47:54.952,0.8102,0.81027,1.00,1.00
2018.01.23 10:47:55.500,0.81019,0.81027,1.12,1.00
2018.01.23 10:47:56.934,0.8102,0.81029,1.12,1.00
2018.01.23 10:47:57.437,0.8102,0.81028,1.12,1.00
2018.01.23 10:47:58.312,0.81018,0.81028,1.12,2.44
2018.01.23 10:48:01.071,0.81019,0.81028,1.00,2.44
2018.01.23 10:48:04.201,0.81019,0.81028,1.00,3.19
2018.01.23 10:48:04.834,0.81018,0.81026,1.12,1.00
2018.01.23 10:48:10.400,0.81017,0.81026,1.12,1.00
2018.01.23 10:48:13.692,0.81018,0.81028,1.12,1.69
2018.01.23 10:48:14.236,0.81019,0.81028,1.00,1.25
2018.01.23 10:48:16.468,0.81018,0.81028,1.12,1.69
2018.01.23 10:48:17.066,0.81018,0.81028,1.00,1.87
2018.01.23 10:48:17.574,0.81019,0.81028,1.00,1.25
2018.01.23 10:48:19.097,0.8102,0.81028,1.12,1.00
2018.01.23 10:48:19.648,0.8102,0.81029,1.12,1.50
2018.01.23 10:48:20.494,0.81021,0.81029,1.00,1.50
2018.01.23 10:48:22.951,0.81022,0.81029,1.00,1.00
2018.01.23 10:48:23.596,0.81021,0.81029,1.12,1.00
2018.01.23 10:48:24.195,0.81022,0.81029,1.00,1.00
2018.01.23 10:48:24.932,0.81021,0.81029,1.12,1.00
2018.01.23 10:48:25.351,0.81021,0.81031,1.12,1.69
2018.01.23 10:48:25.882,0.81022,0.81031,1.00,1.25
2018.01.23 10:48:27.709,0.81023,0.81031,1.00,1.00
2018.01.23 10:48:28.338,0.81022,0.81031,1.12,1.00
2018.01.23 10:48:29.001,0.81023,0.81031,1.00,1.00
2018.01.23 10:48:29.670,0.81022,0.81031,1.12,1.00
2018.01.23 10:48:29.889,0.81024,0.81031,1.00,1.00
2018.01.23 10:48:30.145,0.81022,0.81031,1.12,1.00
2018.01.23 10:48:30.349,0.81024,0.81031,1.00,1.00
2018.01.23 10:48:30.628,0.81022,0.81031,1.12,1.00
2018.01.23 10:48:30.679,0.81024,0.81031,1.00,1.00
2018.01.23 10:48:31.509,0.81023,0.81031,1.12,1.00
2018.01.23 10:48:31.713,0.8102,0.81029,1.12,1.00
2018.01.23 10:48:32.228,0.81019,0.81028,1.87,1.00
2018.01.23 10:48:33.958,0.8102,0.81028,1.00,1.00
2018.01.23 10:48:34.497,0.81019,0.81028,1.12,1.50
2018.01.23 10:48:35.316,0.81018,0.81028,1.12,1.69
2018.01.23 10:48:37.300,0.81018,0.81028,1.00,2.62
2018.01.23 10:48:37.948,0.81017,0.81027,1.12,1.25
2018.01.23 10:48:38.987,0.81016,0.81026,2.62,1.25
2018.01.23 10:48:39.440,0.81016,0.81024,2.62,2.25
2018.01.23 10:48:41.007,0.81016,0.81025,2.62,2.25
2018.01.23 10:48:41.311,0.81018,0.81025,1.12,2.25
2018.01.23 10:48:41.815,0.81018,0.81026,1.12,1.00
2018.01.23 10:48:42.990,0.81018,0.81025,1.00,1.00
2018.01.23 10:48:43.539,0.81017,0.81025,1.00,1.50
2018.01.23 10:48:47.836,0.81017,0.81024,1.00,1.00
2018.01.23 10:48:47.887,0.81014,0.81023,2.62,1.00
2018.01.23 10:48:47.939,0.81012,0.8102,1.37,1.00
2018.01.23 10:48:48.070,0.8101,0.81018,1.87,1.00
2018.01.23 10:48:48.121,0.81008,0.81016,1.12,1.00
2018.01.23 10:48:48.376,0.81012,0.81022,1.00,2.44
2018.01.23 10:48:48.427,0.81011,0.8102,1.12,1.00
2018.01.23 10:48:48.971,0.81012,0.8102,1.00,1.00
2018.01.23 10:48:49.599,0.81011,0.8102,1.12,1.00
2018.01.23 10:48:49.942,0.81009,0.81018,1.12,1.00
2018.01.23 10:48:50.315,0.81013,0.8102,1.00,1.00
2018.01.23 10:48:51.386,0.81011,0.8102,1.62,1.00
2018.01.23 10:48:51.928,0.81011,0.8102,1.31,1.00
2018.01.23 10:48:53.742,0.81014,0.81022,1.00,1.12
2018.01.23 10:48:54.285,0.81014,0.81023,1.00,1.69
2018.01.23 10:48:54.802,0.81013,0.81023,2.06,1.25
2018.01.23 10:48:55.149,0.81013,0.81022,1.00,1.44
2018.01.23 10:48:55.966,0.81013,0.81022,1.00,1.25
2018.01.23 10:48:56.593,0.81013,0.81023,1.87,1.69
2018.01.23 10:48:57.271,0.81013,0.81022,1.12,1.00
2018.01.23 10:48:57.780,0.81013,0.81021,1.12,1.00
2018.01.23 10:48:58.337,0.81013,0.81022,1.12,1.25
2018.01.23 10:48:59.043,0.81014,0.81022,1.12,1.00
2018.01.23 10:48:59.349,0.81015,0.81025,1.12,3.56
2018.01.23 10:49:01.040,0.81015,0.81025,1.12,3.75
2018.01.23 10:49:01.360,0.81017,0.81026,1.00,1.69
2018.01.23 10:49:01.891,0.81017,0.81024,1.12,1.00
2018.01.23 10:49:02.062,0.81017,0.81026,1.50,1.69
2018.01.23 10:49:02.214,0.81019,0.81026,1.12,1.00
2018.01.23 10:49:02.853,0.8102,0.81028,1.00,1.25
2018.01.23 10:49:03.029,0.81018,0.81025,1.87,1.00
2018.01.23 10:49:03.081,0.81016,0.81025,1.00,1.25
2018.01.23 10:49:03.888,0.81017,0.81026,1.00,1.44
2018.01.23 10:49:04.510,0.81016,0.81024,1.50,1.00
2018.01.23 10:49:06.720,0.81013,0.81023,3.37,1.25
2018.01.23 10:49:06.771,0.81013,0.81023,2.62,1.25
2018.01.23 10:49:06.874,0.81012,0.81019,2.25,1.00
2018.01.23 10:49:07.130,0.81013,0.81022,1.12,1.69
2018.01.23 10:49:07.232,0.81015,0.81024,1.31,1.25
2018.01.23 10:49:07.961,0.81015,0.81023,1.87,1.00
2018.01.23 10:49:08.993,0.81015,0.81024,1.00,2.44
2018.01.23 10:49:09.497,0.81015,0.81023,1.00,1.00
2018.01.23 10:49:14.969,0.81015,0.81024,2.25,1.25
2018.01.23 10:49:16.889,0.81013,0.81021,1.00,1.44
2018.01.23 10:49:17.432,0.81013,0.81018,1.00,1.50
2018.01.23 10:49:17.483,0.81008,0.81017,1.87,1.25
2018.01.23 10:49:18.017,0.81008,0.81016,1.87,1.00
2018.01.23 10:49:18.520,0.81008,0.81017,1.87,1.25
2018.01.23 10:49:21.348,0.81009,0.81018,1.00,1.25
2018.01.23 10:49:21.950,0.81008,0.81018,3.56,1.25
2018.01.23 10:49:22.638,0.81008,0.81018,2.81,1.44
2018.01.23 10:49:23.046,0.81009,0.81019,1.31,1.50
2018.01.23 10:49:24.095,0.81009,0.81019,1.87,3.19
2018.01.23 10:49:24.445,0.81009,0.81017,1.87,1.00
2018.01.23 10:49:24.820,0.81009,0.81019,1.87,2.44
2018.01.23 10:49:25.699,0.81009,0.81019,1.87,1.00
2018.01.23 10:49:26.736,0.81009,0.81019,1.12,2.44
2018.01.23 10:49:27.238,0.81009,0.81018,1.12,1.00
2018.01.23 10:49:27.785,0.81009,0.81019,1.87,3.00
2018.01.23 10:49:30.297,0.81009,0.81018,1.44,1.00
2018.01.23 10:49:31.309,0.81009,0.81018,1.25,1.00
2018.01.23 10:49:33.453,0.81009,0.81019,1.25,2.44
2018.01.23 10:49:33.720,0.81011,0.81019,1.12,1.50
2018.01.23 10:49:33.933,0.81016,0.81025,1.50,1.25
2018.01.23 10:49:38.206,0.81016,0.81026,1.87,1.25
2018.01.23 10:49:40.860,0.81016,0.81025,1.00,1.69
2018.01.23 10:49:41.070,0.81014,0.81023,1.00,1.25
2018.01.23 10:49:41.609,0.81015,0.81023,1.00,1.25
2018.01.23 10:49:41.775,0.81016,0.81025,1.00,1.69
2018.01.23 10:49:41.877,0.81014,0.81024,1.31,1.69
2018.01.23 10:49:41.927,0.81014,0.81022,1.31,1.00
2018.01.23 10:49:42.464,0.81013,0.81022,1.12,1.69
2018.01.23 10:49:43.352,0.81015,0.81024,1.12,1.50
2018.01.23 10:49:43.900,0.81016,0.81024,1.00,1.50
2018.01.23 10:49:44.640,0.81016,0.81024,1.00,1.00
2018.01.23 10:49:52.332,0.81015,0.81024,1.12,1.00
2018.01.23 10:49:53.144,0.81016,0.81024,1.00,1.00
2018.01.23 10:49:54.646,0.81015,0.81025,1.25,2.44
2018.01.23 10:49:55.568,0.81016,0.81025,1.00,3.94
2018.01.23 10:49:56.790,0.81015,0.81025,1.25,2.44
2018.01.23 10:49:57.279,0.81017,0.81025,1.00,1.50
2018.01.23 10:49:57.887,0.81017,0.81024,1.00,1.00
2018.01.23 10:49:58.220,0.81018,0.81022,1.00,1.00
2018.01.23 10:49:58.373,0.81018,0.81026,1.00,1.50
2018.01.23 10:49:58.877,0.81018,0.81027,1.00,1.25
2018.01.23 10:49:59.428,0.81018,0.81028,1.69,1.69
2018.01.23 10:49:59.963,0.81019,0.81028,1.25,2.44
2018.01.23 10:50:00.477,0.81019,0.81027,1.25,1.00
2018.01.23 10:50:00.990,0.81019,0.81028,1.25,2.44
2018.01.23 10:50:01.446,0.81018,0.81026,1.25,1.00
2018.01.23 10:50:03.745,0.81018,0.81027,1.25,1.00
2018.01.23 10:50:04.287,0.81018,0.81028,1.25,3.94
2018.01.23 10:50:04.809,0.81018,0.81027,1.25,1.00
2018.01.23 10:50:05.387,0.81018,0.81028,1.25,3.94
2018.01.23 10:50:05.915,0.81018,0.81028,1.25,4.12
2018.01.23 10:50:06.997,0.81018,0.81026,1.00,1.00
2018.01.23 10:50:07.536,0.81017,0.81027,1.69,1.25
2018.01.23 10:50:08.047,0.81018,0.81027,1.00,1.25
2018.01.23 10:50:10.884,0.81018,0.81026,1.00,1.00
2018.01.23 10:50:16.553,0.81019,0.81026,1.00,1.00
2018.01.23 10:50:17.066,0.81018,0.81026,1.25,1.00
2018.01.23 10:50:17.117,0.81018,0.81028,1.25,3.11
2018.01.23 10:50:17.615,0.81019,0.8103,1.50,2.44
2018.01.23 10:50:18.127,0.81019,0.81029,1.50,1.69
2018.01.23 10:50:26.616,0.8102,0.81029,1.00,1.69
2018.01.23 10:50:27.244,0.81019,0.81028,2.25,1.25
2018.01.23 10:50:27.937,0.81019,0.81027,1.00,3.00
2018.01.23 10:50:29.096,0.81019,0.81028,1.25,1.31
2018.01.23 10:50:32.168,0.81019,0.81029,1.69,2.44
2018.01.23 10:50:33.397,0.81019,0.81028,1.69,2.25
2018.01.23 10:50:34.947,0.81019,0.81027,1.69,1.00
2018.01.23 10:50:38.717,0.81019,0.81029,1.69,4.12
2018.01.23 10:50:42.899,0.81019,0.81027,1.25,1.00
2018.01.23 10:50:43.400,0.81019,0.81026,1.69,2.25
2018.01.23 10:50:44.517,0.81019,0.81028,1.50,3.19
2018.01.23 10:50:45.656,0.81019,0.81027,1.00,1.25
2018.01.23 10:50:46.167,0.81019,0.81028,1.00,3.19
2018.01.23 10:50:50.389,0.8102,0.81028,1.00,2.44
2018.01.23 10:50:51.950,0.8102,0.81029,1.00,2.44
2018.01.23 10:50:53.995,0.8102,0.8103,2.44,1.25
2018.01.23 10:50:54.729,0.81021,0.81031,1.00,1.44
2018.01.23 10:50:55.263,0.81022,0.81031,1.00,1.25
2018.01.23 10:50:57.531,0.81023,0.8103,1.00,1.00
2018.01.23 10:50:57.717,0.81021,0.8103,1.00,3.94
2018.01.23 10:50:58.141,0.81018,0.81027,3.37,1.25
2018.01.23 10:50:58.360,0.81016,0.81025,1.87,1.00
2018.01.23 10:50:58.935,0.81016,0.81026,3.00,1.25
2018.01.23 10:50:59.037,0.81018,0.81028,2.62,1.37
2018.01.23 10:50:59.689,0.81018,0.81027,1.87,1.25
2018.01.23 10:51:00.346,0.81019,0.81028,1.37,1.12
2018.01.23 10:51:00.611,0.81018,0.81028,2.81,1.25
2018.01.23 10:51:01.122,0.81019,0.81029,1.00,1.44
2018.01.23 10:51:01.623,0.81019,0.81029,1.25,1.25
2018.01.23 10:51:02.110,0.81023,0.8103,1.00,1.00
2018.01.23 10:51:02.161,0.81023,0.81032,1.00,2.06
2018.01.23 10:51:02.212,0.81024,0.81034,1.25,2.44
2018.01.23 10:51:02.847,0.81025,0.81033,1.69,1.00
2018.01.23 10:51:08.437,0.81025,0.81035,1.00,2.25
2018.01.23 10:51:10.299,0.81024,0.81034,1.87,1.25
2018.01.23 10:51:10.803,0.81025,0.81035,1.00,2.06
2018.01.23 10:51:14.237,0.81024,0.81034,1.00,1.69
2018.01.23 10:51:14.757,0.81024,0.81033,1.00,1.00
2018.01.23 10:51:17.430,0.81024,0.81034,1.00,1.69
2018.01.23 10:51:17.650,0.81026,0.81035,1.25,3.19
2018.01.23 10:51:18.673,0.81026,0.81035,1.00,1.44
2018.01.23 10:51:23.117,0.81026,0.81034,1.00,1.87
2018.01.23 10:51:23.168,0.81024,0.81033,1.31,1.25
2018.01.23 10:51:23.698,0.81023,0.81033,2.44,2.62
2018.01.23 10:51:24.257,0.81023,0.81031,2.44,1.00
2018.01.23 10:51:24.758,0.81023,0.81033,2.44,1.87
2018.01.23 10:51:25.943,0.81023,0.81033,2.44,1.25
2018.01.23 10:51:26.766,0.81023,0.81031,1.50,1.25
2018.01.23 10:51:26.918,0.81021,0.8103,1.12,1.25
2018.01.23 10:51:44.222,0.81023,0.81032,1.00,2.44
2018.01.23 10:51:44.577,0.81026,0.81034,1.50,1.00
2018.01.23 10:51:44.996,0.81027,0.81036,1.00,1.69
2018.01.23 10:51:45.501,0.81027,0.81035,1.00,1.00
2018.01.23 10:51:46.040,0.81028,0.81035,1.00,1.00
2018.01.23 10:51:46.561,0.81029,0.81035,1.00,1.00
2018.01.23 10:51:46.614,0.81029,0.81037,1.00,1.69
2018.01.23 10:51:46.812,0.81027,0.81035,1.25,1.00
2018.01.23 10:51:47.117,0.81026,0.81033,1.50,1.00
2018.01.23 10:51:47.627,0.81026,0.81034,1.50,3.00
2018.01.23 10:51:48.176,0.81026,0.81033,1.50,1.50
2018.01.23 10:51:48.330,0.81023,0.81031,1.00,1.00
2018.01.23 10:51:49.190,0.81023,0.8103,1.00,1.00
2018.01.23 10:51:49.309,0.81021,0.8103,2.06,1.00
2018.01.23 10:51:53.373,0.81022,0.8103,1.00,1.69
2018.01.23 10:51:54.049,0.81022,0.81031,1.50,3.19
2018.01.23 10:51:54.597,0.81023,0.8103,1.00,1.00
2018.01.23 10:51:54.975,0.81024,0.81032,1.00,1.00
2018.01.23 10:51:55.975,0.81023,0.81032,2.44,1.50
2018.01.23 10:51:56.485,0.81023,0.81031,1.69,1.00
2018.01.23 10:51:59.818,0.81024,0.81031,1.00,1.00
2018.01.23 10:52:00.580,0.81023,0.81031,1.00,1.00
2018.01.23 10:52:01.264,0.81023,0.81032,1.50,1.25
2018.01.23 10:52:06.142,0.81024,0.81033,1.25,1.00
2018.01.23 10:52:06.648,0.81025,0.81033,1.00,1.00
2018.01.23 10:52:07.259,0.81026,0.81034,1.00,1.00
2018.01.23 10:52:07.361,0.81025,0.81032,1.00,1.00
2018.01.23 10:52:07.851,0.81023,0.81032,3.57,1.50
2018.01.23 10:52:07.902,0.81023,0.81029,1.88,1.50
2018.01.23 10:52:08.422,0.8102,0.81027,1.00,1.00
2018.01.23 10:52:13.007,0.8102,0.81028,1.00,1.00
2018.01.23 10:52:14.331,0.8102,0.81028,1.00,1.00
2018.01.23 10:52:14.382,0.8102,0.81028,1.00,1.00
2018.01.23 10:52:16.348,0.81021,0.81029,1.00,1.00
2018.01.23 10:52:18.205,0.81021,0.8103,1.69,1.00
2018.01.23 10:52:20.454,0.81022,0.81031,1.25,1.00
2018.01.23 10:52:21.286,0.81023,0.81031,1.00,1.00
2018.01.23 10:52:22.756,0.81024,0.81031,1.31,1.00
2018.01.23 10:52:22.859,0.81026,0.81033,1.00,1.00
2018.01.23 10:52:23.065,0.81024,0.81032,1.00,1.50
2018.01.23 10:52:23.523,0.81022,0.8103,1.00,1.00
2018.01.23 10:52:24.567,0.81021,0.81028,1.00,1.00
2018.01.23 10:52:25.106,0.81022,0.8103,1.00,1.00
2018.01.23 10:52:25.327,0.81021,0.81028,1.25,1.00
2018.01.23 10:52:25.637,0.81016,0.81024,1.50,1.00
2018.01.23 10:52:25.739,0.81014,0.81023,1.12,1.50
2018.01.23 10:52:26.283,0.81013,0.81022,1.69,1.00
2018.01.23 10:52:26.847,0.81013,0.81023,2.62,1.00
2018.01.23 10:52:28.379,0.81013,0.81023,2.62,1.00
2018.01.23 10:52:29.822,0.81014,0.81023,1.25,1.00
2018.01.23 10:52:29.976,0.81013,0.81021,1.12,1.00
2018.01.23 10:52:30.555,0.81013,0.81022,2.62,1.00
2018.01.23 10:52:31.080,0.81013,0.81021,1.87,1.00
2018.01.23 10:52:31.662,0.81013,0.81022,2.62,1.00
2018.01.23 10:52:35.340,0.81011,0.8102,3.19,1.00
2018.01.23 10:52:35.442,0.81011,0.8102,1.00,1.50
2018.01.23 10:52:40.095,0.8101,0.81019,1.25,1.00
2018.01.23 10:52:40.627,0.8101,0.81018,1.25,1.00
2018.01.23 10:52:41.226,0.8101,0.8102,1.25,2.62
2018.01.23 10:52:47.537,0.8101,0.8102,1.25,1.69
2018.01.23 10:52:48.490,0.81011,0.8102,1.00,1.69
2018.01.23 10:52:48.593,0.81013,0.81022,1.00,1.69
2018.01.23 10:52:49.206,0.81014,0.81023,1.25,2.25
2018.01.23 10:52:50.306,0.81014,0.81023,1.00,1.44
2018.01.23 10:52:53.010,0.81014,0.81023,1.00,1.69
2018.01.23 10:52:53.900,0.81013,0.81023,1.25,1.87
2018.01.23 10:52:54.276,0.8101,0.8102,1.25,2.06
2018.01.23 10:52:55.047,0.81009,0.81019,1.69,1.25
2018.01.23 10:52:55.897,0.8101,0.81019,1.00,1.25
2018.01.23 10:52:56.407,0.81011,0.8102,1.00,1.69
2018.01.23 10:52:58.652,0.8101,0.8102,1.25,1.69
2018.01.23 10:52:59.976,0.81011,0.81021,1.00,2.44
2018.01.23 10:53:01.030,0.81012,0.81021,1.00,1.00
2018.01.23 10:53:01.955,0.81012,0.81023,1.00,3.94
2018.01.23 10:53:04.294,0.81011,0.81021,1.87,1.00
2018.01.23 10:53:04.637,0.81016,0.81024,1.25,1.50
2018.01.23 10:53:05.287,0.81017,0.81026,1.00,1.69
2018.01.23 10:53:05.814,0.81016,0.81026,1.69,1.87
2018.01.23 10:53:06.412,0.81016,0.81026,1.25,1.00
2018.01.23 10:53:07.121,0.81017,0.81026,1.00,1.00
2018.01.23 10:53:08.529,0.81016,0.81026,1.25,1.00
2018.01.23 10:53:09.076,0.81016,0.81027,1.25,2.44
2018.01.23 10:53:10.279,0.81016,0.81025,1.00,1.25
2018.01.23 10:53:11.824,0.81015,0.81025,3.19,1.25
2018.01.23 10:53:12.689,0.81016,0.81026,1.00,1.44
2018.01.23 10:53:16.700,0.81017,0.81027,1.00,1.69
2018.01.23 10:53:17.669,0.8102,0.81028,1.00,1.12
2018.01.23 10:53:17.720,0.8102,0.8103,1.25,1.00
2018.01.23 10:53:18.297,0.81021,0.8103,1.00,1.69
2018.01.23 10:53:20.156,0.81021,0.81029,1.00,1.00
2018.01.23 10:53:21.679,0.8102,0.81029,1.00,1.25
2018.01.23 10:53:22.038,0.81023,0.81031,1.00,1.25
2018.01.23 10:53:23.028,0.81017,0.81025,1.00,1.25
2018.01.23 10:53:23.079,0.81015,0.81025,1.87,1.87
2018.01.23 10:53:23.584,0.81016,0.81025,1.00,1.87
2018.01.23 10:53:24.273,0.81016,0.81025,1.00,1.69
2018.01.23 10:53:25.707,0.81015,0.81024,1.00,1.25
2018.01.23 10:53:26.224,0.81014,0.81024,1.25,1.25
2018.01.23 10:53:28.082,0.81016,0.81025,1.00,1.50
2018.01.23 10:53:29.587,0.81015,0.81025,1.25,2.25
2018.01.23 10:53:37.830,0.81015,0.81025,1.87,1.00
2018.01.23 10:53:47.941,0.81021,0.81026,1.25,1.00
2018.01.23 10:53:48.043,0.81023,0.81031,1.00,1.12
2018.01.23 10:53:51.743,0.81023,0.8103,1.00,1.00
2018.01.23 10:53:53.578,0.81022,0.8103,1.25,1.00
2018.01.23 10:53:54.999,0.81021,0.8103,1.25,1.25
2018.01.23 10:53:55.226,0.81023,0.8103,1.00,1.25
2018.01.23 10:53:55.795,0.81023,0.81032,1.00,1.37
2018.01.23 10:53:58.756,0.81021,0.81031,1.69,1.44
2018.01.23 10:53:59.063,0.81023,0.8103,1.00,1.12
2018.01.23 10:53:59.618,0.81023,0.81032,1.00,1.44
2018.01.23 10:54:00.124,0.81023,0.81032,1.25,1.12
2018.01.23 10:54:08.882,0.81024,0.81032,1.00,3.19
2018.01.23 10:54:12.059,0.81023,0.81032,1.25,3.19
2018.01.23 10:54:15.087,0.81023,0.81033,1.25,3.19
2018.01.23 10:54:15.393,0.81024,0.81033,1.00,2.06
2018.01.23 10:54:26.714,0.81024,0.8103,1.00,1.00
2018.01.23 10:54:30.167,0.81024,0.81031,1.00,2.44
2018.01.23 10:54:30.541,0.81024,0.81034,1.50,1.87
2018.01.23 10:54:30.693,0.81025,0.81035,1.69,1.25
2018.01.23 10:54:31.983,0.81026,0.81036,1.25,1.69
2018.01.23 10:54:32.529,0.81026,0.81035,1.25,2.44
2018.01.23 10:54:33.267,0.81027,0.81035,1.00,1.25
2018.01.23 10:54:37.255,0.81027,0.81034,1.00,2.25
2018.01.23 10:54:38.190,0.81028,0.81034,1.00,1.00
2018.01.23 10:54:38.242,0.81029,0.81038,1.00,3.37
2018.01.23 10:54:38.882,0.8103,0.81038,1.00,2.44
2018.01.23 10:54:39.445,0.81029,0.81037,1.50,1.00
2018.01.23 10:54:40.918,0.8103,0.81037,1.00,1.00
2018.01.23 10:54:41.457,0.8103,0.81038,1.00,2.44
2018.01.23 10:54:41.981,0.81028,0.81037,1.50,1.37
2018.01.23 10:54:42.519,0.81028,0.81035,1.50,1.00
2018.01.23 10:54:43.027,0.81028,0.81038,1.69,1.37
2018.01.23 10:54:43.846,0.81028,0.81038,1.69,1.37
2018.01.23 10:54:45.355,0.81028,0.81035,1.00,2.25
2018.01.23 10:54:48.935,0.81026,0.81034,2.25,1.00
2018.01.23 10:54:49.386,0.81027,0.81037,1.25,1.69
2018.01.23 10:54:49.928,0.81028,0.81037,1.00,1.25
2018.01.23 10:54:52.640,0.81028,0.81036,1.00,1.00
2018.01.23 10:54:53.158,0.81027,0.81036,1.00,1.25
2018.01.23 10:54:53.748,0.81027,0.81037,1.69,1.69
2018.01.23 10:54:54.275,0.81028,0.81038,1.00,3.94
2018.01.23 10:54:55.486,0.81028,0.81037,1.25,1.00
2018.01.23 10:54:57.293,0.81027,0.81038,1.69,2.44
2018.01.23 10:54:58.836,0.81027,0.81037,1.69,1.00
2018.01.23 10:54:59.371,0.81028,0.81038,1.25,1.69
2018.01.23 10:54:59.874,0.81029,0.81038,1.00,1.00
2018.01.23 10:55:00.724,0.81028,0.81038,1.69,1.00
2018.01.23 10:55:02.739,0.81029,0.81038,1.00,1.00
2018.01.23 10:55:03.801,0.81028,0.81039,2.44,1.25
2018.01.23 10:55:04.332,0.81029,0.8104,1.00,5.44
2018.01.23 10:55:04.860,0.8103,0.8104,1.00,3.19
2018.01.23 10:55:05.382,0.8103,0.81039,1.00,1.00
2018.01.23 10:55:10.140,0.8103,0.81039,1.00,1.87
2018.01.23 10:55:10.652,0.81031,0.81039,1.00,1.25
2018.01.23 10:55:12.921,0.81031,0.81038,1.00,1.00
2018.01.23 10:55:13.427,0.8103,0.81039,1.69,1.25
2018.01.23 10:55:13.970,0.81028,0.81038,3.19,1.69
2018.01.23 10:55:14.639,0.81028,0.81037,1.25,1.25
2018.01.23 10:55:18.640,0.81029,0.81038,1.00,3.19
2018.01.23 10:55:21.425,0.81028,0.81037,1.50,1.25
2018.01.23 10:55:27.349,0.81028,0.81037,1.00,1.44
2018.01.23 10:55:31.110,0.81026,0.81036,2.44,1.25
2018.01.23 10:55:37.116,0.81026,0.81035,2.25,2.62
2018.01.23 10:55:40.413,0.81024,0.81034,2.44,1.69
2018.01.23 10:55:40.927,0.81024,0.81033,1.69,1.69
2018.01.23 10:55:41.452,0.81025,0.81033,1.00,1.00
2018.01.23 10:55:41.620,0.81026,0.81035,1.50,3.19
2018.01.23 10:55:44.528,0.81026,0.81036,1.69,2.81
2018.01.23 10:55:45.095,0.81027,0.81036,1.00,1.25
2018.01.23 10:55:45.721,0.81028,0.81036,1.00,1.69
2018.01.23 10:55:46.227,0.81028,0.81037,1.00,1.69
2018.01.23 10:55:46.882,0.81027,0.81036,1.25,1.00
2018.01.23 10:55:47.386,0.81028,0.81037,1.00,1.69
2018.01.23 10:55:48.315,0.81028,0.81037,1.00,1.87
2018.01.23 10:55:48.418,0.81026,0.81036,1.69,2.44
2018.01.23 10:55:48.469,0.81025,0.81033,1.31,1.00
2018.01.23 10:55:49.366,0.81026,0.81033,1.25,1.00
2018.01.23 10:55:49.468,0.81027,0.81036,1.25,1.50
2018.01.23 10:55:49.982,0.81028,0.81035,1.00,2.44
2018.01.23 10:55:51.133,0.81027,0.81035,1.25,2.25
2018.01.23 10:55:51.796,0.81025,0.81031,1.00,1.00
2018.01.23 10:55:51.848,0.81022,0.8103,1.00,1.25
2018.01.23 10:55:51.899,0.81021,0.81028,1.50,1.00
2018.01.23 10:55:52.479,0.8102,0.81028,1.69,1.00
2018.01.23 10:55:52.941,0.81021,0.8103,1.25,1.25
2018.01.23 10:55:53.443,0.81021,0.81031,1.25,2.81
2018.01.23 10:55:54.277,0.81021,0.8103,1.25,1.00
2018.01.23 10:55:55.458,0.81025,0.8103,1.00,3.00
2018.01.23 10:55:55.560,0.81026,0.81036,1.69,2.44
2018.01.23 10:55:56.257,0.81027,0.81036,1.00,3.19
2018.01.23 10:55:57.159,0.81028,0.81036,1.00,3.19
2018.01.23 10:56:01.115,0.81029,0.81036,1.25,1.00
2018.01.23 10:56:06.062,0.81029,0.81038,1.25,4.69
2018.01.23 10:56:14.300,0.81029,0.81038,1.00,5.06
2018.01.23 10:56:14.405,0.81029,0.81036,1.00,1.00
2018.01.23 10:56:20.248,0.8103,0.81038,1.00,2.44
2018.01.23 10:56:21.035,0.81029,0.81038,1.25,2.62
2018.01.23 10:56:22.351,0.81029,0.81036,1.25,1.00
2018.01.23 10:56:24.851,0.81028,0.81036,1.69,1.00
2018.01.23 10:56:25.208,0.81027,0.81033,1.00,1.00
2018.01.23 10:56:25.827,0.81026,0.81033,1.69,1.00
2018.01.23 10:56:26.814,0.81026,0.81035,1.69,1.00
2018.01.23 10:56:27.370,0.81027,0.81035,1.00,1.00
2018.01.23 10:56:28.186,0.81027,0.81034,1.25,1.00
2018.01.23 10:56:30.367,0.81027,0.81035,1.69,3.00
2018.01.23 10:56:31.668,0.81027,0.81034,1.69,1.00
2018.01.23 10:56:32.218,0.81027,0.81035,1.69,3.00
2018.01.23 10:56:42.570,0.81028,0.81035,1.00,1.00
2018.01.23 10:56:42.621,0.81027,0.81033,1.00,1.00
2018.01.23 10:56:42.724,0.81023,0.81032,1.00,1.87
2018.01.23 10:56:43.436,0.81022,0.81031,1.50,2.44
2018.01.23 10:56:43.487,0.8102,0.8103,2.25,1.87
2018.01.23 10:56:44.299,0.8102,0.81026,2.25,2.25
2018.01.23 10:56:44.756,0.8102,0.81028,2.25,1.25
2018.01.23 10:56:45.257,0.8102,0.81027,2.44,1.00
2018.01.23 10:56:49.277,0.8102,0.81026,1.00,1.00
2018.01.23 10:56:50.371,0.8102,0.81027,1.00,2.25
2018.01.23 10:56:51.367,0.8102,0.81028,1.50,2.62
2018.01.23 10:56:52.707,0.81019,0.81028,1.00,1.69
2018.01.23 10:56:52.911,0.81019,0.81024,1.00,1.00
2018.01.23 10:56:53.428,0.81019,0.81025,1.00,2.25
2018.01.23 10:56:53.823,0.8102,0.81028,1.50,1.00
2018.01.23 10:56:54.411,0.81019,0.81027,1.50,1.25
2018.01.23 10:56:55.459,0.81019,0.81028,1.69,2.44
2018.01.23 10:56:56.007,0.81019,0.81027,1.69,1.00
2018.01.23 10:56:56.512,0.8102,0.81028,1.00,1.25
2018.01.23 10:56:58.634,0.81019,0.81028,1.00,2.06
2018.01.23 10:56:59.996,0.81019,0.81025,1.50,1.00
2018.01.23 10:57:03.574,0.81019,0.81027,1.69,3.00
2018.01.23 10:57:04.028,0.8102,0.81025,1.00,1.00
2018.01.23 10:57:04.579,0.81019,0.81026,1.69,2.25
2018.01.23 10:57:05.081,0.81019,0.81025,1.50,2.25
2018.01.23 10:57:05.596,0.81019,0.81026,1.69,1.00
2018.01.23 10:57:06.127,0.8102,0.81026,1.00,2.25
2018.01.23 10:57:09.966,0.8102,0.81025,1.00,1.00
2018.01.23 10:57:13.664,0.8102,0.81027,1.00,1.50
2018.01.23 10:57:19.614,0.81019,0.81027,1.00,1.25
2018.01.23 10:57:20.477,0.81019,0.81026,1.25,1.00
2018.01.23 10:57:20.983,0.81018,0.81025,1.50,1.00
2018.01.23 10:57:23.215,0.81017,0.81024,1.50,1.00
2018.01.23 10:57:24.161,0.81017,0.81023,1.00,1.00
2018.01.23 10:57:24.263,0.81015,0.8102,1.00,2.25
2018.01.23 10:57:25.267,0.81015,0.81021,1.00,2.25
2018.01.23 10:57:27.154,0.81015,0.81022,1.00,1.00
2018.01.23 10:57:27.920,0.81014,0.81022,2.25,1.25
2018.01.23 10:57:28.457,0.81014,0.81021,2.25,1.00
2018.01.23 10:57:29.001,0.81014,0.81022,2.44,1.50
2018.01.23 10:57:35.877,0.81015,0.81022,1.00,1.00
2018.01.23 10:57:39.061,0.81015,0.81023,1.00,1.35
2018.01.23 10:57:49.976,0.81015,0.81022,1.00,1.00
2018.01.23 10:57:51.048,0.81014,0.81022,1.69,1.00
2018.01.23 10:57:52.692,0.81014,0.81023,1.69,1.35
2018.01.23 10:57:53.101,0.81014,0.81021,1.00,1.00
2018.01.23 10:57:53.941,0.81013,0.81021,1.50,1.00
2018.01.23 10:57:54.646,0.81013,0.8102,1.00,1.00
2018.01.23 10:57:55.959,0.81013,0.81021,1.00,1.00
2018.01.23 10:57:56.498,0.81014,0.81022,1.50,3.79
2018.01.23 10:57:58.886,0.81014,0.8102,1.00,1.50
2018.01.23 10:57:59.213,0.81004,0.81012,2.44,1.00
2018.01.23 10:57:59.722,0.81004,0.81011,1.00,2.25
2018.01.23 10:58:00.270,0.81003,0.81011,1.69,2.25
2018.01.23 10:58:01.031,0.81003,0.81012,1.69,1.00
2018.01.23 10:58:02.185,0.81003,0.81011,1.50,1.00
2018.01.23 10:58:04.548,0.81004,0.81012,1.00,1.00
2018.01.23 10:58:05.406,0.81005,0.81013,1.00,3.75
2018.01.23 10:58:05.937,0.81004,0.81012,1.69,1.50
2018.01.23 10:58:06.439,0.81005,0.81013,1.50,2.25
2018.01.23 10:58:07.387,0.81005,0.81012,1.50,1.00
2018.01.23 10:58:08.590,0.81005,0.81013,1.25,3.75
2018.01.23 10:58:10.143,0.81005,0.81012,1.69,1.00
2018.01.23 10:58:11.048,0.81005,0.81013,1.25,2.25
2018.01.23 10:58:11.588,0.81005,0.81012,1.25,1.00
2018.01.23 10:58:12.499,0.81005,0.81013,1.25,1.00
2018.01.23 10:58:14.708,0.81006,0.81015,1.00,1.25
2018.01.23 10:58:15.212,0.81005,0.81014,1.25,1.00
2018.01.23 10:58:17.018,0.81004,0.81014,3.56,1.25
2018.01.23 10:58:18.549,0.81004,0.81013,3.56,1.00
2018.01.23 10:58:20.046,0.81004,0.81014,3.56,1.69
2018.01.23 10:58:21.047,0.81005,0.81013,1.00,1.25
2018.01.23 10:58:21.550,0.81005,0.81014,1.00,1.69
2018.01.23 10:58:23.886,0.81006,0.81014,1.00,1.25
2018.01.23 10:58:25.025,0.81006,0.81015,1.00,1.69
2018.01.23 10:58:33.032,0.81005,0.81015,1.69,1.69
2018.01.23 10:58:33.452,0.81005,0.81011,1.00,1.00
2018.01.23 10:58:34.202,0.81005,0.81012,1.25,1.00
2018.01.23 10:58:35.214,0.81006,0.81013,1.00,1.00
2018.01.23 10:58:35.949,0.81005,0.81014,1.25,3.00
2018.01.23 10:58:37.981,0.81006,0.81014,1.25,1.50
2018.01.23 10:58:38.937,0.81006,0.81013,1.00,1.00
2018.01.23 10:58:39.663,0.81005,0.81014,1.25,3.00
2018.01.23 10:58:43.519,0.81005,0.81013,1.00,1.00
2018.01.23 10:58:44.835,0.81005,0.81014,1.00,3.19
2018.01.23 10:58:54.177,0.81004,0.81014,1.69,2.44
2018.01.23 10:58:56.714,0.81004,0.81014,1.50,2.62
2018.01.23 10:58:58.683,0.81004,0.81014,1.69,2.44
2018.01.23 10:59:00.067,0.81005,0.81014,1.00,2.44
2018.01.23 10:59:10.011,0.81005,0.81014,1.00,2.81
2018.01.23 10:59:12.320,0.81005,0.81012,1.00,1.00
2018.01.23 10:59:13.054,0.81004,0.81013,1.00,1.69
2018.01.23 10:59:13.357,0.81002,0.8101,1.69,1.00
2018.01.23 10:59:14.135,0.81002,0.81012,1.69,2.06
2018.01.23 10:59:14.683,0.81002,0.81012,1.50,2.25
2018.01.23 10:59:15.633,0.81002,0.8101,1.69,1.00
2018.01.23 10:59:27.344,0.81003,0.8101,1.00,1.00
2018.01.23 10:59:27.487,0.81003,0.81012,1.00,2.06
2018.01.23 10:59:28.159,0.81003,0.81011,1.00,1.00
2018.01.23 10:59:28.766,0.81003,0.81012,1.00,2.06
2018.01.23 10:59:29.495,0.81003,0.81013,1.69,2.44
2018.01.23 10:59:30.108,0.81004,0.81013,1.25,1.50
2018.01.23 10:59:30.627,0.81005,0.81013,1.00,1.50
2018.01.23 10:59:31.383,0.81004,0.81013,1.69,1.50
2018.01.23 10:59:36.175,0.81005,0.81013,1.00,1.50
2018.01.23 10:59:36.775,0.81004,0.81013,2.62,1.50
2018.01.23 10:59:39.539,0.81005,0.81013,1.00,1.50
2018.01.23 10:59:43.899,0.81004,0.81013,2.62,1.50
2018.01.23 10:59:44.417,0.81005,0.81013,1.25,1.00
2018.01.23 10:59:47.769,0.81005,0.81015,1.50,1.50
2018.01.23 10:59:48.286,0.81006,0.81015,1.00,1.00
2018.01.23 10:59:48.792,0.81007,0.81015,1.00,1.50
2018.01.23 10:59:49.352,0.81006,0.81015,1.00,1.50
2018.01.23 10:59:55.444,0.81006,0.81016,1.25,1.50
