2014.12.12 15:00:00.166,0.92612,0.92645,2.20,1.17
2014.12.12 15:00:00.267,0.92614,0.9265,1.27,1.15
2014.12.12 15:00:00.368,0.92618,0.9265,1.27,1.00
2014.12.12 15:00:00.570,0.92619,0.92653,1.27,1.45
2014.12.12 15:00:01.176,0.92619,0.92656,1.27,3.30
2014.12.12 15:00:01.277,0.92621,0.92655,3.07,1.30
2014.12.12 15:00:01.328,0.9262,0.9265,3.07,1.30
2014.12.12 15:00:01.378,0.92619,0.9265,1.15,1.30
2014.12.12 15:00:01.530,0.92615,0.92649,2.70,1.37
2014.12.12 15:00:01.682,0.92618,0.92646,1.00,1.05
2014.12.12 15:00:01.784,0.92615,0.92648,2.32,1.37
2014.12.12 15:00:01.886,0.92615,0.9265,2.32,1.10
2014.12.12 15:00:02.289,0.92619,0.9265,2.32,1.72
2014.12.12 15:00:02.491,0.92619,0.92656,2.32,1.87
2014.12.12 15:00:02.743,0.92619,0.92648,2.32,1.30
2014.12.12 15:00:02.894,0.9262,0.92649,1.20,1.30
2014.12.12 15:00:02.965,0.92623,0.9265,1.00,1.10
2014.12.12 15:00:03.015,0.9262,0.9265,1.10,1.10
2014.12.12 15:00:03.166,0.92622,0.92655,1.00,4.05
2014.12.12 15:00:03.217,0.92617,0.92654,1.90,1.45
2014.12.12 15:00:03.318,0.9262,0.92655,1.47,2.32
2014.12.12 15:00:03.822,0.9262,0.92651,2.70,1.30
2014.12.12 15:00:03.873,0.9262,0.92653,3.45,1.30
2014.12.12 15:00:04.058,0.92626,0.92653,1.45,1.30
2014.12.12 15:00:04.109,0.92626,0.92656,1.52,1.30
2014.12.12 15:00:04.160,0.9263,0.92656,1.07,1.30
2014.12.12 15:00:04.210,0.9263,0.9266,1.15,1.00
2014.12.12 15:00:04.261,0.9263,0.92664,3.07,1.37
2014.12.12 15:00:04.312,0.92631,0.92665,2.32,1.00
2014.12.12 15:00:04.463,0.92631,0.92665,3.45,1.00
2014.12.12 15:00:04.766,0.92634,0.92655,1.00,1.00
2014.12.12 15:00:04.817,0.92626,0.92655,1.15,1.00
2014.12.12 15:00:04.868,0.92626,0.92651,1.15,1.30
2014.12.12 15:00:04.975,0.92623,0.92655,2.32,1.00
2014.12.12 15:00:05.027,0.92629,0.92655,1.17,1.00
2014.12.12 15:00:05.128,0.92627,0.92655,1.10,1.00
2014.12.12 15:00:05.279,0.92627,0.92653,1.10,1.30
2014.12.12 15:00:05.582,0.92619,0.9265,2.25,1.72
2014.12.12 15:00:05.633,0.92616,0.9265,2.02,1.80
2014.12.12 15:00:05.734,0.92616,0.92648,2.02,1.30
2014.12.12 15:00:05.942,0.92616,0.9265,1.52,1.10
2014.12.12 15:00:05.993,0.92622,0.9265,1.07,1.10
2014.12.12 15:00:06.296,0.92628,0.92655,2.32,1.00
2014.12.12 15:00:06.901,0.92632,0.9266,1.17,1.00
2014.12.12 15:00:07.153,0.92632,0.9266,2.32,1.00
2014.12.12 15:00:07.457,0.92631,0.92655,3.07,1.00
2014.12.12 15:00:07.507,0.92629,0.92655,1.15,1.00
2014.12.12 15:00:07.659,0.92629,0.92659,1.27,1.30
2014.12.12 15:00:07.868,0.9263,0.9266,1.10,1.17
2014.12.12 15:00:07.919,0.92629,0.92655,1.17,1.00
2014.12.12 15:00:08.172,0.92623,0.92657,1.52,1.12
2014.12.12 15:00:08.374,0.92625,0.92658,3.07,1.30
2014.12.12 15:00:08.878,0.92625,0.92655,2.32,1.00
2014.12.12 15:00:09.096,0.92621,0.92654,2.70,1.30
2014.12.12 15:00:09.248,0.92621,0.92652,2.70,1.30
2014.12.12 15:00:09.350,0.92621,0.92654,3.45,1.30
2014.12.12 15:00:09.918,0.92621,0.92653,4.20,1.30
2014.12.12 15:00:09.969,0.92621,0.9265,2.70,1.00
2014.12.12 15:00:10.722,0.92622,0.9265,1.27,1.00
2014.12.12 15:00:11.203,0.92624,0.92653,1.52,1.30
2014.12.12 15:00:11.456,0.92621,0.92649,3.07,1.30
2014.12.12 15:00:11.507,0.9262,0.92649,2.02,1.30
2014.12.12 15:00:11.659,0.92621,0.9264,1.17,1.30
2014.12.12 15:00:11.709,0.92614,0.9264,1.52,1.30
2014.12.12 15:00:12.112,0.92611,0.92644,1.50,1.45
2014.12.12 15:00:12.415,0.92612,0.92644,3.82,1.30
2014.12.12 15:00:12.818,0.92611,0.92644,1.82,1.12
2014.12.12 15:00:12.869,0.92611,0.9264,1.82,1.00
2014.12.12 15:00:12.919,0.92611,0.9264,1.12,1.00
2014.12.12 15:00:13.089,0.92605,0.92639,3.45,1.30
2014.12.12 15:00:13.190,0.92602,0.9263,2.25,1.00
2014.12.12 15:00:13.493,0.92605,0.9263,2.32,1.00
2014.12.12 15:00:13.645,0.92605,0.9264,2.32,1.10
2014.12.12 15:00:13.998,0.92602,0.92639,1.87,1.45
2014.12.12 15:00:14.502,0.926,0.92635,1.45,1.15
2014.12.12 15:00:14.603,0.92598,0.9263,1.15,1.00
2014.12.12 15:00:14.855,0.92598,0.92635,1.15,1.15
2014.12.12 15:00:15.224,0.92602,0.92635,2.32,1.15
2014.12.12 15:00:15.526,0.92605,0.92638,2.32,1.45
2014.12.12 15:00:15.829,0.92603,0.92635,4.50,1.00
2014.12.12 15:00:16.332,0.92603,0.9264,4.50,1.45
2014.12.12 15:00:16.382,0.92603,0.92638,2.32,3.30
2014.12.12 15:00:16.433,0.926,0.92636,2.32,2.32
2014.12.12 15:00:16.679,0.92602,0.92636,2.32,2.32
2014.12.12 15:00:16.730,0.92603,0.92638,2.32,2.32
2014.12.12 15:00:16.780,0.92603,0.92636,2.32,2.32
2014.12.12 15:00:16.932,0.92601,0.92635,1.87,2.70
2014.12.12 15:00:17.238,0.92603,0.92635,2.70,1.15
2014.12.12 15:00:18.356,0.92604,0.92638,2.70,3.67
2014.12.12 15:00:18.457,0.92609,0.92639,3.07,1.37
2014.12.12 15:00:18.507,0.9261,0.92645,3.07,5.17
2014.12.12 15:00:18.558,0.9261,0.92645,3.07,3.30
2014.12.12 15:00:18.659,0.92613,0.92645,1.12,2.32
2014.12.12 15:00:18.710,0.92615,0.92648,1.15,2.32
2014.12.12 15:00:18.760,0.92615,0.92648,4.20,2.32
2014.12.12 15:00:18.811,0.92617,0.92652,1.82,2.32
2014.12.12 15:00:18.862,0.92618,0.92652,2.70,2.32
2014.12.12 15:00:18.913,0.92619,0.9265,2.70,1.10
2014.12.12 15:00:18.963,0.92621,0.9265,2.32,1.10
2014.12.12 15:00:19.367,0.92622,0.92655,2.32,1.15
2014.12.12 15:00:19.518,0.92622,0.92655,2.32,1.52
2014.12.12 15:00:19.619,0.92622,0.92655,2.32,1.15
2014.12.12 15:00:20.751,0.92619,0.92654,1.15,2.32
2014.12.12 15:00:21.529,0.92617,0.92645,2.32,1.00
2014.12.12 15:00:21.580,0.92615,0.92645,2.32,1.72
2014.12.12 15:00:21.731,0.92618,0.92646,2.32,1.00
2014.12.12 15:00:21.832,0.92618,0.9265,2.32,1.17
2014.12.12 15:00:21.933,0.92617,0.9265,2.32,1.17
2014.12.12 15:00:21.984,0.92615,0.9265,3.07,1.15
2014.12.12 15:00:22.034,0.92617,0.9265,2.32,1.17
2014.12.12 15:00:22.085,0.92617,0.9265,4.50,1.20
2014.12.12 15:00:22.543,0.92622,0.9265,1.05,3.07
2014.12.12 15:00:22.694,0.92623,0.92655,2.32,1.17
2014.12.12 15:00:23.238,0.92622,0.92655,2.32,1.17
2014.12.12 15:00:23.289,0.9262,0.92655,4.05,1.15
2014.12.12 15:00:23.340,0.92623,0.92655,2.32,1.15
2014.12.12 15:00:23.390,0.92623,0.92657,3.07,1.45
2014.12.12 15:00:23.441,0.92623,0.92655,1.15,2.25
2014.12.12 15:00:23.794,0.92622,0.92653,2.32,1.05
2014.12.12 15:00:23.845,0.92621,0.92653,2.32,1.37
2014.12.12 15:00:23.895,0.9262,0.92652,1.15,1.45
2014.12.12 15:00:24.047,0.9262,0.92651,1.15,3.07
2014.12.12 15:00:24.097,0.9262,0.92651,1.17,3.07
2014.12.12 15:00:24.304,0.9262,0.92655,1.15,3.07
2014.12.12 15:00:24.455,0.92622,0.9265,2.25,1.00
2014.12.12 15:00:24.606,0.92622,0.92657,3.30,2.32
2014.12.12 15:00:24.758,0.92626,0.92655,2.32,1.07
2014.12.12 15:00:24.809,0.92626,0.92655,2.32,1.00
2014.12.12 15:00:24.860,0.92624,0.92655,3.30,1.17
2014.12.12 15:00:25.072,0.92627,0.92655,2.32,1.10
2014.12.12 15:00:25.123,0.92627,0.92662,3.30,2.32
2014.12.12 15:00:25.174,0.9263,0.92663,2.32,1.12
2014.12.12 15:00:25.678,0.9263,0.9266,2.32,1.00
2014.12.12 15:00:26.462,0.92628,0.92655,2.32,1.00
2014.12.12 15:00:26.563,0.92626,0.92655,2.32,1.07
2014.12.12 15:00:26.664,0.92625,0.9265,1.45,1.00
2014.12.12 15:00:26.916,0.92628,0.92659,1.05,2.32
2014.12.12 15:00:26.967,0.92628,0.9266,1.45,1.15
2014.12.12 15:00:27.337,0.92627,0.92655,2.32,1.00
2014.12.12 15:00:27.388,0.9263,0.92655,1.30,1.10
2014.12.12 15:00:27.489,0.9263,0.92655,1.45,1.00
2014.12.12 15:00:27.691,0.9263,0.9266,2.32,1.10
2014.12.12 15:00:29.148,0.9263,0.92659,2.32,1.67
2014.12.12 15:00:29.299,0.92624,0.92655,2.70,1.77
2014.12.12 15:00:29.665,0.92624,0.9265,2.32,1.00
2014.12.12 15:00:29.716,0.9262,0.9265,2.32,1.00
2014.12.12 15:00:30.221,0.9262,0.92646,2.32,1.00
2014.12.12 15:00:30.423,0.92624,0.92655,2.32,1.70
2014.12.12 15:00:30.826,0.9262,0.92655,3.82,2.47
2014.12.12 15:00:30.877,0.9262,0.9265,2.32,1.00
2014.12.12 15:00:31.108,0.92618,0.9265,3.67,1.07
2014.12.12 15:00:32.143,0.92618,0.9265,2.70,2.17
2014.12.12 15:00:32.244,0.92616,0.92648,4.87,1.65
2014.12.12 15:00:33.050,0.92619,0.9265,2.32,3.00
2014.12.12 15:00:33.567,0.92619,0.9265,2.32,3.00
2014.12.12 15:00:34.161,0.92618,0.92646,2.32,1.20
2014.12.12 15:00:34.211,0.92613,0.92645,3.07,1.12
2014.12.12 15:00:34.262,0.92612,0.9264,2.70,1.10
2014.12.12 15:00:34.313,0.9261,0.9264,4.20,1.10
2014.12.12 15:00:34.679,0.92609,0.92638,2.32,1.37
2014.12.12 15:00:34.729,0.92606,0.92638,2.32,1.12
2014.12.12 15:00:34.931,0.92606,0.92635,2.32,1.00
2014.12.12 15:00:35.334,0.92606,0.92632,2.70,1.30
2014.12.12 15:00:35.435,0.92604,0.92632,2.70,1.30
2014.12.12 15:00:36.005,0.92604,0.9263,2.70,1.30
2014.12.12 15:00:36.267,0.926,0.92627,2.70,1.30
2014.12.12 15:00:36.318,0.92598,0.92626,3.07,1.30
2014.12.12 15:00:36.440,0.92598,0.92626,2.62,1.37
2014.12.12 15:00:36.490,0.92594,0.92625,2.32,1.17
2014.12.12 15:00:36.642,0.92594,0.92626,2.32,1.12
2014.12.12 15:00:36.692,0.92597,0.92626,2.32,1.05
2014.12.12 15:00:37.100,0.92597,0.92622,2.32,1.30
2014.12.12 15:00:37.503,0.92597,0.9262,2.32,1.30
2014.12.12 15:00:37.622,0.92594,0.92618,2.32,1.30
2014.12.12 15:00:37.824,0.92591,0.92619,2.32,1.30
2014.12.12 15:00:37.875,0.92591,0.92626,2.32,1.45
2014.12.12 15:00:37.926,0.92598,0.9262,2.32,1.00
2014.12.12 15:00:38.027,0.9259,0.92619,3.07,1.30
2014.12.12 15:00:38.178,0.9259,0.92622,2.32,1.12
2014.12.12 15:00:38.388,0.9259,0.92621,1.15,1.37
2014.12.12 15:00:38.439,0.9259,0.92621,1.15,1.45
2014.12.12 15:00:38.660,0.92595,0.92622,1.00,1.45
2014.12.12 15:00:38.710,0.92595,0.92623,1.00,1.45
2014.12.12 15:00:38.761,0.9259,0.9262,1.15,1.00
2014.12.12 15:00:39.074,0.92587,0.92617,2.32,1.05
2014.12.12 15:00:39.624,0.92584,0.92615,1.15,1.12
2014.12.12 15:00:39.725,0.9258,0.92614,2.70,1.45
2014.12.12 15:00:40.030,0.92583,0.92614,2.32,1.05
2014.12.12 15:00:40.333,0.92586,0.92612,2.32,1.30
2014.12.12 15:00:40.434,0.92583,0.92613,2.32,1.30
2014.12.12 15:00:40.535,0.92586,0.92615,2.32,1.30
2014.12.12 15:00:40.837,0.92588,0.92616,2.32,1.30
2014.12.12 15:00:41.044,0.92588,0.92618,2.32,1.30
2014.12.12 15:00:41.203,0.92591,0.92618,2.32,1.30
2014.12.12 15:00:41.254,0.92591,0.9262,2.32,1.00
2014.12.12 15:00:41.305,0.92591,0.92622,2.32,1.05
2014.12.12 15:00:41.356,0.92591,0.9262,2.32,1.30
2014.12.12 15:00:41.558,0.92588,0.92623,2.32,2.32
2014.12.12 15:00:41.709,0.92587,0.92618,2.32,1.37
2014.12.12 15:00:41.760,0.92585,0.92618,2.32,1.45
2014.12.12 15:00:42.213,0.92588,0.92618,2.32,1.37
2014.12.12 15:00:42.566,0.92586,0.9261,2.32,1.30
2014.12.12 15:00:42.833,0.92582,0.92611,2.32,1.30
2014.12.12 15:00:43.035,0.92582,0.92609,2.32,1.30
2014.12.12 15:00:43.237,0.9258,0.92609,2.70,1.30
2014.12.12 15:00:43.338,0.92576,0.92609,2.92,1.45
2014.12.12 15:00:43.893,0.92576,0.92609,3.07,1.45
2014.12.12 15:00:44.407,0.92576,0.92609,3.07,1.45
2014.12.12 15:00:44.926,0.92576,0.92608,3.07,1.12
2014.12.12 15:00:45.231,0.92581,0.92615,3.07,1.87
2014.12.12 15:00:45.333,0.92585,0.92615,2.70,1.10
2014.12.12 15:00:46.124,0.92588,0.92615,2.70,1.00
2014.12.12 15:00:46.587,0.92588,0.92619,2.70,1.50
2014.12.12 15:00:46.890,0.92589,0.92621,5.25,1.30
2014.12.12 15:00:46.991,0.92593,0.92624,2.70,3.15
2014.12.12 15:00:47.405,0.92593,0.92621,2.70,1.30
2014.12.12 15:00:47.556,0.92588,0.92622,2.32,1.12
2014.12.12 15:00:47.758,0.92592,0.92624,2.32,1.12
2014.12.12 15:00:48.261,0.92595,0.92623,2.32,1.30
2014.12.12 15:00:48.412,0.92595,0.92629,2.32,1.45
2014.12.12 15:00:48.463,0.92598,0.92629,2.32,1.05
2014.12.12 15:00:48.765,0.92601,0.92631,2.32,1.00
2014.12.12 15:00:49.068,0.92597,0.92625,2.32,1.30
2014.12.12 15:00:49.399,0.92597,0.92627,2.32,1.30
2014.12.12 15:00:49.752,0.92597,0.92623,2.32,1.30
2014.12.12 15:00:49.954,0.92597,0.92626,2.32,1.30
2014.12.12 15:00:50.055,0.92597,0.92624,2.32,1.30
2014.12.12 15:00:50.156,0.92595,0.92624,1.15,1.30
2014.12.12 15:00:50.257,0.92595,0.92622,1.15,1.30
2014.12.12 15:00:50.761,0.92594,0.92623,2.32,1.30
2014.12.12 15:00:51.306,0.92594,0.92624,2.32,1.30
2014.12.12 15:00:52.251,0.92594,0.92626,3.45,1.05
2014.12.12 15:00:52.503,0.92595,0.92623,2.70,1.30
2014.12.12 15:00:52.604,0.92595,0.92625,2.70,1.30
2014.12.12 15:00:52.806,0.92595,0.92622,2.70,1.30
2014.12.12 15:00:52.958,0.92592,0.92622,1.27,1.30
2014.12.12 15:00:53.260,0.92593,0.92627,1.27,1.12
2014.12.12 15:00:53.361,0.92593,0.92622,1.52,1.30
2014.12.12 15:00:53.866,0.92594,0.92622,1.52,1.30
2014.12.12 15:00:53.917,0.92591,0.92624,3.07,1.30
2014.12.12 15:00:54.018,0.92591,0.92623,3.07,1.30
2014.12.12 15:00:54.119,0.92591,0.92622,3.07,1.30
2014.12.12 15:00:54.422,0.92594,0.92623,1.50,1.30
2014.12.12 15:00:54.472,0.92596,0.92628,3.07,1.30
2014.12.12 15:00:54.573,0.92596,0.92626,2.32,1.30
2014.12.12 15:00:55.329,0.92596,0.92629,2.32,1.30
2014.12.12 15:00:55.379,0.926,0.92629,2.32,1.30
2014.12.12 15:00:55.704,0.92596,0.92626,2.32,1.30
2014.12.12 15:00:56.230,0.92596,0.92625,2.70,1.30
2014.12.12 15:00:56.441,0.92596,0.92629,3.07,1.30
2014.12.12 15:00:56.643,0.926,0.92635,3.07,1.10
2014.12.12 15:00:56.845,0.926,0.92635,2.70,1.47
2014.12.12 15:00:56.896,0.92604,0.92632,2.70,1.30
2014.12.12 15:00:56.998,0.92599,0.92632,4.05,1.67
2014.12.12 15:00:57.099,0.92599,0.92625,2.70,1.00
2014.12.12 15:00:57.301,0.92594,0.92622,3.07,1.30
2014.12.12 15:00:57.402,0.92589,0.92622,1.27,1.30
2014.12.12 15:00:57.554,0.92588,0.92624,4.05,1.37
2014.12.12 15:00:57.755,0.92592,0.92625,2.25,1.80
2014.12.12 15:00:58.259,0.92592,0.92628,2.32,1.45
2014.12.12 15:00:58.571,0.92595,0.92627,2.70,1.30
2014.12.12 15:00:58.773,0.92595,0.92629,2.70,1.35
2014.12.12 15:00:58.874,0.92599,0.92629,2.70,1.30
2014.12.12 15:00:59.076,0.92599,0.92635,3.45,1.50
2014.12.12 15:00:59.126,0.92599,0.92635,3.45,1.45
2014.12.12 15:00:59.177,0.92603,0.92639,3.07,1.82
2014.12.12 15:00:59.293,0.92607,0.92639,2.70,1.67
2014.12.12 15:00:59.596,0.92607,0.92634,2.70,1.30
2014.12.12 15:00:59.698,0.92602,0.92631,2.32,1.30
2014.12.12 15:00:59.748,0.92602,0.92627,2.32,1.30
2014.12.12 15:00:59.900,0.92598,0.92624,2.32,1.30
2014.12.12 15:01:00.001,0.92593,0.92623,4.87,1.30
2014.12.12 15:01:00.051,0.92593,0.9262,4.50,1.30
2014.12.12 15:01:00.203,0.9259,0.92618,1.15,1.30
2014.12.12 15:01:00.304,0.9259,0.92623,1.15,1.05
2014.12.12 15:01:00.405,0.9259,0.92621,1.15,1.30
2014.12.12 15:01:00.607,0.92584,0.92618,2.70,1.30
2014.12.12 15:01:00.960,0.92584,0.92616,2.32,1.30
2014.12.12 15:01:01.010,0.92579,0.92616,4.87,1.12
2014.12.12 15:01:01.198,0.92585,0.92617,2.32,1.30
2014.12.12 15:01:01.303,0.92585,0.92619,2.32,1.30
2014.12.12 15:01:01.403,0.9259,0.92617,1.10,1.30
2014.12.12 15:01:01.720,0.9259,0.92611,2.32,1.30
2014.12.12 15:01:01.829,0.92586,0.92611,2.32,1.30
2014.12.12 15:01:01.930,0.9258,0.92612,3.07,1.30
2014.12.12 15:01:02.174,0.9258,0.92615,2.70,1.05
2014.12.12 15:01:02.376,0.9258,0.9261,2.70,1.30
2014.12.12 15:01:02.678,0.92581,0.92608,2.70,1.30
2014.12.12 15:01:03.096,0.92581,0.9261,2.70,1.30
2014.12.12 15:01:03.253,0.92581,0.92615,2.70,1.80
2014.12.12 15:01:03.407,0.92585,0.92619,2.32,1.30
2014.12.12 15:01:03.710,0.92585,0.92614,2.32,1.30
2014.12.12 15:01:04.012,0.92585,0.92612,2.32,1.30
2014.12.12 15:01:04.134,0.92581,0.92612,2.70,1.30
2014.12.12 15:01:04.235,0.92581,0.92616,2.70,1.12
2014.12.12 15:01:04.436,0.92584,0.92612,2.32,1.30
2014.12.12 15:01:04.537,0.92584,0.92615,2.32,1.30
2014.12.12 15:01:04.990,0.92584,0.92617,2.32,1.30
2014.12.12 15:01:05.552,0.92584,0.92617,3.07,1.30
2014.12.12 15:01:06.207,0.92584,0.92618,3.07,1.30
2014.12.12 15:01:06.750,0.92584,0.92612,2.70,1.30
2014.12.12 15:01:06.951,0.92581,0.92612,2.70,1.30
2014.12.12 15:01:07.466,0.92581,0.92613,2.70,1.30
2014.12.12 15:01:07.988,0.92581,0.92614,2.70,1.30
2014.12.12 15:01:08.294,0.92581,0.92611,2.70,1.30
2014.12.12 15:01:08.547,0.92575,0.92608,5.25,1.30
2014.12.12 15:01:09.075,0.92575,0.92609,4.87,1.35
2014.12.12 15:01:09.479,0.92575,0.92607,5.25,1.30
2014.12.12 15:01:09.983,0.92575,0.92605,5.25,1.00
2014.12.12 15:01:10.185,0.92575,0.9261,5.25,2.10
2014.12.12 15:01:10.346,0.92575,0.92607,5.25,1.30
2014.12.12 15:01:10.851,0.92575,0.92608,5.25,1.30
2014.12.12 15:01:11.153,0.92575,0.9261,6.75,1.00
2014.12.12 15:01:11.204,0.92581,0.92612,3.00,1.05
2014.12.12 15:01:11.256,0.92581,0.92614,3.07,1.30
2014.12.12 15:01:11.307,0.92581,0.92614,3.07,1.30
2014.12.12 15:01:11.357,0.92581,0.92617,3.07,1.12
2014.12.12 15:01:11.559,0.92585,0.92614,2.70,1.30
2014.12.12 15:01:11.775,0.92585,0.92616,2.70,1.30
2014.12.12 15:01:12.317,0.92585,0.92615,3.07,1.00
2014.12.12 15:01:12.837,0.92585,0.92616,2.70,1.30
2014.12.12 15:01:13.353,0.92585,0.92615,3.07,1.30
2014.12.12 15:01:13.569,0.92585,0.92617,3.07,1.30
2014.12.12 15:01:14.073,0.92585,0.92617,2.70,1.30
2014.12.12 15:01:14.197,0.92585,0.92613,2.70,1.30
2014.12.12 15:01:14.348,0.9258,0.92614,3.07,1.30
2014.12.12 15:01:14.399,0.92584,0.92614,2.70,1.30
2014.12.12 15:01:14.651,0.9258,0.92613,3.07,1.30
2014.12.12 15:01:14.903,0.9258,0.9261,3.45,1.00
2014.12.12 15:01:15.253,0.92582,0.92611,2.70,1.72
2014.12.12 15:01:15.557,0.92579,0.92609,3.45,1.30
2014.12.12 15:01:16.065,0.92579,0.9261,3.45,1.80
2014.12.12 15:01:16.536,0.92579,0.92608,3.07,1.30
2014.12.12 15:01:16.989,0.92579,0.92605,2.70,1.00
2014.12.12 15:01:17.141,0.92579,0.92607,2.70,1.30
2014.12.12 15:01:17.269,0.92579,0.92609,2.70,1.30
2014.12.12 15:01:18.313,0.92579,0.92608,2.70,1.30
2014.12.12 15:01:18.616,0.92583,0.9261,1.05,1.10
2014.12.12 15:01:18.666,0.92585,0.92613,1.05,1.37
2014.12.12 15:01:18.717,0.92585,0.92615,1.12,1.50
2014.12.12 15:01:18.768,0.92585,0.92615,1.12,2.17
2014.12.12 15:01:19.272,0.92585,0.92612,2.32,1.30
2014.12.12 15:01:19.322,0.92581,0.92612,4.87,1.30
2014.12.12 15:01:20.037,0.92581,0.92613,4.87,1.35
2014.12.12 15:01:20.553,0.92581,0.92612,5.25,1.30
2014.12.12 15:01:20.911,0.92581,0.92613,5.25,1.30
2014.12.12 15:01:21.113,0.92588,0.92618,3.07,1.30
2014.12.12 15:01:21.213,0.9259,0.92618,2.32,1.30
2014.12.12 15:01:21.314,0.92587,0.92616,2.32,1.30
2014.12.12 15:01:21.365,0.92587,0.92614,2.32,1.30
2014.12.12 15:01:21.415,0.92584,0.92614,2.32,1.05
2014.12.12 15:01:21.466,0.92586,0.92619,3.30,2.32
2014.12.12 15:01:21.517,0.92587,0.92622,2.32,2.32
2014.12.12 15:01:21.668,0.92589,0.92622,2.32,2.32
2014.12.12 15:01:21.718,0.9259,0.92624,2.32,1.52
2014.12.12 15:01:22.826,0.9259,0.9262,2.70,1.00
2014.12.12 15:01:23.079,0.92592,0.92625,2.70,1.27
2014.12.12 15:01:23.129,0.92593,0.92625,3.07,1.17
2014.12.12 15:01:23.418,0.92593,0.92629,3.82,3.67
2014.12.12 15:01:23.620,0.92596,0.92628,2.32,1.82
2014.12.12 15:01:23.720,0.92593,0.92628,2.32,1.82
2014.12.12 15:01:24.174,0.92592,0.92626,3.30,3.07
2014.12.12 15:01:24.225,0.92589,0.92624,2.70,1.45
2014.12.12 15:01:24.678,0.92591,0.92625,2.32,3.07
2014.12.12 15:01:24.729,0.92592,0.92625,2.32,1.15
2014.12.12 15:01:25.131,0.92594,0.92626,2.32,1.37
2014.12.12 15:01:25.354,0.92594,0.92624,2.32,1.37
2014.12.12 15:01:25.405,0.92592,0.92624,2.32,1.45
2014.12.12 15:01:26.277,0.92593,0.92627,2.32,2.32
2014.12.12 15:01:26.328,0.92594,0.92628,2.32,1.45
2014.12.12 15:01:26.479,0.92597,0.9263,3.30,3.30
2014.12.12 15:01:26.530,0.92598,0.92631,3.30,1.45
2014.12.12 15:01:26.983,0.92598,0.92627,2.32,1.30
2014.12.12 15:01:27.436,0.92598,0.92629,2.32,1.05
2014.12.12 15:01:27.487,0.92598,0.92629,2.32,1.12
2014.12.12 15:01:27.537,0.92595,0.92625,2.32,1.30
2014.12.12 15:01:28.051,0.92598,0.92628,2.32,1.37
2014.12.12 15:01:28.152,0.92599,0.92629,2.32,1.05
2014.12.12 15:01:28.702,0.926,0.92631,2.32,1.37
2014.12.12 15:01:28.753,0.92601,0.92631,2.32,1.30
2014.12.12 15:01:28.955,0.92598,0.9263,2.32,1.12
2014.12.12 15:01:29.157,0.92598,0.92628,2.32,1.37
2014.12.12 15:01:29.258,0.92594,0.92628,5.47,1.45
2014.12.12 15:01:29.736,0.92594,0.92625,4.50,1.30
2014.12.12 15:01:29.838,0.92594,0.92627,4.50,1.12
2014.12.12 15:01:30.011,0.92592,0.92628,3.30,3.67
2014.12.12 15:01:30.314,0.92594,0.92627,2.32,1.45
2014.12.12 15:01:30.851,0.92594,0.92623,2.32,1.30
2014.12.12 15:01:32.259,0.92594,0.92624,2.70,1.35
2014.12.12 15:01:32.561,0.92594,0.92622,2.70,1.30
2014.12.12 15:01:32.612,0.92594,0.92625,2.70,1.80
2014.12.12 15:01:33.287,0.92594,0.92624,2.70,1.30
2014.12.12 15:01:33.917,0.92594,0.92625,2.70,1.05
2014.12.12 15:01:34.069,0.92596,0.92627,4.87,1.35
2014.12.12 15:01:34.372,0.92595,0.92623,1.52,1.30
2014.12.12 15:01:34.899,0.92594,0.92622,2.32,1.30
2014.12.12 15:01:35.211,0.92594,0.9262,2.70,1.30
2014.12.12 15:01:35.412,0.92591,0.9262,2.70,1.30
2014.12.12 15:01:36.627,0.92591,0.92618,2.70,1.30
2014.12.12 15:01:36.752,0.92591,0.9262,2.70,1.30
2014.12.12 15:01:38.058,0.92591,0.92618,2.70,1.30
2014.12.12 15:01:38.209,0.92589,0.92618,1.52,1.30
2014.12.12 15:01:38.974,0.92588,0.92618,4.20,1.30
2014.12.12 15:01:40.947,0.92592,0.92619,1.07,1.05
2014.12.12 15:01:41.301,0.9259,0.92617,1.52,1.30
2014.12.12 15:01:41.805,0.92588,0.92616,2.70,1.30
2014.12.12 15:01:42.383,0.92591,0.92618,1.55,1.30
2014.12.12 15:01:43.378,0.92592,0.9262,1.05,1.37
2014.12.12 15:01:43.479,0.92592,0.92617,1.05,1.30
2014.12.12 15:01:43.833,0.92591,0.92615,1.12,1.30
2014.12.12 15:01:44.657,0.92591,0.92616,1.12,1.30
2014.12.12 15:01:45.167,0.92591,0.92615,1.12,1.30
2014.12.12 15:01:45.815,0.92591,0.92616,1.12,1.30
2014.12.12 15:01:46.318,0.92588,0.92615,2.70,1.30
2014.12.12 15:01:46.620,0.92588,0.92613,2.70,1.30
2014.12.12 15:01:46.946,0.92586,0.92613,2.70,1.30
2014.12.12 15:01:46.997,0.92585,0.9261,3.07,1.30
2014.12.12 15:01:47.098,0.92591,0.92615,1.12,1.00
2014.12.12 15:01:47.251,0.92592,0.92615,2.70,1.00
2014.12.12 15:01:47.301,0.92593,0.92621,2.70,1.00
2014.12.12 15:01:47.962,0.92592,0.92621,2.70,1.05
2014.12.12 15:01:48.013,0.92591,0.92621,1.12,1.05
2014.12.12 15:01:48.114,0.92591,0.92619,1.12,1.30
2014.12.12 15:01:48.417,0.92591,0.92623,2.20,1.45
2014.12.12 15:01:48.518,0.92599,0.92625,1.52,1.30
2014.12.12 15:01:49.021,0.92598,0.92626,2.32,1.30
2014.12.12 15:01:49.414,0.92598,0.92628,3.07,1.30
2014.12.12 15:01:49.975,0.92599,0.92627,1.27,1.37
2014.12.12 15:01:50.488,0.92598,0.92627,3.07,1.30
2014.12.12 15:01:51.036,0.926,0.92628,1.15,1.30
2014.12.12 15:01:51.405,0.92598,0.92626,2.32,1.30
2014.12.12 15:01:51.707,0.926,0.92628,1.15,1.30
2014.12.12 15:01:52.215,0.92598,0.92629,3.45,1.05
2014.12.12 15:01:52.467,0.926,0.92626,1.65,1.30
2014.12.12 15:01:52.770,0.92593,0.92622,1.90,1.30
2014.12.12 15:01:52.821,0.92592,0.92614,2.70,1.30
2014.12.12 15:01:52.871,0.9259,0.92614,2.77,1.30
2014.12.12 15:01:52.973,0.9259,0.92619,1.15,1.30
2014.12.12 15:01:53.174,0.92589,0.92615,2.32,1.30
2014.12.12 15:01:53.477,0.92586,0.92616,2.32,1.05
2014.12.12 15:01:53.679,0.92586,0.92614,2.32,1.30
2014.12.12 15:01:53.980,0.92588,0.92615,2.32,1.30
2014.12.12 15:01:55.253,0.92588,0.92616,2.70,1.30
2014.12.12 15:01:55.559,0.92582,0.92609,1.90,1.30
2014.12.12 15:01:55.812,0.9258,0.92604,2.70,1.30
2014.12.12 15:01:55.964,0.92577,0.92602,2.32,1.30
2014.12.12 15:01:56.015,0.92576,0.92598,2.32,1.30
2014.12.12 15:01:56.066,0.92573,0.92598,2.70,1.30
2014.12.12 15:01:56.117,0.92571,0.92596,4.50,1.30
2014.12.12 15:01:56.369,0.9257,0.92594,1.45,1.30
2014.12.12 15:01:56.919,0.9257,0.92593,1.45,1.30
2014.12.12 15:01:57.121,0.92567,0.92591,3.45,1.30
2014.12.12 15:01:57.171,0.92565,0.92591,5.62,1.30
2014.12.12 15:01:57.222,0.92565,0.92589,5.62,1.30
2014.12.12 15:01:57.682,0.92565,0.92587,4.87,1.30
2014.12.12 15:01:57.733,0.92563,0.92587,3.07,1.30
2014.12.12 15:01:57.935,0.9256,0.92587,3.82,1.30
2014.12.12 15:01:58.188,0.92564,0.9259,2.32,1.30
2014.12.12 15:01:58.691,0.92564,0.92591,3.07,1.30
2014.12.12 15:01:59.225,0.92565,0.92592,1.65,1.30
2014.12.12 15:01:59.739,0.92564,0.92589,3.45,1.30
2014.12.12 15:02:00.193,0.92564,0.92591,3.45,1.30
2014.12.12 15:02:00.697,0.92568,0.92592,1.12,1.30
2014.12.12 15:02:01.206,0.92566,0.92591,3.07,1.30
2014.12.12 15:02:01.747,0.92566,0.92592,2.70,1.30
2014.12.12 15:02:02.251,0.92566,0.92591,2.70,1.30
2014.12.12 15:02:02.475,0.92566,0.92588,2.70,1.30
2014.12.12 15:02:02.576,0.92562,0.92588,3.07,1.30
2014.12.12 15:02:03.166,0.92562,0.92584,2.70,1.30
2014.12.12 15:02:03.267,0.92565,0.92589,2.32,1.30
2014.12.12 15:02:03.369,0.92562,0.92589,2.70,1.30
2014.12.12 15:02:03.470,0.92562,0.92587,2.32,1.30
2014.12.12 15:02:03.571,0.92559,0.92587,2.92,1.30
2014.12.12 15:02:03.672,0.92556,0.92587,4.42,1.05
2014.12.12 15:02:03.723,0.92556,0.92583,4.42,1.30
2014.12.12 15:02:03.824,0.92556,0.92586,4.42,1.30
2014.12.12 15:02:04.328,0.92556,0.92585,2.32,1.30
2014.12.12 15:02:04.379,0.92553,0.92588,2.32,3.30
2014.12.12 15:02:06.136,0.92553,0.92581,2.32,1.35
2014.12.12 15:02:06.187,0.92549,0.92581,3.07,1.50
2014.12.12 15:02:06.288,0.92546,0.92581,2.70,1.50
2014.12.12 15:02:06.590,0.9255,0.92583,2.20,1.45
2014.12.12 15:02:06.893,0.92552,0.92583,2.70,1.05
2014.12.12 15:02:07.265,0.92551,0.9258,2.32,1.42
2014.12.12 15:02:07.316,0.92548,0.9258,3.07,1.12
2014.12.12 15:02:07.518,0.92549,0.9258,1.27,1.17
2014.12.12 15:02:07.669,0.9255,0.92583,5.25,1.12
2014.12.12 15:02:07.987,0.92555,0.92585,2.70,1.30
2014.12.12 15:02:08.293,0.92559,0.92588,2.32,1.30
2014.12.12 15:02:08.611,0.92559,0.92586,2.32,1.30
2014.12.12 15:02:08.714,0.92554,0.92585,5.25,1.30
2014.12.12 15:02:09.218,0.92554,0.92586,4.50,1.30
2014.12.12 15:02:09.324,0.92558,0.92586,2.32,1.30
2014.12.12 15:02:09.426,0.92557,0.92586,2.25,1.12
2014.12.12 15:02:09.477,0.92557,0.92588,4.42,1.12
2014.12.12 15:02:09.527,0.92557,0.92588,4.42,1.05
2014.12.12 15:02:09.679,0.92557,0.92585,1.15,1.05
2014.12.12 15:02:09.730,0.92554,0.92585,2.32,1.05
2014.12.12 15:02:09.780,0.92557,0.92587,2.32,1.12
2014.12.12 15:02:10.112,0.92557,0.92581,2.25,1.30
2014.12.12 15:02:10.213,0.92551,0.9258,3.45,1.10
2014.12.12 15:02:10.314,0.92548,0.92576,3.07,1.30
2014.12.12 15:02:10.415,0.92548,0.9258,2.32,1.87
2014.12.12 15:02:11.536,0.9255,0.92581,2.32,1.37
2014.12.12 15:02:11.586,0.92551,0.92581,2.32,1.30
2014.12.12 15:02:11.738,0.92553,0.92584,2.32,1.37
2014.12.12 15:02:11.789,0.92554,0.92584,2.32,1.30
2014.12.12 15:02:11.892,0.92554,0.92581,2.32,1.30
2014.12.12 15:02:11.994,0.92551,0.9258,2.32,1.30
2014.12.12 15:02:12.095,0.92547,0.92576,2.32,1.30
2014.12.12 15:02:12.196,0.92547,0.9258,4.05,1.12
2014.12.12 15:02:12.246,0.92549,0.9258,2.32,1.37
2014.12.12 15:02:12.297,0.9255,0.92582,3.30,1.12
2014.12.12 15:02:12.398,0.92553,0.92582,2.32,1.30
2014.12.12 15:02:12.933,0.92553,0.92583,2.32,1.30
2014.12.12 15:02:13.236,0.92553,0.92579,2.32,1.30
2014.12.12 15:02:13.342,0.9255,0.92579,2.32,1.30
2014.12.12 15:02:13.393,0.9255,0.92581,2.32,1.05
2014.12.12 15:02:14.974,0.9255,0.92577,3.07,1.30
2014.12.12 15:02:15.025,0.92547,0.92577,3.45,1.30
2014.12.12 15:02:15.226,0.92552,0.92583,1.42,2.32
2014.12.12 15:02:15.439,0.9255,0.92581,2.70,1.12
2014.12.12 15:02:15.490,0.9255,0.92577,2.32,1.30
2014.12.12 15:02:15.591,0.92547,0.92576,2.32,1.30
2014.12.12 15:02:15.843,0.92547,0.92573,2.32,1.30
2014.12.12 15:02:16.196,0.92544,0.92573,3.45,1.30
2014.12.12 15:02:16.247,0.92544,0.92575,3.45,1.05
2014.12.12 15:02:16.776,0.92544,0.92574,2.70,1.30
2014.12.12 15:02:17.468,0.92544,0.92573,2.70,1.30
2014.12.12 15:02:17.972,0.92544,0.92572,2.70,1.30
2014.12.12 15:02:18.023,0.92542,0.92571,1.82,1.05
2014.12.12 15:02:18.275,0.92544,0.92573,1.75,1.30
2014.12.12 15:02:18.477,0.92544,0.92571,1.75,1.30
2014.12.12 15:02:18.578,0.92544,0.92573,1.75,1.30
2014.12.12 15:02:18.981,0.92546,0.92574,2.92,1.05
2014.12.12 15:02:19.233,0.92547,0.92577,3.07,1.05
2014.12.12 15:02:20.337,0.92547,0.92576,3.45,1.30
2014.12.12 15:02:20.891,0.92547,0.92575,2.70,1.30
2014.12.12 15:02:21.105,0.92547,0.92578,2.70,1.12
2014.12.12 15:02:21.256,0.92549,0.92582,2.20,3.30
2014.12.12 15:02:21.307,0.92554,0.92583,1.55,1.45
2014.12.12 15:02:21.358,0.92554,0.92583,1.55,1.45
2014.12.12 15:02:21.408,0.92555,0.92583,1.55,1.05
2014.12.12 15:02:21.560,0.92553,0.92585,2.25,1.12
2014.12.12 15:02:21.610,0.92558,0.92585,1.52,1.30
2014.12.12 15:02:21.661,0.92558,0.92582,1.15,1.30
2014.12.12 15:02:21.762,0.92557,0.92585,2.32,1.30
2014.12.12 15:02:22.015,0.9256,0.92586,2.32,1.30
2014.12.12 15:02:22.300,0.92559,0.92589,5.92,1.30
2014.12.12 15:02:22.552,0.92557,0.92587,1.15,1.05
2014.12.12 15:02:23.005,0.92556,0.92584,2.32,1.30
2014.12.12 15:02:23.308,0.92553,0.92581,2.32,1.30
2014.12.12 15:02:23.660,0.92553,0.92583,2.32,1.05
2014.12.12 15:02:23.963,0.92553,0.92581,2.32,1.30
2014.12.12 15:02:24.517,0.92553,0.9258,2.70,1.30
2014.12.12 15:02:24.628,0.9255,0.9258,2.70,1.30
2014.12.12 15:02:25.132,0.9255,0.92581,2.70,1.05
2014.12.12 15:02:25.183,0.9255,0.92579,2.70,1.30
2014.12.12 15:02:25.356,0.92548,0.92578,1.27,1.05
2014.12.12 15:02:25.866,0.92547,0.92578,3.07,1.05
2014.12.12 15:02:26.418,0.92547,0.92579,2.32,1.45
2014.12.12 15:02:26.468,0.92546,0.92579,1.15,1.45
2014.12.12 15:02:27.385,0.92547,0.9258,1.65,3.30
2014.12.12 15:02:28.197,0.92547,0.92577,1.52,1.45
2014.12.12 15:02:28.349,0.92547,0.92577,1.10,2.32
2014.12.12 15:02:28.400,0.9255,0.92577,1.00,2.32
2014.12.12 15:02:28.450,0.9255,0.9258,1.15,1.10
2014.12.12 15:02:28.652,0.92545,0.92581,3.45,2.32
2014.12.12 15:02:29.698,0.92545,0.92575,3.45,1.30
2014.12.12 15:02:30.000,0.92542,0.92572,2.32,1.42
2014.12.12 15:02:30.051,0.92539,0.92572,2.70,1.50
2014.12.12 15:02:30.303,0.92539,0.92571,3.07,1.12
2014.12.12 15:02:30.354,0.92542,0.92575,2.70,1.87
2014.12.12 15:02:30.455,0.9254,0.92573,3.67,1.50
2014.12.12 15:02:30.657,0.92542,0.92575,1.45,1.87
2014.12.12 15:02:30.858,0.92542,0.92575,1.45,4.05
2014.12.12 15:02:31.533,0.92541,0.92575,2.32,4.05
2014.12.12 15:02:31.584,0.92542,0.92577,2.32,1.82
2014.12.12 15:02:31.735,0.92545,0.92578,1.87,2.32
2014.12.12 15:02:31.786,0.92545,0.9258,4.05,4.05
2014.12.12 15:02:31.988,0.9255,0.9258,1.07,1.45
2014.12.12 15:02:32.039,0.9255,0.9258,1.15,1.45
2014.12.12 15:02:32.142,0.92548,0.92579,1.45,2.32
2014.12.12 15:02:32.344,0.92549,0.92579,1.15,1.45
2014.12.12 15:02:32.445,0.92545,0.92579,3.07,3.30
2014.12.12 15:02:32.546,0.92546,0.92579,1.12,2.32
2014.12.12 15:02:32.849,0.92546,0.9258,2.32,1.45
2014.12.12 15:02:33.834,0.9255,0.92581,1.15,3.30
2014.12.12 15:02:33.884,0.9255,0.92583,1.15,1.45
2014.12.12 15:02:33.935,0.9255,0.92583,3.07,1.45
2014.12.12 15:02:33.986,0.92551,0.92583,2.32,1.45
2014.12.12 15:02:34.137,0.92553,0.92586,2.32,2.32
2014.12.12 15:02:34.187,0.92554,0.92588,2.32,1.82
2014.12.12 15:02:34.772,0.92557,0.92588,2.32,1.12
2014.12.12 15:02:35.276,0.92556,0.92589,2.32,1.12
2014.12.12 15:02:35.584,0.92553,0.92588,2.70,1.45
2014.12.12 15:02:36.280,0.92553,0.92578,2.70,1.30
2014.12.12 15:02:36.381,0.9255,0.92578,1.65,1.30
2014.12.12 15:02:36.532,0.92552,0.92584,2.70,1.37
2014.12.12 15:02:36.583,0.92553,0.92584,2.70,1.05
2014.12.12 15:02:36.634,0.92553,0.92584,2.70,1.12
2014.12.12 15:02:36.735,0.92551,0.92581,2.70,1.05
2014.12.12 15:02:36.936,0.92551,0.92575,2.32,1.00
2014.12.12 15:02:36.987,0.92548,0.92575,3.07,1.00
2014.12.12 15:02:37.138,0.92548,0.9258,2.32,2.62
2014.12.12 15:02:37.519,0.9255,0.92584,2.92,1.45
2014.12.12 15:02:37.570,0.92552,0.92584,2.92,1.37
2014.12.12 15:02:37.621,0.92552,0.92585,5.47,1.20
2014.12.12 15:02:39.185,0.92552,0.92589,6.00,1.50
2014.12.12 15:02:39.487,0.92557,0.9259,3.07,1.15
2014.12.12 15:02:40.982,0.92557,0.9258,2.70,1.00
2014.12.12 15:02:41.033,0.92554,0.9258,4.42,1.00
2014.12.12 15:02:41.084,0.92557,0.9258,2.70,1.00
2014.12.12 15:02:41.135,0.92558,0.92588,3.30,1.42
2014.12.12 15:02:41.287,0.9256,0.9259,3.90,1.07
2014.12.12 15:02:41.438,0.92566,0.92595,2.92,1.00
2014.12.12 15:02:41.741,0.92563,0.92595,2.32,1.17
2014.12.12 15:02:41.792,0.92563,0.92595,2.32,1.15
2014.12.12 15:02:41.842,0.9256,0.9259,2.32,1.30
2014.12.12 15:02:41.943,0.92558,0.92588,1.15,1.05
2014.12.12 15:02:41.994,0.92557,0.92588,2.32,1.12
2014.12.12 15:02:42.044,0.92555,0.92587,2.32,1.45
2014.12.12 15:02:42.257,0.92552,0.92584,2.32,1.12
2014.12.12 15:02:43.684,0.92552,0.92582,2.70,1.30
2014.12.12 15:02:43.735,0.92552,0.92581,2.32,1.37
2014.12.12 15:02:43.785,0.92549,0.92577,1.15,1.30
2014.12.12 15:02:43.886,0.92544,0.92577,1.65,1.42
2014.12.12 15:02:44.138,0.92543,0.92574,2.70,1.30
2014.12.12 15:02:44.189,0.92542,0.92574,1.12,1.05
2014.12.12 15:02:45.019,0.92544,0.9258,1.45,1.65
2014.12.12 15:02:45.640,0.92544,0.92575,1.45,1.00
2014.12.12 15:02:45.791,0.92541,0.92573,1.15,1.30
2014.12.12 15:02:46.456,0.9254,0.92569,1.15,1.30
2014.12.12 15:02:46.507,0.9254,0.92569,1.10,1.30
2014.12.12 15:02:46.759,0.92535,0.92567,4.80,1.30
2014.12.12 15:02:47.214,0.92536,0.9257,1.45,1.05
2014.12.12 15:02:47.989,0.92536,0.92571,1.82,1.50
2014.12.12 15:02:48.191,0.9254,0.92574,2.17,1.82
2014.12.12 15:02:48.342,0.92542,0.92576,1.82,1.82
2014.12.12 15:02:48.393,0.92542,0.92576,1.87,1.50
2014.12.12 15:02:48.711,0.92543,0.92577,3.67,1.42
2014.12.12 15:02:49.251,0.92545,0.92579,1.82,2.25
2014.12.12 15:02:49.352,0.92545,0.92579,1.82,2.25
2014.12.12 15:02:49.526,0.92542,0.92576,1.82,1.87
2014.12.12 15:02:50.121,0.92542,0.92576,1.82,1.82
2014.12.12 15:02:50.474,0.9254,0.92575,1.82,1.50
2014.12.12 15:02:50.676,0.92543,0.92576,1.50,1.52
2014.12.12 15:02:50.727,0.92548,0.92576,1.30,1.52
2014.12.12 15:02:51.030,0.92552,0.92581,1.30,1.65
2014.12.12 15:02:51.181,0.92544,0.9258,1.45,1.15
2014.12.12 15:02:51.232,0.92544,0.92575,1.05,1.07
2014.12.12 15:02:51.735,0.92542,0.92573,1.12,1.00
2014.12.12 15:02:52.046,0.92542,0.92573,1.30,1.15
2014.12.12 15:02:52.349,0.92544,0.92575,1.30,2.32
2014.12.12 15:02:52.550,0.92548,0.92582,1.12,1.82
2014.12.12 15:02:52.601,0.92551,0.92583,1.30,1.27
2014.12.12 15:02:53.115,0.92552,0.92584,1.05,3.00
2014.12.12 15:02:53.166,0.9255,0.92585,1.45,1.07
2014.12.12 15:02:53.217,0.9255,0.92585,1.37,2.32
2014.12.12 15:02:53.268,0.92547,0.92584,2.25,2.32
2014.12.12 15:02:53.369,0.92551,0.92584,1.30,2.32
2014.12.12 15:02:53.596,0.92549,0.92584,1.42,2.32
2014.12.12 15:02:53.747,0.92551,0.92584,1.00,2.32
2014.12.12 15:02:54.183,0.92552,0.92584,1.67,2.32
2014.12.12 15:02:54.435,0.92549,0.92586,2.25,1.50
2014.12.12 15:02:55.106,0.92554,0.92587,1.35,2.70
2014.12.12 15:02:55.415,0.92551,0.9258,1.82,1.00
2014.12.12 15:02:55.819,0.92551,0.9258,1.50,1.00
2014.12.12 15:02:55.869,0.92551,0.92583,1.50,1.12
2014.12.12 15:02:56.121,0.92551,0.9258,2.25,1.30
2014.12.12 15:02:56.424,0.92551,0.9258,1.87,1.30
2014.12.12 15:02:56.955,0.92551,0.92581,1.12,1.30
2014.12.12 15:02:57.195,0.92551,0.92579,1.12,1.30
2014.12.12 15:02:57.868,0.92551,0.92578,1.12,1.30
2014.12.12 15:02:58.372,0.92547,0.92577,1.65,1.30
2014.12.12 15:02:58.675,0.92546,0.92575,1.12,1.00
2014.12.12 15:02:58.978,0.92552,0.92584,2.25,1.12
2014.12.12 15:02:59.079,0.92553,0.92583,1.10,1.05
2014.12.12 15:03:00.663,0.92555,0.92585,1.00,1.87
2014.12.12 15:03:00.767,0.92553,0.92585,1.05,1.15
2014.12.12 15:03:01.198,0.92555,0.92585,1.30,1.15
2014.12.12 15:03:01.300,0.92553,0.92585,1.05,1.15
2014.12.12 15:03:01.501,0.92556,0.92589,1.37,2.32
2014.12.12 15:03:01.653,0.92555,0.92585,1.30,1.17
2014.12.12 15:03:01.804,0.92556,0.9259,1.80,3.07
2014.12.12 15:03:01.855,0.92558,0.9259,1.05,1.15
2014.12.12 15:03:02.658,0.92555,0.92585,2.25,1.00
2014.12.12 15:03:02.759,0.92556,0.9259,1.15,1.15
2014.12.12 15:03:03.185,0.92556,0.9259,1.65,1.15
2014.12.12 15:03:03.387,0.92556,0.9259,1.52,2.25
2014.12.12 15:03:03.437,0.92556,0.92585,1.45,1.07
2014.12.12 15:03:03.744,0.92556,0.92589,1.55,1.45
2014.12.12 15:03:05.201,0.92556,0.92589,2.62,1.45
2014.12.12 15:03:05.723,0.92557,0.92589,1.42,1.45
2014.12.12 15:03:06.236,0.92556,0.92585,1.87,1.00
2014.12.12 15:03:06.870,0.92557,0.9259,1.82,1.80
2014.12.12 15:03:07.398,0.92559,0.9259,1.50,1.10
2014.12.12 15:03:07.919,0.92559,0.9259,1.50,1.10
2014.12.12 15:03:08.232,0.92563,0.9259,1.87,1.00
2014.12.12 15:03:08.283,0.92563,0.92599,1.87,3.45
2014.12.12 15:03:08.485,0.92567,0.926,1.87,1.15
2014.12.12 15:03:09.140,0.92567,0.92595,1.12,1.00
2014.12.12 15:03:09.457,0.92563,0.9259,3.07,1.00
2014.12.12 15:03:09.577,0.92563,0.92594,1.17,1.05
2014.12.12 15:03:09.680,0.92565,0.92595,1.07,1.07
2014.12.12 15:03:09.731,0.92566,0.92596,2.25,1.30
2014.12.12 15:03:09.782,0.92568,0.926,1.77,1.87
2014.12.12 15:03:10.084,0.92568,0.92601,1.15,1.37
2014.12.12 15:03:10.135,0.92569,0.92601,1.15,1.30
2014.12.12 15:03:10.639,0.92568,0.92595,1.07,1.30
2014.12.12 15:03:10.740,0.92564,0.92595,1.27,1.30
2014.12.12 15:03:10.942,0.92564,0.92585,1.37,1.00
2014.12.12 15:03:11.043,0.92562,0.92585,1.45,1.00
2014.12.12 15:03:12.037,0.92557,0.92585,1.82,1.00
2014.12.12 15:03:12.140,0.92559,0.92589,1.17,1.05
2014.12.12 15:03:12.190,0.92559,0.92587,1.17,1.30
2014.12.12 15:03:12.494,0.92554,0.9258,1.15,1.00
2014.12.12 15:03:12.595,0.92557,0.9259,1.30,1.15
2014.12.12 15:03:13.100,0.92551,0.92585,2.32,1.00
2014.12.12 15:03:13.353,0.92551,0.92584,2.32,1.37
2014.12.12 15:03:13.454,0.92548,0.92585,3.07,1.15
2014.12.12 15:03:13.656,0.92548,0.92585,2.32,3.07
2014.12.12 15:03:13.757,0.92547,0.92584,1.15,2.32
2014.12.12 15:03:14.261,0.9255,0.92583,1.00,1.45
2014.12.12 15:03:14.918,0.92547,0.92582,1.52,1.50
2014.12.12 15:03:15.069,0.92548,0.92584,2.70,1.82
2014.12.12 15:03:15.744,0.92549,0.92585,1.87,1.52
2014.12.12 15:03:16.849,0.92552,0.92585,1.50,2.25
2014.12.12 15:03:17.521,0.92551,0.9258,1.82,1.00
2014.12.12 15:03:17.622,0.92551,0.92584,1.45,1.82
2014.12.12 15:03:18.845,0.92551,0.92583,1.82,1.50
2014.12.12 15:03:18.997,0.92551,0.92584,3.67,1.75
2014.12.12 15:03:19.322,0.92553,0.9258,1.50,1.00
2014.12.12 15:03:19.372,0.92557,0.92586,1.37,1.00
2014.12.12 15:03:19.474,0.9256,0.92592,2.32,1.42
2014.12.12 15:03:19.625,0.92564,0.92595,1.72,1.10
2014.12.12 15:03:19.676,0.92566,0.92595,1.37,1.00
2014.12.12 15:03:20.717,0.92568,0.92595,3.67,1.00
2014.12.12 15:03:21.254,0.92567,0.92595,2.32,1.00
2014.12.12 15:03:21.305,0.92564,0.92595,3.67,1.00
2014.12.12 15:03:21.456,0.92564,0.9259,1.50,1.00
2014.12.12 15:03:21.507,0.92564,0.9259,1.42,1.00
2014.12.12 15:03:21.709,0.92558,0.9259,1.12,1.27
2014.12.12 15:03:22.015,0.9256,0.9259,1.75,1.10
2014.12.12 15:03:22.116,0.92559,0.92593,1.82,1.42
2014.12.12 15:03:22.268,0.92559,0.9259,1.82,1.00
2014.12.12 15:03:22.671,0.92558,0.9259,2.70,2.10
2014.12.12 15:03:22.873,0.92558,0.9259,2.70,1.72
2014.12.12 15:03:23.327,0.92562,0.92585,2.92,1.00
2014.12.12 15:03:23.479,0.92569,0.926,1.45,2.85
2014.12.12 15:03:23.530,0.92568,0.926,2.32,1.72
2014.12.12 15:03:24.523,0.92568,0.92599,3.07,1.30
2014.12.12 15:03:24.574,0.92568,0.92595,3.07,1.00
2014.12.12 15:03:24.775,0.92568,0.92599,2.32,1.30
2014.12.12 15:03:25.295,0.92569,0.926,1.65,1.00
2014.12.12 15:03:25.567,0.92568,0.92596,2.32,1.00
2014.12.12 15:03:25.719,0.92565,0.92594,1.45,1.30
2014.12.12 15:03:25.770,0.92565,0.9259,1.45,1.00
2014.12.12 15:03:26.217,0.92566,0.9259,2.32,1.00
2014.12.12 15:03:26.519,0.92566,0.92596,2.32,2.10
2014.12.12 15:03:26.924,0.92566,0.92593,2.32,1.30
2014.12.12 15:03:26.974,0.9256,0.9259,2.92,1.00
2014.12.12 15:03:27.428,0.92562,0.92594,1.45,1.42
2014.12.12 15:03:27.579,0.92565,0.92595,1.45,1.35
2014.12.12 15:03:28.084,0.92565,0.92597,1.45,1.30
2014.12.12 15:03:28.185,0.92568,0.926,1.45,1.12
2014.12.12 15:03:28.790,0.92567,0.92598,4.50,1.30
2014.12.12 15:03:29.092,0.92565,0.92595,2.32,1.00
2014.12.12 15:03:29.971,0.92567,0.92599,1.82,1.42
2014.12.12 15:03:30.021,0.92565,0.92596,4.80,1.30
2014.12.12 15:03:30.223,0.92569,0.926,1.50,1.17
2014.12.12 15:03:30.592,0.92568,0.92595,1.52,1.00
2014.12.12 15:03:30.995,0.92565,0.92598,3.30,1.30
2014.12.12 15:03:31.505,0.92568,0.92601,1.50,1.87
2014.12.12 15:03:32.131,0.92567,0.9259,1.07,1.00
2014.12.12 15:03:32.282,0.92564,0.92595,3.22,1.00
2014.12.12 15:03:32.584,0.92566,0.92597,1.72,1.05
2014.12.12 15:03:32.685,0.92568,0.92599,1.37,1.37
2014.12.12 15:03:32.786,0.9257,0.926,1.72,1.72
2014.12.12 15:03:33.796,0.9257,0.926,1.12,1.37
2014.12.12 15:03:33.899,0.92567,0.92595,1.47,1.00
2014.12.12 15:03:34.202,0.92565,0.92595,1.82,1.72
2014.12.12 15:03:34.555,0.92563,0.9259,4.87,1.00
2014.12.12 15:03:34.807,0.92564,0.9259,1.50,1.00
2014.12.12 15:03:34.908,0.92561,0.92593,2.02,1.50
2014.12.12 15:03:35.412,0.92561,0.9259,1.05,1.37
2014.12.12 15:03:35.714,0.92553,0.92585,1.65,1.30
2014.12.12 15:03:36.017,0.92553,0.92583,1.82,1.30
2014.12.12 15:03:36.118,0.92553,0.92585,1.82,1.30
2014.12.12 15:03:36.320,0.92556,0.92587,1.75,1.05
2014.12.12 15:03:36.421,0.92559,0.9259,1.82,1.05
2014.12.12 15:03:36.723,0.92561,0.92591,2.25,1.30
2014.12.12 15:03:36.875,0.9257,0.926,1.30,1.52
2014.12.12 15:03:36.925,0.9257,0.926,1.12,1.00
2014.12.12 15:03:37.077,0.92572,0.92604,1.05,1.50
2014.12.12 15:03:37.329,0.9257,0.926,1.12,1.00
2014.12.12 15:03:37.631,0.92572,0.92603,1.82,1.30
2014.12.12 15:03:37.884,0.92572,0.92602,1.67,1.30
2014.12.12 15:03:37.935,0.92572,0.92602,1.67,1.30
2014.12.12 15:03:38.287,0.92572,0.926,1.67,1.00
2014.12.12 15:03:38.791,0.9257,0.926,1.82,1.00
2014.12.12 15:03:39.302,0.92569,0.926,1.82,1.37
2014.12.12 15:03:39.402,0.92568,0.92595,1.12,1.00
2014.12.12 15:03:39.453,0.92568,0.92595,1.05,1.00
2014.12.12 15:03:41.029,0.92567,0.92595,1.30,1.17
2014.12.12 15:03:41.080,0.92564,0.92595,1.42,1.17
2014.12.12 15:03:41.282,0.92563,0.9259,1.50,1.00
2014.12.12 15:03:41.803,0.92562,0.9259,1.67,1.10
2014.12.12 15:03:42.354,0.92559,0.92591,2.25,1.17
2014.12.12 15:03:42.959,0.92558,0.9259,1.67,1.52
2014.12.12 15:03:43.262,0.9256,0.92585,1.30,1.00
2014.12.12 15:03:43.364,0.92555,0.92586,1.45,1.00
2014.12.12 15:03:43.465,0.92555,0.92586,1.30,1.27
2014.12.12 15:03:43.969,0.92554,0.92585,1.80,1.17
2014.12.12 15:03:44.272,0.92556,0.92585,1.30,1.17
2014.12.12 15:03:45.141,0.92558,0.92585,1.05,1.12
2014.12.12 15:03:45.444,0.9256,0.9259,1.15,2.10
2014.12.12 15:03:45.545,0.9256,0.9259,1.30,1.15
2014.12.12 15:03:46.054,0.92559,0.9259,1.05,1.15
2014.12.12 15:03:46.796,0.9256,0.92591,1.30,1.45
2014.12.12 15:03:46.847,0.9256,0.92591,1.37,1.37
2014.12.12 15:03:46.948,0.92563,0.92595,1.30,2.25
2014.12.12 15:03:47.653,0.92564,0.92595,1.30,1.87
2014.12.12 15:03:47.867,0.92564,0.9259,1.30,1.00
2014.12.12 15:03:48.373,0.92562,0.9259,1.42,1.00
2014.12.12 15:03:49.882,0.9256,0.92585,1.82,1.00
2014.12.12 15:03:50.084,0.92559,0.92589,1.82,1.30
2014.12.12 15:03:50.186,0.92558,0.92585,1.82,1.00
2014.12.12 15:03:50.387,0.92557,0.92585,1.42,1.00
2014.12.12 15:03:50.765,0.92555,0.92586,1.87,1.30
2014.12.12 15:03:50.967,0.92558,0.92589,2.17,1.65
2014.12.12 15:03:51.068,0.92558,0.92589,2.92,1.65
2014.12.12 15:03:51.169,0.9256,0.9259,1.82,1.30
2014.12.12 15:03:51.270,0.9256,0.92593,1.82,1.50
2014.12.12 15:03:51.522,0.92561,0.9259,1.50,1.00
2014.12.12 15:03:52.034,0.92562,0.92592,1.42,1.05
2014.12.12 15:03:52.084,0.92562,0.92592,1.42,1.05
2014.12.12 15:03:52.387,0.92559,0.92589,2.47,1.30
2014.12.12 15:03:52.941,0.92564,0.92594,1.37,1.37
2014.12.12 15:03:52.992,0.92564,0.92594,1.45,1.30
2014.12.12 15:03:53.496,0.92561,0.9259,3.67,1.30
2014.12.12 15:03:53.895,0.92561,0.92591,1.77,1.30
2014.12.12 15:03:54.753,0.92562,0.92591,1.05,1.30
2014.12.12 15:03:55.363,0.92562,0.92591,1.05,1.30
2014.12.12 15:03:56.001,0.92562,0.92592,1.05,1.05
2014.12.12 15:03:56.703,0.92562,0.9259,1.05,1.00
2014.12.12 15:03:57.207,0.9256,0.92591,1.82,1.35
2014.12.12 15:03:57.510,0.9256,0.9259,1.87,1.30
2014.12.12 15:03:57.661,0.92561,0.92592,1.50,1.05
2014.12.12 15:03:58.065,0.92564,0.92594,1.67,1.45
2014.12.12 15:03:58.317,0.92566,0.92596,1.55,1.05
2014.12.12 15:03:58.720,0.92565,0.926,5.55,1.42
2014.12.12 15:03:59.629,0.92566,0.92595,1.52,1.30
2014.12.12 15:03:59.942,0.92568,0.92596,1.65,1.30
2014.12.12 15:03:59.993,0.92568,0.92599,2.25,1.35
2014.12.12 15:04:00.094,0.92569,0.92595,3.07,1.30
2014.12.12 15:04:00.195,0.92568,0.92598,1.15,1.30
2014.12.12 15:04:00.296,0.9257,0.92597,1.15,1.30
2014.12.12 15:04:00.397,0.92569,0.92599,5.25,1.30
2014.12.12 15:04:00.498,0.92567,0.92599,1.15,1.30
2014.12.12 15:04:00.649,0.92568,0.92596,1.15,1.30
2014.12.12 15:04:00.952,0.9257,0.92598,1.17,1.30
2014.12.12 15:04:01.103,0.9257,0.926,3.07,1.00
2014.12.12 15:04:01.417,0.92568,0.92595,1.07,1.05
2014.12.12 15:04:01.937,0.9257,0.92596,1.10,1.30
2014.12.12 15:04:02.240,0.92569,0.92597,3.45,1.30
2014.12.12 15:04:02.292,0.92569,0.926,3.45,1.72
2014.12.12 15:04:02.825,0.92569,0.92596,2.32,1.30
2014.12.12 15:04:03.145,0.92569,0.92598,2.92,1.30
2014.12.12 15:04:03.842,0.92569,0.92595,3.30,1.30
2014.12.12 15:04:04.892,0.92569,0.92595,3.67,1.30
2014.12.12 15:04:04.943,0.92572,0.92598,1.52,1.30
2014.12.12 15:04:04.993,0.92573,0.92598,1.50,1.30
2014.12.12 15:04:05.044,0.92574,0.926,3.45,1.00
2014.12.12 15:04:05.145,0.92573,0.926,1.47,1.00
2014.12.12 15:04:05.196,0.92573,0.92603,1.42,1.05
2014.12.12 15:04:05.247,0.92573,0.92594,1.42,1.30
2014.12.12 15:04:05.599,0.92568,0.92592,2.32,1.30
2014.12.12 15:04:05.650,0.92567,0.92592,1.17,1.30
2014.12.12 15:04:05.700,0.92563,0.9259,3.82,1.30
2014.12.12 15:04:05.801,0.92563,0.92592,3.82,1.30
2014.12.12 15:04:05.902,0.92571,0.92593,1.00,1.30
2014.12.12 15:04:06.154,0.92563,0.92591,3.07,1.30
2014.12.12 15:04:06.255,0.92569,0.92592,1.07,1.30
2014.12.12 15:04:06.457,0.92563,0.9259,1.15,1.00
2014.12.12 15:04:06.558,0.92564,0.92595,1.15,1.10
2014.12.12 15:04:06.710,0.92572,0.926,1.00,1.12
2014.12.12 15:04:07.012,0.92575,0.926,1.15,1.00
2014.12.12 15:04:07.063,0.92575,0.92604,1.10,1.05
2014.12.12 15:04:07.114,0.92571,0.92599,1.15,1.30
2014.12.12 15:04:07.417,0.9257,0.92596,1.15,1.30
2014.12.12 15:04:07.468,0.92573,0.92599,1.17,1.30
2014.12.12 15:04:07.669,0.92572,0.92595,1.15,1.30
2014.12.12 15:04:07.871,0.92572,0.92594,1.00,1.30
2014.12.12 15:04:07.972,0.92567,0.92594,1.15,1.30
2014.12.12 15:04:08.022,0.92567,0.92592,1.15,1.30
2014.12.12 15:04:08.123,0.92571,0.92594,1.00,1.30
2014.12.12 15:04:08.627,0.92566,0.92593,1.27,1.30
2014.12.12 15:04:09.131,0.92566,0.92592,1.15,1.30
2014.12.12 15:04:09.232,0.92566,0.92596,1.15,1.30
2014.12.12 15:04:09.433,0.92569,0.92597,3.07,1.30
2014.12.12 15:04:09.597,0.92572,0.92601,1.15,1.30
2014.12.12 15:04:09.649,0.92573,0.92606,4.50,1.30
2014.12.12 15:04:09.800,0.9258,0.9261,1.00,1.20
2014.12.12 15:04:09.927,0.92574,0.9261,1.15,1.20
2014.12.12 15:04:09.978,0.92574,0.92608,1.15,1.30
2014.12.12 15:04:10.294,0.92573,0.92606,5.25,1.30
2014.12.12 15:04:10.597,0.92573,0.92604,5.25,1.30
2014.12.12 15:04:10.748,0.92576,0.92608,1.15,1.30
2014.12.12 15:04:11.000,0.92573,0.92606,4.50,1.30
2014.12.12 15:04:11.302,0.92575,0.92602,1.07,1.30
2014.12.12 15:04:11.353,0.92569,0.92602,1.50,1.12
2014.12.12 15:04:11.404,0.92568,0.92599,1.75,1.30
2014.12.12 15:04:11.706,0.92576,0.926,1.00,1.30
2014.12.12 15:04:11.757,0.92573,0.92602,1.15,1.30
2014.12.12 15:04:11.858,0.92572,0.92597,3.00,1.30
2014.12.12 15:04:12.160,0.92574,0.926,2.25,1.30
2014.12.12 15:04:12.413,0.92575,0.92603,1.10,1.30
2014.12.12 15:04:12.867,0.92576,0.92604,1.15,1.30
2014.12.12 15:04:13.069,0.9258,0.92612,1.15,1.30
2014.12.12 15:04:13.170,0.92579,0.92609,2.32,1.30
2014.12.12 15:04:13.422,0.92584,0.92612,1.10,1.30
2014.12.12 15:04:13.473,0.92585,0.92612,2.32,1.30
2014.12.12 15:04:13.675,0.92582,0.9261,3.07,1.72
2014.12.12 15:04:13.826,0.92582,0.92607,2.32,1.30
2014.12.12 15:04:14.096,0.92579,0.92607,3.07,1.30
2014.12.12 15:04:14.153,0.92579,0.92605,3.07,1.30
2014.12.12 15:04:14.576,0.92581,0.92606,2.32,1.30
2014.12.12 15:04:14.677,0.92578,0.92607,2.32,1.30
2014.12.12 15:04:14.829,0.92578,0.92609,2.32,1.05
2014.12.12 15:04:14.879,0.92583,0.92609,2.32,1.30
2014.12.12 15:04:14.980,0.92583,0.92612,2.32,1.30
2014.12.12 15:04:15.081,0.92585,0.9261,2.32,1.30
2014.12.12 15:04:15.384,0.92588,0.92611,2.32,1.30
2014.12.12 15:04:15.485,0.92588,0.92617,2.32,1.30
2014.12.12 15:04:15.536,0.92591,0.92615,1.15,1.00
2014.12.12 15:04:15.637,0.92591,0.92617,1.15,1.30
2014.12.12 15:04:16.180,0.92588,0.92615,2.92,1.30
2014.12.12 15:04:16.711,0.92584,0.92611,5.10,1.30
2014.12.12 15:04:16.913,0.92582,0.92614,1.45,1.45
2014.12.12 15:04:17.014,0.92584,0.92613,2.32,1.30
2014.12.12 15:04:17.269,0.92584,0.92616,2.32,1.12
2014.12.12 15:04:17.320,0.92587,0.92616,2.32,1.30
2014.12.12 15:04:17.622,0.9259,0.92618,2.32,1.30
2014.12.12 15:04:18.440,0.92587,0.92618,3.45,1.05
2014.12.12 15:04:18.491,0.92587,0.92615,2.70,1.30
2014.12.12 15:04:18.591,0.92587,0.92617,3.30,1.30
2014.12.12 15:04:19.095,0.92587,0.92619,4.05,1.12
2014.12.12 15:04:19.549,0.92587,0.92616,3.30,1.30
2014.12.12 15:04:19.851,0.92582,0.9261,2.70,1.72
2014.12.12 15:04:20.192,0.92582,0.92607,2.70,1.30
2014.12.12 15:04:20.243,0.92579,0.92607,3.30,1.30
2014.12.12 15:04:20.445,0.92579,0.9261,3.30,1.05
2014.12.12 15:04:21.150,0.92583,0.9261,2.32,1.00
2014.12.12 15:04:21.352,0.92577,0.92614,1.15,1.45
2014.12.12 15:04:21.453,0.92578,0.9261,1.00,3.30
2014.12.12 15:04:21.554,0.92574,0.9261,1.70,4.05
2014.12.12 15:04:21.857,0.9257,0.92607,3.82,2.32
2014.12.12 15:04:22.479,0.92569,0.92605,2.02,2.32
2014.12.12 15:04:23.341,0.92569,0.92602,1.55,2.32
2014.12.12 15:04:23.644,0.92563,0.92596,1.65,2.32
2014.12.12 15:04:24.604,0.92563,0.92596,1.92,2.32
2014.12.12 15:04:24.906,0.92561,0.92596,1.90,2.32
2014.12.12 15:04:25.442,0.92561,0.92595,1.90,1.45
2014.12.12 15:04:25.565,0.92561,0.92595,1.90,1.45
2014.12.12 15:04:25.968,0.92559,0.92592,4.57,1.12
2014.12.12 15:04:26.069,0.92559,0.92591,1.52,1.45
2014.12.12 15:04:26.372,0.92555,0.92585,2.02,1.17
2014.12.12 15:04:26.876,0.92557,0.92585,3.00,1.17
2014.12.12 15:04:26.977,0.92558,0.9259,1.75,1.87
2014.12.12 15:04:27.179,0.92557,0.92585,2.10,1.15
2014.12.12 15:04:27.229,0.92556,0.92585,1.50,1.15
2014.12.12 15:04:27.481,0.92553,0.92584,2.25,1.45
2014.12.12 15:04:28.015,0.92553,0.92585,1.77,3.30
2014.12.12 15:04:28.267,0.92558,0.92591,2.32,1.17
2014.12.12 15:04:28.318,0.92563,0.92591,2.17,1.17
2014.12.12 15:04:28.621,0.9256,0.92592,1.15,1.45
2014.12.12 15:04:30.079,0.92561,0.92594,1.87,2.32
2014.12.12 15:04:30.983,0.92561,0.92594,1.50,2.70
2014.12.12 15:04:31.084,0.92563,0.92591,1.67,2.32
2014.12.12 15:04:31.286,0.92564,0.92596,1.92,3.30
2014.12.12 15:04:31.488,0.92563,0.92599,5.17,3.30
2014.12.12 15:04:31.992,0.92563,0.92598,6.15,1.45
2014.12.12 15:04:32.737,0.9257,0.92599,1.35,3.30
2014.12.12 15:04:32.788,0.92571,0.92601,1.05,2.32
2014.12.12 15:04:32.889,0.92571,0.926,1.82,1.17
2014.12.12 15:04:32.939,0.92574,0.926,1.47,1.17
2014.12.12 15:04:33.040,0.92572,0.92603,2.70,1.05
2014.12.12 15:04:33.091,0.92571,0.92601,1.12,1.12
2014.12.12 15:04:33.394,0.92564,0.92594,1.50,1.12
2014.12.12 15:04:34.011,0.92571,0.92597,1.10,1.05
2014.12.12 15:04:34.314,0.92572,0.92599,2.25,1.12
2014.12.12 15:04:34.466,0.92568,0.92598,2.85,1.12
2014.12.12 15:04:34.567,0.92567,0.92595,1.77,1.10
2014.12.12 15:04:35.422,0.92568,0.92599,1.05,1.45
2014.12.12 15:04:36.743,0.92566,0.926,1.90,2.32
2014.12.12 15:04:36.794,0.92568,0.92603,1.90,2.32
2014.12.12 15:04:36.895,0.92574,0.92607,1.12,2.70
2014.12.12 15:04:37.097,0.92571,0.926,2.32,1.00
2014.12.12 15:04:37.198,0.92569,0.926,2.32,1.17
2014.12.12 15:04:37.299,0.92566,0.926,2.32,1.87
2014.12.12 15:04:37.400,0.92563,0.926,2.70,4.05
2014.12.12 15:04:37.972,0.92565,0.926,2.32,3.30
2014.12.12 15:04:38.023,0.9257,0.92601,1.17,1.50
2014.12.12 15:04:38.174,0.9257,0.926,1.15,1.80
2014.12.12 15:04:38.225,0.92569,0.926,2.32,1.80
2014.12.12 15:04:38.377,0.92566,0.926,2.32,1.87
2014.12.12 15:04:38.881,0.92563,0.92599,3.07,3.30
2014.12.12 15:04:39.555,0.92563,0.92599,3.07,3.67
2014.12.12 15:04:40.174,0.92563,0.92597,4.05,1.50
2014.12.12 15:04:40.480,0.9256,0.92596,3.67,3.07
2014.12.12 15:04:40.783,0.92564,0.926,2.92,4.05
2014.12.12 15:04:41.086,0.92562,0.92597,2.05,2.32
2014.12.12 15:04:41.768,0.92564,0.92597,2.25,2.32
2014.12.12 15:04:41.819,0.92564,0.926,4.42,3.45
2014.12.12 15:04:42.564,0.92564,0.926,5.40,3.45
2014.12.12 15:04:43.253,0.92567,0.926,1.87,3.07
2014.12.12 15:04:44.004,0.92564,0.926,5.77,3.07
2014.12.12 15:04:45.059,0.92564,0.926,3.67,3.45
2014.12.12 15:04:46.902,0.92564,0.926,4.80,3.45
2014.12.12 15:04:47.004,0.92564,0.926,3.07,4.42
2014.12.12 15:04:47.105,0.92561,0.92595,1.12,1.47
2014.12.12 15:04:47.206,0.92561,0.92595,1.30,2.70
2014.12.12 15:04:47.711,0.92555,0.92595,4.05,4.20
2014.12.12 15:04:48.013,0.92557,0.92595,2.62,4.80
2014.12.12 15:04:48.316,0.92562,0.92595,1.72,3.45
2014.12.12 15:04:48.417,0.92564,0.92597,1.47,1.82
2014.12.12 15:04:48.518,0.92562,0.92596,1.82,1.52
2014.12.12 15:04:49.022,0.92569,0.92599,1.00,2.32
2014.12.12 15:04:49.123,0.92564,0.92599,1.80,2.32
2014.12.12 15:04:49.794,0.92569,0.92599,2.10,2.32
2014.12.12 15:04:49.845,0.92574,0.92603,1.00,2.32
2014.12.12 15:04:49.946,0.92574,0.92607,1.00,3.45
2014.12.12 15:04:50.048,0.92576,0.92607,1.00,2.32
2014.12.12 15:04:50.379,0.92573,0.92607,1.05,2.32
2014.12.12 15:04:50.530,0.92573,0.92607,1.45,1.12
2014.12.12 15:04:50.909,0.92571,0.92603,2.25,1.37
2014.12.12 15:04:50.960,0.92574,0.92603,1.00,1.45
2014.12.12 15:04:51.162,0.92571,0.926,1.00,1.10
2014.12.12 15:04:51.263,0.9257,0.92595,1.10,1.30
2014.12.12 15:04:51.314,0.92565,0.92595,1.57,1.05
2014.12.12 15:04:51.634,0.92564,0.92595,1.00,1.45
2014.12.12 15:04:51.945,0.9256,0.92589,1.00,1.45
2014.12.12 15:04:51.996,0.92558,0.92589,1.12,1.45
2014.12.12 15:04:52.298,0.9256,0.92589,1.00,1.45
2014.12.12 15:04:52.410,0.92557,0.92589,1.95,1.45
2014.12.12 15:04:52.815,0.92562,0.92588,1.37,1.45
2014.12.12 15:04:52.916,0.92561,0.92592,1.92,1.05
2014.12.12 15:04:53.330,0.92564,0.92592,1.27,1.30
2014.12.12 15:04:53.432,0.92568,0.92593,1.00,1.30
2014.12.12 15:04:53.533,0.92565,0.9259,1.00,1.30
2014.12.12 15:04:53.583,0.92563,0.9259,1.00,1.30
2014.12.12 15:04:54.093,0.9256,0.9259,1.27,1.30
2014.12.12 15:04:54.346,0.92566,0.9259,1.00,1.30
2014.12.12 15:04:54.447,0.92563,0.9259,1.00,1.30
2014.12.12 15:04:55.103,0.92562,0.92591,1.65,1.30
2014.12.12 15:04:55.205,0.92562,0.92585,1.65,1.30
2014.12.12 15:04:55.357,0.92559,0.92586,1.80,1.30
2014.12.12 15:04:55.458,0.92561,0.92592,1.15,1.30
2014.12.12 15:04:55.660,0.92572,0.92595,2.10,1.30
2014.12.12 15:04:55.761,0.92574,0.92602,1.60,1.50
2014.12.12 15:04:56.164,0.9257,0.92603,1.65,1.45
2014.12.12 15:04:56.466,0.92574,0.926,1.00,1.30
2014.12.12 15:04:56.567,0.92574,0.92606,5.10,1.35
2014.12.12 15:04:56.618,0.92574,0.92602,4.50,1.30
2014.12.12 15:04:56.669,0.92573,0.92602,1.15,1.30
2014.12.12 15:04:56.870,0.92575,0.92599,1.00,1.30
2014.12.12 15:04:56.971,0.92569,0.92597,1.87,1.05
2014.12.12 15:04:57.173,0.92572,0.92601,1.60,1.05
2014.12.12 15:04:58.383,0.92572,0.92602,1.60,1.12
2014.12.12 15:04:59.234,0.92572,0.92602,1.97,1.12
2014.12.12 15:04:59.536,0.92567,0.92599,2.02,1.30
2014.12.12 15:04:59.839,0.92567,0.92597,1.90,1.30
2014.12.12 15:05:00.142,0.92561,0.92593,1.90,1.30
2014.12.12 15:05:00.344,0.92563,0.92598,1.52,1.50
2014.12.12 15:05:00.868,0.92568,0.92602,1.00,3.30
2014.12.12 15:05:00.969,0.92568,0.92602,1.37,3.67
2014.12.12 15:05:01.274,0.92568,0.926,1.37,1.82
2014.12.12 15:05:01.375,0.92563,0.92597,1.85,1.50
2014.12.12 15:05:01.577,0.9256,0.92597,1.15,1.45
2014.12.12 15:05:02.183,0.92566,0.92595,1.00,1.17
2014.12.12 15:05:02.285,0.92564,0.92599,1.15,1.50
2014.12.12 15:05:03.349,0.92565,0.92601,1.90,1.45
2014.12.12 15:05:06.284,0.92567,0.926,1.85,1.45
2014.12.12 15:05:06.897,0.92569,0.92601,1.75,1.45
2014.12.12 15:05:07.098,0.92577,0.92607,1.50,3.30
2014.12.12 15:05:07.301,0.92578,0.92609,1.37,1.45
2014.12.12 15:05:09.883,0.92575,0.92605,3.00,1.30
2014.12.12 15:05:11.412,0.92576,0.92605,1.57,1.30
2014.12.12 15:05:12.236,0.92575,0.92605,1.55,1.30
2014.12.12 15:05:12.287,0.92572,0.92601,1.65,1.30
2014.12.12 15:05:12.388,0.92569,0.926,2.77,1.30
2014.12.12 15:05:12.489,0.92569,0.92595,1.52,1.30
2014.12.12 15:05:12.590,0.92566,0.92594,1.05,1.30
2014.12.12 15:05:12.641,0.92562,0.92594,3.00,1.30
2014.12.12 15:05:12.792,0.92562,0.92593,1.10,1.12
2014.12.12 15:05:13.095,0.92565,0.92599,1.65,1.45
2014.12.12 15:05:13.398,0.92569,0.92596,1.00,1.12
2014.12.12 15:05:13.499,0.92569,0.92598,1.10,1.30
2014.12.12 15:05:13.801,0.92567,0.92595,1.15,1.30
2014.12.12 15:05:14.374,0.92566,0.92595,1.87,1.30
2014.12.12 15:05:14.922,0.92566,0.92596,1.87,1.30
2014.12.12 15:05:15.426,0.92567,0.92595,1.52,1.30
2014.12.12 15:05:15.729,0.9257,0.92601,1.75,1.45
2014.12.12 15:05:15.780,0.9257,0.92601,1.90,1.30
2014.12.12 15:05:16.205,0.9257,0.92602,1.52,1.35
2014.12.12 15:05:16.256,0.9257,0.92597,1.52,1.30
2014.12.12 15:05:16.407,0.9257,0.92597,1.37,1.30
2014.12.12 15:05:16.914,0.92568,0.92596,1.55,1.30
2014.12.12 15:05:17.507,0.92567,0.92596,1.52,1.30
2014.12.12 15:05:17.759,0.92567,0.92594,1.52,1.30
2014.12.12 15:05:17.810,0.92567,0.92594,1.27,1.30
2014.12.12 15:05:17.912,0.92565,0.92593,1.60,1.67
2014.12.12 15:05:18.013,0.92565,0.9259,2.10,1.30
2014.12.12 15:05:18.417,0.92567,0.92592,1.00,1.30
2014.12.12 15:05:19.119,0.92567,0.92593,1.00,1.30
2014.12.12 15:05:19.220,0.92567,0.92593,1.37,1.30
2014.12.12 15:05:19.321,0.92567,0.92593,1.37,1.30
2014.12.12 15:05:19.422,0.92566,0.92589,1.87,1.30
2014.12.12 15:05:19.976,0.92566,0.9259,1.37,1.30
2014.12.12 15:05:20.486,0.92563,0.9259,1.90,1.30
2014.12.12 15:05:21.624,0.92563,0.9259,1.90,1.30
2014.12.12 15:05:21.726,0.92564,0.92595,4.57,1.30
2014.12.12 15:05:21.827,0.92568,0.92592,1.92,1.30
2014.12.12 15:05:21.928,0.92566,0.92592,2.02,1.30
2014.12.12 15:05:22.080,0.92566,0.92595,1.37,1.12
2014.12.12 15:05:22.233,0.92566,0.92599,1.00,3.30
2014.12.12 15:05:22.284,0.92569,0.92598,1.00,1.37
2014.12.12 15:05:22.335,0.92571,0.92598,1.00,1.05
2014.12.12 15:05:22.386,0.92576,0.92599,1.00,1.12
2014.12.12 15:05:22.487,0.92571,0.92594,1.00,1.30
2014.12.12 15:05:22.588,0.92568,0.92594,1.10,1.30
2014.12.12 15:05:23.049,0.92565,0.92587,1.57,1.30
2014.12.12 15:05:23.554,0.9256,0.92586,3.07,1.30
2014.12.12 15:05:23.706,0.9256,0.92584,1.17,1.30
2014.12.12 15:05:24.059,0.92558,0.9258,1.15,1.30
2014.12.12 15:05:24.608,0.92559,0.92581,1.15,1.30
2014.12.12 15:05:24.810,0.92558,0.92584,1.15,1.30
2014.12.12 15:05:24.911,0.92558,0.92586,1.15,1.30
2014.12.12 15:05:25.069,0.92559,0.92586,1.52,1.30
2014.12.12 15:05:25.431,0.92561,0.92585,1.20,1.30
2014.12.12 15:05:25.944,0.92556,0.92578,1.57,1.30
2014.12.12 15:05:25.995,0.92556,0.92578,1.50,1.30
2014.12.12 15:05:26.096,0.9255,0.92581,5.17,1.30
2014.12.12 15:05:26.197,0.92553,0.92584,1.50,1.45
2014.12.12 15:05:26.303,0.92555,0.92582,1.00,1.12
2014.12.12 15:05:26.837,0.92555,0.9258,1.17,1.30
2014.12.12 15:05:27.140,0.92555,0.92579,1.55,1.30
2014.12.12 15:05:27.758,0.92555,0.9258,1.55,1.30
2014.12.12 15:05:28.267,0.92555,0.92581,1.55,1.30
2014.12.12 15:05:29.204,0.92554,0.92581,1.52,1.30
2014.12.12 15:05:29.458,0.92555,0.92581,1.00,1.30
2014.12.12 15:05:29.710,0.92553,0.92582,1.10,1.05
2014.12.12 15:05:30.326,0.9255,0.92578,1.15,1.30
2014.12.12 15:05:30.377,0.92546,0.92578,1.55,1.05
2014.12.12 15:05:30.528,0.92546,0.92576,1.37,1.45
2014.12.12 15:05:31.128,0.92546,0.92574,1.37,1.30
2014.12.12 15:05:31.653,0.92546,0.92575,1.37,1.12
2014.12.12 15:05:32.169,0.92546,0.92576,1.65,1.30
2014.12.12 15:05:33.379,0.92548,0.92577,1.47,1.30
2014.12.12 15:05:33.899,0.92548,0.92576,1.47,1.30
2014.12.12 15:05:34.374,0.92548,0.92577,1.85,1.30
2014.12.12 15:05:34.475,0.92548,0.9258,3.82,1.30
2014.12.12 15:05:34.576,0.92551,0.9258,1.90,1.30
2014.12.12 15:05:34.627,0.92551,0.92582,3.82,1.30
2014.12.12 15:05:34.829,0.92552,0.92579,1.65,1.30
2014.12.12 15:05:35.282,0.9255,0.92577,3.82,1.30
2014.12.12 15:05:35.585,0.9255,0.92569,1.07,1.30
2014.12.12 15:05:35.635,0.92545,0.92569,1.00,1.30
2014.12.12 15:05:35.686,0.9254,0.92572,2.02,1.30
2014.12.12 15:05:35.737,0.9254,0.92572,2.02,1.37
2014.12.12 15:05:35.939,0.92535,0.92568,3.45,1.30
2014.12.12 15:05:35.990,0.92543,0.92568,1.00,1.30
2014.12.12 15:05:36.141,0.9254,0.9257,1.15,1.30
2014.12.12 15:05:36.356,0.92544,0.92573,1.10,1.30
2014.12.12 15:05:36.558,0.92544,0.92575,1.75,1.30
2014.12.12 15:05:36.910,0.92545,0.92575,3.00,1.30
2014.12.12 15:05:37.364,0.92549,0.92575,1.42,1.30
2014.12.12 15:05:38.027,0.92549,0.92576,1.05,1.30
2014.12.12 15:05:38.128,0.92549,0.92576,1.42,1.30
2014.12.12 15:05:39.132,0.92549,0.92576,1.42,1.30
2014.12.12 15:05:40.412,0.92549,0.92575,1.42,1.30
2014.12.12 15:05:40.664,0.92549,0.92575,1.42,1.30
2014.12.12 15:05:41.163,0.92549,0.92575,1.42,1.30
2014.12.12 15:05:42.152,0.92546,0.92575,1.52,1.30
2014.12.12 15:05:42.253,0.92545,0.92575,1.27,1.67
2014.12.12 15:05:42.354,0.92543,0.92572,1.52,1.30
2014.12.12 15:05:42.455,0.92543,0.92572,1.90,1.30
2014.12.12 15:05:42.506,0.92542,0.92574,1.90,1.30
2014.12.12 15:05:42.658,0.92544,0.92574,1.52,1.30
2014.12.12 15:05:43.074,0.92546,0.92573,1.47,1.30
2014.12.12 15:05:43.600,0.92543,0.92573,1.82,1.30
2014.12.12 15:05:44.185,0.92544,0.92576,1.52,1.50
2014.12.12 15:05:44.286,0.92544,0.92577,3.82,1.30
2014.12.12 15:05:44.394,0.92546,0.92579,1.90,1.30
2014.12.12 15:05:44.816,0.92547,0.92577,1.52,1.30
2014.12.12 15:05:45.364,0.92546,0.92576,1.65,1.30
2014.12.12 15:05:46.590,0.92546,0.92579,1.65,1.35
2014.12.12 15:05:46.792,0.92547,0.92579,1.90,1.30
2014.12.12 15:05:46.893,0.92551,0.92584,1.90,1.12
2014.12.12 15:05:46.994,0.92552,0.92585,3.82,1.00
2014.12.12 15:05:47.146,0.92554,0.92587,1.87,1.05
2014.12.12 15:05:47.307,0.92557,0.9259,2.70,1.12
2014.12.12 15:05:47.811,0.92557,0.92588,2.70,1.30
2014.12.12 15:05:48.489,0.92557,0.92588,3.07,1.30
2014.12.12 15:05:48.691,0.92562,0.9259,1.05,1.30
2014.12.12 15:05:48.792,0.9256,0.92592,4.42,1.30
2014.12.12 15:05:48.893,0.92563,0.92586,1.17,1.30
2014.12.12 15:05:48.994,0.92559,0.92583,1.17,1.30
2014.12.12 15:05:49.500,0.92555,0.92582,4.05,1.30
2014.12.12 15:05:50.017,0.92555,0.92582,5.17,1.30
2014.12.12 15:05:50.219,0.92561,0.92589,1.35,1.05
2014.12.12 15:05:50.320,0.92563,0.9259,1.75,1.12
2014.12.12 15:05:50.574,0.92563,0.92591,1.90,1.30
2014.12.12 15:05:50.625,0.92563,0.92591,1.75,1.30
2014.12.12 15:05:51.675,0.92563,0.92591,1.52,1.30
2014.12.12 15:05:52.197,0.92562,0.92589,1.52,1.30
2014.12.12 15:05:52.518,0.92563,0.92589,1.65,1.30
2014.12.12 15:05:52.770,0.92563,0.92588,1.52,1.30
2014.12.12 15:05:52.971,0.92558,0.92588,2.40,1.30
2014.12.12 15:05:53.073,0.92559,0.9259,1.90,1.30
2014.12.12 15:05:53.982,0.92562,0.9259,1.37,1.30
2014.12.12 15:05:54.690,0.92566,0.9259,1.00,1.30
2014.12.12 15:05:54.791,0.92566,0.92595,1.65,1.30
2014.12.12 15:05:54.892,0.92569,0.92597,1.00,1.50
2014.12.12 15:05:54.943,0.92566,0.92593,1.12,1.30
2014.12.12 15:05:55.191,0.92566,0.92593,1.12,1.30
2014.12.12 15:05:55.292,0.92566,0.92591,1.12,1.30
2014.12.12 15:05:55.595,0.92561,0.92589,1.90,1.30
2014.12.12 15:05:55.959,0.92561,0.92587,1.90,1.30
2014.12.12 15:05:56.161,0.92562,0.9259,1.65,1.30
2014.12.12 15:05:56.514,0.92562,0.92585,1.55,1.30
2014.12.12 15:05:57.113,0.9256,0.92584,1.52,1.30
2014.12.12 15:05:57.732,0.92561,0.92585,1.52,1.30
2014.12.12 15:05:58.712,0.92561,0.92584,1.52,1.30
2014.12.12 15:05:58.813,0.92561,0.92587,1.52,1.30
2014.12.12 15:05:59.039,0.92561,0.92585,1.52,1.30
2014.12.12 15:05:59.342,0.92562,0.92588,1.65,1.30
2014.12.12 15:05:59.449,0.92562,0.92593,1.92,1.05
2014.12.12 15:05:59.550,0.92566,0.92593,1.35,1.05
2014.12.12 15:05:59.651,0.92563,0.92592,3.07,1.30
2014.12.12 15:05:59.702,0.92563,0.92588,3.07,1.30
2014.12.12 15:05:59.804,0.92568,0.9259,1.00,1.30
2014.12.12 15:05:59.905,0.92562,0.9259,1.15,1.30
2014.12.12 15:06:00.425,0.92562,0.92591,1.15,1.30
2014.12.12 15:06:00.477,0.92563,0.92593,2.32,1.30
2014.12.12 15:06:00.680,0.92564,0.926,2.32,1.65
2014.12.12 15:06:00.882,0.92564,0.92595,2.32,1.00
2014.12.12 15:06:01.184,0.92563,0.92589,1.00,1.30
2014.12.12 15:06:01.487,0.92562,0.92591,2.32,1.30
2014.12.12 15:06:01.538,0.92562,0.92593,2.32,1.30
2014.12.12 15:06:01.589,0.92565,0.92593,3.07,1.30
2014.12.12 15:06:01.690,0.92566,0.92596,2.32,1.30
2014.12.12 15:06:01.791,0.92567,0.92599,2.25,1.30
2014.12.12 15:06:02.295,0.92568,0.926,1.45,1.05
2014.12.12 15:06:02.708,0.92574,0.92608,1.07,1.50
2014.12.12 15:06:03.666,0.92574,0.92606,3.37,1.30
2014.12.12 15:06:03.962,0.92576,0.92609,1.52,1.35
2014.12.12 15:06:04.367,0.92578,0.92611,2.70,1.75
2014.12.12 15:06:04.722,0.92578,0.92608,2.70,1.30
2014.12.12 15:06:05.244,0.92578,0.92609,2.70,1.30
2014.12.12 15:06:05.568,0.92578,0.92606,2.70,1.30
2014.12.12 15:06:05.669,0.92576,0.92606,1.52,1.30
2014.12.12 15:06:05.720,0.92576,0.92608,1.52,1.35
2014.12.12 15:06:05.972,0.92577,0.92606,1.52,1.30
2014.12.12 15:06:06.291,0.92577,0.92603,1.52,1.30
2014.12.12 15:06:06.605,0.92579,0.92605,2.70,1.00
2014.12.12 15:06:07.613,0.92579,0.92606,2.70,1.30
2014.12.12 15:06:07.714,0.92582,0.92613,2.70,1.30
2014.12.12 15:06:07.764,0.92585,0.92613,1.82,1.30
2014.12.12 15:06:07.815,0.92585,0.92615,1.82,1.00
2014.12.12 15:06:07.916,0.92587,0.92617,2.70,1.30
2014.12.12 15:06:08.224,0.92588,0.92615,2.70,1.30
2014.12.12 15:06:08.534,0.92588,0.92613,2.70,1.30
2014.12.12 15:06:08.686,0.92585,0.92612,2.32,1.30
2014.12.12 15:06:09.057,0.92585,0.9261,2.70,1.30
2014.12.12 15:06:09.475,0.92585,0.92612,2.70,1.30
2014.12.12 15:06:09.817,0.92585,0.92614,2.70,1.30
2014.12.12 15:06:10.019,0.92585,0.92612,2.70,1.30
2014.12.12 15:06:10.271,0.92585,0.92614,2.70,1.30
2014.12.12 15:06:10.473,0.92585,0.92612,2.70,1.30
2014.12.12 15:06:11.003,0.92585,0.92615,3.82,1.00
2014.12.12 15:06:11.255,0.92587,0.92615,1.52,1.30
2014.12.12 15:06:11.306,0.92586,0.92615,3.07,1.30
2014.12.12 15:06:11.457,0.92587,0.92619,1.90,1.45
2014.12.12 15:06:11.508,0.92589,0.92619,3.07,1.05
2014.12.12 15:06:11.558,0.92589,0.92616,3.07,1.30
2014.12.12 15:06:11.659,0.9259,0.92619,1.15,1.05
2014.12.12 15:06:11.710,0.92591,0.92619,2.32,1.30
2014.12.12 15:06:12.214,0.92593,0.92621,1.15,1.00
2014.12.12 15:06:12.315,0.92594,0.9262,2.32,1.00
2014.12.12 15:06:12.864,0.92594,0.9261,2.32,1.30
2014.12.12 15:06:12.915,0.92591,0.9261,2.32,1.30
2014.12.12 15:06:13.016,0.9259,0.92612,1.45,1.30
2014.12.12 15:06:13.117,0.92588,0.9261,2.70,1.00
2014.12.12 15:06:13.419,0.92574,0.926,6.60,1.72
2014.12.12 15:06:13.571,0.92574,0.92598,6.60,1.30
2014.12.12 15:06:13.974,0.92574,0.926,6.60,1.30
2014.12.12 15:06:14.075,0.92574,0.92598,6.60,1.30
2014.12.12 15:06:14.226,0.92574,0.92598,2.25,1.30
2014.12.12 15:06:14.553,0.92574,0.92596,2.25,1.30
2014.12.12 15:06:14.654,0.92572,0.92596,1.15,1.30
2014.12.12 15:06:15.172,0.92571,0.92595,1.50,1.30
2014.12.12 15:06:15.273,0.92571,0.92595,1.42,1.30
2014.12.12 15:06:15.425,0.92569,0.92593,1.75,1.30
2014.12.12 15:06:15.956,0.92571,0.92594,1.05,1.30
2014.12.12 15:06:16.525,0.92571,0.92595,1.05,1.30
2014.12.12 15:06:16.828,0.92571,0.92597,1.12,1.05
2014.12.12 15:06:17.141,0.92571,0.92597,1.50,1.30
2014.12.12 15:06:17.192,0.92571,0.92601,1.50,1.05
2014.12.12 15:06:17.243,0.92575,0.92601,4.87,1.30
2014.12.12 15:06:17.749,0.92577,0.92602,1.12,1.30
2014.12.12 15:06:18.052,0.92578,0.92604,4.50,1.30
2014.12.12 15:06:18.254,0.92582,0.9261,2.92,1.72
2014.12.12 15:06:18.355,0.92585,0.9261,2.32,1.72
2014.12.12 15:06:18.666,0.92582,0.92608,2.92,1.30
2014.12.12 15:06:18.817,0.92582,0.9261,2.92,1.72
2014.12.12 15:06:19.324,0.92582,0.92611,2.92,1.30
2014.12.12 15:06:19.375,0.92582,0.92608,2.92,1.30
2014.12.12 15:06:19.678,0.92591,0.92609,2.25,1.30
2014.12.12 15:06:19.728,0.92591,0.92615,2.32,1.00
2014.12.12 15:06:19.829,0.92588,0.92615,2.32,1.00
2014.12.12 15:06:19.880,0.92591,0.92615,2.32,1.00
2014.12.12 15:06:20.082,0.92587,0.92612,1.15,1.30
2014.12.12 15:06:20.584,0.92586,0.92613,2.32,1.30
2014.12.12 15:06:20.914,0.92586,0.92615,2.32,1.30
2014.12.12 15:06:20.965,0.92589,0.92615,2.32,1.30
2014.12.12 15:06:22.038,0.92591,0.92617,3.07,1.30
2014.12.12 15:06:22.442,0.92592,0.92621,3.67,1.30
2014.12.12 15:06:22.543,0.92594,0.92621,3.07,1.30
2014.12.12 15:06:23.047,0.92594,0.9262,5.25,1.30
2014.12.12 15:06:23.444,0.92594,0.92614,2.32,1.30
2014.12.12 15:06:23.494,0.9259,0.92614,3.45,1.30
2014.12.12 15:06:23.796,0.92588,0.92615,1.12,1.30
2014.12.12 15:06:23.847,0.92588,0.92615,3.30,1.30
2014.12.12 15:06:24.160,0.92588,0.92613,1.12,1.30
2014.12.12 15:06:24.464,0.92588,0.92611,1.45,1.30
2014.12.12 15:06:24.968,0.92587,0.9261,2.92,1.30
2014.12.12 15:06:25.495,0.92587,0.92609,2.92,1.30
2014.12.12 15:06:26.092,0.92587,0.92608,2.92,1.30
2014.12.12 15:06:26.402,0.92585,0.92607,2.62,1.30
2014.12.12 15:06:26.907,0.92584,0.92606,2.70,1.30
2014.12.12 15:06:27.200,0.92583,0.92606,1.12,1.30
2014.12.12 15:06:27.503,0.92583,0.92604,1.12,1.30
2014.12.12 15:06:28.395,0.92583,0.92605,1.12,1.30
2014.12.12 15:06:28.617,0.9259,0.9261,1.30,1.30
2014.12.12 15:06:28.668,0.9259,0.9261,1.37,1.30
2014.12.12 15:06:28.870,0.92585,0.92609,2.70,1.30
2014.12.12 15:06:29.172,0.92585,0.92607,2.70,1.30
2014.12.12 15:06:31.041,0.92585,0.92608,2.32,1.30
2014.12.12 15:06:31.293,0.92582,0.92608,2.62,1.30
2014.12.12 15:06:31.343,0.92582,0.92606,2.62,1.30
2014.12.12 15:06:32.266,0.92584,0.92607,1.12,1.30
2014.12.12 15:06:32.583,0.92588,0.92615,3.07,1.72
2014.12.12 15:06:32.802,0.92589,0.92617,1.12,1.30
2014.12.12 15:06:33.544,0.92589,0.92614,1.87,1.30
2014.12.12 15:06:33.848,0.92588,0.92612,3.82,1.30
2014.12.12 15:06:34.000,0.92584,0.92608,1.50,1.30
2014.12.12 15:06:34.101,0.92584,0.92606,1.50,1.30
2014.12.12 15:06:34.522,0.92583,0.92606,1.12,1.30
2014.12.12 15:06:35.039,0.92583,0.92605,1.12,1.30
2014.12.12 15:06:35.635,0.92584,0.92606,1.45,1.30
2014.12.12 15:06:36.671,0.92584,0.92608,1.50,1.30
2014.12.12 15:06:36.772,0.92585,0.92611,2.02,1.30
2014.12.12 15:06:36.822,0.92588,0.92611,2.62,1.30
2014.12.12 15:06:36.873,0.92589,0.92613,1.05,1.30
2014.12.12 15:06:36.974,0.92591,0.92615,1.05,1.30
2014.12.12 15:06:37.075,0.92589,0.92613,1.75,1.30
2014.12.12 15:06:37.378,0.9259,0.9261,2.17,1.30
2014.12.12 15:06:37.429,0.9259,0.92613,2.17,1.30
2014.12.12 15:06:37.530,0.9259,0.92615,2.17,1.30
2014.12.12 15:06:37.581,0.92593,0.92615,2.17,1.30
2014.12.12 15:06:37.732,0.92593,0.92617,2.25,1.30
2014.12.12 15:06:38.821,0.92593,0.92619,2.62,1.30
2014.12.12 15:06:39.151,0.92593,0.92614,2.62,1.30
2014.12.12 15:06:39.202,0.92592,0.92614,1.00,1.30
2014.12.12 15:06:39.404,0.92588,0.92611,2.62,1.30
2014.12.12 15:06:39.505,0.9259,0.92613,1.05,1.30
2014.12.12 15:06:39.555,0.92591,0.92613,2.10,1.30
2014.12.12 15:06:39.606,0.92593,0.92615,1.05,1.30
2014.12.12 15:06:39.901,0.92592,0.92617,1.77,1.30
2014.12.12 15:06:40.053,0.92592,0.9262,1.75,1.30
2014.12.12 15:06:40.104,0.92599,0.9262,2.17,1.30
2014.12.12 15:06:40.154,0.92599,0.92624,2.25,1.30
2014.12.12 15:06:40.676,0.92599,0.92623,2.25,1.30
2014.12.12 15:06:41.292,0.92598,0.92625,3.07,1.30
2014.12.12 15:06:41.393,0.926,0.9262,1.15,1.00
2014.12.12 15:06:41.646,0.92595,0.9262,2.32,1.00
2014.12.12 15:06:42.232,0.92595,0.92619,2.32,1.30
2014.12.12 15:06:42.283,0.92597,0.9261,2.32,1.00
2014.12.12 15:06:42.435,0.92591,0.9261,2.32,1.00
2014.12.12 15:06:42.536,0.92589,0.9261,2.32,1.00
2014.12.12 15:06:42.650,0.92585,0.9261,5.62,1.00
2014.12.12 15:06:43.233,0.92585,0.92607,4.50,1.30
2014.12.12 15:06:43.435,0.9258,0.92605,1.15,1.00
2014.12.12 15:06:43.701,0.9258,0.92603,1.15,1.30
2014.12.12 15:06:43.821,0.92582,0.92607,2.32,1.30
2014.12.12 15:06:44.124,0.92583,0.92604,1.15,1.30
2014.12.12 15:06:44.225,0.9258,0.92604,2.32,1.30
2014.12.12 15:06:44.578,0.9258,0.92602,2.32,1.30
2014.12.12 15:06:45.083,0.9258,0.92601,2.32,1.30
2014.12.12 15:06:45.537,0.92578,0.92602,1.12,1.30
2014.12.12 15:06:45.689,0.92578,0.92604,1.12,1.30
2014.12.12 15:06:45.790,0.92579,0.92605,2.70,1.00
2014.12.12 15:06:46.133,0.9258,0.92608,3.82,1.30
2014.12.12 15:06:46.184,0.92582,0.92608,2.70,1.30
2014.12.12 15:06:46.628,0.92584,0.9261,1.12,1.00
2014.12.12 15:06:46.830,0.92584,0.92608,1.45,1.30
2014.12.12 15:06:47.133,0.92581,0.92606,2.25,1.30
2014.12.12 15:06:48.528,0.92579,0.92606,1.12,1.30
2014.12.12 15:06:48.932,0.92579,0.92602,1.12,1.30
2014.12.12 15:06:49.241,0.92579,0.92604,1.12,1.30
2014.12.12 15:06:49.753,0.92579,0.92604,1.12,1.30
2014.12.12 15:06:50.116,0.9258,0.92604,1.90,1.30
2014.12.12 15:06:50.167,0.9258,0.92607,1.90,1.30
2014.12.12 15:06:50.570,0.92585,0.92609,1.87,1.30
2014.12.12 15:06:50.877,0.92585,0.92605,1.87,1.00
2014.12.12 15:06:51.205,0.92586,0.92609,1.52,1.30
2014.12.12 15:06:51.507,0.92585,0.92605,1.45,1.00
2014.12.12 15:06:51.659,0.9258,0.92605,1.87,1.00
2014.12.12 15:06:51.861,0.92587,0.92605,1.30,1.30
2014.12.12 15:06:51.912,0.92587,0.92608,1.30,1.30
2014.12.12 15:06:52.063,0.92587,0.92608,1.12,1.30
2014.12.12 15:06:52.611,0.92587,0.92609,1.12,1.30
2014.12.12 15:06:52.990,0.92587,0.92607,1.45,1.30
2014.12.12 15:06:53.142,0.92584,0.92606,2.62,1.30
2014.12.12 15:06:53.655,0.92584,0.92605,2.62,1.30
2014.12.12 15:06:54.021,0.92587,0.9261,1.05,1.72
2014.12.12 15:06:54.122,0.92587,0.92608,1.12,1.30
2014.12.12 15:06:54.361,0.92584,0.92606,2.62,1.30
2014.12.12 15:06:54.563,0.92587,0.92608,1.30,1.30
2014.12.12 15:06:54.664,0.92587,0.9261,1.12,1.00
2014.12.12 15:06:55.175,0.92587,0.9261,1.12,1.00
2014.12.12 15:06:55.276,0.92587,0.92612,1.12,1.30
2014.12.12 15:06:55.377,0.92587,0.92613,4.05,1.30
2014.12.12 15:06:55.479,0.92584,0.92611,1.15,1.30
2014.12.12 15:06:55.529,0.92582,0.92603,2.32,1.30
2014.12.12 15:06:55.580,0.92578,0.92603,3.67,1.30
2014.12.12 15:06:55.681,0.92577,0.92603,3.00,1.30
2014.12.12 15:06:56.085,0.92577,0.92601,2.25,1.30
2014.12.12 15:06:56.639,0.92577,0.92599,2.25,1.30
2014.12.12 15:06:56.956,0.92577,0.92597,2.25,1.30
2014.12.12 15:06:57.208,0.92577,0.926,3.00,1.30
2014.12.12 15:06:57.510,0.92577,0.92602,3.00,1.30
2014.12.12 15:06:58.626,0.92578,0.92601,1.12,1.30
2014.12.12 15:06:59.141,0.92578,0.92603,1.12,1.30
2014.12.12 15:06:59.494,0.92578,0.92601,1.12,1.30
2014.12.12 15:07:00.305,0.92578,0.926,1.12,1.00
2014.12.12 15:07:00.506,0.9257,0.92596,5.47,1.30
2014.12.12 15:07:00.607,0.92569,0.92596,1.12,1.30
2014.12.12 15:07:00.658,0.9257,0.92596,2.25,1.30
2014.12.12 15:07:00.725,0.92572,0.926,3.07,1.00
2014.12.12 15:07:00.977,0.92579,0.92601,2.10,1.30
2014.12.12 15:07:01.028,0.92579,0.92606,2.10,1.15
2014.12.12 15:07:01.129,0.9258,0.9261,1.77,1.87
2014.12.12 15:07:01.180,0.9258,0.9261,1.77,1.87
2014.12.12 15:07:01.231,0.92581,0.9261,2.25,1.80
2014.12.12 15:07:01.281,0.92582,0.9261,2.92,1.00
2014.12.12 15:07:01.629,0.92575,0.92598,1.75,1.30
2014.12.12 15:07:01.731,0.9257,0.92595,1.15,1.30
2014.12.12 15:07:01.781,0.92566,0.92595,4.80,1.37
2014.12.12 15:07:01.882,0.92563,0.92591,1.75,1.30
2014.12.12 15:07:02.235,0.92562,0.92593,5.92,1.05
2014.12.12 15:07:02.886,0.92565,0.92593,3.30,1.30
2014.12.12 15:07:03.194,0.92565,0.92589,3.30,1.30
2014.12.12 15:07:03.244,0.92565,0.92588,1.45,1.30
2014.12.12 15:07:03.345,0.92565,0.92591,1.45,1.30
2014.12.12 15:07:03.446,0.92565,0.92589,1.12,1.30
2014.12.12 15:07:03.547,0.92562,0.92591,4.42,1.30
2014.12.12 15:07:03.598,0.92565,0.92591,2.92,1.30
2014.12.12 15:07:03.699,0.92566,0.92594,2.32,1.30
2014.12.12 15:07:03.800,0.92566,0.92591,4.50,1.30
2014.12.12 15:07:04.567,0.92564,0.92591,1.75,1.30
2014.12.12 15:07:05.450,0.92564,0.9259,1.12,1.30
2014.12.12 15:07:05.655,0.92563,0.92587,2.92,1.30
2014.12.12 15:07:05.756,0.92562,0.92586,2.62,1.30
2014.12.12 15:07:05.857,0.92562,0.92584,2.10,1.30
2014.12.12 15:07:05.958,0.92558,0.92584,1.12,1.30
2014.12.12 15:07:06.009,0.92559,0.92587,2.70,1.30
2014.12.12 15:07:06.518,0.92559,0.92584,2.70,1.30
2014.12.12 15:07:06.670,0.92559,0.92588,2.70,1.30
2014.12.12 15:07:06.872,0.92559,0.9259,2.70,1.05
2014.12.12 15:07:06.922,0.92562,0.9259,2.70,1.30
2014.12.12 15:07:07.224,0.92557,0.92585,2.32,1.30
2014.12.12 15:07:07.275,0.92556,0.92585,1.15,1.30
2014.12.12 15:07:07.326,0.92557,0.92589,2.32,1.05
2014.12.12 15:07:07.628,0.92559,0.92591,1.45,1.30
2014.12.12 15:07:07.829,0.92557,0.9259,3.30,1.80
2014.12.12 15:07:08.210,0.92555,0.92582,1.00,1.30
2014.12.12 15:07:08.417,0.92557,0.92587,1.17,1.30
2014.12.12 15:07:08.619,0.92557,0.92589,1.87,1.05
2014.12.12 15:07:08.922,0.92557,0.92589,3.82,1.30
2014.12.12 15:07:09.375,0.92555,0.92585,2.25,1.30
2014.12.12 15:07:09.627,0.9255,0.92582,1.15,1.12
2014.12.12 15:07:09.728,0.9255,0.92578,1.15,1.30
2014.12.12 15:07:10.059,0.9255,0.9258,1.65,1.30
2014.12.12 15:07:10.163,0.9255,0.9258,1.65,1.30
2014.12.12 15:07:10.364,0.92555,0.92585,2.17,1.05
2014.12.12 15:07:10.516,0.92556,0.92586,1.75,1.30
2014.12.12 15:07:10.617,0.92556,0.92588,1.75,1.30
2014.12.12 15:07:10.667,0.92556,0.92585,1.75,1.00
2014.12.12 15:07:10.974,0.92557,0.92588,1.12,1.35
2014.12.12 15:07:11.226,0.92558,0.9259,1.12,1.80
2014.12.12 15:07:11.277,0.92559,0.9259,2.70,1.80
2014.12.12 15:07:11.378,0.92562,0.92594,2.70,1.30
2014.12.12 15:07:11.882,0.92564,0.92595,2.10,1.00
2014.12.12 15:07:12.436,0.92564,0.9259,2.10,1.00
2014.12.12 15:07:12.846,0.92564,0.92594,1.12,1.30
2014.12.12 15:07:12.947,0.92564,0.92596,2.47,1.30
2014.12.12 15:07:13.350,0.92563,0.92595,4.05,1.67
2014.12.12 15:07:13.451,0.92563,0.92591,1.55,1.30
2014.12.12 15:07:13.552,0.92563,0.92595,1.50,1.27
2014.12.12 15:07:13.753,0.92563,0.92596,3.22,1.27
2014.12.12 15:07:13.854,0.92566,0.926,1.72,1.15
2014.12.12 15:07:14.006,0.92564,0.92594,2.92,1.30
2014.12.12 15:07:14.509,0.92564,0.92595,2.92,1.30
2014.12.12 15:07:15.013,0.92564,0.92594,3.30,1.30
2014.12.12 15:07:15.520,0.92564,0.92595,3.30,1.30
2014.12.12 15:07:16.096,0.92564,0.92592,3.30,1.30
2014.12.12 15:07:16.348,0.92564,0.92595,3.30,1.35
2014.12.12 15:07:16.856,0.92566,0.92593,1.12,1.30
2014.12.12 15:07:16.959,0.92561,0.92593,2.47,1.30
2014.12.12 15:07:17.111,0.92559,0.92589,3.30,1.30
2014.12.12 15:07:17.162,0.92559,0.92589,1.12,1.30
2014.12.12 15:07:17.314,0.92558,0.92586,2.25,1.30
2014.12.12 15:07:17.970,0.92556,0.92584,2.32,1.30
2014.12.12 15:07:18.477,0.92556,0.92585,2.32,1.30
2014.12.12 15:07:18.682,0.92552,0.92585,1.50,1.05
2014.12.12 15:07:18.733,0.9255,0.92583,5.17,1.30
2014.12.12 15:07:19.193,0.92552,0.92586,1.52,1.50
2014.12.12 15:07:19.294,0.92554,0.92586,2.70,1.42
2014.12.12 15:07:19.395,0.92555,0.92588,3.67,1.35
2014.12.12 15:07:19.496,0.92555,0.92587,3.45,1.67
2014.12.12 15:07:20.001,0.92555,0.92587,3.30,1.30
2014.12.12 15:07:21.177,0.92555,0.92585,2.32,1.30
2014.12.12 15:07:21.278,0.92552,0.92584,4.05,1.30
2014.12.12 15:07:21.832,0.92552,0.92585,2.70,1.30
2014.12.12 15:07:21.983,0.92552,0.92584,3.67,1.67
2014.12.12 15:07:23.309,0.92552,0.92583,2.32,1.42
2014.12.12 15:07:23.360,0.92548,0.92579,3.07,1.30
2014.12.12 15:07:23.462,0.92552,0.92585,1.12,2.25
2014.12.12 15:07:24.521,0.92551,0.92584,1.50,1.82
2014.12.12 15:07:25.408,0.92552,0.92584,1.50,1.82
2014.12.12 15:07:25.943,0.92552,0.92585,1.50,2.25
2014.12.12 15:07:26.145,0.92548,0.92582,2.32,1.80
2014.12.12 15:07:26.296,0.92547,0.92575,1.42,1.00
2014.12.12 15:07:26.550,0.92543,0.92578,2.25,3.30
2014.12.12 15:07:26.903,0.92541,0.92577,1.87,1.45
2014.12.12 15:07:28.314,0.9254,0.92571,1.52,1.30
2014.12.12 15:07:28.616,0.9254,0.92567,1.37,1.30
2014.12.12 15:07:28.919,0.92536,0.92564,2.25,1.30
2014.12.12 15:07:29.221,0.92539,0.92568,2.70,1.30
2014.12.12 15:07:29.726,0.92539,0.92567,2.70,1.30
2014.12.12 15:07:30.281,0.92542,0.9257,2.70,1.30
2014.12.12 15:07:30.636,0.92542,0.92572,2.70,1.30
2014.12.12 15:07:30.839,0.92542,0.92568,2.70,1.30
2014.12.12 15:07:31.093,0.92542,0.92571,2.70,1.30
2014.12.12 15:07:31.295,0.92542,0.92569,2.70,1.30
2014.12.12 15:07:31.446,0.92539,0.92569,3.45,1.30
2014.12.12 15:07:31.497,0.92539,0.92566,3.45,1.30
2014.12.12 15:07:31.800,0.92536,0.92563,2.70,1.30
2014.12.12 15:07:31.952,0.92534,0.92563,1.12,1.30
2014.12.12 15:07:32.003,0.92536,0.92563,2.70,1.30
2014.12.12 15:07:32.306,0.92535,0.92561,1.52,1.30
2014.12.12 15:07:32.609,0.92532,0.92555,1.65,1.30
2014.12.12 15:07:32.659,0.92532,0.92555,1.27,1.30
2014.12.12 15:07:32.710,0.9253,0.92553,4.05,1.30
2014.12.12 15:07:33.174,0.9253,0.92555,1.00,1.30
2014.12.12 15:07:33.577,0.92529,0.92553,1.52,1.30
2014.12.12 15:07:34.135,0.9253,0.92557,1.52,1.30
2014.12.12 15:07:34.387,0.9253,0.92552,1.15,1.30
2014.12.12 15:07:34.488,0.92528,0.92553,1.50,1.30
2014.12.12 15:07:34.605,0.92528,0.92551,1.50,1.30
2014.12.12 15:07:35.045,0.92528,0.92549,1.45,1.30
2014.12.12 15:07:35.588,0.92528,0.9255,1.45,1.30
2014.12.12 15:07:36.336,0.92526,0.92546,2.25,1.30
2014.12.12 15:07:36.387,0.92525,0.92546,1.15,1.30
2014.12.12 15:07:36.488,0.92523,0.9255,1.12,1.30
2014.12.12 15:07:36.639,0.92524,0.9255,3.45,1.30
2014.12.12 15:07:36.690,0.92529,0.92554,2.25,1.30
2014.12.12 15:07:36.791,0.92529,0.92552,2.25,1.30
2014.12.12 15:07:37.311,0.92529,0.92552,2.25,1.30
2014.12.12 15:07:37.848,0.92529,0.92553,2.25,1.30
2014.12.12 15:07:38.442,0.92527,0.92553,1.27,1.30
2014.12.12 15:07:38.975,0.92527,0.92554,1.27,1.30
2014.12.12 15:07:39.297,0.92529,0.92555,3.45,1.30
2014.12.12 15:07:39.750,0.9253,0.92559,2.77,1.30
2014.12.12 15:07:40.290,0.92532,0.9256,1.55,1.05
2014.12.12 15:07:40.492,0.92531,0.9256,1.15,1.47
2014.12.12 15:07:40.744,0.92532,0.92562,1.55,1.50
2014.12.12 15:07:41.198,0.92531,0.92557,1.17,1.37
2014.12.12 15:07:41.702,0.92527,0.92555,1.15,1.00
2014.12.12 15:07:42.231,0.92528,0.92558,1.15,1.45
2014.12.12 15:07:42.600,0.92527,0.92554,1.52,1.30
2014.12.12 15:07:43.178,0.92527,0.92555,1.52,1.30
2014.12.12 15:07:43.710,0.92529,0.92557,1.27,1.12
2014.12.12 15:07:43.912,0.92532,0.92562,1.12,1.05
2014.12.12 15:07:44.164,0.92533,0.92565,1.87,1.50
2014.12.12 15:07:44.491,0.92536,0.92567,2.32,2.25
2014.12.12 15:07:45.925,0.92538,0.9257,2.70,1.87
2014.12.12 15:07:45.975,0.92538,0.9257,2.70,1.77
2014.12.12 15:07:46.798,0.92537,0.92569,3.67,1.65
2014.12.12 15:07:47.018,0.92538,0.9257,3.67,1.87
2014.12.12 15:07:47.974,0.9254,0.92572,1.45,1.82
2014.12.12 15:07:48.478,0.92539,0.9257,1.50,1.52
2014.12.12 15:07:48.529,0.92539,0.9257,1.50,1.52
2014.12.12 15:07:48.932,0.92538,0.9257,1.87,1.15
2014.12.12 15:07:49.034,0.92541,0.92574,1.82,1.82
2014.12.12 15:07:49.135,0.92544,0.92575,1.42,3.45
2014.12.12 15:07:49.539,0.92547,0.92575,1.05,1.27
2014.12.12 15:07:49.892,0.92547,0.9257,1.05,1.00
2014.12.12 15:07:50.295,0.92543,0.92575,1.82,2.25
2014.12.12 15:07:50.446,0.92542,0.92574,1.50,1.82
2014.12.12 15:07:50.496,0.92542,0.92574,1.82,1.50
2014.12.12 15:07:50.904,0.92541,0.92575,1.45,1.87
2014.12.12 15:07:51.683,0.9254,0.92573,1.12,2.32
2014.12.12 15:07:51.733,0.92541,0.92572,1.05,2.32
2014.12.12 15:07:52.860,0.92542,0.92572,1.30,2.32
2014.12.12 15:07:53.085,0.92544,0.92572,1.30,2.32
2014.12.12 15:07:53.743,0.9254,0.92572,1.50,2.70
2014.12.12 15:07:54.121,0.92541,0.92572,1.42,2.32
2014.12.12 15:07:54.374,0.92544,0.92575,1.82,1.27
2014.12.12 15:07:54.827,0.92543,0.92575,1.45,1.52
2014.12.12 15:07:54.996,0.92542,0.92575,1.12,4.05
2014.12.12 15:07:55.097,0.92539,0.92573,2.32,2.32
2014.12.12 15:07:55.148,0.92538,0.92572,1.45,2.32
2014.12.12 15:07:56.133,0.92536,0.92572,3.67,4.05
2014.12.12 15:07:56.285,0.92534,0.92568,1.52,1.82
2014.12.12 15:07:56.814,0.92533,0.92566,3.45,1.82
2014.12.12 15:07:57.363,0.92533,0.92562,2.70,1.30
2014.12.12 15:07:57.515,0.92531,0.92563,1.82,1.50
2014.12.12 15:07:58.069,0.9254,0.92565,1.30,1.15
2014.12.12 15:07:58.221,0.92536,0.92568,2.32,1.37
2014.12.12 15:07:59.518,0.92537,0.92569,1.50,1.50
2014.12.12 15:08:00.294,0.92536,0.92568,2.70,1.75
2014.12.12 15:08:00.546,0.92536,0.92565,2.70,1.00
2014.12.12 15:08:01.073,0.92536,0.92568,2.70,1.75
2014.12.12 15:08:01.380,0.92534,0.92567,3.67,1.75
2014.12.12 15:08:01.916,0.92535,0.92565,1.50,1.55
2014.12.12 15:08:02.269,0.9254,0.9257,1.37,3.45
2014.12.12 15:08:02.320,0.9254,0.9257,1.12,1.55
2014.12.12 15:08:03.033,0.92537,0.9257,3.67,2.25
2014.12.12 15:08:03.185,0.92538,0.92565,1.82,1.10
2014.12.12 15:08:03.789,0.9254,0.92571,1.37,2.70
2014.12.12 15:08:04.142,0.92542,0.92571,1.05,1.65
2014.12.12 15:08:04.294,0.92541,0.92565,2.25,1.00
2014.12.12 15:08:04.394,0.92544,0.9257,1.30,1.27
2014.12.12 15:08:04.496,0.92545,0.9257,1.05,1.00
2014.12.12 15:08:05.148,0.92543,0.92575,2.10,1.87
2014.12.12 15:08:05.199,0.92543,0.92575,4.27,1.87
2014.12.12 15:08:05.501,0.92551,0.92575,1.35,1.00
2014.12.12 15:08:05.956,0.92551,0.9258,1.30,1.52
2014.12.12 15:08:06.007,0.92551,0.9258,1.37,1.45
2014.12.12 15:08:06.309,0.92551,0.92575,1.05,1.00
2014.12.12 15:08:07.205,0.92547,0.92575,1.17,1.17
2014.12.12 15:08:07.255,0.92545,0.92575,1.37,3.07
2014.12.12 15:08:07.306,0.92542,0.92574,1.50,3.30
2014.12.12 15:08:07.357,0.92542,0.9257,1.37,1.15
2014.12.12 15:08:07.559,0.92536,0.92568,1.45,2.32
2014.12.12 15:08:07.980,0.92541,0.9257,1.10,1.15
2014.12.12 15:08:08.030,0.92541,0.9257,1.17,1.07
2014.12.12 15:08:08.081,0.92544,0.9257,1.05,1.10
2014.12.12 15:08:08.132,0.92544,0.92575,1.12,2.32
2014.12.12 15:08:08.337,0.92552,0.92582,1.30,3.07
2014.12.12 15:08:08.856,0.92553,0.92582,1.30,2.70
2014.12.12 15:08:09.317,0.9255,0.9258,1.50,1.52
2014.12.12 15:08:09.418,0.9255,0.9258,1.37,3.45
2014.12.12 15:08:09.620,0.92542,0.92572,1.42,3.07
2014.12.12 15:08:10.127,0.92541,0.9257,1.37,1.07
2014.12.12 15:08:10.178,0.92545,0.9257,1.30,1.07
2014.12.12 15:08:10.682,0.92546,0.92574,1.30,2.32
2014.12.12 15:08:11.692,0.92545,0.92574,1.30,2.70
2014.12.12 15:08:12.216,0.92543,0.92574,1.37,2.70
2014.12.12 15:08:13.537,0.92544,0.92574,1.42,2.70
2014.12.12 15:08:13.840,0.92552,0.92577,1.30,2.32
2014.12.12 15:08:13.941,0.92552,0.92579,1.30,2.32
2014.12.12 15:08:14.043,0.92554,0.92579,1.30,2.32
2014.12.12 15:08:14.447,0.92557,0.92582,1.30,2.32
2014.12.12 15:08:14.649,0.92557,0.92585,1.30,3.45
2014.12.12 15:08:15.003,0.92552,0.9258,1.45,1.10
2014.12.12 15:08:15.104,0.9255,0.9258,1.45,1.07
2014.12.12 15:08:15.154,0.9255,0.9258,1.12,1.15
2014.12.12 15:08:15.205,0.9255,0.92579,1.05,2.32
2014.12.12 15:08:15.508,0.92553,0.92575,1.30,1.17
2014.12.12 15:08:15.659,0.92551,0.92575,1.30,1.17
2014.12.12 15:08:16.123,0.92558,0.9258,1.30,2.32
2014.12.12 15:08:16.175,0.92558,0.92584,1.30,2.32
2014.12.12 15:08:16.226,0.9256,0.92585,1.30,3.07
2014.12.12 15:08:16.429,0.92564,0.9259,1.30,1.17
2014.12.12 15:08:16.933,0.92565,0.9259,1.30,1.17
2014.12.12 15:08:17.627,0.92564,0.9259,1.30,1.17
2014.12.12 15:08:18.148,0.92565,0.92594,1.30,2.32
2014.12.12 15:08:18.652,0.92566,0.92594,1.30,2.70
2014.12.12 15:08:18.753,0.92569,0.92594,1.30,2.32
2014.12.12 15:08:19.055,0.92569,0.92595,1.30,1.15
2014.12.12 15:08:22.373,0.92567,0.92596,1.30,1.27
2014.12.12 15:08:22.576,0.92562,0.9259,1.12,1.52
2014.12.12 15:08:22.626,0.92562,0.9259,1.05,1.15
2014.12.12 15:08:22.929,0.92565,0.92591,1.30,2.32
2014.12.12 15:08:23.437,0.92564,0.92591,1.30,2.32
2014.12.12 15:08:23.753,0.92564,0.92594,1.30,2.32
2014.12.12 15:08:24.573,0.92565,0.92594,1.30,2.70
2014.12.12 15:08:24.674,0.92567,0.92594,1.30,2.70
2014.12.12 15:08:25.027,0.92563,0.92594,1.05,2.70
2014.12.12 15:08:25.761,0.92563,0.92594,1.42,2.70
2014.12.12 15:08:25.912,0.92567,0.92594,1.30,2.70
2014.12.12 15:08:26.064,0.92566,0.92598,1.50,2.70
2014.12.12 15:08:26.165,0.9257,0.926,1.05,1.52
2014.12.12 15:08:26.216,0.92572,0.926,1.30,1.52
2014.12.12 15:08:26.319,0.92569,0.926,1.50,1.52
2014.12.12 15:08:26.369,0.92569,0.926,1.12,1.90
2014.12.12 15:08:26.571,0.92568,0.92599,1.30,4.87
2014.12.12 15:08:26.723,0.92567,0.92599,1.37,2.70
2014.12.12 15:08:26.773,0.9257,0.926,1.42,1.27
2014.12.12 15:08:26.824,0.9257,0.92602,1.42,3.07
2014.12.12 15:08:26.874,0.92574,0.92604,1.35,3.07
2014.12.12 15:08:27.026,0.92577,0.92606,1.30,3.82
2014.12.12 15:08:27.530,0.92578,0.926,1.30,1.00
2014.12.12 15:08:27.782,0.92575,0.926,1.12,1.00
2014.12.12 15:08:28.390,0.92573,0.926,1.45,1.37
2014.12.12 15:08:28.441,0.92572,0.926,1.12,1.45
2014.12.12 15:08:28.492,0.92572,0.926,1.05,1.52
2014.12.12 15:08:29.031,0.92573,0.926,1.30,1.52
2014.12.12 15:08:29.566,0.9257,0.92602,1.82,2.32
2014.12.12 15:08:29.667,0.92573,0.92605,1.82,3.45
2014.12.12 15:08:29.970,0.92573,0.92603,1.35,2.70
2014.12.12 15:08:30.482,0.92572,0.926,1.05,1.27
2014.12.12 15:08:31.758,0.92571,0.926,1.50,1.15
2014.12.12 15:08:31.808,0.92571,0.926,1.50,1.15
2014.12.12 15:08:33.394,0.92573,0.92603,1.30,2.70
2014.12.12 15:08:34.156,0.92572,0.92603,1.42,2.70
2014.12.12 15:08:34.387,0.92576,0.92603,1.30,2.70
2014.12.12 15:08:34.488,0.92571,0.92604,1.12,1.15
2014.12.12 15:08:34.539,0.92575,0.92605,1.75,1.15
2014.12.12 15:08:34.640,0.92572,0.92607,3.30,1.12
2014.12.12 15:08:35.449,0.92576,0.92609,1.12,3.22
2014.12.12 15:08:35.550,0.92573,0.92605,1.30,3.07
2014.12.12 15:08:35.651,0.92565,0.92599,3.82,1.35
2014.12.12 15:08:35.990,0.92565,0.926,3.97,2.32
2014.12.12 15:08:36.091,0.92568,0.92599,3.60,2.25
2014.12.12 15:08:36.191,0.92572,0.92607,1.45,1.45
2014.12.12 15:08:36.242,0.92576,0.92609,1.30,2.32
2014.12.12 15:08:36.594,0.92574,0.92603,1.10,1.30
2014.12.12 15:08:37.356,0.92571,0.92605,1.87,1.12
2014.12.12 15:08:37.507,0.92574,0.92607,1.87,1.37
2014.12.12 15:08:37.558,0.92574,0.92607,4.05,1.30
2014.12.12 15:08:37.780,0.92575,0.92609,1.15,1.05
2014.12.12 15:08:38.240,0.92575,0.92604,1.15,1.30
2014.12.12 15:08:38.342,0.92571,0.92604,1.82,1.30
2014.12.12 15:08:38.608,0.92575,0.92612,1.45,1.45
2014.12.12 15:08:39.365,0.92579,0.92615,1.37,4.05
2014.12.12 15:08:39.416,0.92583,0.92615,1.05,1.15
2014.12.12 15:08:40.110,0.92584,0.92617,1.30,4.05
2014.12.12 15:08:40.161,0.92584,0.92617,1.37,1.42
2014.12.12 15:08:40.211,0.92587,0.92621,1.12,1.15
2014.12.12 15:08:40.665,0.9259,0.92623,1.30,2.32
2014.12.12 15:08:40.729,0.92588,0.92623,1.05,2.32
2014.12.12 15:08:41.459,0.92585,0.92619,1.37,3.30
2014.12.12 15:08:41.510,0.92582,0.92616,1.45,1.45
2014.12.12 15:08:42.015,0.92579,0.9261,3.67,1.00
2014.12.12 15:08:42.166,0.92579,0.92613,2.70,1.30
2014.12.12 15:08:42.468,0.92578,0.9261,3.67,1.00
2014.12.12 15:08:42.519,0.92576,0.92609,1.87,1.30
2014.12.12 15:08:42.721,0.92581,0.9261,1.30,1.00
2014.12.12 15:08:42.973,0.92579,0.92611,1.12,1.20
2014.12.12 15:08:43.174,0.92579,0.92615,2.32,2.02
2014.12.12 15:08:43.289,0.92579,0.92618,3.07,1.27
2014.12.12 15:08:44.700,0.92587,0.92619,1.67,3.30
2014.12.12 15:08:44.852,0.92587,0.92621,1.82,1.82
2014.12.12 15:08:44.902,0.92587,0.92621,1.82,1.82
2014.12.12 15:08:45.422,0.92584,0.92623,3.45,2.70
2014.12.12 15:08:45.926,0.92588,0.9262,1.50,1.52
2014.12.12 15:08:46.934,0.92586,0.92619,1.82,1.50
2014.12.12 15:08:47.481,0.92586,0.92619,1.87,1.12
2014.12.12 15:08:47.834,0.92587,0.9262,2.20,1.15
2014.12.12 15:08:47.885,0.92589,0.9262,2.20,1.00
2014.12.12 15:08:47.986,0.92589,0.92624,2.62,1.45
2014.12.12 15:08:48.238,0.92594,0.92626,1.67,1.15
2014.12.12 15:08:48.289,0.92594,0.92626,1.82,1.10
2014.12.12 15:08:48.441,0.92592,0.92625,1.82,1.30
2014.12.12 15:08:48.698,0.92589,0.92624,1.45,1.45
2014.12.12 15:08:49.533,0.9259,0.9262,1.45,1.00
2014.12.12 15:08:50.047,0.92588,0.92621,1.45,1.05
2014.12.12 15:08:50.830,0.92588,0.9262,1.82,1.00
2014.12.12 15:08:51.344,0.92587,0.92619,3.67,1.30
2014.12.12 15:08:51.669,0.92587,0.92621,1.50,1.50
2014.12.12 15:08:52.212,0.92587,0.9262,1.50,1.52
2014.12.12 15:08:53.864,0.92586,0.92619,1.82,1.82
2014.12.12 15:08:54.690,0.92588,0.92622,1.87,3.67
2014.12.12 15:08:54.741,0.92592,0.92625,1.67,2.25
2014.12.12 15:08:55.200,0.92593,0.92625,2.05,2.25
2014.12.12 15:08:55.711,0.92594,0.92625,1.72,1.52
2014.12.12 15:08:55.761,0.92594,0.92625,1.72,1.52
2014.12.12 15:08:55.862,0.9259,0.92624,1.50,1.82
2014.12.12 15:08:55.913,0.9259,0.92622,1.67,2.70
2014.12.12 15:08:56.679,0.9259,0.92622,1.67,2.70
2014.12.12 15:08:57.200,0.92588,0.92621,1.42,1.82
2014.12.12 15:08:57.406,0.92588,0.92621,1.05,1.82
2014.12.12 15:08:58.286,0.92588,0.92621,1.42,1.82
2014.12.12 15:08:58.698,0.9259,0.92622,1.67,2.32
2014.12.12 15:08:58.748,0.9259,0.92623,1.82,1.37
2014.12.12 15:08:59.101,0.92593,0.92626,1.80,1.50
2014.12.12 15:08:59.634,0.92594,0.92625,1.72,1.52
2014.12.12 15:09:00.151,0.92592,0.92624,1.30,2.70
2014.12.12 15:09:00.202,0.9259,0.92623,1.35,1.82
2014.12.12 15:09:00.648,0.9259,0.92623,1.67,1.45
2014.12.12 15:09:00.713,0.9259,0.92623,1.35,1.45
2014.12.12 15:09:01.014,0.92589,0.92623,1.42,2.20
2014.12.12 15:09:01.165,0.92584,0.92615,1.65,1.50
2014.12.12 15:09:01.216,0.92584,0.92615,1.50,3.67
2014.12.12 15:09:01.420,0.92582,0.92613,1.12,1.82
2014.12.12 15:09:01.958,0.92578,0.92611,1.87,2.32
2014.12.12 15:09:02.160,0.92579,0.92615,1.87,3.67
2014.12.12 15:09:02.664,0.92582,0.92615,2.05,2.32
2014.12.12 15:09:02.765,0.92582,0.92615,1.72,2.32
2014.12.12 15:09:03.439,0.92583,0.92615,1.37,2.70
2014.12.12 15:09:03.640,0.92583,0.92615,1.00,3.07
2014.12.12 15:09:03.741,0.92582,0.92615,1.00,3.82
2014.12.12 15:09:03.792,0.92576,0.92614,1.65,1.90
2014.12.12 15:09:03.893,0.92573,0.9261,2.25,2.70
2014.12.12 15:09:04.408,0.92574,0.9261,2.25,3.45
2014.12.12 15:09:04.716,0.92574,0.92605,1.47,2.25
2014.12.12 15:09:04.968,0.92574,0.92609,2.62,2.32
2014.12.12 15:09:05.400,0.9258,0.92609,1.67,2.32
2014.12.12 15:09:05.906,0.92578,0.92609,1.67,2.32
2014.12.12 15:09:08.181,0.92578,0.92609,1.67,2.32
2014.12.12 15:09:08.746,0.92579,0.92609,1.67,2.32
2014.12.12 15:09:11.022,0.92576,0.92609,1.67,2.70
2014.12.12 15:09:11.173,0.92579,0.9261,1.67,1.15
2014.12.12 15:09:11.324,0.92584,0.9261,1.30,1.15
2014.12.12 15:09:11.880,0.92581,0.92613,1.67,2.70
2014.12.12 15:09:11.931,0.92581,0.92613,1.35,2.70
2014.12.12 15:09:12.234,0.92579,0.92608,1.35,2.25
2014.12.12 15:09:12.385,0.92581,0.92611,1.30,2.70
2014.12.12 15:09:12.436,0.92579,0.92611,1.35,2.70
2014.12.12 15:09:12.840,0.92582,0.92612,1.05,2.70
2014.12.12 15:09:12.890,0.92582,0.92615,1.05,2.25
2014.12.12 15:09:12.941,0.92582,0.92615,1.42,1.87
2014.12.12 15:09:14.627,0.92586,0.92617,1.67,2.70
2014.12.12 15:09:14.929,0.92585,0.92612,1.37,2.32
2014.12.12 15:09:15.231,0.92585,0.92608,1.30,2.32
2014.12.12 15:09:15.282,0.92582,0.92608,1.35,2.32
2014.12.12 15:09:17.406,0.92579,0.92605,2.47,2.32
2014.12.12 15:09:19.130,0.92575,0.92605,3.45,2.32
2014.12.12 15:09:19.584,0.92576,0.92605,1.35,2.32
2014.12.12 15:09:19.887,0.92574,0.926,1.90,2.32
2014.12.12 15:09:19.988,0.92572,0.92603,2.55,2.70
2014.12.12 15:09:20.089,0.92572,0.92605,3.60,1.52
2014.12.12 15:09:21.951,0.92573,0.92602,1.97,2.70
2014.12.12 15:09:22.799,0.92572,0.92599,3.07,2.32
2014.12.12 15:09:23.001,0.92566,0.92596,3.15,2.32
2014.12.12 15:09:23.153,0.92567,0.92596,1.67,2.32
2014.12.12 15:09:23.254,0.92567,0.92596,1.35,2.70
2014.12.12 15:09:23.304,0.92567,0.92594,1.35,2.32
2014.12.12 15:09:25.986,0.92572,0.92597,1.30,2.70
2014.12.12 15:09:26.086,0.92574,0.926,1.67,1.15
2014.12.12 15:09:26.188,0.92578,0.92608,1.30,3.07
2014.12.12 15:09:26.540,0.92581,0.92606,1.30,1.15
2014.12.12 15:09:26.641,0.92572,0.92604,1.17,2.32
2014.12.12 15:09:27.800,0.92569,0.92601,1.17,2.70
2014.12.12 15:09:28.127,0.92565,0.92598,1.52,2.70
2014.12.12 15:09:28.431,0.92567,0.92598,2.02,2.70
2014.12.12 15:09:28.532,0.92566,0.92598,1.12,2.32
2014.12.12 15:09:28.583,0.92566,0.92595,1.30,2.32
2014.12.12 15:09:28.734,0.92563,0.92595,1.12,2.32
2014.12.12 15:09:29.390,0.92563,0.92595,2.25,2.32
2014.12.12 15:09:30.342,0.92561,0.92595,1.82,3.67
2014.12.12 15:09:30.493,0.92561,0.92592,1.42,2.70
2014.12.12 15:09:30.796,0.92557,0.92589,1.50,2.70
2014.12.12 15:09:31.308,0.9256,0.92592,1.82,2.70
2014.12.12 15:09:33.260,0.92558,0.92592,1.87,3.67
2014.12.12 15:09:33.613,0.92561,0.92595,2.70,1.82
2014.12.12 15:09:33.714,0.92565,0.92593,1.00,3.67
2014.12.12 15:09:34.219,0.9256,0.92593,2.62,2.32
2014.12.12 15:09:34.575,0.92562,0.92593,1.87,2.32
2014.12.12 15:09:34.625,0.92562,0.92596,2.20,2.32
2014.12.12 15:09:34.676,0.92563,0.92596,2.20,2.32
2014.12.12 15:09:34.827,0.92565,0.926,4.65,1.50
2014.12.12 15:09:35.230,0.92565,0.92597,3.30,1.45
2014.12.12 15:09:35.284,0.92565,0.92597,1.12,1.45
2014.12.12 15:09:35.618,0.92565,0.92598,1.12,3.67
2014.12.12 15:09:35.820,0.92563,0.92596,1.90,1.82
2014.12.12 15:09:36.134,0.92562,0.92594,3.45,1.50
2014.12.12 15:09:36.436,0.92571,0.92602,1.17,2.32
2014.12.12 15:09:38.099,0.92567,0.92602,3.82,2.32
2014.12.12 15:09:39.511,0.92568,0.92602,3.82,2.32
2014.12.12 15:09:39.612,0.92569,0.92605,3.07,3.45
2014.12.12 15:09:39.814,0.92569,0.92602,3.07,2.32
2014.12.12 15:09:39.915,0.92566,0.92599,2.02,2.70
2014.12.12 15:09:40.117,0.92567,0.92598,1.50,2.32
2014.12.12 15:09:40.743,0.92567,0.92598,2.25,3.30
2014.12.12 15:09:40.945,0.92568,0.92602,2.62,3.30
2014.12.12 15:09:41.450,0.92571,0.92602,1.05,2.70
2014.12.12 15:09:42.008,0.92567,0.92601,2.10,1.50
2014.12.12 15:09:42.519,0.92567,0.92599,1.82,1.45
2014.12.12 15:09:43.725,0.92567,0.92599,1.12,1.50
2014.12.12 15:09:44.080,0.92568,0.92602,2.20,3.30
2014.12.12 15:09:44.408,0.92575,0.92605,1.72,2.32
2014.12.12 15:09:44.509,0.92579,0.92608,1.35,2.32
2014.12.12 15:09:44.560,0.92574,0.92606,1.15,1.45
2014.12.12 15:09:44.964,0.92574,0.92607,3.30,1.12
2014.12.12 15:09:45.014,0.92577,0.92611,1.45,4.05
2014.12.12 15:09:45.468,0.92584,0.9261,1.30,1.07
2014.12.12 15:09:45.519,0.92584,0.9261,1.05,1.07
2014.12.12 15:09:45.720,0.92584,0.92616,1.37,2.32
2014.12.12 15:09:45.771,0.92584,0.92618,1.45,3.30
2014.12.12 15:09:46.141,0.92581,0.9261,1.82,1.10
2014.12.12 15:09:46.658,0.9258,0.9261,1.50,1.27
2014.12.12 15:09:47.178,0.92578,0.9261,1.82,1.52
2014.12.12 15:09:48.899,0.92581,0.92612,1.80,2.32
2014.12.12 15:09:48.950,0.92581,0.92614,2.20,1.45
2014.12.12 15:09:49.051,0.92583,0.92616,4.05,1.45
2014.12.12 15:09:49.597,0.92583,0.92615,2.70,1.50
2014.12.12 15:09:50.449,0.92582,0.92613,2.70,1.37
2014.12.12 15:09:50.702,0.92576,0.92607,3.82,1.12
2014.12.12 15:09:51.710,0.92581,0.92608,1.05,1.45
2014.12.12 15:09:51.761,0.92582,0.92608,1.52,1.30
2014.12.12 15:09:51.862,0.92582,0.92608,1.52,1.30
2014.12.12 15:09:52.164,0.92581,0.9261,2.70,1.30
2014.12.12 15:09:52.466,0.9258,0.9261,1.45,1.45
2014.12.12 15:09:52.517,0.92576,0.92607,2.32,1.05
2014.12.12 15:09:52.668,0.9258,0.92611,2.32,1.12
2014.12.12 15:09:52.769,0.92578,0.9261,1.15,1.45
2014.12.12 15:09:52.921,0.92577,0.92605,2.32,1.30
2014.12.12 15:09:52.971,0.92573,0.92605,2.70,1.87
2014.12.12 15:09:53.979,0.92579,0.92611,1.27,1.45
2014.12.12 15:09:54.080,0.92579,0.92612,3.45,1.45
2014.12.12 15:09:54.447,0.92582,0.92616,2.32,2.32
2014.12.12 15:09:54.599,0.92578,0.92615,5.62,1.45
2014.12.12 15:09:54.649,0.92578,0.92611,3.45,2.32
2014.12.12 15:09:54.700,0.92578,0.92611,1.52,2.32
2014.12.12 15:09:54.851,0.92575,0.92609,2.32,2.32
2014.12.12 15:09:54.902,0.92572,0.92606,1.15,1.45
2014.12.12 15:09:55.206,0.92575,0.92609,2.32,2.32
2014.12.12 15:09:55.257,0.92576,0.92612,2.32,2.32
2014.12.12 15:09:56.616,0.92576,0.92611,3.07,1.45
2014.12.12 15:09:56.971,0.92579,0.92612,3.07,2.32
2014.12.12 15:09:57.072,0.92581,0.92616,1.90,3.67
2014.12.12 15:09:57.123,0.92581,0.92616,1.90,3.30
2014.12.12 15:09:57.365,0.92585,0.92616,1.92,2.32
2014.12.12 15:09:57.415,0.92583,0.92618,2.70,1.45
2014.12.12 15:09:57.567,0.92582,0.92616,2.32,2.32
2014.12.12 15:09:57.617,0.92578,0.92616,5.25,4.50
2014.12.12 15:09:57.769,0.92578,0.92611,2.32,2.32
2014.12.12 15:09:57.819,0.92577,0.92611,1.27,2.32
2014.12.12 15:09:59.752,0.92575,0.92608,1.52,2.32
2014.12.12 15:10:00.193,0.92575,0.92604,1.27,1.12
2014.12.12 15:10:00.497,0.92582,0.9261,1.00,1.45
2014.12.12 15:10:00.598,0.92583,0.92611,1.17,1.12
2014.12.12 15:10:00.799,0.92583,0.92612,1.00,3.30
2014.12.12 15:10:00.900,0.92583,0.9261,1.15,1.05
2014.12.12 15:10:01.436,0.9258,0.92609,2.32,1.30
2014.12.12 15:10:02.002,0.92578,0.92609,1.15,1.12
2014.12.12 15:10:02.896,0.92578,0.9261,1.65,1.45
2014.12.12 15:10:03.401,0.92574,0.92609,3.45,1.82
2014.12.12 15:10:03.502,0.92574,0.92602,3.07,1.30
2014.12.12 15:10:03.805,0.92575,0.92606,3.00,1.12
2014.12.12 15:10:03.906,0.92577,0.92607,1.90,1.30
2014.12.12 15:10:04.409,0.92576,0.92608,5.25,1.30
2014.12.12 15:10:04.511,0.92576,0.92608,1.15,1.45
2014.12.12 15:10:05.715,0.92575,0.92608,1.50,1.45
2014.12.12 15:10:06.020,0.92575,0.92608,1.82,1.45
2014.12.12 15:10:06.121,0.92575,0.92607,1.50,1.45
2014.12.12 15:10:06.625,0.92575,0.92607,1.82,1.45
2014.12.12 15:10:08.875,0.92575,0.92606,1.82,1.12
2014.12.12 15:10:09.030,0.92575,0.92605,1.12,1.45
2014.12.12 15:10:09.181,0.92571,0.92604,1.52,2.70
2014.12.12 15:10:09.232,0.92569,0.92601,1.65,1.82
2014.12.12 15:10:09.282,0.92569,0.92599,1.57,2.25
2014.12.12 15:10:09.585,0.92567,0.92596,1.05,2.32
2014.12.12 15:10:09.837,0.92565,0.92596,1.05,2.32
2014.12.12 15:10:10.039,0.92567,0.92595,1.30,1.45
2014.12.12 15:10:10.343,0.9256,0.92594,3.45,1.82
2014.12.12 15:10:10.394,0.9256,0.92591,1.55,2.25
2014.12.12 15:10:10.444,0.92558,0.92591,1.87,2.32
2014.12.12 15:10:10.495,0.92558,0.92592,4.05,2.32
2014.12.12 15:10:10.546,0.92558,0.92591,3.07,1.45
2014.12.12 15:10:11.488,0.92558,0.92591,3.07,1.45
2014.12.12 15:10:11.790,0.92561,0.92593,3.07,1.45
2014.12.12 15:10:11.841,0.92565,0.92594,1.65,1.45
2014.12.12 15:10:12.193,0.9256,0.92594,3.07,2.32
2014.12.12 15:10:12.707,0.9256,0.92594,2.62,3.30
2014.12.12 15:10:12.808,0.92562,0.92596,3.00,3.67
2014.12.12 15:10:13.313,0.92562,0.92597,3.07,4.42
2014.12.12 15:10:13.917,0.92562,0.92597,3.07,3.67
2014.12.12 15:10:14.345,0.92564,0.92597,3.07,1.45
2014.12.12 15:10:14.447,0.92567,0.92598,3.07,1.12
2014.12.12 15:10:14.497,0.92569,0.92599,1.92,1.45
2014.12.12 15:10:14.750,0.92571,0.92604,1.52,3.30
2014.12.12 15:10:15.010,0.92569,0.92601,1.27,2.32
2014.12.12 15:10:15.061,0.92567,0.92601,1.52,2.32
2014.12.12 15:10:16.819,0.92572,0.92601,1.00,2.32
2014.12.12 15:10:16.870,0.92574,0.92601,2.10,2.32
2014.12.12 15:10:16.971,0.92575,0.9261,5.02,1.15
2014.12.12 15:10:17.021,0.92579,0.9261,2.32,1.15
2014.12.12 15:10:17.072,0.92579,0.9261,3.07,1.17
2014.12.12 15:10:17.474,0.92577,0.9261,2.25,1.15
2014.12.12 15:10:17.525,0.92575,0.9261,3.30,3.07
2014.12.12 15:10:17.576,0.92574,0.9261,1.87,5.25
2014.12.12 15:10:18.158,0.92574,0.92605,1.55,1.50
2014.12.12 15:10:18.209,0.92574,0.92605,1.55,1.50
2014.12.12 15:10:18.363,0.9257,0.92603,2.70,1.82
2014.12.12 15:10:18.414,0.92568,0.92603,3.07,3.67
2014.12.12 15:10:18.674,0.92569,0.92601,1.27,1.45
2014.12.12 15:10:19.638,0.92569,0.92602,1.52,1.45
2014.12.12 15:10:20.143,0.92568,0.926,3.07,1.45
2014.12.12 15:10:20.244,0.92565,0.92598,2.70,1.50
2014.12.12 15:10:20.295,0.92567,0.92598,2.70,1.42
2014.12.12 15:10:20.443,0.92565,0.92599,2.70,1.82
2014.12.12 15:10:20.496,0.92565,0.92599,2.70,3.67
2014.12.12 15:10:20.547,0.92562,0.92597,3.30,1.45
2014.12.12 15:10:20.699,0.92562,0.92596,2.32,3.30
2014.12.12 15:10:20.750,0.92559,0.92595,4.05,2.32
2014.12.12 15:10:21.253,0.92565,0.92595,1.30,2.32
2014.12.12 15:10:21.354,0.92563,0.92597,1.45,1.45
2014.12.12 15:10:21.808,0.92565,0.92599,2.32,1.45
2014.12.12 15:10:22.111,0.92569,0.92603,2.32,1.87
2014.12.12 15:10:22.439,0.92566,0.92598,2.32,1.45
2014.12.12 15:10:22.691,0.92564,0.92598,1.45,3.30
2014.12.12 15:10:23.370,0.92566,0.92598,1.50,2.70
2014.12.12 15:10:26.279,0.92563,0.92598,2.25,2.70
2014.12.12 15:10:26.719,0.92562,0.92593,1.27,1.37
2014.12.12 15:10:26.820,0.92559,0.92591,1.50,1.12
2014.12.12 15:10:26.921,0.92559,0.9259,1.82,1.42
2014.12.12 15:10:26.972,0.92559,0.9259,1.12,1.82
2014.12.12 15:10:27.224,0.92559,0.92586,1.37,1.37
2014.12.12 15:10:27.510,0.92554,0.92587,1.12,3.67
2014.12.12 15:10:27.769,0.9255,0.92582,3.07,1.05
2014.12.12 15:10:27.821,0.9255,0.92585,1.15,1.45
2014.12.12 15:10:29.340,0.92552,0.92588,1.37,2.32
2014.12.12 15:10:29.390,0.92552,0.92589,1.45,1.72
2014.12.12 15:10:29.441,0.92556,0.9259,2.17,1.45
2014.12.12 15:10:29.642,0.92555,0.9259,1.17,1.45
2014.12.12 15:10:30.488,0.92553,0.92591,1.50,4.42
2014.12.12 15:10:31.079,0.92555,0.9259,1.65,1.82
2014.12.12 15:10:31.331,0.92553,0.92589,2.20,1.82
2014.12.12 15:10:31.997,0.92554,0.92588,1.65,1.50
2014.12.12 15:10:32.224,0.92553,0.92586,1.05,1.50
2014.12.12 15:10:32.275,0.92553,0.92586,1.05,1.82
2014.12.12 15:10:32.486,0.92552,0.92584,1.05,2.70
2014.12.12 15:10:32.537,0.92547,0.92583,1.55,2.70
2014.12.12 15:10:32.638,0.92547,0.92583,1.87,3.07
2014.12.12 15:10:32.739,0.9255,0.92587,1.90,3.45
2014.12.12 15:10:32.840,0.9255,0.92587,1.75,2.32
2014.12.12 15:10:33.747,0.92547,0.92581,2.70,1.30
2014.12.12 15:10:33.898,0.92551,0.92585,3.30,1.42
2014.12.12 15:10:33.949,0.92552,0.92585,2.32,1.35
2014.12.12 15:10:34.453,0.92558,0.92591,1.57,2.32
2014.12.12 15:10:34.504,0.9256,0.92591,1.05,2.32
2014.12.12 15:10:34.554,0.9256,0.92595,1.12,1.65
2014.12.12 15:10:35.471,0.92558,0.92594,2.10,1.87
2014.12.12 15:10:35.773,0.92554,0.92592,2.20,5.85
2014.12.12 15:10:35.875,0.92557,0.9259,1.82,1.12
2014.12.12 15:10:36.182,0.92557,0.92593,2.20,1.82
2014.12.12 15:10:36.285,0.92557,0.92594,1.45,1.45
2014.12.12 15:10:36.506,0.92559,0.92595,1.50,1.45
2014.12.12 15:10:36.557,0.92559,0.92595,3.67,1.45
2014.12.12 15:10:37.264,0.92558,0.92593,2.70,1.37
2014.12.12 15:10:37.315,0.92557,0.92593,1.52,1.45
2014.12.12 15:10:37.668,0.92559,0.92592,2.32,1.37
2014.12.12 15:10:37.718,0.92559,0.92596,2.32,1.87
2014.12.12 15:10:38.777,0.9256,0.92598,2.62,1.82
2014.12.12 15:10:39.319,0.92561,0.92599,1.90,2.70
2014.12.12 15:10:40.095,0.9256,0.92599,1.90,2.70
2014.12.12 15:10:40.296,0.9256,0.92599,1.65,3.07
2014.12.12 15:10:41.103,0.92559,0.92595,3.45,1.17
2014.12.12 15:10:41.204,0.9256,0.92595,1.65,1.27
2014.12.12 15:10:41.558,0.9256,0.92592,1.52,1.30
2014.12.12 15:10:42.062,0.92557,0.92593,1.90,1.50
2014.12.12 15:10:42.619,0.92559,0.92594,1.65,1.50
2014.12.12 15:10:42.922,0.92567,0.92595,1.47,1.00
2014.12.12 15:10:42.972,0.92567,0.92599,1.47,1.45
2014.12.12 15:10:43.124,0.92562,0.92596,5.32,1.67
2014.12.12 15:10:43.437,0.9256,0.92593,1.52,1.42
2014.12.12 15:10:43.488,0.92559,0.92593,1.52,1.42
2014.12.12 15:10:43.539,0.92559,0.92591,1.27,1.82
2014.12.12 15:10:43.640,0.92559,0.92587,1.27,1.30
2014.12.12 15:10:43.993,0.92554,0.92585,1.52,1.30
2014.12.12 15:10:44.245,0.92557,0.92589,1.52,1.35
2014.12.12 15:10:44.295,0.92557,0.9259,1.90,1.30
2014.12.12 15:10:44.598,0.9256,0.92592,2.40,1.30
2014.12.12 15:10:44.649,0.9256,0.92595,1.90,2.17
2014.12.12 15:10:44.750,0.92559,0.92592,3.45,1.30
2014.12.12 15:10:46.909,0.92559,0.92592,4.20,1.30
2014.12.12 15:10:47.161,0.92559,0.92588,3.82,1.30
2014.12.12 15:10:47.464,0.92555,0.92584,3.45,1.30
2014.12.12 15:10:47.514,0.92555,0.9259,3.07,1.10
2014.12.12 15:10:47.615,0.92559,0.92588,1.12,1.30
2014.12.12 15:10:47.817,0.92559,0.92594,2.70,1.37
2014.12.12 15:10:48.390,0.92561,0.92591,1.07,1.37
2014.12.12 15:10:48.472,0.92558,0.92589,2.02,1.05
2014.12.12 15:10:49.128,0.92559,0.92595,2.32,1.65
2014.12.12 15:10:49.796,0.92561,0.92596,1.90,1.82
2014.12.12 15:10:50.898,0.92559,0.92594,5.17,1.42
2014.12.12 15:10:51.238,0.9256,0.9259,1.47,1.20
2014.12.12 15:10:51.413,0.9256,0.92594,1.10,1.45
2014.12.12 15:10:51.464,0.9256,0.92595,1.17,3.07
2014.12.12 15:10:51.514,0.92559,0.92595,2.32,1.17
2014.12.12 15:10:51.666,0.92563,0.92596,1.15,1.37
2014.12.12 15:10:51.717,0.92563,0.92596,2.32,1.30
2014.12.12 15:10:51.971,0.92563,0.92595,2.25,1.80
2014.12.12 15:10:52.022,0.92556,0.92592,6.60,1.12
2014.12.12 15:10:52.690,0.92556,0.92591,5.62,1.30
2014.12.12 15:10:53.218,0.92556,0.92591,5.25,1.30
2014.12.12 15:10:53.818,0.92556,0.92592,6.22,1.50
2014.12.12 15:10:54.781,0.9256,0.92593,3.45,1.75
2014.12.12 15:10:55.083,0.9257,0.926,1.45,1.07
2014.12.12 15:10:55.336,0.92564,0.92599,2.32,1.05
2014.12.12 15:10:56.206,0.92564,0.92598,2.32,1.30
2014.12.12 15:10:56.257,0.92564,0.92598,2.70,1.72
2014.12.12 15:10:56.740,0.92564,0.92598,3.07,1.30
2014.12.12 15:10:56.942,0.92568,0.926,4.87,1.67
2014.12.12 15:10:57.043,0.92567,0.926,1.52,1.80
2014.12.12 15:10:57.144,0.92571,0.926,1.15,1.00
2014.12.12 15:10:57.397,0.92569,0.92603,3.07,1.30
2014.12.12 15:10:57.901,0.92569,0.92604,3.67,1.05
2014.12.12 15:10:58.153,0.92569,0.92604,4.05,1.42
2014.12.12 15:10:58.457,0.92569,0.92601,2.32,1.50
2014.12.12 15:10:58.665,0.92564,0.926,2.70,2.62
2014.12.12 15:10:58.868,0.92564,0.926,3.45,1.87
2014.12.12 15:10:58.918,0.92567,0.926,2.70,1.80
2014.12.12 15:10:59.271,0.92569,0.92605,2.20,2.25
2014.12.12 15:10:59.372,0.92572,0.92605,1.10,1.87
2014.12.12 15:10:59.473,0.92569,0.92605,1.27,2.25
2014.12.12 15:11:00.810,0.92571,0.92605,3.07,1.55
2014.12.12 15:11:01.363,0.92571,0.92605,3.07,1.47
2014.12.12 15:11:03.617,0.92575,0.92605,2.70,1.00
2014.12.12 15:11:03.919,0.92574,0.92605,2.32,1.37
2014.12.12 15:11:03.970,0.92571,0.926,2.70,1.00
2014.12.12 15:11:04.071,0.92569,0.926,1.12,1.12
2014.12.12 15:11:04.223,0.92571,0.92601,2.70,1.30
2014.12.12 15:11:04.758,0.92571,0.92602,2.32,1.30
2014.12.12 15:11:05.548,0.92573,0.92605,1.52,2.10
2014.12.12 15:11:06.115,0.92571,0.92601,2.70,1.30
2014.12.12 15:11:06.418,0.92571,0.926,2.32,1.67
2014.12.12 15:11:06.619,0.9257,0.92597,1.10,1.30
2014.12.12 15:11:06.771,0.92565,0.92599,2.70,1.30
2014.12.12 15:11:07.073,0.92565,0.92595,3.45,1.00
2014.12.12 15:11:07.664,0.92565,0.92595,2.70,1.37
2014.12.12 15:11:08.674,0.92565,0.92595,2.70,1.12
2014.12.12 15:11:11.984,0.92565,0.92595,2.70,1.37
2014.12.12 15:11:12.488,0.92565,0.92595,2.62,1.37
2014.12.12 15:11:12.541,0.92563,0.92594,1.52,1.67
2014.12.12 15:11:13.197,0.92563,0.92594,1.15,1.30
2014.12.12 15:11:13.449,0.9256,0.92595,1.15,1.15
2014.12.12 15:11:14.112,0.92558,0.92593,2.25,1.45
2014.12.12 15:11:14.163,0.92556,0.92593,1.52,2.32
2014.12.12 15:11:14.214,0.92556,0.92585,1.52,1.00
2014.12.12 15:11:14.365,0.9255,0.92585,4.42,1.10
2014.12.12 15:11:14.900,0.9255,0.9258,2.32,1.00
2014.12.12 15:11:15.051,0.92547,0.9258,1.87,1.10
2014.12.12 15:11:15.203,0.92547,0.9258,1.80,1.17
2014.12.12 15:11:15.254,0.92547,0.9258,1.30,3.07
2014.12.12 15:11:15.758,0.92541,0.92575,2.32,1.10
2014.12.12 15:11:16.161,0.92546,0.9258,1.37,1.65
2014.12.12 15:11:16.212,0.92546,0.9258,1.45,1.57
2014.12.12 15:11:16.767,0.92545,0.92575,1.45,1.00
2014.12.12 15:11:16.817,0.92545,0.92575,1.45,1.00
2014.12.12 15:11:17.236,0.92548,0.92575,1.37,1.00
2014.12.12 15:11:17.762,0.92546,0.92581,1.45,1.17
2014.12.12 15:11:17.970,0.92546,0.92575,1.45,1.00
2014.12.12 15:11:18.280,0.92546,0.92575,2.20,1.00
2014.12.12 15:11:18.381,0.92547,0.92584,2.20,1.52
2014.12.12 15:11:18.533,0.9255,0.92585,1.87,2.02
2014.12.12 15:11:18.785,0.92554,0.92585,2.62,1.10
2014.12.12 15:11:18.887,0.92554,0.9259,3.82,1.27
2014.12.12 15:11:18.988,0.92553,0.92589,3.45,2.70
2014.12.12 15:11:19.089,0.92552,0.92586,1.52,1.15
2014.12.12 15:11:19.845,0.9255,0.9258,3.07,1.00
2014.12.12 15:11:19.997,0.92547,0.92575,1.45,1.00
2014.12.12 15:11:21.090,0.92544,0.92575,2.32,1.37
2014.12.12 15:11:21.191,0.9254,0.92575,2.70,1.47
2014.12.12 15:11:21.960,0.9254,0.92576,3.45,2.25
2014.12.12 15:11:22.214,0.92542,0.92576,2.70,4.42
2014.12.12 15:11:22.689,0.92544,0.92575,2.32,1.10
2014.12.12 15:11:23.447,0.92544,0.92575,2.32,1.87
2014.12.12 15:11:23.497,0.92541,0.92575,2.32,1.87
2014.12.12 15:11:23.699,0.92543,0.92575,2.32,1.87
2014.12.12 15:11:23.750,0.92545,0.92575,2.32,1.07
2014.12.12 15:11:23.913,0.92546,0.9258,2.32,1.15
2014.12.12 15:11:23.963,0.92549,0.9258,2.32,1.07
2014.12.12 15:11:24.014,0.9255,0.9258,2.32,1.00
2014.12.12 15:11:24.317,0.92547,0.9258,2.32,1.45
2014.12.12 15:11:24.457,0.92547,0.92575,2.32,1.00
2014.12.12 15:11:24.659,0.92551,0.92581,2.32,1.00
2014.12.12 15:11:25.197,0.92551,0.92585,2.32,1.15
2014.12.12 15:11:25.711,0.92551,0.92582,2.32,1.42
2014.12.12 15:11:25.812,0.9255,0.92582,2.32,1.75
2014.12.12 15:11:26.115,0.92548,0.92575,2.32,1.00
2014.12.12 15:11:26.165,0.92547,0.92575,1.45,1.00
2014.12.12 15:11:26.216,0.92548,0.92575,2.32,1.00
2014.12.12 15:11:26.317,0.92549,0.9258,2.32,1.07
2014.12.12 15:11:26.418,0.92549,0.92585,4.87,2.85
2014.12.12 15:11:26.519,0.92553,0.92579,2.32,1.30
2014.12.12 15:11:26.670,0.92548,0.92575,2.70,1.00
2014.12.12 15:11:26.872,0.92545,0.92575,2.32,1.10
2014.12.12 15:11:27.495,0.92543,0.92577,2.32,1.12
2014.12.12 15:11:28.000,0.92542,0.92575,2.70,1.15
2014.12.12 15:11:28.720,0.92542,0.92575,2.70,1.52
2014.12.12 15:11:29.025,0.92545,0.9257,2.70,1.00
2014.12.12 15:11:29.076,0.92545,0.92579,2.70,1.82
2014.12.12 15:11:29.229,0.92545,0.9258,4.80,1.15
2014.12.12 15:11:29.390,0.92545,0.9258,4.05,1.15
2014.12.12 15:11:29.931,0.92545,0.92575,4.05,1.00
2014.12.12 15:11:30.334,0.92549,0.9258,2.70,1.15
2014.12.12 15:11:30.385,0.92549,0.9258,2.70,1.17
2014.12.12 15:11:33.498,0.92549,0.92584,3.45,2.70
2014.12.12 15:11:34.007,0.92549,0.92584,3.45,2.70
2014.12.12 15:11:34.209,0.92551,0.92585,2.70,3.45
2014.12.12 15:11:34.260,0.92551,0.92585,2.70,1.52
2014.12.12 15:11:35.349,0.92551,0.92585,2.70,1.52
2014.12.12 15:11:35.450,0.92548,0.9258,2.70,1.55
2014.12.12 15:11:35.753,0.92545,0.92575,2.70,1.00
2014.12.12 15:11:36.257,0.92545,0.92575,2.70,1.37
2014.12.12 15:11:37.357,0.92545,0.92575,2.70,1.12
2014.12.12 15:11:37.560,0.92548,0.9258,2.70,1.45
2014.12.12 15:11:37.762,0.92549,0.92581,1.80,2.70
2014.12.12 15:11:38.720,0.92545,0.92575,2.70,1.00
2014.12.12 15:11:39.120,0.92543,0.92579,1.52,6.22
2014.12.12 15:11:39.624,0.92543,0.92575,1.82,1.52
2014.12.12 15:11:40.634,0.92543,0.92575,1.45,1.65
2014.12.12 15:11:40.847,0.92537,0.92573,1.27,1.82
2014.12.12 15:11:41.100,0.92537,0.92565,1.27,1.00
2014.12.12 15:11:41.603,0.92536,0.92565,4.05,1.12
2014.12.12 15:11:41.654,0.92538,0.92565,1.17,1.10
2014.12.12 15:11:42.158,0.92539,0.92566,1.42,1.17
2014.12.12 15:11:42.209,0.92539,0.92566,1.50,1.07
2014.12.12 15:11:42.309,0.92539,0.9257,1.87,1.55
2014.12.12 15:11:42.410,0.92541,0.9257,2.32,1.07
2014.12.12 15:11:42.461,0.92543,0.92575,1.45,1.15
2014.12.12 15:11:43.253,0.92546,0.92575,2.32,1.07
2014.12.12 15:11:43.303,0.92546,0.9258,2.32,2.47
2014.12.12 15:11:43.354,0.92545,0.92577,2.32,2.32
2014.12.12 15:11:43.405,0.92544,0.92577,1.50,2.32
2014.12.12 15:11:43.757,0.92544,0.92578,2.70,2.32
2014.12.12 15:11:43.808,0.92544,0.92579,2.70,1.45
2014.12.12 15:11:45.469,0.92544,0.92579,3.07,1.87
2014.12.12 15:11:45.680,0.92542,0.92578,2.20,4.87
2014.12.12 15:11:46.244,0.92541,0.92576,2.20,1.52
2014.12.12 15:11:48.571,0.92544,0.92575,3.07,1.17
2014.12.12 15:11:48.621,0.92544,0.9258,4.05,5.02
2014.12.12 15:11:49.176,0.92547,0.9258,2.20,3.45
2014.12.12 15:11:49.591,0.92544,0.92575,3.07,1.47
2014.12.12 15:11:49.692,0.92544,0.92575,3.45,1.10
2014.12.12 15:11:50.692,0.92544,0.92575,4.05,1.20
2014.12.12 15:11:51.297,0.92546,0.92575,1.87,1.10
2014.12.12 15:11:51.801,0.92548,0.92581,1.82,1.52
2014.12.12 15:11:51.953,0.92549,0.92581,2.25,1.15
2014.12.12 15:11:52.054,0.92549,0.92581,1.87,1.15
2014.12.12 15:11:52.942,0.92549,0.9258,1.50,1.52
2014.12.12 15:11:53.459,0.92549,0.92583,1.87,3.07
2014.12.12 15:11:53.510,0.9255,0.92585,2.70,5.55
2014.12.12 15:11:53.998,0.92547,0.9258,3.67,1.52
2014.12.12 15:11:54.150,0.92547,0.9258,2.70,1.65
2014.12.12 15:11:54.301,0.92544,0.9258,4.80,3.82
2014.12.12 15:11:54.704,0.92546,0.92577,1.75,2.70
2014.12.12 15:11:55.989,0.92545,0.92577,1.50,2.70
2014.12.12 15:11:56.090,0.92546,0.9258,1.82,3.45
2014.12.12 15:11:56.342,0.92547,0.9258,1.82,3.45
2014.12.12 15:11:56.393,0.92547,0.9258,3.67,1.52
2014.12.12 15:11:56.908,0.92551,0.92583,1.27,2.70
2014.12.12 15:11:57.211,0.92547,0.92583,2.70,4.05
2014.12.12 15:11:57.513,0.92544,0.92576,1.15,2.70
2014.12.12 15:11:57.895,0.92544,0.92578,3.07,1.65
2014.12.12 15:11:58.680,0.92544,0.92578,3.07,1.52
2014.12.12 15:11:58.831,0.92545,0.9258,4.87,3.00
2014.12.12 15:11:59.342,0.92545,0.9258,4.87,2.25
2014.12.12 15:11:59.393,0.92545,0.92579,4.87,1.82
2014.12.12 15:11:59.603,0.92543,0.92577,3.07,1.82
2014.12.12 15:12:00.323,0.92543,0.92575,3.07,1.45
2014.12.12 15:12:00.524,0.92539,0.92575,4.80,4.42
2014.12.12 15:12:01.207,0.92542,0.92575,3.67,1.52
2014.12.12 15:12:01.841,0.92542,0.92575,2.70,1.65
2014.12.12 15:12:01.942,0.92539,0.92573,3.07,1.82
2014.12.12 15:12:01.993,0.92541,0.92573,2.70,1.82
2014.12.12 15:12:02.044,0.92541,0.92575,2.70,1.82
2014.12.12 15:12:02.195,0.92544,0.92575,3.07,1.50
2014.12.12 15:12:02.246,0.92544,0.92579,3.07,1.82
2014.12.12 15:12:02.397,0.92547,0.92579,2.70,1.82
2014.12.12 15:12:02.549,0.92547,0.9258,2.70,3.00
2014.12.12 15:12:02.700,0.92546,0.92575,2.70,1.10
2014.12.12 15:12:03.205,0.92547,0.92575,2.70,1.00
2014.12.12 15:12:03.457,0.92544,0.9258,3.07,4.42
2014.12.12 15:12:04.011,0.92547,0.92576,2.70,1.10
2014.12.12 15:12:04.515,0.92547,0.9258,3.07,2.25
2014.12.12 15:12:04.867,0.92549,0.92575,1.15,1.00
2014.12.12 15:12:05.972,0.92547,0.9258,2.70,2.25
2014.12.12 15:12:06.224,0.92547,0.92575,2.70,1.00
2014.12.12 15:12:07.527,0.92547,0.9258,4.42,1.27
2014.12.12 15:12:07.637,0.92549,0.9258,5.25,1.12
2014.12.12 15:12:09.108,0.92549,0.9258,4.87,1.37
2014.12.12 15:12:09.259,0.92546,0.92575,2.70,1.37
2014.12.12 15:12:09.614,0.92546,0.92579,2.70,1.52
2014.12.12 15:12:09.902,0.92546,0.92576,2.70,1.37
2014.12.12 15:12:10.645,0.92543,0.92575,2.32,1.92
2014.12.12 15:12:10.746,0.9254,0.9257,2.32,1.37
2014.12.12 15:12:10.847,0.92537,0.92565,2.70,1.12
2014.12.12 15:12:10.948,0.92533,0.92565,3.30,1.17
2014.12.12 15:12:12.238,0.92536,0.92565,2.70,1.00
2014.12.12 15:12:12.339,0.92536,0.92572,2.70,3.82
2014.12.12 15:12:12.440,0.92539,0.92573,3.07,1.82
2014.12.12 15:12:12.948,0.92541,0.92574,1.52,2.70
2014.12.12 15:12:14.856,0.92542,0.92574,1.82,2.32
2014.12.12 15:12:15.159,0.92543,0.92574,3.00,2.32
2014.12.12 15:12:15.260,0.92545,0.92575,1.82,1.17
2014.12.12 15:12:15.765,0.92546,0.92575,2.20,1.17
2014.12.12 15:12:16.284,0.92545,0.92575,1.82,1.17
2014.12.12 15:12:17.477,0.92545,0.92575,1.82,1.17
2014.12.12 15:12:17.528,0.92549,0.92575,1.42,1.10
2014.12.12 15:12:17.830,0.92549,0.92575,6.60,1.00
2014.12.12 15:12:17.881,0.92555,0.92584,1.67,1.15
2014.12.12 15:12:17.931,0.92555,0.92585,1.67,1.15
2014.12.12 15:12:18.032,0.92557,0.92585,1.82,1.10
2014.12.12 15:12:18.318,0.92554,0.92581,3.67,1.00
2014.12.12 15:12:18.520,0.92549,0.9258,1.45,1.07
2014.12.12 15:12:18.621,0.92549,0.9258,1.45,1.15
2014.12.12 15:12:20.752,0.92551,0.9258,1.42,1.27
2014.12.12 15:12:20.853,0.92548,0.92581,3.07,1.45
2014.12.12 15:12:21.382,0.92548,0.9258,2.70,2.25
2014.12.12 15:12:21.433,0.92545,0.9258,2.70,4.42
2014.12.12 15:12:22.089,0.92548,0.9258,2.20,3.45
2014.12.12 15:12:22.191,0.92549,0.9258,2.02,3.07
2014.12.12 15:12:22.241,0.92549,0.9258,2.02,1.17
2014.12.12 15:12:22.292,0.92554,0.9258,1.07,1.07
2014.12.12 15:12:22.494,0.92552,0.92586,4.05,1.52
2014.12.12 15:12:23.087,0.92553,0.92585,3.07,1.20
2014.12.12 15:12:23.138,0.92554,0.92585,3.07,1.20
2014.12.12 15:12:23.899,0.92554,0.92585,2.32,1.47
2014.12.12 15:12:24.051,0.92551,0.92575,2.17,1.00
2014.12.12 15:12:24.353,0.92549,0.9258,1.50,1.52
2014.12.12 15:12:24.709,0.92547,0.9258,2.70,3.82
2014.12.12 15:12:24.759,0.92545,0.9258,1.82,6.00
2014.12.12 15:12:25.496,0.92544,0.92575,1.82,1.27
2014.12.12 15:12:25.697,0.92544,0.92575,1.82,1.52
2014.12.12 15:12:26.220,0.92543,0.92575,1.82,1.27
2014.12.12 15:12:26.736,0.92543,0.92576,1.82,3.45
2014.12.12 15:12:27.751,0.92543,0.9257,1.52,1.00
2014.12.12 15:12:27.903,0.92543,0.9257,1.87,1.00
2014.12.12 15:12:28.105,0.92544,0.92575,3.07,1.10
2014.12.12 15:12:28.407,0.92544,0.92575,3.67,1.47
2014.12.12 15:12:28.710,0.92536,0.9257,2.32,1.15
2014.12.12 15:12:30.492,0.92536,0.9257,2.70,3.45
2014.12.12 15:12:30.571,0.92535,0.92569,1.82,2.70
2014.12.12 15:12:32.618,0.92535,0.92569,1.82,2.70
2014.12.12 15:12:32.756,0.92535,0.92561,1.82,2.10
2014.12.12 15:12:32.908,0.9253,0.92556,1.50,1.52
2014.12.12 15:12:32.958,0.92526,0.92556,1.15,1.90
2014.12.12 15:12:33.110,0.9252,0.9255,1.35,2.70
2014.12.12 15:12:33.312,0.92517,0.92547,1.05,2.32
2014.12.12 15:12:34.386,0.92519,0.92547,1.30,1.55
2014.12.12 15:12:34.647,0.92519,0.92547,1.30,1.47
2014.12.12 15:12:34.748,0.9252,0.92552,1.67,3.45
2014.12.12 15:12:34.849,0.92522,0.92556,1.67,4.42
2014.12.12 15:12:34.950,0.92526,0.92556,1.30,4.05
2014.12.12 15:12:35.353,0.92524,0.92555,1.30,1.52
2014.12.12 15:12:35.454,0.92524,0.92554,1.30,1.65
2014.12.12 15:12:35.505,0.92521,0.92552,1.42,1.55
2014.12.12 15:12:36.009,0.92525,0.92552,1.30,1.55
2014.12.12 15:12:36.059,0.92525,0.92553,1.30,1.15
2014.12.12 15:12:36.815,0.92526,0.92556,1.05,1.12
2014.12.12 15:12:37.117,0.92521,0.92556,1.50,4.42
2014.12.12 15:12:37.722,0.9252,0.92552,1.82,1.55
2014.12.12 15:12:38.024,0.92518,0.92551,1.67,1.52
2014.12.12 15:12:38.332,0.92521,0.92551,1.67,1.52
2014.12.12 15:12:38.857,0.92522,0.92552,1.12,1.47
2014.12.12 15:12:39.010,0.92521,0.92552,1.30,1.52
2014.12.12 15:12:39.747,0.9252,0.92552,1.35,1.52
2014.12.12 15:12:40.186,0.92522,0.92552,1.30,1.52
2014.12.12 15:12:40.339,0.92526,0.92554,1.35,1.12
2014.12.12 15:12:40.590,0.92526,0.92555,1.67,3.00
2014.12.12 15:12:41.128,0.92529,0.92555,1.35,2.85
2014.12.12 15:12:41.638,0.9253,0.92555,1.67,2.85
2014.12.12 15:12:42.142,0.92527,0.92555,1.67,2.85
2014.12.12 15:12:42.686,0.92527,0.92555,1.67,2.10
2014.12.12 15:12:42.838,0.92527,0.92555,1.30,2.85
2014.12.12 15:12:44.001,0.92527,0.92555,1.67,3.97
2014.12.12 15:12:44.303,0.92527,0.92555,1.67,1.50
2014.12.12 15:12:44.505,0.9253,0.92555,1.67,1.00
2014.12.12 15:12:44.758,0.92529,0.9256,2.25,1.10
2014.12.12 15:12:44.809,0.9253,0.9256,1.50,1.47
2014.12.12 15:12:44.910,0.92526,0.9256,2.70,1.47
2014.12.12 15:12:45.061,0.92528,0.9256,1.87,1.20
2014.12.12 15:12:45.112,0.92529,0.9256,1.45,1.10
2014.12.12 15:12:46.232,0.92529,0.92564,2.25,1.45
2014.12.12 15:12:47.053,0.9253,0.92564,3.07,1.05
2014.12.12 15:12:47.578,0.9253,0.92564,2.70,1.05
2014.12.12 15:12:47.749,0.92532,0.92565,3.07,2.17
2014.12.12 15:12:48.268,0.92534,0.92565,1.82,1.00
2014.12.12 15:12:48.429,0.92534,0.92569,1.87,1.55
2014.12.12 15:12:48.631,0.92533,0.92565,2.70,1.67
2014.12.12 15:12:48.883,0.92524,0.92555,2.47,1.00
2014.12.12 15:12:49.419,0.92525,0.92556,1.45,1.00
2014.12.12 15:12:49.924,0.92525,0.92555,1.45,1.00
2014.12.12 15:12:50.178,0.92525,0.9256,1.45,1.15
2014.12.12 15:12:50.422,0.92525,0.9256,2.20,1.52
2014.12.12 15:12:50.740,0.92525,0.92555,2.20,1.00
2014.12.12 15:12:52.151,0.92524,0.92555,2.62,1.00
2014.12.12 15:12:52.856,0.92525,0.92555,1.87,1.00
2014.12.12 15:12:53.245,0.92525,0.92555,1.82,1.00
2014.12.12 15:12:53.296,0.92524,0.9255,1.82,1.00
2014.12.12 15:12:53.498,0.92519,0.9255,4.05,1.00
2014.12.12 15:12:54.484,0.92522,0.92555,1.45,1.15
2014.12.12 15:12:54.585,0.92522,0.92558,5.40,1.12
2014.12.12 15:12:57.369,0.92522,0.92555,1.87,1.82
2014.12.12 15:12:57.672,0.92526,0.92555,3.07,1.15
2014.12.12 15:12:57.875,0.92526,0.92555,1.12,1.00
2014.12.12 15:12:58.884,0.92524,0.92555,1.82,1.37
2014.12.12 15:12:59.086,0.92519,0.92555,3.22,4.42
2014.12.12 15:12:59.187,0.92516,0.9255,2.70,1.95
2014.12.12 15:12:59.288,0.92515,0.9255,1.45,1.15
2014.12.12 15:12:59.338,0.92519,0.92545,1.30,1.00
2014.12.12 15:12:59.439,0.92521,0.9255,1.05,1.00
2014.12.12 15:12:59.692,0.9252,0.92548,1.30,1.17
2014.12.12 15:12:59.742,0.92516,0.92548,1.12,1.17
2014.12.12 15:12:59.994,0.92513,0.92545,1.45,1.00
2014.12.12 15:13:00.671,0.92515,0.92545,1.50,1.37
2014.12.12 15:13:01.178,0.92512,0.9255,3.67,1.65
2014.12.12 15:13:01.698,0.92512,0.9255,3.07,2.20
2014.12.12 15:13:02.234,0.92512,0.92548,4.05,1.50
2014.12.12 15:13:02.689,0.92515,0.9255,1.82,1.52
2014.12.12 15:13:02.891,0.92516,0.9255,1.50,1.52
2014.12.12 15:13:03.193,0.92515,0.92551,1.82,2.02
2014.12.12 15:13:03.503,0.92513,0.9255,2.20,1.50
2014.12.12 15:13:03.554,0.92516,0.9255,3.07,1.42
2014.12.12 15:13:03.806,0.92522,0.92555,1.50,1.55
2014.12.12 15:13:03.908,0.92522,0.92555,1.45,1.17
2014.12.12 15:13:03.958,0.92527,0.92557,1.30,1.15
2014.12.12 15:13:04.009,0.92527,0.9256,1.12,1.15
2014.12.12 15:13:04.714,0.92529,0.9256,1.45,1.00
2014.12.12 15:13:05.017,0.92532,0.92566,1.45,1.55
2014.12.12 15:13:05.420,0.92534,0.92565,1.45,1.10
2014.12.12 15:13:06.106,0.92535,0.92565,1.30,1.15
2014.12.12 15:13:06.157,0.92531,0.92565,1.07,1.15
2014.12.12 15:13:06.359,0.92527,0.92555,3.30,1.00
2014.12.12 15:13:06.712,0.92529,0.9256,1.45,1.00
2014.12.12 15:13:06.814,0.92528,0.92555,1.45,1.00
2014.12.12 15:13:07.697,0.92525,0.92555,3.67,1.12
2014.12.12 15:13:07.748,0.92525,0.92555,1.82,1.12
2014.12.12 15:13:07.798,0.92521,0.9255,4.65,1.37
2014.12.12 15:13:07.849,0.92521,0.9255,1.72,1.37
2014.12.12 15:13:08.000,0.92518,0.9255,1.12,1.37
2014.12.12 15:13:08.202,0.92518,0.9255,1.12,1.37
2014.12.12 15:13:08.253,0.92522,0.9255,2.17,1.37
2014.12.12 15:13:08.354,0.92522,0.92554,4.42,1.30
2014.12.12 15:13:08.455,0.92518,0.92554,4.42,1.12
2014.12.12 15:13:08.924,0.92518,0.9255,5.40,1.00
2014.12.12 15:13:11.264,0.9252,0.9255,1.72,1.37
2014.12.12 15:13:12.543,0.9252,0.9255,2.10,1.37
2014.12.12 15:13:13.002,0.92523,0.9255,2.17,1.37
2014.12.12 15:13:13.103,0.92518,0.92553,2.70,2.47
2014.12.12 15:13:13.154,0.92517,0.92553,2.25,2.47
2014.12.12 15:13:13.205,0.9252,0.92545,1.30,1.00
2014.12.12 15:13:13.407,0.92518,0.9255,5.40,1.00
2014.12.12 15:13:13.558,0.92524,0.9255,2.10,1.00
2014.12.12 15:13:13.861,0.92524,0.92555,2.10,1.87
2014.12.12 15:13:14.394,0.92524,0.9255,2.47,1.00
2014.12.12 15:13:14.499,0.92524,0.92555,2.47,1.52
2014.12.12 15:13:15.117,0.92525,0.92555,1.12,1.37
2014.12.12 15:13:15.268,0.92524,0.92555,2.25,1.37
2014.12.12 15:13:15.571,0.92522,0.9255,3.30,1.12
2014.12.12 15:13:15.622,0.92521,0.9255,1.27,1.12
2014.12.12 15:13:15.673,0.92521,0.9255,1.15,1.37
2014.12.12 15:13:15.976,0.92521,0.92545,1.15,1.00
2014.12.12 15:13:16.026,0.92521,0.92551,1.00,1.52
2014.12.12 15:13:16.329,0.92521,0.92551,1.20,1.30
2014.12.12 15:13:16.430,0.92521,0.92551,1.10,1.07
2014.12.12 15:13:16.732,0.9252,0.92545,1.00,1.00
2014.12.12 15:13:16.783,0.92517,0.92545,1.00,1.00
2014.12.12 15:13:17.136,0.92508,0.9254,3.82,1.00
2014.12.12 15:13:17.459,0.92511,0.92545,1.87,1.15
2014.12.12 15:13:17.762,0.92512,0.92545,3.67,1.00
2014.12.12 15:13:18.107,0.92514,0.9254,1.45,1.00
2014.12.12 15:13:18.158,0.92514,0.9254,1.30,1.00
2014.12.12 15:13:18.259,0.92512,0.9254,1.45,1.00
2014.12.12 15:13:18.529,0.92515,0.92545,1.37,1.00
2014.12.12 15:13:18.630,0.92513,0.92541,1.87,1.00
2014.12.12 15:13:19.662,0.92512,0.9254,2.02,1.00
2014.12.12 15:13:22.735,0.92518,0.9254,1.30,1.00
2014.12.12 15:13:23.289,0.92512,0.9254,1.82,1.00
2014.12.12 15:13:23.390,0.92511,0.9254,2.32,1.37
2014.12.12 15:13:23.440,0.92508,0.9254,2.25,1.37
2014.12.12 15:13:23.541,0.9251,0.92536,1.30,1.00
2014.12.12 15:13:23.642,0.92512,0.92536,1.30,1.00
2014.12.12 15:13:23.743,0.92512,0.9254,1.30,1.37
2014.12.12 15:13:24.046,0.92514,0.9254,1.30,1.12
2014.12.12 15:13:24.348,0.92516,0.9254,1.30,1.00
2014.12.12 15:13:24.920,0.92516,0.92545,1.30,1.47
2014.12.12 15:13:25.021,0.92514,0.92545,1.12,2.32
2014.12.12 15:13:25.173,0.92511,0.9254,1.30,2.02
2014.12.12 15:13:25.451,0.92509,0.9254,1.30,1.52
2014.12.12 15:13:25.703,0.92509,0.9254,1.50,1.55
2014.12.12 15:13:26.006,0.92511,0.9254,1.30,1.55
2014.12.12 15:13:26.511,0.92509,0.9254,1.12,1.55
2014.12.12 15:13:27.309,0.92509,0.9254,1.50,1.17
2014.12.12 15:13:27.763,0.92509,0.92535,1.50,1.00
2014.12.12 15:13:28.713,0.92511,0.92535,1.30,1.00
2014.12.12 15:13:28.865,0.92511,0.9254,1.30,1.55
2014.12.12 15:13:28.916,0.92508,0.9254,1.82,1.55
2014.12.12 15:13:29.428,0.92507,0.92535,1.50,1.00
2014.12.12 15:13:32.202,0.9251,0.9254,1.05,1.55
2014.12.12 15:13:32.610,0.92511,0.92535,1.30,1.00
2014.12.12 15:13:33.114,0.92514,0.92535,1.30,1.00
2014.12.12 15:13:33.164,0.92514,0.92539,1.30,1.10
2014.12.12 15:13:33.266,0.92515,0.92545,1.35,2.02
2014.12.12 15:13:33.317,0.92515,0.92545,1.30,2.40
2014.12.12 15:13:33.620,0.92516,0.92545,1.30,1.15
2014.12.12 15:13:34.031,0.92516,0.9254,1.30,1.00
2014.12.12 15:13:34.414,0.92515,0.92541,1.30,1.37
2014.12.12 15:13:34.565,0.92511,0.92541,1.30,1.52
2014.12.12 15:13:35.477,0.9251,0.9254,1.05,1.55
2014.12.12 15:13:36.002,0.92511,0.92541,1.30,1.52
2014.12.12 15:13:37.396,0.92514,0.9254,1.30,1.55
2014.12.12 15:13:37.446,0.92514,0.9254,1.30,1.07
2014.12.12 15:13:37.548,0.92515,0.92545,1.30,1.52
2014.12.12 15:13:37.850,0.92512,0.9254,1.37,1.45
2014.12.12 15:13:37.951,0.92506,0.92535,1.27,1.12
2014.12.12 15:13:38.322,0.92508,0.9253,2.70,1.00
2014.12.12 15:13:38.473,0.92511,0.92535,1.82,1.00
2014.12.12 15:13:38.675,0.92511,0.92545,1.65,3.07
2014.12.12 15:13:38.877,0.92509,0.92535,2.10,1.00
2014.12.12 15:13:39.129,0.92512,0.9254,1.30,1.10
2014.12.12 15:13:39.648,0.92508,0.9254,3.22,1.10
2014.12.12 15:13:40.133,0.92514,0.9254,1.35,1.10
2014.12.12 15:13:40.335,0.92514,0.92545,1.50,1.47
2014.12.12 15:13:40.437,0.92515,0.9254,1.05,1.00
2014.12.12 15:13:40.538,0.92516,0.92545,1.30,1.47
2014.12.12 15:13:41.185,0.92515,0.92545,1.05,1.47
2014.12.12 15:13:41.550,0.92514,0.92545,1.50,1.47
2014.12.12 15:13:41.651,0.92514,0.92545,1.12,2.32
2014.12.12 15:13:41.803,0.92511,0.9254,1.12,1.30
2014.12.12 15:13:41.853,0.92507,0.92539,4.57,1.05
2014.12.12 15:13:41.904,0.92506,0.92538,2.62,1.05
2014.12.12 15:13:41.955,0.92506,0.9253,1.45,1.00
2014.12.12 15:13:42.056,0.9251,0.92535,2.10,1.00
2014.12.12 15:13:42.208,0.9251,0.9254,2.10,1.15
2014.12.12 15:13:42.310,0.9251,0.92539,2.10,1.15
2014.12.12 15:13:42.483,0.92507,0.92535,1.57,1.00
2014.12.12 15:13:44.186,0.92506,0.92535,1.05,1.75
2014.12.12 15:13:44.388,0.92503,0.9253,1.00,1.12
2014.12.12 15:13:44.590,0.925,0.9253,3.90,1.00
2014.12.12 15:13:44.742,0.925,0.92535,6.90,1.10
2014.12.12 15:13:44.994,0.92508,0.92535,1.30,1.10
2014.12.12 15:13:45.354,0.92508,0.9253,1.30,1.00
2014.12.12 15:13:45.505,0.92508,0.92536,1.30,1.17
2014.12.12 15:13:46.209,0.92508,0.92536,1.67,1.17
2014.12.12 15:13:47.235,0.92508,0.9253,1.50,1.00
2014.12.12 15:13:47.802,0.92508,0.9253,1.50,1.00
2014.12.12 15:13:48.661,0.92509,0.92536,1.42,1.00
2014.12.12 15:13:49.194,0.92509,0.92536,1.05,1.00
2014.12.12 15:13:49.346,0.9251,0.9254,2.47,1.17
2014.12.12 15:13:49.855,0.92512,0.9254,1.37,1.00
2014.12.12 15:13:52.663,0.92511,0.9254,1.72,1.37
2014.12.12 15:13:52.966,0.92507,0.92535,4.35,1.00
2014.12.12 15:13:53.319,0.92509,0.9254,1.05,1.55
2014.12.12 15:13:53.874,0.92509,0.9254,2.02,1.27
2014.12.12 15:13:53.975,0.92509,0.9254,1.65,1.90
2014.12.12 15:13:54.278,0.92509,0.92535,2.25,1.00
2014.12.12 15:13:54.379,0.92509,0.9254,2.25,1.00
2014.12.12 15:13:55.235,0.92509,0.9254,2.62,1.37
2014.12.12 15:13:56.378,0.9251,0.9254,2.27,1.00
2014.12.12 15:13:57.554,0.9251,0.9254,2.27,1.00
2014.12.12 15:13:58.654,0.92511,0.9254,1.30,1.12
2014.12.12 15:13:58.755,0.9251,0.92541,1.90,1.65
2014.12.12 15:13:59.007,0.92508,0.92535,1.30,1.00
2014.12.12 15:13:59.310,0.9251,0.9254,1.30,1.07
2014.12.12 15:13:59.361,0.9251,0.92541,1.05,1.10
2014.12.12 15:13:59.843,0.92512,0.92545,1.30,1.15
2014.12.12 15:14:00.354,0.92509,0.92536,1.72,1.00
2014.12.12 15:14:00.657,0.92509,0.9254,1.77,1.00
2014.12.12 15:14:00.758,0.92511,0.9254,1.65,1.00
2014.12.12 15:14:02.776,0.92514,0.92541,1.05,1.12
2014.12.12 15:14:04.724,0.92512,0.9254,1.82,1.00
2014.12.12 15:14:06.083,0.92514,0.92545,1.42,1.55
2014.12.12 15:14:06.134,0.92514,0.92545,1.42,1.17
2014.12.12 15:14:06.436,0.92518,0.92546,1.05,1.20
2014.12.12 15:14:07.098,0.92519,0.92545,1.30,1.00
2014.12.12 15:14:07.407,0.92524,0.92549,1.30,1.50
2014.12.12 15:14:07.609,0.92521,0.92555,1.50,2.02
2014.12.12 15:14:07.811,0.92524,0.9255,1.30,1.00
2014.12.12 15:14:07.963,0.9252,0.9255,1.50,1.00
2014.12.12 15:14:08.114,0.92524,0.9255,1.67,1.00
2014.12.12 15:14:08.411,0.92523,0.92555,1.67,2.02
2014.12.12 15:14:08.513,0.92523,0.92555,1.30,1.15
2014.12.12 15:14:09.155,0.92523,0.92556,1.67,1.52
2014.12.12 15:14:09.256,0.9252,0.92556,1.50,2.40
2014.12.12 15:14:09.764,0.9252,0.92551,1.50,1.37
2014.12.12 15:14:10.840,0.92524,0.9255,1.30,1.00
2014.12.12 15:14:10.941,0.92522,0.9255,1.42,1.00
2014.12.12 15:14:11.756,0.92519,0.9255,1.82,1.37
2014.12.12 15:14:11.857,0.92519,0.9255,1.50,1.87
2014.12.12 15:14:12.311,0.92515,0.92547,1.82,1.12
2014.12.12 15:14:13.533,0.9252,0.92549,1.30,1.55
2014.12.12 15:14:13.584,0.9252,0.92549,1.75,1.20
2014.12.12 15:14:14.465,0.92525,0.9255,1.30,1.00
2014.12.12 15:14:14.516,0.92525,0.92552,1.90,1.10
2014.12.12 15:14:14.667,0.92523,0.92554,3.07,1.52
2014.12.12 15:14:14.718,0.92523,0.92554,1.30,2.02
2014.12.12 15:14:15.297,0.92522,0.92552,1.05,1.47
2014.12.12 15:14:15.962,0.92522,0.9255,1.05,1.37
2014.12.12 15:14:16.469,0.92523,0.9255,1.30,1.12
2014.12.12 15:14:16.986,0.9252,0.92551,2.10,1.37
2014.12.12 15:14:17.137,0.92522,0.92551,3.52,1.00
2014.12.12 15:14:17.288,0.92524,0.92555,2.10,1.87
2014.12.12 15:14:17.802,0.92528,0.92555,1.35,1.00
2014.12.12 15:14:18.349,0.92528,0.9256,1.35,1.52
2014.12.12 15:14:18.756,0.92525,0.92555,1.75,1.07
2014.12.12 15:14:18.969,0.92526,0.92555,1.42,1.00
2014.12.12 15:14:19.725,0.92524,0.92555,1.45,1.37
2014.12.12 15:14:20.028,0.92518,0.9255,1.95,1.27
2014.12.12 15:14:20.229,0.92521,0.92545,1.35,1.00
2014.12.12 15:14:20.481,0.92521,0.9255,1.35,1.15
2014.12.12 15:14:20.633,0.92521,0.9255,1.50,1.00
2014.12.12 15:14:21.137,0.92522,0.9255,2.17,1.00
2014.12.12 15:14:21.439,0.92524,0.92551,1.95,1.10
2014.12.12 15:14:21.760,0.92525,0.92555,1.42,1.10
2014.12.12 15:14:22.362,0.92524,0.92555,2.10,1.10
2014.12.12 15:14:22.898,0.92524,0.92555,2.10,1.10
2014.12.12 15:14:23.154,0.92524,0.92555,2.10,1.20
2014.12.12 15:14:23.474,0.92525,0.92555,1.30,1.45
2014.12.12 15:14:23.625,0.92522,0.9255,1.05,1.00
2014.12.12 15:14:23.676,0.92522,0.92545,1.05,1.00
2014.12.12 15:14:24.696,0.92518,0.92545,2.17,1.00
2014.12.12 15:14:24.999,0.92521,0.9255,1.12,1.87
2014.12.12 15:14:25.201,0.92518,0.9255,2.25,1.87
2014.12.12 15:14:25.303,0.92518,0.9255,3.22,1.50
2014.12.12 15:14:25.404,0.92518,0.92545,2.25,1.00
2014.12.12 15:14:25.906,0.9252,0.92545,1.57,1.00
2014.12.12 15:14:27.511,0.92519,0.92545,2.27,1.00
2014.12.12 15:14:27.613,0.92522,0.9255,1.30,2.02
2014.12.12 15:14:27.765,0.92524,0.9255,1.30,1.27
2014.12.12 15:14:27.866,0.9252,0.92552,1.95,1.52
2014.12.12 15:14:28.390,0.9252,0.9255,1.95,1.52
2014.12.12 15:14:28.743,0.92519,0.92545,1.95,1.00
2014.12.12 15:14:29.096,0.92518,0.92546,2.17,1.72
2014.12.12 15:14:29.247,0.92512,0.92545,2.47,2.02
2014.12.12 15:14:29.751,0.92517,0.92546,1.50,1.12
2014.12.12 15:14:30.255,0.92515,0.92545,2.10,1.00
2014.12.12 15:14:31.226,0.92516,0.92545,1.82,1.00
2014.12.12 15:14:31.327,0.92516,0.92545,2.10,1.00
2014.12.12 15:14:32.144,0.92516,0.92547,1.12,1.45
2014.12.12 15:14:34.454,0.92514,0.92544,1.12,1.65
2014.12.12 15:14:34.656,0.92507,0.92535,1.50,1.17
2014.12.12 15:14:35.165,0.92506,0.92537,1.82,1.52
2014.12.12 15:14:36.916,0.92509,0.92535,1.30,1.27
2014.12.12 15:14:37.474,0.92506,0.92537,1.82,1.52
2014.12.12 15:14:37.575,0.92503,0.92534,1.05,3.07
2014.12.12 15:14:37.777,0.92513,0.92543,1.67,3.82
2014.12.12 15:14:38.132,0.92512,0.9254,1.05,1.27
2014.12.12 15:14:38.656,0.92512,0.9254,2.02,1.15
2014.12.12 15:14:38.807,0.92515,0.9254,1.50,1.00
2014.12.12 15:14:39.785,0.92514,0.9254,1.45,1.12
2014.12.12 15:14:39.887,0.92511,0.92543,1.50,2.70
2014.12.12 15:14:45.115,0.9251,0.92535,1.05,1.00
2014.12.12 15:14:45.418,0.92503,0.92536,3.30,1.65
2014.12.12 15:14:45.619,0.92501,0.9253,2.17,1.52
2014.12.12 15:14:46.023,0.92501,0.9253,1.45,1.00
2014.12.12 15:14:46.124,0.92502,0.9253,1.30,1.15
2014.12.12 15:14:46.428,0.92508,0.9253,1.30,1.00
2014.12.12 15:14:46.629,0.92508,0.92536,1.30,1.15
2014.12.12 15:14:47.244,0.92502,0.92535,2.32,1.15
2014.12.12 15:14:47.295,0.925,0.92533,1.45,3.07
2014.12.12 15:14:47.598,0.92499,0.92525,1.30,1.15
2014.12.12 15:14:47.914,0.92497,0.92525,1.30,1.15
2014.12.12 15:14:48.224,0.92497,0.9252,1.30,1.00
2014.12.12 15:14:48.275,0.92497,0.92525,1.30,1.15
2014.12.12 15:14:48.613,0.92497,0.9252,1.30,1.00
2014.12.12 15:14:48.824,0.92497,0.92525,1.30,1.15
2014.12.12 15:14:49.049,0.92496,0.9252,1.05,1.00
2014.12.12 15:14:51.518,0.92498,0.9252,1.30,1.00
2014.12.12 15:14:53.375,0.92498,0.92525,1.30,1.52
2014.12.12 15:14:53.627,0.92496,0.92525,1.42,1.52
2014.12.12 15:14:56.784,0.92495,0.92525,1.87,1.15
2014.12.12 15:14:56.835,0.925,0.92525,1.12,1.00
2014.12.12 15:14:57.408,0.92499,0.9253,1.72,1.55
2014.12.12 15:14:57.509,0.92499,0.9253,1.05,3.45
2014.12.12 15:14:57.559,0.92498,0.92529,1.05,2.70
2014.12.12 15:14:57.660,0.92499,0.9253,1.82,1.27
2014.12.12 15:14:57.811,0.925,0.92525,1.45,1.00
2014.12.12 15:14:57.963,0.925,0.9253,1.45,1.15
2014.12.12 15:14:58.274,0.92498,0.92525,1.45,1.00
2014.12.12 15:14:58.375,0.92497,0.92525,1.45,1.10
2014.12.12 15:14:59.335,0.92496,0.92526,1.45,1.55
2014.12.12 15:14:59.739,0.92495,0.92525,1.50,2.02
2014.12.12 15:15:00.236,0.92494,0.9252,1.37,1.00
2014.12.12 15:15:00.287,0.92494,0.9252,1.30,1.07
2014.12.12 15:15:00.388,0.92494,0.9252,1.82,1.00
2014.12.12 15:15:00.590,0.92502,0.9253,1.30,1.15
2014.12.12 15:15:00.640,0.92502,0.9253,1.37,1.07
2014.12.12 15:15:00.902,0.92499,0.9253,1.45,1.15
2014.12.12 15:15:00.953,0.92499,0.9253,1.45,1.07
2014.12.12 15:15:01.003,0.92499,0.9253,3.30,1.10
2014.12.12 15:15:02.525,0.92501,0.9253,1.87,1.10
2014.12.12 15:15:02.939,0.92501,0.92535,1.52,3.45
2014.12.12 15:15:03.245,0.925,0.92526,1.45,1.00
2014.12.12 15:15:03.750,0.92502,0.9253,1.82,1.10
2014.12.12 15:15:07.981,0.92503,0.9253,1.50,1.10
2014.12.12 15:15:08.132,0.92502,0.9253,2.25,1.10
2014.12.12 15:15:11.885,0.92501,0.92525,2.25,1.00
2014.12.12 15:15:13.194,0.92497,0.92525,4.05,1.00
2014.12.12 15:15:13.244,0.92497,0.9252,3.67,1.00
2014.12.12 15:15:13.610,0.92494,0.9252,1.12,1.00
2014.12.12 15:15:13.711,0.92494,0.9252,1.05,1.00
2014.12.12 15:15:14.929,0.92495,0.9252,1.05,1.00
2014.12.12 15:15:15.535,0.92495,0.9252,1.05,1.00
2014.12.12 15:15:16.338,0.92494,0.9252,1.05,1.00
2014.12.12 15:15:17.818,0.92495,0.9252,1.45,1.00
2014.12.12 15:15:19.506,0.92494,0.92525,1.12,1.52
2014.12.12 15:15:20.678,0.92495,0.92525,2.10,1.52
2014.12.12 15:15:21.148,0.92495,0.9252,1.45,1.00
2014.12.12 15:15:22.114,0.92495,0.92525,1.45,1.52
2014.12.12 15:15:22.354,0.92495,0.9252,1.45,1.00
2014.12.12 15:15:24.085,0.92495,0.9252,1.12,1.00
2014.12.12 15:15:24.589,0.92495,0.9252,2.92,1.00
2014.12.12 15:15:25.102,0.92495,0.92521,2.92,1.00
2014.12.12 15:15:25.511,0.92495,0.9252,2.32,2.10
2014.12.12 15:15:25.561,0.92492,0.92515,2.32,1.00
2014.12.12 15:15:25.662,0.92488,0.9251,2.32,1.00
2014.12.12 15:15:25.764,0.92485,0.9251,2.70,1.00
2014.12.12 15:15:26.139,0.92485,0.9251,1.45,1.00
2014.12.12 15:15:27.131,0.92482,0.9251,1.12,1.55
2014.12.12 15:15:27.182,0.92482,0.92505,1.12,1.00
2014.12.12 15:15:27.283,0.9248,0.92505,1.12,1.00
2014.12.12 15:15:27.334,0.9248,0.9251,1.45,1.85
2014.12.12 15:15:27.435,0.92481,0.92506,1.45,1.00
2014.12.12 15:15:27.536,0.92479,0.92505,1.45,1.00
2014.12.12 15:15:27.738,0.92485,0.92509,1.45,1.00
2014.12.12 15:15:27.840,0.92485,0.92511,1.45,1.00
2014.12.12 15:15:27.941,0.92489,0.92515,1.30,1.17
2014.12.12 15:15:28.042,0.92493,0.9252,1.30,1.65
2014.12.12 15:15:28.143,0.92493,0.9252,1.12,1.00
2014.12.12 15:15:28.194,0.92495,0.9252,1.30,1.00
2014.12.12 15:15:28.497,0.92494,0.92521,1.45,1.00
2014.12.12 15:15:28.965,0.92495,0.92526,1.12,1.15
2014.12.12 15:15:29.066,0.92495,0.9252,1.12,1.00
2014.12.12 15:15:30.253,0.92495,0.9252,1.35,1.10
2014.12.12 15:15:30.455,0.9249,0.9252,1.12,1.52
2014.12.12 15:15:30.757,0.92488,0.9251,1.12,1.00
2014.12.12 15:15:30.808,0.92486,0.92515,1.45,1.10
2014.12.12 15:15:30.909,0.92485,0.92515,1.12,1.65
2014.12.12 15:15:31.161,0.92485,0.92515,1.12,1.65
2014.12.12 15:15:31.854,0.92486,0.92515,1.05,1.52
2014.12.12 15:15:32.375,0.92486,0.9251,1.05,1.00
2014.12.12 15:15:32.801,0.92486,0.92515,1.05,1.52
2014.12.12 15:15:33.337,0.92486,0.9251,1.42,1.00
2014.12.12 15:15:33.690,0.92488,0.92515,1.30,1.27
2014.12.12 15:15:34.089,0.92493,0.92515,1.67,1.10
2014.12.12 15:15:34.190,0.92493,0.9252,1.82,1.00
2014.12.12 15:15:34.241,0.92496,0.9252,1.30,1.00
2014.12.12 15:15:34.420,0.92496,0.92525,1.50,1.07
2014.12.12 15:15:35.002,0.92493,0.92525,3.67,1.45
2014.12.12 15:15:35.153,0.92492,0.92525,1.82,1.52
2014.12.12 15:15:36.123,0.92491,0.92515,2.32,1.00
2014.12.12 15:15:36.174,0.9249,0.92515,1.45,1.00
2014.12.12 15:15:36.275,0.92486,0.92515,1.82,1.12
2014.12.12 15:15:36.326,0.92485,0.92515,3.60,1.45
2014.12.12 15:15:36.376,0.92485,0.92515,1.42,1.52
2014.12.12 15:15:37.206,0.92488,0.92515,1.30,1.52
2014.12.12 15:15:37.458,0.92491,0.92515,1.30,1.10
2014.12.12 15:15:37.509,0.92495,0.92515,1.30,1.10
2014.12.12 15:15:37.660,0.92495,0.92521,1.30,2.40
2014.12.12 15:15:37.862,0.92499,0.9252,1.30,1.00
2014.12.12 15:15:37.963,0.925,0.92523,1.05,1.12
2014.12.12 15:15:38.064,0.92502,0.92524,1.30,1.00
2014.12.12 15:15:38.367,0.92505,0.92529,1.30,1.15
2014.12.12 15:15:38.438,0.92503,0.92528,1.05,1.07
2014.12.12 15:15:38.489,0.92503,0.92528,1.12,1.00
2014.12.12 15:15:38.540,0.92503,0.92525,1.37,1.00
2014.12.12 15:15:38.842,0.92501,0.92525,1.05,1.00
2014.12.12 15:15:39.145,0.92499,0.92525,1.30,1.65
2014.12.12 15:15:39.297,0.92497,0.92524,1.30,1.15
2014.12.12 15:15:39.611,0.925,0.92524,1.30,1.15
2014.12.12 15:15:39.661,0.925,0.92525,1.30,1.57
2014.12.12 15:15:40.266,0.92501,0.92525,1.30,1.10
2014.12.12 15:15:40.467,0.92499,0.92525,1.05,1.10
2014.12.12 15:15:40.719,0.92498,0.9252,1.12,1.00
2014.12.12 15:15:41.022,0.92496,0.9252,1.05,1.00
2014.12.12 15:15:41.930,0.92496,0.92521,1.05,1.12
2014.12.12 15:15:42.082,0.92489,0.92521,1.72,2.02
2014.12.12 15:15:42.277,0.92487,0.9251,3.00,1.37
2014.12.12 15:15:42.329,0.92484,0.9251,1.30,1.37
2014.12.12 15:15:42.380,0.92487,0.92514,1.30,1.15
2014.12.12 15:15:42.708,0.92484,0.92515,1.30,1.15
2014.12.12 15:15:43.010,0.92487,0.92515,1.30,1.15
2014.12.12 15:15:43.111,0.9248,0.9251,1.30,2.32
2014.12.12 15:15:43.363,0.9249,0.9251,1.30,2.25
2014.12.12 15:15:43.414,0.9249,0.92514,1.30,1.00
2014.12.12 15:15:43.515,0.9249,0.92517,1.00,3.45
2014.12.12 15:15:43.616,0.92492,0.9252,2.32,1.00
2014.12.12 15:15:43.818,0.92495,0.9252,1.30,1.10
2014.12.12 15:15:43.918,0.92493,0.92525,1.30,3.07
2014.12.12 15:15:44.170,0.92491,0.92522,1.37,2.32
2014.12.12 15:15:44.674,0.9249,0.92521,1.12,2.32
2014.12.12 15:15:45.276,0.92489,0.92521,1.82,2.70
2014.12.12 15:15:45.795,0.92489,0.9252,1.82,1.52
2014.12.12 15:15:46.525,0.92492,0.92521,1.30,2.70
2014.12.12 15:15:47.085,0.9249,0.92521,1.50,2.70
2014.12.12 15:15:47.397,0.92489,0.92517,1.42,2.32
2014.12.12 15:15:47.548,0.9249,0.9252,1.05,3.45
2014.12.12 15:15:49.095,0.9249,0.92516,1.30,1.55
2014.12.12 15:15:49.317,0.92484,0.92512,1.30,2.70
2014.12.12 15:15:49.821,0.92481,0.92512,1.12,2.70
2014.12.12 15:15:50.085,0.92484,0.9251,1.30,1.27
2014.12.12 15:15:50.239,0.92484,0.92515,1.05,3.45
2014.12.12 15:15:50.390,0.9249,0.92515,1.30,3.07
2014.12.12 15:15:50.441,0.9249,0.92515,1.30,1.15
2014.12.12 15:15:50.492,0.92494,0.92518,1.30,2.32
2014.12.12 15:15:50.543,0.92494,0.92521,1.30,1.17
2014.12.12 15:15:50.594,0.92499,0.92521,1.30,1.17
2014.12.12 15:15:50.645,0.92499,0.92525,1.30,1.57
2014.12.12 15:15:50.898,0.925,0.92525,1.30,1.27
2014.12.12 15:15:51.099,0.92501,0.9252,1.30,1.00
2014.12.12 15:15:51.252,0.92496,0.92523,1.30,1.52
2014.12.12 15:15:51.505,0.92502,0.92523,1.30,1.15
2014.12.12 15:15:51.656,0.925,0.9252,1.30,1.00
2014.12.12 15:15:51.959,0.92501,0.92525,1.30,1.15
2014.12.12 15:15:52.060,0.92509,0.92531,1.30,2.32
2014.12.12 15:15:52.262,0.92504,0.9253,1.30,1.15
2014.12.12 15:15:52.363,0.92502,0.9253,1.30,1.15
2014.12.12 15:15:52.665,0.92501,0.92525,1.30,1.15
2014.12.12 15:15:53.068,0.92494,0.92525,1.45,1.15
2014.12.12 15:15:53.169,0.92497,0.92524,1.30,2.32
2014.12.12 15:15:53.673,0.92497,0.92526,1.05,1.15
2014.12.12 15:15:53.724,0.92499,0.92527,1.30,2.32
2014.12.12 15:15:53.875,0.92498,0.9253,1.12,3.07
2014.12.12 15:15:54.567,0.92495,0.92526,1.45,1.15
2014.12.12 15:15:54.870,0.925,0.92525,1.12,1.00
2014.12.12 15:15:55.172,0.925,0.9253,1.12,1.15
2014.12.12 15:15:55.683,0.92497,0.92529,1.12,2.32
2014.12.12 15:15:56.156,0.92494,0.92525,1.45,1.90
2014.12.12 15:15:56.207,0.92494,0.92525,1.45,1.90
2014.12.12 15:15:56.460,0.92492,0.9252,1.42,1.15
2014.12.12 15:15:57.333,0.92492,0.9252,1.05,1.15
2014.12.12 15:15:57.944,0.92489,0.92523,1.82,2.70
2014.12.12 15:15:58.095,0.92495,0.92523,1.30,2.70
2014.12.12 15:15:58.197,0.92495,0.92524,1.05,1.52
2014.12.12 15:15:58.975,0.92497,0.92524,1.30,1.52
2014.12.12 15:15:59.228,0.92502,0.9253,1.12,2.02
2014.12.12 15:15:59.379,0.92502,0.9253,1.45,1.37
2014.12.12 15:15:59.833,0.92504,0.9253,1.45,1.12
2014.12.12 15:16:00.343,0.92507,0.92535,1.30,2.02
2014.12.12 15:16:00.874,0.92506,0.92535,1.05,2.02
2014.12.12 15:16:01.334,0.92507,0.92525,1.30,1.00
2014.12.12 15:16:01.435,0.92496,0.92525,5.10,1.00
2014.12.12 15:16:01.737,0.92505,0.92529,1.30,2.92
2014.12.12 15:16:01.839,0.92504,0.9253,1.67,1.17
2014.12.12 15:16:02.091,0.92507,0.92535,1.37,1.45
2014.12.12 15:16:02.142,0.92507,0.92535,1.45,1.47
2014.12.12 15:16:02.344,0.92506,0.9253,1.45,1.00
2014.12.12 15:16:02.445,0.92506,0.92533,1.30,1.15
2014.12.12 15:16:02.496,0.92508,0.92533,1.30,1.15
2014.12.12 15:16:02.712,0.92506,0.92534,1.30,2.70
2014.12.12 15:16:02.938,0.92503,0.92534,1.42,2.70
2014.12.12 15:16:03.450,0.92503,0.92534,1.42,2.70
2014.12.12 15:16:03.604,0.92506,0.92534,1.30,2.70
2014.12.12 15:16:04.056,0.92506,0.92535,1.12,1.52
2014.12.12 15:16:04.510,0.92509,0.92535,1.30,1.27
2014.12.12 15:16:04.968,0.92508,0.92535,1.82,1.10
2014.12.12 15:16:05.019,0.92512,0.92535,1.05,1.10
2014.12.12 15:16:05.069,0.92512,0.92541,1.12,1.52
2014.12.12 15:16:05.272,0.92509,0.92541,1.45,1.65
2014.12.12 15:16:05.323,0.92509,0.92535,1.05,1.10
2014.12.12 15:16:05.827,0.92507,0.92535,1.45,1.47
2014.12.12 15:16:06.079,0.92509,0.9254,1.50,3.45
2014.12.12 15:16:06.130,0.9251,0.9254,1.82,1.55
2014.12.12 15:16:06.282,0.92509,0.9254,1.50,1.52
2014.12.12 15:16:06.332,0.92509,0.9254,1.50,1.52
2014.12.12 15:16:06.789,0.9251,0.92541,1.50,2.70
2014.12.12 15:16:07.193,0.92509,0.92541,1.82,2.70
2014.12.12 15:16:07.344,0.92505,0.92539,2.25,2.70
2014.12.12 15:16:07.601,0.92505,0.9253,1.45,1.00
2014.12.12 15:16:07.954,0.92503,0.92535,2.32,1.17
2014.12.12 15:16:09.003,0.92503,0.92539,3.67,3.07
2014.12.12 15:16:10.183,0.92503,0.92535,3.30,1.65
2014.12.12 15:16:10.435,0.92502,0.92531,1.82,1.20
2014.12.12 15:16:10.536,0.92503,0.9253,1.35,1.20
2014.12.12 15:16:10.645,0.92503,0.92531,1.50,1.12
2014.12.12 15:16:11.149,0.92504,0.9253,1.45,1.00
2014.12.12 15:16:11.419,0.92495,0.92525,2.32,1.00
2014.12.12 15:16:13.018,0.92495,0.92525,1.45,2.02
2014.12.12 15:16:13.221,0.9249,0.92522,1.82,1.52
2014.12.12 15:16:13.625,0.92495,0.9252,1.50,1.00
2014.12.12 15:16:13.676,0.92495,0.92523,1.50,1.17
2014.12.12 15:16:13.727,0.92498,0.92525,1.35,1.15
2014.12.12 15:16:13.828,0.92498,0.92525,1.50,1.10
2014.12.12 15:16:14.029,0.92498,0.92525,1.30,1.15
2014.12.12 15:16:14.231,0.92498,0.92525,1.45,1.10
2014.12.12 15:16:14.282,0.92497,0.92525,1.37,1.07
2014.12.12 15:16:14.333,0.92497,0.92525,1.30,1.15
2014.12.12 15:16:14.718,0.92497,0.92526,1.45,1.15
2014.12.12 15:16:15.021,0.92503,0.9253,1.45,1.12
2014.12.12 15:16:15.324,0.92505,0.92531,1.05,1.27
2014.12.12 15:16:15.476,0.92507,0.92531,1.30,1.27
2014.12.12 15:16:15.788,0.92507,0.92525,1.30,1.00
2014.12.12 15:16:15.839,0.92507,0.9253,1.30,1.10
2014.12.12 15:16:16.343,0.92506,0.9253,1.30,1.10
2014.12.12 15:16:16.595,0.92508,0.9253,1.30,1.10
2014.12.12 15:16:16.796,0.92505,0.9253,1.42,1.10
2014.12.12 15:16:17.098,0.92505,0.92535,1.50,1.87
2014.12.12 15:16:18.114,0.92508,0.92538,1.67,2.70
2014.12.12 15:16:18.853,0.92507,0.92535,1.42,1.15
2014.12.12 15:16:19.353,0.92506,0.92534,1.30,2.32
2014.12.12 15:16:19.556,0.92508,0.92535,1.30,1.15
2014.12.12 15:16:19.657,0.9251,0.9254,1.67,2.02
2014.12.12 15:16:19.759,0.92515,0.9254,1.30,1.65
2014.12.12 15:16:20.113,0.92513,0.9254,1.35,1.15
2014.12.12 15:16:20.195,0.92513,0.9254,1.42,1.07
2014.12.12 15:16:20.710,0.92515,0.9254,1.05,1.00
2014.12.12 15:16:21.326,0.92515,0.9254,1.42,1.00
2014.12.12 15:16:21.478,0.92518,0.92546,1.42,1.27
2014.12.12 15:16:21.579,0.92516,0.9254,1.82,1.00
2014.12.12 15:16:21.681,0.92517,0.92545,1.50,1.17
2014.12.12 15:16:22.186,0.92518,0.92546,1.42,1.15
2014.12.12 15:16:22.590,0.92517,0.9254,1.50,1.00
2014.12.12 15:16:23.333,0.92515,0.9254,1.82,1.00
2014.12.12 15:16:24.038,0.92515,0.92545,1.82,1.27
2014.12.12 15:16:24.240,0.92515,0.9254,1.82,1.00
2014.12.12 15:16:24.821,0.92514,0.9254,1.82,1.00
2014.12.12 15:16:25.330,0.92513,0.9254,1.82,1.00
2014.12.12 15:16:25.800,0.92513,0.9254,1.87,1.00
2014.12.12 15:16:26.727,0.92514,0.9254,1.82,1.00
2014.12.12 15:16:28.204,0.92518,0.92545,2.10,1.27
2014.12.12 15:16:28.356,0.92519,0.9255,1.42,4.20
2014.12.12 15:16:28.406,0.92519,0.9254,1.42,1.00
2014.12.12 15:16:28.709,0.92519,0.9254,1.45,1.00
2014.12.12 15:16:29.164,0.92522,0.9254,1.45,1.00
2014.12.12 15:16:29.214,0.92521,0.9255,2.32,1.00
2014.12.12 15:16:29.265,0.9252,0.9255,1.45,1.15
2014.12.12 15:16:29.316,0.9252,0.9254,1.45,1.00
2014.12.12 15:16:29.417,0.9252,0.9255,3.30,1.00
2014.12.12 15:16:29.619,0.92519,0.92552,2.32,1.17
2014.12.12 15:16:29.669,0.92517,0.92552,3.30,1.15
2014.12.12 15:16:31.324,0.9252,0.9255,2.70,1.20
2014.12.12 15:16:31.833,0.9252,0.9255,4.87,1.12
2014.12.12 15:16:33.278,0.9252,0.92553,4.87,1.57
2014.12.12 15:16:33.809,0.9252,0.92553,4.87,1.57
2014.12.12 15:16:34.331,0.92525,0.92553,2.70,1.20
2014.12.12 15:16:34.482,0.92525,0.92555,2.70,1.10
2014.12.12 15:16:34.986,0.92526,0.92555,5.85,1.00
2014.12.12 15:16:35.349,0.92525,0.9255,2.32,1.00
2014.12.12 15:16:35.551,0.92525,0.92555,2.32,1.10
2014.12.12 15:16:35.702,0.92525,0.9255,2.32,1.00
2014.12.12 15:16:35.904,0.92522,0.9255,2.32,1.00
2014.12.12 15:16:36.005,0.92522,0.92546,2.32,1.00
2014.12.12 15:16:36.422,0.92522,0.9255,3.30,1.00
2014.12.12 15:16:36.677,0.92522,0.92554,3.67,1.27
2014.12.12 15:16:36.778,0.92528,0.92555,1.75,1.07
2014.12.12 15:16:36.879,0.9253,0.9256,1.82,1.55
2014.12.12 15:16:36.980,0.9253,0.9256,1.82,1.27
2014.12.12 15:16:37.081,0.92533,0.9256,1.50,1.07
2014.12.12 15:16:37.182,0.92533,0.92565,1.82,1.52
2014.12.12 15:16:39.545,0.92531,0.9256,3.67,1.00
2014.12.12 15:16:41.295,0.92531,0.9256,3.30,1.37
2014.12.12 15:16:41.396,0.92527,0.92555,1.50,1.00
2014.12.12 15:16:41.922,0.92526,0.92555,1.50,1.10
2014.12.12 15:16:43.155,0.92527,0.9256,1.82,2.02
2014.12.12 15:16:43.206,0.92527,0.9256,1.82,2.02
2014.12.12 15:16:43.257,0.92527,0.9256,1.82,1.52
2014.12.12 15:16:43.439,0.92527,0.9256,1.50,2.02
2014.12.12 15:16:43.676,0.92527,0.9256,3.67,1.52
2014.12.12 15:16:44.193,0.92526,0.9256,1.50,1.52
2014.12.12 15:16:44.495,0.92527,0.9256,1.82,1.87
2014.12.12 15:16:45.019,0.92529,0.9256,1.45,1.37
2014.12.12 15:16:45.272,0.92528,0.9256,1.45,1.00
2014.12.12 15:16:46.206,0.92527,0.9256,1.12,1.15
2014.12.12 15:16:46.724,0.92529,0.9256,1.30,1.15
2014.12.12 15:16:46.927,0.9253,0.92565,1.45,1.65
2014.12.12 15:16:47.472,0.92533,0.92565,1.30,1.15
2014.12.12 15:16:47.523,0.92533,0.92565,1.45,1.00
2014.12.12 15:16:48.019,0.92531,0.92565,4.05,1.00
2014.12.12 15:16:48.524,0.92536,0.92565,1.42,1.00
2014.12.12 15:16:48.886,0.92535,0.9256,1.12,1.00
2014.12.12 15:16:49.340,0.92534,0.92565,1.82,1.37
2014.12.12 15:16:49.541,0.92532,0.9256,1.82,1.00
2014.12.12 15:16:51.632,0.92532,0.92565,1.82,1.37
2014.12.12 15:16:52.169,0.92531,0.92565,3.67,1.00
2014.12.12 15:16:52.703,0.92531,0.92565,4.05,1.00
2014.12.12 15:16:53.209,0.92534,0.9257,1.87,2.02
2014.12.12 15:16:53.921,0.92535,0.9257,1.50,2.02
2014.12.12 15:16:54.433,0.92532,0.92565,1.52,1.00
2014.12.12 15:16:55.408,0.92531,0.92565,2.70,1.37
2014.12.12 15:16:55.610,0.92531,0.9256,2.70,1.00
2014.12.12 15:16:55.761,0.92529,0.9256,1.82,1.00
2014.12.12 15:16:56.107,0.92531,0.9256,1.42,1.00
2014.12.12 15:16:56.258,0.92531,0.92565,1.82,1.55
2014.12.12 15:16:57.402,0.9253,0.92563,2.32,1.67
2014.12.12 15:16:57.452,0.92527,0.92563,1.82,1.82
2014.12.12 15:16:57.503,0.92526,0.92561,1.52,1.87
2014.12.12 15:16:57.604,0.92527,0.9256,1.82,1.95
2014.12.12 15:16:57.807,0.92526,0.92555,1.45,1.00
2014.12.12 15:16:57.858,0.92527,0.92555,1.30,1.00
2014.12.12 15:16:57.959,0.92524,0.92555,1.30,1.15
2014.12.12 15:16:58.363,0.92521,0.9255,1.30,1.15
2014.12.12 15:16:58.413,0.92519,0.9255,1.35,1.15
2014.12.12 15:16:58.565,0.92518,0.92545,1.75,1.00
2014.12.12 15:16:58.666,0.92523,0.9255,1.30,1.00
2014.12.12 15:16:58.939,0.92525,0.92553,1.30,1.15
2014.12.12 15:16:59.040,0.92525,0.92553,1.12,1.00
2014.12.12 15:16:59.091,0.92525,0.92555,1.12,1.10
2014.12.12 15:16:59.192,0.92525,0.9255,1.12,1.00
2014.12.12 15:16:59.444,0.92525,0.92554,1.12,1.00
2014.12.12 15:16:59.646,0.92525,0.92554,1.12,1.37
2014.12.12 15:16:59.952,0.92521,0.92552,3.30,1.75
2014.12.12 15:17:00.053,0.9252,0.9255,1.05,2.40
2014.12.12 15:17:00.229,0.92517,0.92547,1.30,1.52
2014.12.12 15:17:00.280,0.92517,0.92547,1.30,1.52
2014.12.12 15:17:01.602,0.92515,0.92547,1.42,2.02
2014.12.12 15:17:02.142,0.92513,0.92547,1.45,1.15
2014.12.12 15:17:02.193,0.92513,0.92543,1.37,1.07
2014.12.12 15:17:02.495,0.92522,0.92544,1.30,1.10
2014.12.12 15:17:02.697,0.92525,0.9255,1.30,1.17
2014.12.12 15:17:02.798,0.92523,0.92551,1.30,1.15
2014.12.12 15:17:03.244,0.92526,0.92553,1.30,1.15
2014.12.12 15:17:03.395,0.92528,0.92554,1.30,1.17
2014.12.12 15:17:03.799,0.92525,0.92558,1.30,2.32
2014.12.12 15:17:04.202,0.92528,0.92558,1.30,2.32
2014.12.12 15:17:04.303,0.92528,0.92555,1.30,1.50
2014.12.12 15:17:04.404,0.92528,0.92559,1.30,1.65
2014.12.12 15:17:04.454,0.92531,0.92557,1.30,1.10
2014.12.12 15:17:04.763,0.92534,0.92555,1.30,1.00
2014.12.12 15:17:04.814,0.92534,0.9256,1.30,1.27
2014.12.12 15:17:04.915,0.92531,0.9256,1.35,1.37
2014.12.12 15:17:05.130,0.92533,0.9256,1.30,1.87
2014.12.12 15:17:05.793,0.92531,0.9256,1.30,1.37
2014.12.12 15:17:06.096,0.92527,0.92552,1.05,2.10
2014.12.12 15:17:06.348,0.92527,0.92555,1.30,1.52
2014.12.12 15:17:06.449,0.92529,0.92557,1.30,1.27
2014.12.12 15:17:06.981,0.92531,0.92555,1.30,1.50
2014.12.12 15:17:07.493,0.92532,0.92555,1.30,1.50
2014.12.12 15:17:07.594,0.92533,0.92557,1.30,1.10
2014.12.12 15:17:07.746,0.92531,0.92557,1.30,1.10
2014.12.12 15:17:07.847,0.92529,0.92559,1.30,1.75
2014.12.12 15:17:07.897,0.92529,0.92554,1.30,1.00
2014.12.12 15:17:08.099,0.92533,0.92561,1.30,1.27
2014.12.12 15:17:08.200,0.92535,0.9256,1.30,2.70
2014.12.12 15:17:08.301,0.92539,0.9256,1.30,1.10
2014.12.12 15:17:08.402,0.92537,0.92561,1.30,1.65
2014.12.12 15:17:08.654,0.92541,0.92563,1.30,1.15
2014.12.12 15:17:08.705,0.92541,0.92563,1.30,1.00
2014.12.12 15:17:08.857,0.92544,0.92569,1.30,2.32
2014.12.12 15:17:08.907,0.92544,0.9257,1.30,1.15
2014.12.12 15:17:09.109,0.92543,0.92565,1.30,1.00
2014.12.12 15:17:09.211,0.92541,0.92565,1.30,1.00
2014.12.12 15:17:09.420,0.92539,0.9256,1.30,1.00
2014.12.12 15:17:09.636,0.9254,0.92565,1.30,1.00
2014.12.12 15:17:09.737,0.92543,0.92565,1.30,1.00
2014.12.12 15:17:10.040,0.9254,0.9256,1.30,1.00
2014.12.12 15:17:10.091,0.92537,0.9256,1.30,1.00
2014.12.12 15:17:10.594,0.92536,0.92563,1.30,1.15
2014.12.12 15:17:10.746,0.92534,0.9256,1.30,1.00
2014.12.12 15:17:11.099,0.92533,0.9256,1.30,1.37
2014.12.12 15:17:11.351,0.92528,0.92555,1.05,1.37
2014.12.12 15:17:11.402,0.92527,0.9255,1.37,1.37
2014.12.12 15:17:11.503,0.92526,0.92551,1.30,1.45
2014.12.12 15:17:11.856,0.92528,0.92555,1.30,1.65
2014.12.12 15:17:11.906,0.92528,0.9255,1.30,1.00
2014.12.12 15:17:12.007,0.92528,0.92554,1.30,1.15
2014.12.12 15:17:12.159,0.92526,0.92554,1.05,1.15
2014.12.12 15:17:12.209,0.92526,0.92553,1.30,2.32
2014.12.12 15:17:12.411,0.92523,0.92553,1.30,2.32
2014.12.12 15:17:12.630,0.92525,0.92553,1.30,2.32
2014.12.12 15:17:13.169,0.92528,0.92553,1.30,2.32
2014.12.12 15:17:13.270,0.92526,0.92553,1.30,2.32
2014.12.12 15:17:13.774,0.92525,0.9255,1.30,1.52
2014.12.12 15:17:13.925,0.92523,0.9255,1.30,1.52
2014.12.12 15:17:14.032,0.92525,0.9255,1.30,1.52
2014.12.12 15:17:14.335,0.92529,0.92555,1.05,1.20
2014.12.12 15:17:14.386,0.92532,0.92559,1.30,1.15
2014.12.12 15:17:14.588,0.9253,0.9256,1.30,3.07
2014.12.12 15:17:15.120,0.92527,0.92555,1.30,1.15
2014.12.12 15:17:15.423,0.92526,0.9255,1.05,1.00
2014.12.12 15:17:15.726,0.92534,0.9256,1.30,3.07
2014.12.12 15:17:15.827,0.92534,0.92561,1.30,1.15
2014.12.12 15:17:16.331,0.92531,0.92564,1.45,4.42
2014.12.12 15:17:16.886,0.92535,0.92564,1.30,3.67
2014.12.12 15:17:17.037,0.92531,0.9256,1.35,2.02
2014.12.12 15:17:17.188,0.92531,0.92555,1.30,1.37
2014.12.12 15:17:17.591,0.9253,0.92558,1.30,1.50
2014.12.12 15:17:17.692,0.92527,0.92555,1.30,1.65
2014.12.12 15:17:17.843,0.92524,0.92554,1.05,1.15
2014.12.12 15:17:18.146,0.92525,0.9255,1.30,3.07
2014.12.12 15:17:18.247,0.92523,0.9255,1.30,3.07
2014.12.12 15:17:18.449,0.92518,0.92545,1.12,1.10
2014.12.12 15:17:18.614,0.92516,0.92545,1.45,1.07
2014.12.12 15:17:18.767,0.92514,0.9254,1.30,1.10
2014.12.12 15:17:19.187,0.92513,0.9254,1.30,2.25
2014.12.12 15:17:19.489,0.92502,0.92525,1.12,1.00
2014.12.12 15:17:19.540,0.92501,0.92529,1.37,2.62
2014.12.12 15:17:19.641,0.92504,0.9253,1.30,3.07
2014.12.12 15:17:19.843,0.92509,0.92536,1.30,2.32
2014.12.12 15:17:19.944,0.92505,0.92533,1.30,2.32
2014.12.12 15:17:20.045,0.92503,0.92533,1.05,2.32
2014.12.12 15:17:20.246,0.92501,0.92527,1.37,1.07
2014.12.12 15:17:20.347,0.92499,0.9253,1.12,1.15
2014.12.12 15:17:20.836,0.92499,0.92525,1.37,1.07
2014.12.12 15:17:21.301,0.92503,0.92528,1.30,2.32
2014.12.12 15:17:21.818,0.92504,0.92528,1.30,2.32
2014.12.12 15:17:22.078,0.92506,0.92527,1.30,1.17
2014.12.12 15:17:22.179,0.92503,0.92528,1.30,1.15
2014.12.12 15:17:22.280,0.92507,0.92528,1.30,1.15
2014.12.12 15:17:22.381,0.92507,0.92534,1.30,1.52
2014.12.12 15:17:22.432,0.92512,0.92535,1.30,2.32
2014.12.12 15:17:22.482,0.92512,0.92537,1.30,2.32
2014.12.12 15:17:22.533,0.92515,0.92537,1.72,2.25
2014.12.12 15:17:22.583,0.92515,0.92544,1.72,5.62
2014.12.12 15:17:22.684,0.92514,0.92545,1.12,1.15
2014.12.12 15:17:22.735,0.92517,0.92544,1.30,2.32
2014.12.12 15:17:23.008,0.92509,0.9254,1.45,1.15
2014.12.12 15:17:23.160,0.92505,0.9254,1.15,3.07
2014.12.12 15:17:23.261,0.92501,0.92535,3.30,1.15
2014.12.12 15:17:23.362,0.92499,0.92535,1.45,5.25
2014.12.12 15:17:23.715,0.92506,0.92535,1.30,4.50
2014.12.12 15:17:23.766,0.92506,0.92537,1.05,2.70
2014.12.12 15:17:24.177,0.92509,0.92537,1.30,2.32
2014.12.12 15:17:24.379,0.9251,0.9254,1.05,1.15
2014.12.12 15:17:24.632,0.92509,0.92538,1.37,2.32
2014.12.12 15:17:24.834,0.9251,0.9254,1.30,4.20
2014.12.12 15:17:24.935,0.92512,0.9254,1.30,3.82
2014.12.12 15:17:25.238,0.92515,0.9254,1.30,3.07
2014.12.12 15:17:25.390,0.92515,0.92541,1.30,1.65
2014.12.12 15:17:25.491,0.92517,0.92535,1.30,1.00
2014.12.12 15:17:25.592,0.92514,0.92536,1.30,1.00
2014.12.12 15:17:25.793,0.92513,0.9253,1.30,1.00
2014.12.12 15:17:25.844,0.92511,0.9253,1.30,1.00
2014.12.12 15:17:25.895,0.92511,0.92535,1.30,1.57
2014.12.12 15:17:26.046,0.92513,0.92535,1.30,1.57
2014.12.12 15:17:26.248,0.92509,0.92536,1.12,1.17
2014.12.12 15:17:26.399,0.9251,0.92538,1.30,3.07
2014.12.12 15:17:26.854,0.92511,0.92535,1.30,1.10
2014.12.12 15:17:27.098,0.92511,0.92535,1.30,1.07
2014.12.12 15:17:27.148,0.92509,0.92535,1.30,1.15
2014.12.12 15:17:27.481,0.92506,0.92535,1.50,1.15
2014.12.12 15:17:29.698,0.92508,0.92536,1.30,1.52
2014.12.12 15:17:29.951,0.92508,0.9253,1.30,1.00
2014.12.12 15:17:30.102,0.92508,0.92535,1.30,1.15
2014.12.12 15:17:30.153,0.92508,0.92535,1.37,1.07
2014.12.12 15:17:30.204,0.9251,0.92535,1.12,1.00
2014.12.12 15:17:30.255,0.9251,0.9254,1.12,1.52
2014.12.12 15:17:30.406,0.92512,0.9254,1.12,1.47
2014.12.12 15:17:30.644,0.9251,0.9254,1.05,1.52
2014.12.12 15:17:31.448,0.92511,0.9254,1.30,1.15
2014.12.12 15:17:31.700,0.92509,0.9254,1.45,1.55
2014.12.12 15:17:31.801,0.9251,0.9254,1.30,3.45
2014.12.12 15:17:32.003,0.92506,0.92535,1.12,1.15
2014.12.12 15:17:32.457,0.92507,0.92535,1.12,1.07
2014.12.12 15:17:32.508,0.92507,0.92535,1.45,1.00
2014.12.12 15:17:32.860,0.92505,0.92535,2.32,1.20
2014.12.12 15:17:32.911,0.92503,0.92535,1.45,1.52
2014.12.12 15:17:33.062,0.92501,0.92534,2.32,2.70
2014.12.12 15:17:33.113,0.92498,0.92533,2.40,2.70
2014.12.12 15:17:33.567,0.92503,0.92533,1.37,2.70
2014.12.12 15:17:33.618,0.92506,0.92536,1.05,1.27
2014.12.12 15:17:33.668,0.92506,0.92536,1.12,1.27
2014.12.12 15:17:33.719,0.92506,0.92535,1.45,1.00
2014.12.12 15:17:34.273,0.92508,0.92535,1.12,1.00
2014.12.12 15:17:34.375,0.92508,0.9254,1.82,1.15
2014.12.12 15:17:34.425,0.92512,0.9254,1.42,1.07
2014.12.12 15:17:34.577,0.92512,0.92541,1.45,1.12
2014.12.12 15:17:35.081,0.92518,0.9254,1.30,1.00
2014.12.12 15:17:35.648,0.92517,0.9254,1.30,1.00
2014.12.12 15:17:35.871,0.92517,0.92545,1.30,1.52
2014.12.12 15:17:36.231,0.92517,0.9254,1.30,1.00
2014.12.12 15:17:36.332,0.92516,0.92545,1.30,1.52
2014.12.12 15:17:36.421,0.92516,0.9254,1.30,1.00
2014.12.12 15:17:36.925,0.92515,0.9254,1.30,1.07
2014.12.12 15:17:37.883,0.92514,0.92542,1.30,2.70
2014.12.12 15:17:38.035,0.92512,0.92542,1.05,2.70
2014.12.12 15:17:38.237,0.92514,0.92542,1.30,2.32
2014.12.12 15:17:38.540,0.92517,0.92541,1.30,2.25
2014.12.12 15:17:38.590,0.92514,0.92541,1.30,2.25
2014.12.12 15:17:38.792,0.92511,0.9254,1.12,1.75
2014.12.12 15:17:38.842,0.92511,0.9254,1.05,3.67
2014.12.12 15:17:39.145,0.9252,0.9254,1.30,1.15
2014.12.12 15:17:39.246,0.92518,0.9254,1.30,1.75
2014.12.12 15:17:39.347,0.92512,0.92536,1.05,1.00
2014.12.12 15:17:39.599,0.92514,0.9254,1.30,1.75
2014.12.12 15:17:40.102,0.92515,0.9254,1.30,1.75
2014.12.12 15:17:40.405,0.92513,0.92535,1.30,2.10
2014.12.12 15:17:40.556,0.9251,0.92535,1.37,3.67
2014.12.12 15:17:40.657,0.92509,0.92535,1.30,3.75
2014.12.12 15:17:41.201,0.92507,0.92535,1.12,3.00
2014.12.12 15:17:41.725,0.92508,0.92534,1.30,1.05
2014.12.12 15:17:41.776,0.92505,0.92534,1.05,1.12
2014.12.12 15:17:41.827,0.92505,0.92533,1.30,2.92
2014.12.12 15:17:41.877,0.92502,0.92533,1.50,2.92
2014.12.12 15:17:42.331,0.92505,0.9253,1.30,1.15
2014.12.12 15:17:42.785,0.92505,0.92537,1.50,4.50
2014.12.12 15:17:42.836,0.92505,0.92536,1.50,1.15
2014.12.12 15:17:42.988,0.92506,0.92539,1.45,2.70
2014.12.12 15:17:44.323,0.92509,0.92539,1.30,2.70
2014.12.12 15:17:44.828,0.92506,0.92539,1.45,3.07
2014.12.12 15:17:46.219,0.92505,0.92539,3.67,2.70
2014.12.12 15:17:46.270,0.92506,0.9254,2.32,1.52
2014.12.12 15:17:46.421,0.92506,0.9254,2.32,4.42
2014.12.12 15:17:46.472,0.92504,0.92535,2.70,1.17
2014.12.12 15:17:47.229,0.92504,0.92535,2.32,1.55
2014.12.12 15:17:47.902,0.92501,0.92535,3.67,1.52
2014.12.12 15:17:49.359,0.92503,0.92535,1.12,3.45
2014.12.12 15:17:49.410,0.92503,0.9253,1.12,1.17
2014.12.12 15:17:49.561,0.92499,0.9253,2.32,1.52
2014.12.12 15:17:49.612,0.92498,0.9253,1.45,1.52
2014.12.12 15:17:49.663,0.92498,0.92525,1.37,1.07
2014.12.12 15:17:49.713,0.92492,0.92525,4.42,1.15
2014.12.12 15:17:51.332,0.92492,0.92526,2.32,3.07
2014.12.12 15:17:51.433,0.9249,0.92525,3.45,2.70
2014.12.12 15:17:54.149,0.92493,0.92525,2.20,2.32
2014.12.12 15:17:54.250,0.92499,0.92528,1.75,2.25
2014.12.12 15:17:54.351,0.925,0.92533,1.82,3.45
2014.12.12 15:17:54.754,0.92503,0.92533,1.07,2.70
2014.12.12 15:17:54.855,0.92501,0.92535,1.82,3.45
2014.12.12 15:17:55.164,0.925,0.92533,1.82,2.70
2014.12.12 15:17:55.873,0.92498,0.9253,1.45,1.52
2014.12.12 15:17:55.924,0.92498,0.92525,1.45,1.10
2014.12.12 15:17:56.327,0.92497,0.92525,2.32,1.00
2014.12.12 15:17:56.378,0.92497,0.9253,2.70,1.15
2014.12.12 15:17:56.731,0.92498,0.9253,1.82,2.70
2014.12.12 15:17:56.782,0.92498,0.9253,1.50,3.45
2014.12.12 15:17:57.035,0.92495,0.92528,1.65,2.70
2014.12.12 15:17:57.338,0.92493,0.9252,2.32,1.60
2014.12.12 15:17:57.590,0.92495,0.92525,1.45,1.17
2014.12.12 15:17:57.894,0.92495,0.9252,1.45,1.00
2014.12.12 15:17:57.995,0.92492,0.9252,1.45,1.00
2014.12.12 15:17:58.498,0.92495,0.92525,1.05,1.15
2014.12.12 15:17:59.187,0.92492,0.92525,1.82,1.12
2014.12.12 15:17:59.388,0.92495,0.92525,1.67,1.00
2014.12.12 15:17:59.792,0.92497,0.92526,1.50,1.00
2014.12.12 15:17:59.943,0.92493,0.92526,2.25,1.07
2014.12.12 15:18:00.095,0.92491,0.92525,4.42,1.47
2014.12.12 15:18:00.440,0.92489,0.92525,1.65,1.52
2014.12.12 15:18:00.491,0.92492,0.92525,1.82,1.20
2014.12.12 15:18:00.592,0.92497,0.92525,1.45,1.12
2014.12.12 15:18:01.767,0.92495,0.92526,3.67,1.00
2014.12.12 15:18:02.295,0.92496,0.92525,1.50,1.00
2014.12.12 15:18:04.015,0.92492,0.92525,1.82,1.37
2014.12.12 15:18:04.267,0.92491,0.9252,2.70,1.00
2014.12.12 15:18:04.620,0.92495,0.92525,1.55,1.00
2014.12.12 15:18:04.721,0.92495,0.92525,4.42,1.00
2014.12.12 15:18:04.823,0.92498,0.92529,1.52,2.10
2014.12.12 15:18:05.578,0.92496,0.92525,1.52,1.00
2014.12.12 15:18:06.581,0.92496,0.92529,1.52,2.10
2014.12.12 15:18:07.133,0.92496,0.92529,1.27,2.47
2014.12.12 15:18:07.235,0.92495,0.92525,1.55,1.00
2014.12.12 15:18:07.743,0.92496,0.92529,2.70,2.47
2014.12.12 15:18:08.047,0.92497,0.92525,1.52,1.00
2014.12.12 15:18:08.210,0.92497,0.92529,1.52,2.47
2014.12.12 15:18:08.605,0.92498,0.9253,1.52,1.10
2014.12.12 15:18:08.761,0.92498,0.92531,1.15,1.55
2014.12.12 15:18:09.115,0.92497,0.92525,1.27,1.00
2014.12.12 15:18:09.339,0.92497,0.9253,1.27,1.47
2014.12.12 15:18:09.962,0.92496,0.9253,2.70,1.47
2014.12.12 15:18:11.022,0.92496,0.9253,2.70,1.47
2014.12.12 15:18:11.248,0.92498,0.9253,1.52,1.47
2014.12.12 15:18:11.790,0.92498,0.9253,2.02,1.20
2014.12.12 15:18:12.304,0.92497,0.9253,2.25,1.47
2014.12.12 15:18:12.973,0.92497,0.9253,2.25,1.20
2014.12.12 15:18:16.498,0.92497,0.9253,1.65,1.10
2014.12.12 15:18:16.811,0.92497,0.9253,1.52,1.47
2014.12.12 15:18:17.114,0.92497,0.92525,2.25,1.00
2014.12.12 15:18:17.165,0.92497,0.9253,2.25,1.47
2014.12.12 15:18:17.427,0.92497,0.9253,2.25,1.10
2014.12.12 15:18:17.845,0.925,0.9253,1.82,1.00
2014.12.12 15:18:18.702,0.925,0.92531,1.82,1.00
2014.12.12 15:18:19.004,0.92497,0.92525,1.52,1.00
2014.12.12 15:18:19.450,0.92499,0.9253,1.87,1.00
2014.12.12 15:18:19.803,0.92502,0.92535,2.25,1.80
2014.12.12 15:18:20.106,0.92502,0.9253,1.82,1.00
2014.12.12 15:18:20.358,0.925,0.92532,1.15,1.55
2014.12.12 15:18:20.459,0.92499,0.92525,1.45,1.00
2014.12.12 15:18:20.963,0.92497,0.92525,1.37,1.00
2014.12.12 15:18:21.214,0.92498,0.92528,1.42,1.05
2014.12.12 15:18:21.265,0.92498,0.9253,1.42,3.00
2014.12.12 15:18:21.366,0.92498,0.9253,1.82,1.37
2014.12.12 15:18:21.417,0.92497,0.92525,1.52,1.00
2014.12.12 15:18:21.681,0.92495,0.92525,1.50,1.12
2014.12.12 15:18:21.782,0.92495,0.9252,1.50,1.00
2014.12.12 15:18:25.802,0.92489,0.9252,1.82,1.00
2014.12.12 15:18:29.041,0.92491,0.9252,1.87,1.00
2014.12.12 15:18:29.494,0.92493,0.9252,1.57,1.00
2014.12.12 15:18:29.595,0.92493,0.9252,4.42,1.00
2014.12.12 15:18:29.696,0.92496,0.92525,1.15,1.00
2014.12.12 15:18:30.359,0.92493,0.9252,2.32,1.00
2014.12.12 15:18:30.410,0.92491,0.9252,1.15,1.00
2014.12.12 15:18:31.096,0.92493,0.92521,1.17,1.00
2014.12.12 15:18:31.571,0.92491,0.92525,1.52,2.25
2014.12.12 15:18:31.673,0.92492,0.9252,1.52,1.00
2014.12.12 15:18:31.987,0.9249,0.9252,1.47,1.10
2014.12.12 15:18:32.088,0.92489,0.9252,1.65,1.20
2014.12.12 15:18:32.190,0.92488,0.9252,1.52,1.47
2014.12.12 15:18:32.492,0.92485,0.92515,2.32,1.00
2014.12.12 15:18:32.643,0.92486,0.9252,1.15,1.10
2014.12.12 15:18:32.795,0.92493,0.92523,1.15,1.30
2014.12.12 15:18:32.896,0.92493,0.92525,1.15,1.10
2014.12.12 15:18:33.098,0.92495,0.92528,1.15,1.30
2014.12.12 15:18:33.608,0.92497,0.9253,1.15,1.17
2014.12.12 15:18:34.581,0.92495,0.9253,1.52,2.62
2014.12.12 15:18:34.984,0.92494,0.92525,1.17,1.42
2014.12.12 15:18:35.338,0.92493,0.92525,1.52,1.47
2014.12.12 15:18:35.489,0.92494,0.92525,3.07,1.12
2014.12.12 15:18:35.540,0.92494,0.9253,4.20,1.87
2014.12.12 15:18:35.641,0.92494,0.92525,3.45,1.00
2014.12.12 15:18:35.742,0.92497,0.9253,1.15,1.87
2014.12.12 15:18:36.147,0.92495,0.9253,1.27,1.90
2014.12.12 15:18:36.400,0.92493,0.92525,1.92,1.55
2014.12.12 15:18:37.443,0.92494,0.92525,1.57,2.25
2014.12.12 15:18:38.051,0.92494,0.92524,2.32,1.42
2014.12.12 15:18:38.102,0.92495,0.92525,1.15,2.10
2014.12.12 15:18:38.204,0.92491,0.92521,2.02,1.00
2014.12.12 15:18:38.255,0.92489,0.92525,3.45,1.12
2014.12.12 15:18:38.407,0.92489,0.92521,2.70,1.30
2014.12.12 15:18:38.508,0.92488,0.9252,1.52,1.20
2014.12.12 15:18:39.011,0.92489,0.92515,4.87,1.00
2014.12.12 15:18:39.896,0.92489,0.92519,4.87,1.35
2014.12.12 15:18:40.151,0.92489,0.92515,4.87,1.00
2014.12.12 15:18:40.773,0.92489,0.92519,4.87,1.35
2014.12.12 15:18:41.031,0.92489,0.92515,4.87,1.00
2014.12.12 15:18:41.230,0.92486,0.92515,3.82,1.00
2014.12.12 15:18:41.430,0.92486,0.92519,3.82,1.35
2014.12.12 15:18:41.935,0.92486,0.92518,3.45,1.35
2014.12.12 15:18:44.666,0.92487,0.92519,1.52,1.30
2014.12.12 15:18:46.187,0.92487,0.9252,1.90,1.30
2014.12.12 15:18:46.791,0.9249,0.9252,1.50,1.00
2014.12.12 15:18:47.094,0.92493,0.92525,3.07,1.30
2014.12.12 15:18:47.195,0.92493,0.9252,2.32,1.30
2014.12.12 15:18:47.608,0.9249,0.92515,2.32,1.00
2014.12.12 15:18:47.658,0.92494,0.92526,3.07,1.72
2014.12.12 15:18:47.709,0.92498,0.92526,2.32,1.30
2014.12.12 15:18:47.759,0.92498,0.92532,3.30,1.57
2014.12.12 15:18:47.810,0.92503,0.92532,2.25,1.00
2014.12.12 15:18:48.062,0.92503,0.92535,2.32,1.12
2014.12.12 15:18:48.213,0.92507,0.9254,2.32,1.80
2014.12.12 15:18:48.264,0.92507,0.9254,2.32,1.72
2014.12.12 15:18:48.416,0.92507,0.92538,2.32,1.30
2014.12.12 15:18:48.617,0.92507,0.92543,2.32,1.45
2014.12.12 15:18:48.819,0.92515,0.92544,2.25,1.37
2014.12.12 15:18:48.870,0.92515,0.92544,2.32,1.30
2014.12.12 15:18:48.971,0.92515,0.92546,2.32,1.42
2014.12.12 15:18:49.273,0.92515,0.9254,2.32,1.00
2014.12.12 15:18:49.388,0.92515,0.92545,2.32,1.72
2014.12.12 15:18:49.489,0.92515,0.9254,2.32,1.00
2014.12.12 15:18:49.690,0.92515,0.92545,2.32,1.72
2014.12.12 15:18:49.892,0.92515,0.92545,2.32,1.37
2014.12.12 15:18:50.396,0.92513,0.92543,1.15,1.42
2014.12.12 15:18:50.497,0.92512,0.9254,2.32,2.10
2014.12.12 15:18:50.900,0.9251,0.9254,2.32,1.10
2014.12.12 15:18:51.152,0.9251,0.92538,2.32,1.30
2014.12.12 15:18:51.303,0.92507,0.92536,2.32,1.00
2014.12.12 15:18:51.656,0.9251,0.92535,2.32,1.00
2014.12.12 15:18:51.959,0.92515,0.92535,2.32,1.00
2014.12.12 15:18:52.211,0.92515,0.9254,2.32,1.00
2014.12.12 15:18:54.264,0.9251,0.92539,4.87,1.30
2014.12.12 15:18:54.650,0.9251,0.92535,4.50,1.00
2014.12.12 15:18:54.751,0.9251,0.92538,4.50,1.35
2014.12.12 15:18:55.336,0.9251,0.92539,4.50,1.67
2014.12.12 15:18:55.414,0.9251,0.92539,4.87,1.35
2014.12.12 15:18:55.718,0.92508,0.92539,4.87,1.35
2014.12.12 15:18:55.869,0.92508,0.92535,4.87,1.00
2014.12.12 15:18:56.281,0.92508,0.92539,4.87,1.30
2014.12.12 15:18:56.818,0.92508,0.9254,4.87,1.87
2014.12.12 15:18:57.160,0.92508,0.92536,4.87,1.00
2014.12.12 15:18:57.311,0.92506,0.92536,2.70,1.10
2014.12.12 15:18:57.630,0.92505,0.92535,3.45,1.20
2014.12.12 15:18:57.731,0.92503,0.92535,1.65,1.52
2014.12.12 15:18:57.832,0.92502,0.92535,1.27,2.25
2014.12.12 15:18:58.700,0.925,0.9253,2.70,1.00
2014.12.12 15:18:58.750,0.925,0.92529,1.15,1.75
2014.12.12 15:18:58.801,0.925,0.92529,1.15,1.50
2014.12.12 15:18:59.155,0.92497,0.9253,2.32,1.45
2014.12.12 15:18:59.206,0.92499,0.92531,2.32,1.57
2014.12.12 15:18:59.256,0.925,0.92531,2.32,1.10
2014.12.12 15:18:59.660,0.925,0.92527,2.32,1.30
2014.12.12 15:18:59.861,0.92497,0.92528,2.32,1.05
2014.12.12 15:19:00.962,0.925,0.92532,2.70,1.82
2014.12.12 15:19:01.012,0.925,0.92532,2.70,1.50
2014.12.12 15:19:01.265,0.92499,0.92532,2.32,1.50
2014.12.12 15:19:01.573,0.92497,0.92528,2.32,1.75
2014.12.12 15:19:01.624,0.92494,0.92529,3.07,2.25
2014.12.12 15:19:01.675,0.92494,0.92529,3.07,2.62
2014.12.12 15:19:01.777,0.92497,0.92527,1.15,1.82
2014.12.12 15:19:02.180,0.92499,0.92525,1.07,1.00
2014.12.12 15:19:02.331,0.92498,0.9253,2.32,1.87
2014.12.12 15:19:02.382,0.92497,0.9253,2.32,1.45
2014.12.12 15:19:02.433,0.92495,0.9253,3.07,1.45
2014.12.12 15:19:02.484,0.92498,0.92532,2.32,3.30
2014.12.12 15:19:02.534,0.92498,0.92532,2.32,1.45
2014.12.12 15:19:03.089,0.92499,0.92534,1.65,2.70
2014.12.12 15:19:03.141,0.92501,0.92535,2.70,3.45
2014.12.12 15:19:03.343,0.92503,0.92535,2.32,1.17
2014.12.12 15:19:03.558,0.92502,0.92533,2.32,1.37
2014.12.12 15:19:03.660,0.925,0.92532,2.32,1.45
2014.12.12 15:19:03.976,0.92502,0.92532,2.32,1.37
2014.12.12 15:19:04.027,0.92502,0.92535,2.32,1.87
2014.12.12 15:19:04.581,0.92502,0.92535,2.70,2.25
2014.12.12 15:19:04.682,0.92502,0.92536,2.70,2.25
2014.12.12 15:19:05.052,0.92502,0.92536,2.70,1.87
2014.12.12 15:19:05.772,0.92502,0.92535,2.70,1.52
2014.12.12 15:19:06.488,0.92501,0.92535,3.67,3.45
2014.12.12 15:19:06.539,0.92501,0.92535,1.82,3.45
2014.12.12 15:19:09.586,0.92503,0.92536,3.67,3.45
2014.12.12 15:19:09.636,0.92506,0.92535,1.82,1.17
2014.12.12 15:19:09.687,0.92509,0.92535,1.20,1.10
2014.12.12 15:19:09.738,0.9251,0.9254,1.45,1.52
2014.12.12 15:19:10.280,0.92509,0.92544,1.52,4.87
2014.12.12 15:19:10.872,0.92509,0.92544,1.52,4.87
2014.12.12 15:19:11.499,0.92509,0.92544,1.90,4.50
2014.12.12 15:19:11.652,0.92512,0.92545,2.62,1.15
2014.12.12 15:19:12.005,0.92513,0.9254,1.45,1.00
2014.12.12 15:19:12.106,0.92511,0.92545,3.30,1.15
2014.12.12 15:19:12.563,0.92511,0.9254,4.05,1.00
2014.12.12 15:19:12.768,0.92511,0.92545,4.42,1.52
2014.12.12 15:19:13.810,0.9252,0.92544,1.67,2.32
2014.12.12 15:19:13.962,0.9252,0.9255,1.52,1.27
2014.12.12 15:19:14.013,0.9252,0.9255,1.15,1.55
2014.12.12 15:19:14.164,0.92518,0.92552,1.82,2.70
2014.12.12 15:19:14.215,0.92519,0.9255,2.70,1.55
2014.12.12 15:19:14.316,0.92519,0.92554,2.32,1.15
2014.12.12 15:19:14.417,0.92518,0.92552,2.32,2.32
2014.12.12 15:19:14.569,0.92518,0.9255,1.12,3.07
2014.12.12 15:19:14.619,0.92518,0.9255,2.32,1.15
2014.12.12 15:19:14.670,0.92518,0.9255,3.07,1.17
2014.12.12 15:19:14.822,0.92517,0.9255,2.32,1.17
2014.12.12 15:19:14.872,0.92516,0.92551,1.15,3.30
2014.12.12 15:19:14.923,0.92521,0.92552,1.37,3.07
2014.12.12 15:19:14.974,0.92521,0.9255,1.45,1.15
2014.12.12 15:19:15.075,0.92518,0.92545,1.15,1.00
2014.12.12 15:19:15.176,0.92516,0.92545,1.45,1.00
2014.12.12 15:19:15.741,0.92514,0.9254,4.50,1.00
2014.12.12 15:19:16.083,0.92513,0.92546,1.15,1.15
2014.12.12 15:19:16.808,0.92518,0.92546,1.75,1.17
2014.12.12 15:19:17.161,0.92518,0.92545,1.12,1.00
2014.12.12 15:19:17.313,0.92518,0.9255,3.30,1.15
2014.12.12 15:19:17.363,0.9252,0.9255,1.45,1.17
2014.12.12 15:19:17.525,0.92521,0.92555,3.30,3.07
2014.12.12 15:19:17.576,0.92521,0.92555,2.32,1.15
2014.12.12 15:19:17.627,0.92521,0.9255,2.32,1.00
2014.12.12 15:19:18.298,0.92521,0.92555,2.32,1.15
2014.12.12 15:19:18.807,0.92524,0.92555,2.32,1.17
2014.12.12 15:19:18.858,0.92524,0.92555,2.32,1.10
2014.12.12 15:19:19.010,0.92523,0.92553,2.32,1.37
2014.12.12 15:19:19.060,0.9252,0.92551,2.32,1.10
2014.12.12 15:19:19.111,0.92519,0.92549,2.32,1.37
2014.12.12 15:19:19.640,0.92519,0.9255,1.27,1.17
2014.12.12 15:19:20.742,0.92519,0.9255,1.27,1.55
2014.12.12 15:19:21.045,0.92515,0.92545,2.70,1.37
2014.12.12 15:19:21.348,0.92515,0.9255,2.32,1.90
2014.12.12 15:19:21.449,0.92515,0.9255,2.32,1.90
2014.12.12 15:19:22.033,0.92518,0.92545,2.32,1.00
2014.12.12 15:19:22.407,0.92515,0.92549,2.92,1.45
2014.12.12 15:19:23.251,0.92519,0.9255,2.70,2.25
2014.12.12 15:19:23.303,0.92519,0.9255,2.70,1.27
2014.12.12 15:19:23.354,0.92519,0.92545,2.70,1.00
2014.12.12 15:19:23.657,0.92521,0.92545,2.70,1.00
2014.12.12 15:19:23.858,0.92514,0.9254,2.70,1.00
2014.12.12 15:19:23.909,0.92514,0.92545,2.70,1.27
2014.12.12 15:19:24.035,0.92512,0.92545,1.82,1.27
2014.12.12 15:19:24.089,0.92516,0.92547,1.12,2.32
2014.12.12 15:19:24.139,0.92516,0.9255,1.45,4.80
2014.12.12 15:19:24.190,0.92516,0.9255,3.30,3.07
2014.12.12 15:19:24.240,0.92517,0.9255,2.32,1.15
2014.12.12 15:19:25.009,0.9252,0.92553,1.45,3.00
2014.12.12 15:19:25.060,0.92523,0.92555,1.45,1.65
2014.12.12 15:19:26.248,0.92529,0.92555,1.30,1.15
2014.12.12 15:19:26.349,0.92528,0.92555,1.82,1.00
2014.12.12 15:19:26.400,0.92529,0.9256,2.70,1.45
2014.12.12 15:19:26.552,0.92528,0.9256,1.45,1.15
2014.12.12 15:19:26.602,0.92528,0.9256,2.32,1.17
2014.12.12 15:19:26.653,0.92529,0.9256,2.32,1.17
2014.12.12 15:19:26.703,0.92529,0.9256,2.32,1.15
2014.12.12 15:19:26.754,0.92528,0.9256,1.45,1.15
2014.12.12 15:19:27.057,0.92524,0.92555,1.45,1.17
2014.12.12 15:19:30.946,0.92524,0.92555,1.87,1.17
2014.12.12 15:19:31.046,0.92527,0.92558,2.70,1.42
2014.12.12 15:19:31.513,0.92527,0.9256,2.70,2.25
2014.12.12 15:19:31.564,0.92525,0.92555,1.82,1.10
2014.12.12 15:19:33.842,0.92526,0.92559,3.67,1.55
2014.12.12 15:19:33.892,0.92527,0.92559,2.70,1.17
2014.12.12 15:19:34.346,0.9253,0.92563,2.70,1.52
2014.12.12 15:19:34.870,0.92531,0.92565,1.87,1.27
2014.12.12 15:19:35.172,0.92528,0.92561,2.32,1.82
2014.12.12 15:19:35.273,0.92525,0.9256,3.67,2.25
2014.12.12 15:19:35.425,0.92528,0.92559,2.70,2.17
2014.12.12 15:19:35.475,0.92528,0.92559,4.87,1.00
2014.12.12 15:19:35.879,0.92526,0.92561,4.05,1.45
2014.12.12 15:19:36.217,0.92533,0.92565,1.45,2.32
2014.12.12 15:19:36.268,0.92532,0.92566,2.32,1.15
2014.12.12 15:19:36.370,0.92535,0.92566,2.32,1.10
2014.12.12 15:19:36.673,0.92535,0.92565,2.32,1.07
2014.12.12 15:19:36.723,0.92532,0.92565,1.45,1.15
2014.12.12 15:19:38.330,0.92531,0.92564,2.70,1.50
2014.12.12 15:19:38.431,0.9253,0.92564,1.82,3.67
2014.12.12 15:19:38.532,0.9253,0.92564,2.62,3.67
2014.12.12 15:19:38.733,0.9253,0.92564,6.97,1.50
2014.12.12 15:19:40.088,0.92533,0.92567,1.82,1.82
2014.12.12 15:19:40.348,0.92534,0.92568,1.82,3.67
2014.12.12 15:19:40.398,0.92534,0.92568,3.67,1.82
2014.12.12 15:19:43.620,0.92538,0.92566,2.70,1.05
2014.12.12 15:19:43.721,0.92538,0.9257,4.05,1.77
2014.12.12 15:19:43.927,0.92541,0.92572,2.70,1.27
2014.12.12 15:19:44.448,0.92542,0.92574,1.50,2.70
2014.12.12 15:19:44.650,0.9254,0.9257,1.30,4.87
2014.12.12 15:19:44.751,0.92539,0.92572,1.50,2.70
2014.12.12 15:19:45.174,0.92539,0.9257,2.70,2.17
2014.12.12 15:19:45.690,0.92539,0.9257,2.70,1.42
2014.12.12 15:19:47.663,0.92542,0.92575,2.70,4.42
2014.12.12 15:19:47.764,0.92542,0.92573,4.87,1.67
2014.12.12 15:19:48.267,0.92542,0.92575,4.87,2.25
2014.12.12 15:19:49.219,0.92542,0.92575,4.87,1.82
2014.12.12 15:19:49.320,0.92542,0.92576,5.85,1.82
2014.12.12 15:19:49.852,0.92542,0.92575,4.87,2.25
2014.12.12 15:19:50.366,0.92542,0.92574,4.87,1.50
2014.12.12 15:19:50.567,0.92542,0.92575,4.87,1.52
2014.12.12 15:19:50.618,0.92541,0.92575,1.82,1.52
2014.12.12 15:19:50.920,0.92545,0.92578,1.15,1.45
2014.12.12 15:19:51.223,0.92546,0.92576,2.32,1.05
2014.12.12 15:19:51.827,0.92546,0.92577,2.32,1.87
2014.12.12 15:19:52.328,0.92546,0.92576,2.32,1.80
2014.12.12 15:19:52.801,0.92545,0.92572,1.27,1.30
2014.12.12 15:19:53.309,0.92544,0.92572,1.15,1.67
2014.12.12 15:19:53.524,0.92545,0.92573,1.15,1.35
2014.12.12 15:19:53.574,0.92545,0.92573,1.15,1.67
2014.12.12 15:19:54.284,0.92545,0.9257,1.15,1.72
2014.12.12 15:19:54.334,0.92544,0.9257,1.17,1.72
2014.12.12 15:19:54.385,0.92544,0.9257,1.17,1.67
2014.12.12 15:19:54.889,0.92543,0.92569,1.15,1.35
2014.12.12 15:19:55.040,0.92544,0.92569,3.07,1.30
2014.12.12 15:19:55.242,0.92546,0.92572,1.15,1.30
2014.12.12 15:19:55.595,0.92546,0.9257,1.15,1.30
2014.12.12 15:19:55.899,0.92546,0.92572,1.15,1.30
2014.12.12 15:19:55.950,0.92546,0.92572,1.15,1.67
2014.12.12 15:19:56.151,0.92546,0.92575,1.52,1.10
2014.12.12 15:19:56.358,0.92547,0.92572,3.07,1.30
2014.12.12 15:19:56.459,0.92548,0.92571,1.17,1.30
2014.12.12 15:19:56.561,0.92544,0.92573,3.07,1.30
2014.12.12 15:19:56.814,0.92545,0.92577,1.15,1.45
2014.12.12 15:19:56.965,0.92542,0.92577,2.32,4.05
2014.12.12 15:19:57.772,0.92542,0.92571,2.32,1.30
2014.12.12 15:19:58.276,0.92539,0.92571,2.70,1.50
2014.12.12 15:20:00.321,0.92539,0.92569,2.70,1.30
2014.12.12 15:20:00.372,0.92541,0.92569,4.87,1.30
2014.12.12 15:20:00.690,0.92539,0.92568,2.70,1.67
2014.12.12 15:20:00.792,0.92537,0.92565,1.52,1.00
2014.12.12 15:20:00.893,0.9254,0.92565,2.32,1.00
2014.12.12 15:20:00.994,0.92537,0.92565,2.32,1.00
2014.12.12 15:20:01.095,0.92534,0.92566,2.32,1.12
2014.12.12 15:20:02.468,0.92534,0.92565,2.32,2.17
2014.12.12 15:20:02.990,0.92534,0.92565,2.70,2.17
2014.12.12 15:20:04.660,0.92533,0.92564,2.70,1.45
2014.12.12 15:20:04.711,0.92531,0.92564,2.32,1.52
2014.12.12 15:20:05.115,0.92531,0.92563,2.32,1.52
2014.12.12 15:20:05.165,0.92529,0.92563,1.45,2.25
2014.12.12 15:20:05.216,0.92531,0.92563,2.70,1.12
2014.12.12 15:20:05.267,0.92532,0.92565,2.70,2.02
2014.12.12 15:20:06.224,0.92532,0.92561,2.70,1.00
2014.12.12 15:20:06.275,0.92529,0.92561,2.70,1.07
2014.12.12 15:20:06.325,0.92529,0.92558,2.32,1.37
2014.12.12 15:20:06.376,0.92526,0.92558,2.70,1.45
2014.12.12 15:20:06.732,0.92526,0.92556,2.32,1.37
2014.12.12 15:20:07.252,0.92526,0.92556,2.70,1.12
2014.12.12 15:20:07.605,0.92529,0.9256,2.70,1.10
2014.12.12 15:20:08.149,0.92531,0.92559,1.50,1.00
2014.12.12 15:20:08.673,0.9253,0.92561,1.82,1.42
2014.12.12 15:20:09.133,0.92529,0.9256,3.67,2.02
2014.12.12 15:20:09.184,0.92529,0.92559,1.50,1.27
2014.12.12 15:20:09.739,0.9254,0.92562,1.00,3.30
2014.12.12 15:20:09.789,0.9254,0.92565,1.00,3.30
2014.12.12 15:20:09.890,0.9254,0.92568,1.00,3.30
2014.12.12 15:20:09.991,0.9254,0.92569,1.15,1.15
2014.12.12 15:20:10.755,0.92537,0.92565,3.30,1.00
2014.12.12 15:20:11.258,0.92537,0.92568,2.32,2.25
2014.12.12 15:20:11.784,0.92534,0.92565,2.70,1.47
2014.12.12 15:20:12.037,0.92535,0.92563,1.15,1.72
2014.12.12 15:20:12.087,0.92531,0.92563,2.32,1.80
2014.12.12 15:20:12.138,0.92531,0.92563,2.32,2.12
2014.12.12 15:20:12.289,0.92527,0.92559,3.67,1.55
2014.12.12 15:20:12.793,0.9253,0.9256,3.07,1.87
2014.12.12 15:20:13.096,0.92528,0.92558,2.32,1.47
2014.12.12 15:20:13.197,0.92525,0.92556,3.07,1.47
2014.12.12 15:20:13.348,0.92525,0.92555,2.32,1.50
2014.12.12 15:20:13.399,0.92522,0.92553,2.32,1.47
2014.12.12 15:20:13.836,0.92525,0.92554,1.15,1.55
2014.12.12 15:20:14.189,0.92522,0.92553,1.82,1.52
2014.12.12 15:20:14.396,0.92522,0.92555,2.70,2.02
2014.12.12 15:20:14.900,0.92522,0.92553,3.67,1.47
2014.12.12 15:20:15.413,0.92525,0.92554,1.05,1.52
2014.12.12 15:20:17.390,0.92525,0.92555,1.17,3.45
2014.12.12 15:20:17.440,0.92525,0.92555,1.15,1.52
2014.12.12 15:20:19.142,0.92525,0.92554,2.70,1.10
2014.12.12 15:20:19.459,0.9253,0.92559,1.50,1.17
2014.12.12 15:20:20.115,0.92526,0.9256,2.70,2.70
2014.12.12 15:20:20.325,0.92524,0.92557,1.52,3.67
2014.12.12 15:20:20.998,0.92522,0.92551,2.70,1.30
2014.12.12 15:20:21.503,0.92522,0.92554,2.70,1.45
2014.12.12 15:20:21.755,0.92524,0.92555,2.70,1.12
2014.12.12 15:20:21.857,0.92525,0.92557,1.82,1.45
2014.12.12 15:20:22.411,0.9253,0.92559,1.12,1.50
2014.12.12 15:20:22.915,0.92526,0.92555,1.45,1.20
2014.12.12 15:20:24.669,0.92527,0.92558,3.67,1.55
2014.12.12 15:20:25.209,0.92528,0.92558,1.50,1.47
2014.12.12 15:20:25.742,0.92529,0.92557,1.45,1.37
2014.12.12 15:20:27.913,0.92528,0.9256,1.50,2.25
2014.12.12 15:20:28.216,0.9253,0.92562,2.70,1.27
2014.12.12 15:20:28.468,0.9253,0.92562,1.27,1.52
2014.12.12 15:20:29.165,0.92528,0.9256,5.47,2.10
2014.12.12 15:20:29.266,0.92528,0.9256,5.47,2.85
2014.12.12 15:20:29.368,0.92526,0.92558,3.30,1.50
2014.12.12 15:20:29.885,0.92526,0.92555,2.32,1.30
2014.12.12 15:20:30.395,0.92526,0.92555,2.32,1.67
2014.12.12 15:20:30.748,0.92526,0.92555,2.25,1.47
2014.12.12 15:20:30.799,0.92523,0.92555,1.45,1.55
2014.12.12 15:20:33.252,0.92522,0.92554,3.30,2.20
2014.12.12 15:20:33.302,0.92522,0.92554,1.12,4.05
2014.12.12 15:20:33.353,0.92519,0.92552,3.00,1.82
2014.12.12 15:20:33.403,0.92519,0.92545,1.50,1.00
2014.12.12 15:20:33.605,0.92518,0.92549,3.30,1.47
2014.12.12 15:20:33.706,0.92516,0.92549,1.82,1.50
2014.12.12 15:20:33.757,0.9252,0.9255,1.37,4.20
2014.12.12 15:20:33.808,0.9252,0.9255,1.45,2.02
2014.12.12 15:20:34.462,0.9252,0.92551,2.32,1.07
2014.12.12 15:20:34.513,0.9252,0.92552,4.50,1.00
2014.12.12 15:20:34.715,0.92524,0.92556,3.07,1.42
2014.12.12 15:20:34.765,0.92524,0.92556,5.25,1.35
2014.12.12 15:20:35.297,0.92528,0.9256,2.32,1.27
2014.12.12 15:20:35.348,0.92528,0.9256,3.07,1.27
2014.12.12 15:20:35.807,0.9253,0.92563,3.30,1.87
2014.12.12 15:20:35.858,0.9253,0.92563,3.30,1.80
2014.12.12 15:20:36.405,0.92531,0.92562,1.45,1.00
2014.12.12 15:20:36.607,0.92529,0.9256,3.30,1.07
2014.12.12 15:20:36.909,0.92525,0.92552,1.15,1.30
2014.12.12 15:20:36.960,0.92525,0.92555,1.15,1.12
2014.12.12 15:20:37.826,0.92523,0.92554,2.70,1.42
2014.12.12 15:20:37.876,0.92522,0.92554,1.82,1.50
2014.12.12 15:20:37.927,0.92522,0.92554,1.82,1.82
2014.12.12 15:20:38.229,0.92516,0.92547,2.70,2.62
2014.12.12 15:20:38.280,0.92515,0.92547,3.00,2.70
2014.12.12 15:20:38.381,0.92518,0.92547,1.37,2.25
2014.12.12 15:20:38.432,0.92518,0.9255,1.45,1.45
2014.12.12 15:20:38.482,0.92519,0.92546,2.32,1.30
2014.12.12 15:20:38.634,0.92522,0.92554,1.45,1.87
2014.12.12 15:20:38.684,0.92523,0.92554,2.32,1.37
2014.12.12 15:20:38.735,0.92524,0.92554,2.32,1.30
2014.12.12 15:20:39.499,0.92524,0.92556,2.70,1.50
2014.12.12 15:20:39.751,0.92528,0.92559,2.70,1.42
2014.12.12 15:20:40.255,0.92532,0.92563,2.70,1.47
2014.12.12 15:20:42.437,0.92532,0.92561,3.67,1.12
2014.12.12 15:20:43.857,0.92532,0.92561,2.32,1.37
2014.12.12 15:20:45.390,0.92532,0.92559,2.32,1.12
2014.12.12 15:20:46.029,0.92531,0.92559,2.32,1.12
2014.12.12 15:20:46.079,0.92529,0.92559,1.82,1.12
2014.12.12 15:20:46.130,0.92529,0.92559,1.50,1.20
2014.12.12 15:20:46.181,0.92525,0.92557,1.50,1.37
2014.12.12 15:20:46.282,0.92525,0.92555,1.45,1.37
2014.12.12 15:20:46.608,0.92522,0.9255,1.45,1.37
2014.12.12 15:20:46.911,0.92521,0.92551,2.32,2.25
2014.12.12 15:20:46.962,0.9252,0.92551,2.32,1.57
2014.12.12 15:20:47.164,0.92523,0.92551,2.32,1.57
2014.12.12 15:20:47.567,0.92523,0.92553,2.32,1.10
2014.12.12 15:20:47.668,0.92523,0.9255,3.30,1.00
2014.12.12 15:20:48.182,0.92523,0.9255,2.32,1.37
2014.12.12 15:20:48.232,0.92519,0.92549,2.70,1.37
2014.12.12 15:20:48.333,0.92516,0.92549,3.67,1.55
2014.12.12 15:20:48.384,0.92516,0.92549,3.67,1.55
2014.12.12 15:20:48.535,0.92514,0.92547,2.70,1.52
2014.12.12 15:20:48.687,0.92514,0.92545,2.32,1.52
2014.12.12 15:20:48.738,0.92511,0.92545,3.67,1.52
2014.12.12 15:20:48.889,0.92511,0.92545,3.30,1.90
2014.12.12 15:20:48.990,0.92512,0.92545,1.45,1.52
2014.12.12 15:20:50.002,0.92511,0.92545,2.70,1.52
2014.12.12 15:20:50.577,0.92511,0.92545,3.67,1.52
2014.12.12 15:20:51.769,0.92514,0.92545,2.32,2.25
2014.12.12 15:20:51.820,0.92514,0.92545,3.67,1.10
2014.12.12 15:20:53.252,0.92514,0.92546,1.15,1.12
2014.12.12 15:20:53.303,0.92513,0.92546,1.45,1.45
2014.12.12 15:20:54.065,0.92514,0.92546,2.32,1.45
2014.12.12 15:20:54.317,0.9251,0.92545,4.80,1.45
2014.12.12 15:20:54.672,0.92509,0.92536,3.07,1.30
2014.12.12 15:20:54.823,0.92505,0.92533,1.15,1.30
2014.12.12 15:20:55.025,0.92504,0.92536,5.47,1.00
2014.12.12 15:20:55.529,0.92507,0.92539,1.45,1.15
2014.12.12 15:20:55.681,0.92508,0.92539,2.32,1.17
2014.12.12 15:20:55.731,0.92508,0.92539,2.32,1.10
2014.12.12 15:20:56.121,0.92508,0.92539,2.32,1.47
2014.12.12 15:20:57.615,0.92508,0.92541,2.70,2.62
2014.12.12 15:20:58.119,0.92509,0.92542,1.82,1.12
2014.12.12 15:20:58.634,0.9251,0.92543,1.82,1.87
2014.12.12 15:20:58.788,0.92514,0.92545,4.87,1.00
2014.12.12 15:20:59.192,0.92516,0.92549,1.82,2.25
2014.12.12 15:20:59.801,0.92516,0.92549,1.82,2.25
2014.12.12 15:21:00.104,0.92518,0.92548,2.32,1.47
2014.12.12 15:21:00.446,0.92521,0.92549,2.32,1.12
2014.12.12 15:21:00.699,0.92517,0.92549,2.70,2.02
2014.12.12 15:21:02.197,0.92517,0.92545,3.67,1.00
2014.12.12 15:21:04.509,0.92516,0.92545,1.82,1.10
2014.12.12 15:21:05.700,0.92522,0.92548,2.25,1.42
2014.12.12 15:21:05.750,0.92522,0.92548,2.70,1.30
2014.12.12 15:21:05.801,0.92522,0.92554,3.67,1.17
2014.12.12 15:21:06.003,0.92525,0.92557,2.70,1.82
2014.12.12 15:21:06.104,0.92525,0.92557,3.07,1.12
2014.12.12 15:21:07.191,0.92524,0.92556,4.05,2.25
2014.12.12 15:21:07.242,0.92521,0.92554,3.07,1.82
2014.12.12 15:21:07.293,0.9252,0.92554,3.82,3.67
2014.12.12 15:21:07.444,0.9252,0.92552,1.15,1.82
2014.12.12 15:21:08.729,0.92521,0.92549,1.52,1.05
2014.12.12 15:21:08.779,0.92522,0.9255,2.70,1.05
2014.12.12 15:21:08.881,0.92525,0.92557,1.52,1.50
2014.12.12 15:21:08.982,0.92525,0.92556,1.65,1.45
2014.12.12 15:21:09.234,0.92521,0.92549,1.15,1.30
2014.12.12 15:21:09.401,0.92516,0.92547,1.50,1.15
2014.12.12 15:21:09.552,0.92514,0.92543,2.32,1.30
2014.12.12 15:21:09.754,0.92514,0.92545,2.32,1.05
2014.12.12 15:21:09.804,0.92517,0.92545,2.32,1.30
2014.12.12 15:21:10.258,0.92517,0.92547,2.70,1.00
2014.12.12 15:21:10.728,0.9252,0.9255,2.70,1.67
2014.12.12 15:21:10.829,0.92517,0.92548,2.70,1.42
2014.12.12 15:21:11.032,0.9252,0.92552,2.70,1.50
2014.12.12 15:21:11.539,0.9252,0.9255,2.70,1.72
2014.12.12 15:21:12.035,0.92518,0.9255,1.50,2.25
2014.12.12 15:21:12.136,0.92515,0.92547,1.82,1.82
2014.12.12 15:21:12.337,0.92518,0.92549,2.70,1.50
2014.12.12 15:21:14.646,0.92519,0.92549,1.65,1.50
2014.12.12 15:21:14.747,0.92517,0.92547,1.55,1.82
2014.12.12 15:21:14.950,0.92515,0.92546,1.10,3.07
2014.12.12 15:21:15.153,0.92509,0.92541,2.62,1.45
2014.12.12 15:21:15.960,0.92512,0.92543,2.32,1.37
2014.12.12 15:21:16.263,0.92511,0.92543,1.82,1.45
2014.12.12 15:21:17.860,0.92512,0.92544,1.87,1.45
2014.12.12 15:21:21.144,0.92514,0.92546,2.20,1.87
2014.12.12 15:21:21.396,0.92522,0.92552,2.20,1.15
2014.12.12 15:21:21.497,0.92526,0.92555,1.75,1.15
2014.12.12 15:21:21.598,0.92526,0.92556,2.70,1.00
2014.12.12 15:21:22.099,0.92526,0.92555,2.32,1.00
2014.12.12 15:21:22.953,0.92526,0.92559,2.70,2.10
2014.12.12 15:21:23.205,0.92524,0.92556,2.25,1.87
2014.12.12 15:21:23.570,0.92523,0.92554,2.70,2.02
2014.12.12 15:21:23.822,0.92511,0.92535,2.40,1.00
2014.12.12 15:21:23.923,0.92503,0.92535,1.87,1.20
2014.12.12 15:21:24.427,0.92506,0.92535,1.15,1.20
2014.12.12 15:21:24.528,0.92511,0.92535,1.05,1.00
2014.12.12 15:21:24.646,0.92511,0.92541,1.45,1.17
2014.12.12 15:21:24.698,0.92511,0.92541,3.30,1.07
2014.12.12 15:21:24.850,0.92509,0.92541,2.32,1.87
2014.12.12 15:21:25.304,0.92515,0.92545,1.30,1.00
2014.12.12 15:21:25.405,0.92517,0.9255,1.30,1.30
2014.12.12 15:21:25.456,0.92517,0.9255,1.45,1.45
2014.12.12 15:21:25.758,0.92519,0.92553,3.67,1.45
2014.12.12 15:21:26.083,0.92516,0.92546,2.70,1.30
2014.12.12 15:21:26.286,0.92513,0.92549,3.30,3.30
2014.12.12 15:21:26.438,0.92516,0.92552,2.32,2.70
2014.12.12 15:21:26.758,0.92513,0.92549,2.32,2.32
2014.12.12 15:21:26.960,0.92515,0.92549,4.50,1.15
2014.12.12 15:21:27.514,0.92515,0.92552,4.87,1.65
2014.12.12 15:21:27.665,0.92515,0.92549,1.82,2.70
2014.12.12 15:21:28.169,0.92513,0.92544,2.70,1.20
2014.12.12 15:21:28.483,0.92522,0.92548,1.00,1.52
2014.12.12 15:21:29.577,0.92522,0.92548,1.00,1.90
2014.12.12 15:21:30.103,0.92521,0.92546,1.00,1.52
2014.12.12 15:21:30.726,0.9252,0.92546,1.00,1.52
2014.12.12 15:21:31.588,0.92522,0.92547,1.00,2.70
2014.12.12 15:21:32.481,0.92524,0.92547,1.00,3.67
2014.12.12 15:21:36.031,0.92525,0.92547,1.00,2.70
2014.12.12 15:21:36.298,0.92524,0.9255,1.00,2.70
2014.12.12 15:21:36.349,0.92527,0.9255,1.00,2.70
2014.12.12 15:21:36.400,0.92527,0.9255,1.00,1.15
2014.12.12 15:21:36.907,0.92528,0.92553,1.00,1.50
2014.12.12 15:21:37.108,0.92526,0.92554,1.00,1.82
2014.12.12 15:21:37.210,0.92524,0.92551,1.00,3.67
2014.12.12 15:21:37.512,0.92525,0.92547,1.00,2.70
2014.12.12 15:21:37.815,0.92527,0.9255,1.00,3.07
2014.12.12 15:21:37.866,0.92529,0.9255,1.00,3.07
2014.12.12 15:21:37.916,0.92529,0.9255,1.00,1.10
2014.12.12 15:21:38.017,0.92526,0.9255,1.00,2.32
2014.12.12 15:21:38.320,0.92524,0.92548,1.00,2.32
2014.12.12 15:21:38.371,0.92524,0.92549,1.00,1.45
2014.12.12 15:21:39.068,0.92526,0.9255,1.00,3.45
2014.12.12 15:21:39.227,0.92524,0.9255,1.00,2.70
2014.12.12 15:21:39.429,0.92522,0.92546,1.00,2.32
2014.12.12 15:21:39.580,0.9251,0.92535,1.12,1.17
2014.12.12 15:21:39.631,0.92511,0.92535,1.00,1.17
2014.12.12 15:21:39.883,0.92513,0.92539,1.00,3.30
2014.12.12 15:21:39.934,0.92513,0.92537,1.00,2.32
2014.12.12 15:21:39.984,0.92509,0.92537,1.00,4.50
2014.12.12 15:21:40.236,0.92508,0.92532,1.00,2.32
2014.12.12 15:21:40.489,0.92507,0.92535,1.00,3.82
2014.12.12 15:21:40.722,0.92505,0.9253,1.00,1.10
2014.12.12 15:21:40.773,0.92505,0.9253,1.00,1.17
2014.12.12 15:21:41.291,0.92502,0.9253,1.00,1.15
2014.12.12 15:21:41.342,0.92502,0.92529,1.00,2.32
2014.12.12 15:21:42.041,0.92503,0.92529,1.00,2.32
2014.12.12 15:21:42.293,0.92509,0.92538,1.00,2.70
2014.12.12 15:21:42.344,0.92509,0.92536,1.00,2.70
2014.12.12 15:21:42.596,0.92501,0.92527,1.10,1.10
2014.12.12 15:21:42.647,0.92501,0.92527,1.00,2.25
2014.12.12 15:21:42.849,0.92504,0.92531,1.00,2.32
2014.12.12 15:21:42.950,0.92506,0.92527,1.00,1.12
2014.12.12 15:21:43.051,0.92509,0.92534,1.00,1.45
2014.12.12 15:21:43.152,0.92511,0.92535,1.00,4.05
2014.12.12 15:21:43.253,0.92511,0.92535,1.00,1.17
2014.12.12 15:21:43.793,0.92512,0.92535,1.00,1.17
2014.12.12 15:21:45.049,0.92512,0.9253,1.00,1.00
2014.12.12 15:21:45.201,0.92511,0.92533,1.00,1.30
2014.12.12 15:21:45.453,0.92511,0.92533,1.00,1.37
2014.12.12 15:21:45.705,0.92506,0.92527,1.00,1.30
2014.12.12 15:21:45.756,0.92506,0.92525,1.00,1.00
2014.12.12 15:21:45.958,0.92508,0.9253,1.00,1.12
2014.12.12 15:21:46.008,0.9251,0.9253,1.00,1.12
2014.12.12 15:21:46.361,0.92505,0.9253,1.00,1.17
2014.12.12 15:21:46.462,0.92509,0.9253,1.00,1.17
2014.12.12 15:21:46.563,0.92509,0.92532,1.00,1.05
2014.12.12 15:21:46.664,0.92513,0.92535,1.00,1.87
2014.12.12 15:21:46.815,0.92509,0.92535,1.00,1.87
2014.12.12 15:21:47.144,0.92511,0.92532,1.00,1.05
2014.12.12 15:21:47.800,0.92512,0.92537,1.37,2.32
2014.12.12 15:21:47.901,0.92517,0.9254,1.00,1.15
2014.12.12 15:21:48.003,0.92508,0.92535,5.25,1.30
2014.12.12 15:21:48.053,0.92508,0.92524,3.00,1.30
2014.12.12 15:21:48.155,0.925,0.92525,1.57,1.80
2014.12.12 15:21:48.206,0.925,0.92525,1.50,1.80
2014.12.12 15:21:48.256,0.92501,0.92525,1.50,1.80
2014.12.12 15:21:48.357,0.9249,0.92523,2.70,1.12
2014.12.12 15:21:48.866,0.92489,0.9252,2.92,1.07
2014.12.12 15:21:49.068,0.92486,0.92519,2.32,1.45
2014.12.12 15:21:49.119,0.92486,0.92515,2.32,1.00
2014.12.12 15:21:49.270,0.92486,0.9252,3.30,1.45
2014.12.12 15:21:50.699,0.92489,0.9252,1.82,1.15
2014.12.12 15:21:50.799,0.92491,0.9252,1.82,1.10
2014.12.12 15:21:51.808,0.92486,0.92518,4.05,1.12
2014.12.12 15:21:53.079,0.92487,0.92515,1.82,1.00
2014.12.12 15:21:53.231,0.92486,0.92519,3.07,1.45
2014.12.12 15:21:53.534,0.92486,0.92515,2.70,1.00
2014.12.12 15:21:53.876,0.92484,0.92515,1.52,1.15
2014.12.12 15:21:54.177,0.92488,0.92515,1.50,1.00
2014.12.12 15:21:54.228,0.92489,0.9252,4.42,1.07
2014.12.12 15:21:54.531,0.92486,0.92517,1.52,1.12
2014.12.12 15:21:54.683,0.92485,0.92514,2.32,1.05
2014.12.12 15:21:54.734,0.92482,0.92514,2.32,1.12
2014.12.12 15:21:55.001,0.9249,0.92518,1.30,2.32
2014.12.12 15:21:55.104,0.92488,0.9252,1.45,1.45
2014.12.12 15:21:55.155,0.92488,0.9252,1.45,3.30
2014.12.12 15:21:55.205,0.92488,0.92515,1.12,1.10
2014.12.12 15:21:56.360,0.92489,0.92518,1.30,2.32
2014.12.12 15:21:56.410,0.92485,0.92518,1.12,4.50
2014.12.12 15:21:56.511,0.92488,0.92518,1.30,4.50
2014.12.12 15:21:56.763,0.92475,0.92508,2.25,1.45
2014.12.12 15:21:56.965,0.92473,0.925,2.32,1.30
2014.12.12 15:21:57.016,0.92471,0.925,2.32,1.30
2014.12.12 15:21:57.066,0.9247,0.925,2.25,3.22
2014.12.12 15:21:57.117,0.92465,0.925,1.27,3.30
2014.12.12 15:21:59.354,0.92465,0.925,1.65,2.70
2014.12.12 15:21:59.707,0.92463,0.92495,1.80,2.70
2014.12.12 15:22:01.659,0.92459,0.9249,2.70,1.47
2014.12.12 15:22:01.760,0.92459,0.9249,2.32,2.55
2014.12.12 15:22:01.810,0.92456,0.92485,2.32,1.12
2014.12.12 15:22:01.911,0.92452,0.92485,2.70,2.25
2014.12.12 15:22:02.013,0.92449,0.92482,3.07,1.50
2014.12.12 15:22:02.315,0.92445,0.9248,3.07,2.32
2014.12.12 15:22:03.089,0.92445,0.9248,3.82,3.45
2014.12.12 15:22:04.738,0.92448,0.9248,2.70,1.55
2014.12.12 15:22:05.206,0.92447,0.92479,2.70,2.25
2014.12.12 15:22:05.508,0.92443,0.92475,1.82,2.70
2014.12.12 15:22:06.274,0.9244,0.92475,3.82,2.70
2014.12.12 15:22:06.325,0.9244,0.92473,1.65,2.32
2014.12.12 15:22:06.635,0.92439,0.9247,1.12,4.50
2014.12.12 15:22:06.686,0.92438,0.9247,1.27,4.50
2014.12.12 15:22:07.255,0.92438,0.92473,1.27,3.67
2014.12.12 15:22:07.812,0.92437,0.92473,3.07,3.30
2014.12.12 15:22:07.963,0.92443,0.92476,1.82,3.30
2014.12.12 15:22:08.014,0.92441,0.92476,2.47,3.30
2014.12.12 15:22:09.129,0.9244,0.92472,2.25,1.45
2014.12.12 15:22:11.388,0.9244,0.9247,1.82,1.17
2014.12.12 15:22:11.590,0.92441,0.92472,4.87,1.30
2014.12.12 15:22:11.692,0.9245,0.92475,1.67,1.15
2014.12.12 15:22:11.793,0.9245,0.92475,1.50,1.00
2014.12.12 15:22:12.045,0.92448,0.92481,3.07,2.32
2014.12.12 15:22:12.096,0.92448,0.92483,5.25,1.52
2014.12.12 15:22:12.601,0.92452,0.92484,1.82,1.15
2014.12.12 15:22:13.105,0.92453,0.92485,1.50,1.52
2014.12.12 15:22:13.435,0.92453,0.92486,1.12,6.00
2014.12.12 15:22:13.486,0.92448,0.92479,3.07,2.25
2014.12.12 15:22:13.536,0.92445,0.92479,2.62,2.32
2014.12.12 15:22:13.638,0.92444,0.92479,1.52,3.67
2014.12.12 15:22:13.688,0.92443,0.92475,1.82,3.45
2014.12.12 15:22:13.739,0.92443,0.92475,1.50,3.45
2014.12.12 15:22:14.284,0.92439,0.92472,2.70,1.50
2014.12.12 15:22:16.297,0.92439,0.92471,2.32,1.55
2014.12.12 15:22:16.449,0.92433,0.92465,3.45,1.52
2014.12.12 15:22:16.701,0.92435,0.92465,2.70,1.37
2014.12.12 15:22:16.955,0.92435,0.92469,2.70,1.82
2014.12.12 15:22:17.308,0.92435,0.92464,2.70,1.30
2014.12.12 15:22:17.630,0.92434,0.92464,2.70,3.60
2014.12.12 15:22:17.680,0.9243,0.92464,1.90,3.67
2014.12.12 15:22:17.731,0.9243,0.92464,1.52,3.67
2014.12.12 15:22:18.134,0.92432,0.92463,2.70,1.50
2014.12.12 15:22:18.185,0.92432,0.92463,2.70,1.50
2014.12.12 15:22:18.236,0.92431,0.92463,2.70,1.50
2014.12.12 15:22:18.338,0.9243,0.92463,1.52,1.45
2014.12.12 15:22:19.918,0.92429,0.9246,3.07,1.47
2014.12.12 15:22:20.422,0.92429,0.9246,3.30,1.10
2014.12.12 15:22:20.523,0.92428,0.9246,2.32,1.07
2014.12.12 15:22:20.573,0.92429,0.9246,1.12,1.15
2014.12.12 15:22:20.624,0.92429,0.9246,3.30,1.17
2014.12.12 15:22:21.129,0.92434,0.9246,1.05,1.10
2014.12.12 15:22:21.677,0.92433,0.92465,1.45,1.15
2014.12.12 15:22:21.980,0.92438,0.92465,4.05,1.00
2014.12.12 15:22:22.031,0.92439,0.9247,1.87,1.07
2014.12.12 15:22:22.560,0.92441,0.9247,1.50,1.07
2014.12.12 15:22:24.873,0.9244,0.92465,1.12,1.00
2014.12.12 15:22:26.695,0.92437,0.9246,1.45,1.00
2014.12.12 15:22:27.067,0.92436,0.9246,1.37,1.12
2014.12.12 15:22:27.168,0.92435,0.9246,1.30,1.15
2014.12.12 15:22:27.270,0.92429,0.9246,1.82,1.27
2014.12.12 15:22:27.877,0.92429,0.9246,1.82,1.15
2014.12.12 15:22:28.186,0.92426,0.9246,2.20,3.07
2014.12.12 15:22:28.438,0.92426,0.9246,1.52,3.45
2014.12.12 15:22:29.173,0.92425,0.92456,3.45,1.45
2014.12.12 15:22:29.682,0.92425,0.92457,1.52,1.45
2014.12.12 15:22:30.195,0.92426,0.92458,1.50,2.32
2014.12.12 15:22:30.841,0.92426,0.92458,1.87,2.32
2014.12.12 15:22:31.849,0.92426,0.92458,1.87,2.32
2014.12.12 15:22:32.000,0.9243,0.92462,1.50,2.32
2014.12.12 15:22:32.051,0.9243,0.9246,1.87,1.15
2014.12.12 15:22:32.102,0.9243,0.9246,2.62,1.10
2014.12.12 15:22:32.152,0.92442,0.92465,1.67,2.32
2014.12.12 15:22:32.203,0.92442,0.92472,1.67,4.50
2014.12.12 15:22:32.254,0.92444,0.92472,1.30,4.50
2014.12.12 15:22:32.305,0.92444,0.92475,1.37,1.27
2014.12.12 15:22:32.407,0.92446,0.92475,1.45,1.17
2014.12.12 15:22:32.911,0.9245,0.92479,1.30,2.32
2014.12.12 15:22:33.038,0.92452,0.9248,1.30,1.15
2014.12.12 15:22:33.693,0.9245,0.9248,1.75,1.15
2014.12.12 15:22:34.197,0.92448,0.9248,1.12,4.57
2014.12.12 15:22:34.298,0.92445,0.92476,1.45,2.32
2014.12.12 15:22:34.551,0.92447,0.92471,1.05,1.00
2014.12.12 15:22:35.072,0.92446,0.9247,1.30,1.20
2014.12.12 15:22:35.279,0.92446,0.9247,1.30,1.17
2014.12.12 15:22:35.330,0.92444,0.9247,1.30,1.15
2014.12.12 15:22:35.532,0.92448,0.9247,1.30,1.15
2014.12.12 15:22:36.055,0.92447,0.9247,1.30,1.15
2014.12.12 15:22:36.308,0.92439,0.92465,1.45,1.00
2014.12.12 15:22:36.359,0.92439,0.92465,1.37,1.07
2014.12.12 15:22:36.409,0.92436,0.92465,1.12,1.52
2014.12.12 15:22:36.460,0.92436,0.92465,1.05,3.45
2014.12.12 15:22:36.511,0.92433,0.92465,1.17,3.82
2014.12.12 15:22:36.561,0.92433,0.92459,1.10,2.62
2014.12.12 15:22:36.663,0.92431,0.9246,1.05,3.45
2014.12.12 15:22:36.763,0.92433,0.9246,1.30,1.52
2014.12.12 15:22:36.965,0.9243,0.9246,1.45,1.15
2014.12.12 15:22:37.016,0.9243,0.92455,1.37,1.00
2014.12.12 15:22:37.319,0.92423,0.92455,1.12,3.07
2014.12.12 15:22:37.521,0.92426,0.9245,1.30,1.10
2014.12.12 15:22:37.622,0.92424,0.9245,1.05,1.10
2014.12.12 15:22:37.723,0.92422,0.9245,1.37,1.17
2014.12.12 15:22:37.774,0.92422,0.9245,1.30,1.15
2014.12.12 15:22:37.875,0.92426,0.9245,1.30,1.15
2014.12.12 15:22:37.976,0.92426,0.92453,1.30,1.20
2014.12.12 15:22:38.077,0.92427,0.9245,1.30,1.00
2014.12.12 15:22:38.178,0.92422,0.9245,1.45,1.00
2014.12.12 15:22:38.279,0.92422,0.9245,1.12,1.17
2014.12.12 15:22:38.736,0.92425,0.9245,1.30,1.17
2014.12.12 15:22:39.190,0.92421,0.92454,1.45,2.32
2014.12.12 15:22:39.341,0.92421,0.92454,1.82,2.70
2014.12.12 15:22:39.847,0.92423,0.92454,1.42,2.70
2014.12.12 15:22:40.149,0.92428,0.92455,1.67,1.15
2014.12.12 15:22:40.452,0.92429,0.92458,1.67,2.32
2014.12.12 15:22:40.654,0.92425,0.92455,1.42,3.45
2014.12.12 15:22:40.856,0.92426,0.92455,1.50,1.15
2014.12.12 15:22:41.717,0.92429,0.92458,1.67,2.70
2014.12.12 15:22:41.918,0.92427,0.92455,1.42,1.15
2014.12.12 15:22:42.182,0.92428,0.92459,1.42,2.70
2014.12.12 15:22:42.687,0.92431,0.9246,1.30,3.45
2014.12.12 15:22:43.006,0.92434,0.9246,1.30,1.27
2014.12.12 15:22:43.258,0.92432,0.92461,1.05,1.52
2014.12.12 15:22:44.477,0.92431,0.92455,1.37,1.00
2014.12.12 15:22:44.887,0.92431,0.9246,1.37,1.55
2014.12.12 15:22:45.407,0.92433,0.9246,1.30,1.55
2014.12.12 15:22:45.659,0.92432,0.9246,1.82,1.00
2014.12.12 15:22:45.962,0.92438,0.92468,1.75,2.32
2014.12.12 15:22:46.063,0.92443,0.9247,1.82,1.00
2014.12.12 15:22:46.567,0.92446,0.92475,1.30,1.52
2014.12.12 15:22:47.106,0.92447,0.92475,1.30,1.52
2014.12.12 15:22:47.658,0.92446,0.92475,1.30,1.52
2014.12.12 15:22:48.113,0.92444,0.92472,1.37,2.70
2014.12.12 15:22:48.214,0.92441,0.9247,1.05,1.27
2014.12.12 15:22:48.315,0.92443,0.92469,1.30,2.32
2014.12.12 15:22:48.417,0.92434,0.9246,1.75,1.00
2014.12.12 15:22:48.518,0.92434,0.9246,1.42,1.10
2014.12.12 15:22:49.030,0.92433,0.9246,1.50,1.10
2014.12.12 15:22:49.520,0.92433,0.9246,1.50,1.10
2014.12.12 15:22:49.929,0.92436,0.92465,1.30,3.45
2014.12.12 15:22:50.452,0.92435,0.9246,1.30,1.10
2014.12.12 15:22:50.759,0.92436,0.9246,1.67,1.10
2014.12.12 15:22:50.860,0.9244,0.92465,1.30,1.17
2014.12.12 15:22:50.911,0.9244,0.92465,1.82,1.00
2014.12.12 15:22:51.276,0.9244,0.92474,2.32,3.07
2014.12.12 15:22:51.327,0.9244,0.92474,2.32,1.15
2014.12.12 15:22:51.579,0.92438,0.92473,2.70,3.07
2014.12.12 15:22:51.630,0.92436,0.9247,4.87,1.15
2014.12.12 15:22:52.084,0.92436,0.92469,2.32,1.45
2014.12.12 15:22:52.134,0.92434,0.92469,2.70,1.45
2014.12.12 15:22:52.185,0.92433,0.92467,2.70,2.32
2014.12.12 15:22:52.235,0.92432,0.92467,1.82,2.32
2014.12.12 15:22:52.588,0.92431,0.9246,2.70,1.30
2014.12.12 15:22:53.293,0.92431,0.92461,2.70,1.30
2014.12.12 15:22:53.674,0.92434,0.92465,2.70,1.17
2014.12.12 15:22:53.725,0.92434,0.92468,2.70,1.45
2014.12.12 15:22:54.027,0.92437,0.92468,2.70,1.37
2014.12.12 15:22:54.179,0.92438,0.92468,2.70,1.35
2014.12.12 15:22:54.683,0.92438,0.92467,2.70,1.30
2014.12.12 15:22:55.910,0.92438,0.92466,2.70,1.30
2014.12.12 15:22:56.196,0.92438,0.92468,2.70,1.30
2014.12.12 15:22:56.348,0.92438,0.92466,2.70,1.30
2014.12.12 15:22:56.500,0.92436,0.92465,1.12,1.72
2014.12.12 15:22:57.046,0.92435,0.92466,2.70,1.05
2014.12.12 15:22:57.313,0.92435,0.9246,2.32,1.30
2014.12.12 15:22:57.416,0.92428,0.92463,6.60,1.82
2014.12.12 15:22:57.736,0.92431,0.92461,2.70,1.05
2014.12.12 15:22:57.887,0.92436,0.92465,1.50,1.10
2014.12.12 15:22:58.089,0.92442,0.92465,1.30,1.10
2014.12.12 15:22:58.191,0.92439,0.9247,1.45,1.27
2014.12.12 15:22:58.658,0.92444,0.9247,1.05,1.07
2014.12.12 15:22:58.708,0.92444,0.9247,1.12,1.00
2014.12.12 15:22:59.061,0.92444,0.9247,1.45,1.00
2014.12.12 15:22:59.567,0.92446,0.9247,1.30,1.00
2014.12.12 15:22:59.872,0.92446,0.9247,1.12,1.00
2014.12.12 15:22:59.923,0.92446,0.9247,1.12,1.00
2014.12.12 15:23:00.427,0.92445,0.92475,1.12,1.15
2014.12.12 15:23:01.175,0.92445,0.92475,1.12,1.90
2014.12.12 15:23:01.277,0.9244,0.9247,1.82,1.20
2014.12.12 15:23:01.478,0.92444,0.9247,1.30,1.20
2014.12.12 15:23:01.630,0.92442,0.9247,1.50,1.20
2014.12.12 15:23:01.983,0.92441,0.92475,1.15,3.07
2014.12.12 15:23:02.134,0.92445,0.92475,1.12,1.15
2014.12.12 15:23:02.286,0.92449,0.92474,1.30,2.32
2014.12.12 15:23:02.437,0.92449,0.92475,1.30,1.20
2014.12.12 15:23:02.487,0.92447,0.92475,1.05,1.17
2014.12.12 15:23:02.790,0.92446,0.9247,1.30,1.07
2014.12.12 15:23:03.142,0.92444,0.9247,1.30,1.15
2014.12.12 15:23:03.257,0.92444,0.92471,1.37,1.07
2014.12.12 15:23:03.308,0.92444,0.92471,1.45,1.00
2014.12.12 15:23:03.409,0.92443,0.92474,1.05,1.15
2014.12.12 15:23:03.459,0.92445,0.92474,1.30,1.15
2014.12.12 15:23:03.762,0.92438,0.92465,1.05,1.07
2014.12.12 15:23:04.091,0.92448,0.9247,1.30,1.15
2014.12.12 15:23:04.243,0.92446,0.9247,1.30,1.15
2014.12.12 15:23:04.343,0.92446,0.9247,1.30,1.10
2014.12.12 15:23:04.565,0.92448,0.9247,1.30,1.10
2014.12.12 15:23:04.918,0.92446,0.92475,1.30,3.07
2014.12.12 15:23:05.120,0.92442,0.9247,1.05,1.15
2014.12.12 15:23:05.170,0.92442,0.9247,1.05,3.07
2014.12.12 15:23:05.221,0.92439,0.92469,1.30,2.32
2014.12.12 15:23:05.473,0.92441,0.92469,1.30,2.32
2014.12.12 15:23:05.750,0.92441,0.9247,1.05,1.15
2014.12.12 15:23:06.204,0.92442,0.92471,2.17,2.32
2014.12.12 15:23:06.355,0.92449,0.92475,1.05,1.17
2014.12.12 15:23:06.658,0.92448,0.92475,1.30,1.52
2014.12.12 15:23:07.162,0.92449,0.92475,1.30,1.27
2014.12.12 15:23:07.767,0.92451,0.92475,1.30,1.15
2014.12.12 15:23:07.868,0.92448,0.92475,1.30,1.15
2014.12.12 15:23:08.303,0.9245,0.92475,1.30,1.27
2014.12.12 15:23:08.756,0.92447,0.92475,1.30,1.52
2014.12.12 15:23:09.287,0.92448,0.92475,1.30,1.27
2014.12.12 15:23:09.660,0.9245,0.92475,1.35,1.15
2014.12.12 15:23:09.862,0.92448,0.92483,2.92,2.32
2014.12.12 15:23:09.963,0.92452,0.92481,1.30,2.32
2014.12.12 15:23:10.215,0.92448,0.9248,1.45,1.15
2014.12.12 15:23:10.316,0.92446,0.92479,1.12,2.32
2014.12.12 15:23:10.366,0.92446,0.92478,1.12,2.32
2014.12.12 15:23:10.417,0.9245,0.92478,1.37,2.25
2014.12.12 15:23:10.468,0.9245,0.9248,1.45,1.15
2014.12.12 15:23:10.518,0.92453,0.9248,1.30,1.15
2014.12.12 15:23:10.849,0.92453,0.92479,1.45,1.00
2014.12.12 15:23:11.177,0.92453,0.92485,1.45,1.15
2014.12.12 15:23:11.635,0.92454,0.92488,1.45,1.27
2014.12.12 15:23:14.476,0.92453,0.92489,3.67,4.80
2014.12.12 15:23:14.577,0.92449,0.92482,4.05,1.27
2014.12.12 15:23:14.678,0.92449,0.92483,2.70,1.87
2014.12.12 15:23:14.931,0.92446,0.92477,3.07,1.20
2014.12.12 15:23:15.032,0.92448,0.9248,3.67,1.45
2014.12.12 15:23:15.082,0.92449,0.9248,2.70,1.47
2014.12.12 15:23:15.399,0.92449,0.9248,2.70,1.95
2014.12.12 15:23:15.450,0.92445,0.9248,3.07,3.00
2014.12.12 15:23:15.955,0.92445,0.92475,2.70,1.00
2014.12.12 15:23:16.765,0.92442,0.92475,2.70,2.62
2014.12.12 15:23:17.319,0.92442,0.92475,3.67,1.82
2014.12.12 15:23:17.521,0.92444,0.9247,1.50,1.00
2014.12.12 15:23:17.622,0.92444,0.92475,1.50,2.02
2014.12.12 15:23:17.824,0.92445,0.92475,1.82,1.07
2014.12.12 15:23:17.874,0.92447,0.92475,1.45,1.00
2014.12.12 15:23:18.171,0.92449,0.92475,1.72,1.00
2014.12.12 15:23:18.224,0.92452,0.9248,1.12,1.17
2014.12.12 15:23:18.326,0.92452,0.9248,1.45,1.07
2014.12.12 15:23:18.629,0.92455,0.92485,1.12,1.27
2014.12.12 15:23:18.730,0.92455,0.92485,1.12,1.07
2014.12.12 15:23:18.781,0.92456,0.92485,1.82,1.10
2014.12.12 15:23:18.832,0.92456,0.92486,1.45,1.55
2014.12.12 15:23:18.983,0.92454,0.92485,1.12,1.52
2014.12.12 15:23:19.185,0.92453,0.9248,1.12,1.00
2014.12.12 15:23:20.153,0.92452,0.92481,3.60,1.00
2014.12.12 15:23:20.455,0.92452,0.92475,3.60,1.00
2014.12.12 15:23:20.606,0.92452,0.9248,3.60,1.00
2014.12.12 15:23:20.707,0.92452,0.92475,3.60,1.00
2014.12.12 15:23:21.024,0.92452,0.9247,3.60,1.00
2014.12.12 15:23:21.187,0.92449,0.9247,1.27,1.00
2014.12.12 15:23:21.288,0.92448,0.9247,1.12,1.00
2014.12.12 15:23:22.584,0.92446,0.92471,1.50,1.00
2014.12.12 15:23:22.836,0.92452,0.92471,1.30,1.00
2014.12.12 15:23:22.937,0.9245,0.92475,1.35,1.10
2014.12.12 15:23:22.987,0.9245,0.92475,1.50,1.00
2014.12.12 15:23:23.290,0.92446,0.92475,1.12,1.52
2014.12.12 15:23:23.341,0.92446,0.9247,1.12,1.00
2014.12.12 15:23:24.451,0.92442,0.9247,3.30,1.37
2014.12.12 15:23:24.501,0.9244,0.9247,3.67,1.47
2014.12.12 15:23:24.956,0.92442,0.9247,2.70,1.10
2014.12.12 15:23:25.258,0.92447,0.9247,1.45,1.00
2014.12.12 15:23:25.897,0.92447,0.92471,1.45,1.00
2014.12.12 15:23:26.465,0.92447,0.9247,1.45,1.00
2014.12.12 15:23:26.768,0.92445,0.92471,1.12,1.00
2014.12.12 15:23:26.971,0.92441,0.9247,3.30,1.37
2014.12.12 15:23:27.072,0.92437,0.92468,3.30,1.12
2014.12.12 15:23:27.274,0.92437,0.92468,2.92,1.50
2014.12.12 15:23:27.375,0.92434,0.92465,5.17,1.55
2014.12.12 15:23:27.477,0.92434,0.92465,4.42,1.55
2014.12.12 15:23:27.679,0.92431,0.92463,1.50,1.52
2014.12.12 15:23:27.780,0.92431,0.92463,1.82,3.45
2014.12.12 15:23:27.881,0.92432,0.92463,1.82,1.27
2014.12.12 15:23:28.799,0.92428,0.9246,2.20,1.87
2014.12.12 15:23:29.102,0.92429,0.9246,1.42,2.70
2014.12.12 15:23:29.438,0.92428,0.9246,2.20,1.45
2014.12.12 15:23:30.268,0.9243,0.92462,2.20,1.45
2014.12.12 15:23:30.369,0.92432,0.92463,1.50,2.32
2014.12.12 15:23:30.420,0.92433,0.92466,1.82,3.67
2014.12.12 15:23:30.470,0.92433,0.92466,3.67,1.82
2014.12.12 15:23:31.810,0.92435,0.92463,2.70,1.30
2014.12.12 15:23:31.911,0.92432,0.92462,2.32,1.30
2014.12.12 15:23:32.415,0.92432,0.92463,2.70,1.05
2014.12.12 15:23:33.516,0.92435,0.9247,3.30,1.87
2014.12.12 15:23:34.052,0.92435,0.92465,3.30,1.00
2014.12.12 15:23:34.355,0.92432,0.9246,2.32,1.00
2014.12.12 15:23:34.884,0.92435,0.92466,1.45,1.87
2014.12.12 15:23:34.985,0.92436,0.92468,1.82,2.25
2014.12.12 15:23:35.187,0.92435,0.92466,1.82,1.45
2014.12.12 15:23:36.826,0.92432,0.9246,3.67,1.00
2014.12.12 15:23:37.194,0.92432,0.9246,1.45,1.17
2014.12.12 15:23:37.712,0.92431,0.9246,1.50,1.00
2014.12.12 15:23:38.317,0.92432,0.9246,1.05,1.27
2014.12.12 15:23:39.867,0.92431,0.9246,1.50,1.15
2014.12.12 15:23:39.918,0.92435,0.92463,1.30,3.07
2014.12.12 15:23:40.119,0.92435,0.92469,2.77,2.70
2014.12.12 15:23:40.170,0.92442,0.92469,1.30,2.32
2014.12.12 15:23:40.221,0.92442,0.9247,1.30,1.27
2014.12.12 15:23:40.529,0.92437,0.92469,1.87,2.32
2014.12.12 15:23:40.943,0.92435,0.92465,1.82,1.17
2014.12.12 15:23:43.054,0.92434,0.92465,2.47,1.17
2014.12.12 15:23:43.784,0.9244,0.9246,1.67,1.00
2014.12.12 15:23:43.885,0.92442,0.9247,1.30,1.27
2014.12.12 15:23:44.390,0.92436,0.92469,2.32,1.45
2014.12.12 15:23:44.591,0.92438,0.92469,2.32,1.37
2014.12.12 15:23:44.743,0.92436,0.92465,1.45,1.15
2014.12.12 15:23:44.794,0.92439,0.92465,1.37,1.07
2014.12.12 15:23:44.844,0.92439,0.92465,1.45,1.00
2014.12.12 15:23:44.896,0.92439,0.9247,1.45,1.15
2014.12.12 15:23:45.098,0.9244,0.92473,2.70,2.32
2014.12.12 15:23:45.148,0.92441,0.92474,2.32,1.45
2014.12.12 15:23:45.199,0.92441,0.9247,2.32,1.00
2014.12.12 15:23:45.451,0.92437,0.92469,2.32,1.45
2014.12.12 15:23:45.502,0.92437,0.92468,2.25,2.32
2014.12.12 15:23:45.552,0.92435,0.92466,1.12,1.15
2014.12.12 15:23:45.905,0.92433,0.92465,2.32,1.80
2014.12.12 15:23:45.955,0.92434,0.92465,2.32,1.05
2014.12.12 15:23:46.662,0.92434,0.92466,3.45,1.12
2014.12.12 15:23:47.176,0.92434,0.92467,3.45,1.45
2014.12.12 15:23:52.236,0.9243,0.92464,3.82,1.45
2014.12.12 15:23:52.539,0.92426,0.9246,1.82,4.42
2014.12.12 15:23:52.859,0.92426,0.9246,2.20,2.32
2014.12.12 15:23:52.960,0.92429,0.92462,3.07,1.45
2014.12.12 15:23:53.061,0.92426,0.92462,4.05,3.30
2014.12.12 15:23:53.212,0.92426,0.9246,4.05,2.25
2014.12.12 15:23:53.364,0.92428,0.9246,1.42,2.32
2014.12.12 15:23:53.667,0.92432,0.92465,1.87,1.15
2014.12.12 15:23:53.768,0.92432,0.92466,1.12,1.45
2014.12.12 15:23:54.975,0.92433,0.92467,1.80,2.32
2014.12.12 15:23:55.076,0.92433,0.9247,2.20,1.15
2014.12.12 15:23:55.580,0.92436,0.92471,1.87,1.15
2014.12.12 15:23:56.206,0.92437,0.92471,1.80,1.15
2014.12.12 15:23:56.307,0.92441,0.92471,1.72,1.15
2014.12.12 15:23:56.459,0.92441,0.92473,1.85,1.15
2014.12.12 15:23:56.560,0.92439,0.92472,2.02,1.12
2014.12.12 15:23:56.661,0.92439,0.9247,1.65,1.00
2014.12.12 15:23:56.863,0.92435,0.9247,1.87,1.15
2014.12.12 15:23:59.969,0.92434,0.92469,2.17,2.32
2014.12.12 15:24:00.478,0.92433,0.92469,1.87,2.32
2014.12.12 15:24:00.630,0.92433,0.92469,1.50,3.30
2014.12.12 15:24:00.999,0.92433,0.92469,1.87,3.30
2014.12.12 15:24:01.520,0.92432,0.92469,1.50,2.32
2014.12.12 15:24:01.672,0.92429,0.92465,1.45,2.32
2014.12.12 15:24:01.722,0.92428,0.92465,1.50,2.70
2014.12.12 15:24:01.823,0.9243,0.92464,1.42,1.45
2014.12.12 15:24:01.925,0.92431,0.92464,1.30,1.15
2014.12.12 15:24:02.178,0.92432,0.92465,1.45,1.87
2014.12.12 15:24:02.682,0.92429,0.92463,1.72,4.05
2014.12.12 15:24:03.187,0.92426,0.92462,1.15,1.45
2014.12.12 15:24:03.641,0.92429,0.92462,1.07,1.37
2014.12.12 15:24:03.691,0.92429,0.92464,1.87,1.45
2014.12.12 15:24:03.842,0.92433,0.92465,1.07,1.37
2014.12.12 15:24:03.893,0.92433,0.92465,1.15,1.30
2014.12.12 15:24:04.788,0.92431,0.92465,2.05,1.45
2014.12.12 15:24:05.406,0.92432,0.92466,2.10,1.45
2014.12.12 15:24:05.881,0.92432,0.92462,1.30,1.45
2014.12.12 15:24:06.385,0.9243,0.92462,1.05,1.45
2014.12.12 15:24:06.687,0.92432,0.92466,1.87,2.25
2014.12.12 15:24:07.194,0.92432,0.92466,2.25,1.87
2014.12.12 15:24:07.396,0.92433,0.92467,3.67,1.05
2014.12.12 15:24:07.447,0.92433,0.92465,2.70,1.30
2014.12.12 15:24:07.750,0.92432,0.92465,1.12,1.45
2014.12.12 15:24:08.052,0.92432,0.9246,1.12,1.00
2014.12.12 15:24:08.967,0.92432,0.92461,1.12,1.00
2014.12.12 15:24:09.499,0.92433,0.92455,1.47,1.00
2014.12.12 15:24:09.705,0.92433,0.9246,1.47,1.00
2014.12.12 15:24:09.967,0.92433,0.9246,1.65,1.00
2014.12.12 15:24:10.269,0.92438,0.92465,3.82,1.00
2014.12.12 15:24:10.370,0.92441,0.92473,1.12,1.35
2014.12.12 15:24:10.471,0.92443,0.92473,2.70,1.30
2014.12.12 15:24:10.522,0.92443,0.92475,3.67,1.00
2014.12.12 15:24:10.623,0.92447,0.92481,1.12,1.52
2014.12.12 15:24:10.673,0.92447,0.92481,4.05,1.47
2014.12.12 15:24:10.976,0.92448,0.92475,1.15,1.00
2014.12.12 15:24:11.379,0.92448,0.92475,1.00,1.00
2014.12.12 15:24:11.430,0.92446,0.92472,1.67,1.30
2014.12.12 15:24:11.581,0.92442,0.9247,1.10,1.00
2014.12.12 15:24:12.106,0.92443,0.9247,1.00,1.00
2014.12.12 15:24:12.156,0.92445,0.9247,1.30,1.00
2014.12.12 15:24:12.257,0.92445,0.92475,1.80,1.10
2014.12.12 15:24:12.509,0.92447,0.92476,1.37,1.10
2014.12.12 15:24:12.865,0.92444,0.9247,6.52,1.00
2014.12.12 15:24:12.967,0.92444,0.9247,3.00,1.00
2014.12.12 15:24:13.673,0.92442,0.9247,1.15,1.00
2014.12.12 15:24:13.775,0.9244,0.92465,1.10,1.00
2014.12.12 15:24:14.290,0.92439,0.92465,1.30,1.00
2014.12.12 15:24:14.694,0.92439,0.92465,2.02,1.00
2014.12.12 15:24:14.795,0.92441,0.9247,1.07,1.00
2014.12.12 15:24:14.946,0.92439,0.92468,1.45,1.30
2014.12.12 15:24:15.249,0.92439,0.92465,1.30,1.00
2014.12.12 15:24:16.084,0.92434,0.92465,1.05,2.17
2014.12.12 15:24:16.385,0.92434,0.9246,1.05,1.00
2014.12.12 15:24:16.674,0.92434,0.92464,1.05,1.05
2014.12.12 15:24:16.826,0.92434,0.92465,1.80,1.87
2014.12.12 15:24:17.925,0.92435,0.92466,1.37,1.27
2014.12.12 15:24:18.231,0.92434,0.92461,1.80,1.00
2014.12.12 15:24:18.781,0.92434,0.92461,1.80,1.00
2014.12.12 15:24:19.239,0.92434,0.92461,1.80,1.00
2014.12.12 15:24:19.391,0.92435,0.9246,1.52,1.00
2014.12.12 15:24:19.735,0.92434,0.9246,2.77,1.00
2014.12.12 15:24:20.239,0.92432,0.9246,1.82,1.00
2014.12.12 15:24:20.391,0.92436,0.92465,1.30,1.55
2014.12.12 15:24:20.441,0.92432,0.92465,1.82,1.55
2014.12.12 15:24:20.744,0.9243,0.9246,1.42,1.10
2014.12.12 15:24:21.313,0.92429,0.9246,1.55,1.20
2014.12.12 15:24:21.515,0.92427,0.9246,2.10,1.27
2014.12.12 15:24:22.135,0.92426,0.92461,2.17,2.70
2014.12.12 15:24:22.236,0.92426,0.92464,2.25,4.57
2014.12.12 15:24:22.658,0.92427,0.92464,1.87,4.20
2014.12.12 15:24:23.234,0.92428,0.92464,1.87,2.70
2014.12.12 15:24:23.548,0.92433,0.92464,1.67,2.32
2014.12.12 15:24:23.966,0.92435,0.92465,1.67,1.27
2014.12.12 15:24:24.169,0.92436,0.92468,1.67,2.70
2014.12.12 15:24:24.219,0.92436,0.92468,1.75,1.27
2014.12.12 15:24:24.270,0.92434,0.92468,1.15,1.17
2014.12.12 15:24:24.321,0.92433,0.92465,1.30,2.32
2014.12.12 15:24:24.372,0.9243,0.92465,1.05,2.32
2014.12.12 15:24:25.766,0.92427,0.92464,1.87,2.02
2014.12.12 15:24:27.570,0.92428,0.9246,2.25,1.20
2014.12.12 15:24:28.102,0.92427,0.9246,1.82,1.47
2014.12.12 15:24:28.517,0.92426,0.92459,1.45,2.62
2014.12.12 15:24:28.618,0.92425,0.92458,1.00,1.90
2014.12.12 15:24:28.820,0.9242,0.9245,1.67,1.27
2014.12.12 15:24:29.519,0.9242,0.9245,1.67,1.55
2014.12.12 15:24:30.099,0.92422,0.9245,1.30,1.55
2014.12.12 15:24:31.309,0.92425,0.92452,1.30,1.52
2014.12.12 15:24:31.511,0.92422,0.92452,1.67,1.27
2014.12.12 15:24:32.765,0.92423,0.92454,1.67,2.70
2014.12.12 15:24:33.068,0.92427,0.92454,1.35,2.32
2014.12.12 15:24:33.170,0.92429,0.92457,1.35,1.17
2014.12.12 15:24:33.221,0.92429,0.9246,1.67,1.65
2014.12.12 15:24:33.423,0.92428,0.9246,1.30,1.52
2014.12.12 15:24:33.927,0.92427,0.92461,1.67,3.45
2014.12.12 15:24:34.323,0.92424,0.9246,1.65,1.87
2014.12.12 15:24:34.424,0.92425,0.92458,1.12,1.90
2014.12.12 15:24:34.575,0.92421,0.92453,2.02,1.52
2014.12.12 15:24:34.927,0.92421,0.92455,1.42,1.52
2014.12.12 15:24:35.028,0.92421,0.9245,1.05,1.00
2014.12.12 15:24:35.537,0.92422,0.9245,1.30,1.00
2014.12.12 15:24:35.827,0.92423,0.9245,1.67,1.00
2014.12.12 15:24:36.654,0.92423,0.92455,1.67,1.52
2014.12.12 15:24:37.175,0.92423,0.92455,1.67,1.52
2014.12.12 15:24:37.331,0.92422,0.92455,1.67,1.52
2014.12.12 15:24:37.780,0.9242,0.92455,1.87,1.27
2014.12.12 15:24:37.881,0.9242,0.92455,1.50,1.52
2014.12.12 15:24:38.133,0.92418,0.9245,1.52,1.00
2014.12.12 15:24:38.184,0.92417,0.9245,1.50,1.87
2014.12.12 15:24:38.285,0.92418,0.92445,1.30,1.10
2014.12.12 15:24:38.336,0.92416,0.92445,1.05,1.10
2014.12.12 15:24:38.437,0.92416,0.92445,1.12,1.10
2014.12.12 15:24:38.538,0.92421,0.9245,1.30,1.10
2014.12.12 15:24:38.588,0.92424,0.9245,1.30,1.10
2014.12.12 15:24:38.639,0.92424,0.92455,1.37,1.10
2014.12.12 15:24:38.689,0.92429,0.92455,1.30,1.10
2014.12.12 15:24:39.143,0.92427,0.92455,1.30,1.10
2014.12.12 15:24:39.244,0.92425,0.92455,1.30,1.15
2014.12.12 15:24:39.698,0.92427,0.9245,1.30,1.10
2014.12.12 15:24:40.202,0.92428,0.92455,1.30,3.07
2014.12.12 15:24:40.505,0.9243,0.92455,1.30,3.07
2014.12.12 15:24:40.657,0.92426,0.92455,1.35,3.45
2014.12.12 15:24:40.858,0.92423,0.92455,1.35,2.70
2014.12.12 15:24:41.152,0.92423,0.92455,1.67,2.70
2014.12.12 15:24:41.557,0.92425,0.92458,1.30,4.05
2014.12.12 15:24:41.860,0.92421,0.92453,1.37,2.70
2014.12.12 15:24:42.376,0.92417,0.9245,1.52,1.15
2014.12.12 15:24:42.996,0.92421,0.9245,1.82,1.00
2014.12.12 15:24:43.047,0.92421,0.92455,1.82,3.00
2014.12.12 15:24:43.298,0.92419,0.9245,3.07,1.00
2014.12.12 15:24:44.065,0.9242,0.9245,1.50,1.37
2014.12.12 15:24:44.166,0.92418,0.9245,1.82,1.55
2014.12.12 15:24:45.094,0.92419,0.9245,2.25,1.27
2014.12.12 15:24:45.195,0.92419,0.9245,2.25,1.17
2014.12.12 15:24:45.497,0.92421,0.9245,1.35,1.27
2014.12.12 15:24:45.750,0.92423,0.9245,1.30,1.17
2014.12.12 15:24:46.077,0.92425,0.9245,1.67,1.00
2014.12.12 15:24:46.128,0.92425,0.92457,1.67,2.20
2014.12.12 15:24:46.633,0.92426,0.92458,1.67,3.67
2014.12.12 15:24:47.308,0.92426,0.92458,1.72,3.30
2014.12.12 15:24:47.409,0.9243,0.9246,1.67,1.15
2014.12.12 15:24:47.510,0.92432,0.92461,1.67,1.15
2014.12.12 15:24:47.813,0.92432,0.92463,1.67,2.32
2014.12.12 15:24:47.914,0.92433,0.92466,1.00,1.90
2014.12.12 15:24:47.965,0.92431,0.92464,1.05,2.70
2014.12.12 15:24:48.087,0.92434,0.92464,1.00,4.50
2014.12.12 15:24:48.190,0.9244,0.92471,1.30,1.15
2014.12.12 15:24:48.593,0.92441,0.92474,1.17,1.07
2014.12.12 15:24:48.694,0.92444,0.92475,1.15,1.00
2014.12.12 15:24:49.097,0.92442,0.9247,2.32,1.00
2014.12.12 15:24:49.199,0.92439,0.9247,1.27,1.00
2014.12.12 15:24:49.400,0.92437,0.9247,1.17,1.15
2014.12.12 15:24:49.754,0.92435,0.92465,1.15,1.00
2014.12.12 15:24:51.339,0.92436,0.92465,1.15,2.10
2014.12.12 15:24:51.390,0.92435,0.92465,1.12,2.25
2014.12.12 15:24:51.441,0.92435,0.9246,1.37,1.00
2014.12.12 15:24:51.542,0.92434,0.9246,1.37,1.00
2014.12.12 15:24:51.643,0.92434,0.92465,1.37,2.25
2014.12.12 15:24:51.845,0.92435,0.92463,1.47,1.30
2014.12.12 15:24:52.187,0.92437,0.92465,1.37,1.10
2014.12.12 15:24:52.490,0.92442,0.9247,1.65,1.00
2014.12.12 15:24:52.541,0.92442,0.92472,1.52,1.30
2014.12.12 15:24:53.047,0.92444,0.92471,1.55,1.30
2014.12.12 15:24:53.550,0.92444,0.92472,1.17,1.30
2014.12.12 15:24:53.651,0.92443,0.9247,1.27,1.00
2014.12.12 15:24:53.753,0.92443,0.92473,1.52,1.35
2014.12.12 15:24:53.954,0.92445,0.9247,1.10,1.30
2014.12.12 15:24:54.372,0.92443,0.92469,1.00,1.30
2014.12.12 15:24:54.473,0.92441,0.92468,1.20,1.30
2014.12.12 15:24:54.524,0.92441,0.92466,1.12,1.30
2014.12.12 15:24:54.877,0.92441,0.92471,1.37,1.45
2014.12.12 15:24:54.927,0.92441,0.92471,1.55,1.30
2014.12.12 15:24:55.432,0.92442,0.92471,1.20,1.67
2014.12.12 15:24:55.825,0.92441,0.9247,1.12,1.82
2014.12.12 15:24:56.178,0.92441,0.9247,1.50,1.15
2014.12.12 15:24:56.228,0.92445,0.9247,1.37,1.00
2014.12.12 15:24:56.279,0.92445,0.92472,1.37,1.05
2014.12.12 15:24:56.531,0.92444,0.92475,1.52,1.67
2014.12.12 15:24:57.035,0.92445,0.92473,1.27,1.35
2014.12.12 15:24:57.086,0.92444,0.92473,1.07,1.75
2014.12.12 15:24:57.590,0.92442,0.92475,1.42,1.52
2014.12.12 15:24:57.792,0.92441,0.92476,2.25,1.82
2014.12.12 15:24:57.842,0.92441,0.9247,1.55,1.00
2014.12.12 15:24:57.893,0.92439,0.9247,1.52,1.12
2014.12.12 15:24:58.195,0.92442,0.92471,3.60,1.00
2014.12.12 15:24:58.296,0.92444,0.92477,1.52,1.50
2014.12.12 15:24:58.800,0.92447,0.92479,1.47,1.82
2014.12.12 15:24:58.901,0.92447,0.92479,1.20,1.82
2014.12.12 15:24:59.002,0.92446,0.92478,1.87,1.87
2014.12.12 15:24:59.368,0.92442,0.92473,2.25,1.37
2014.12.12 15:24:59.419,0.92438,0.92472,1.15,1.45
2014.12.12 15:25:00.773,0.92437,0.9247,1.52,1.47
2014.12.12 15:25:02.207,0.92434,0.9247,2.25,1.87
2014.12.12 15:25:02.712,0.92434,0.92465,1.12,2.10
2014.12.12 15:25:04.119,0.92432,0.92465,2.17,1.27
2014.12.12 15:25:04.320,0.92433,0.92465,2.62,1.10
2014.12.12 15:25:04.421,0.92435,0.92465,1.87,1.10
2014.12.12 15:25:04.813,0.92434,0.92467,4.05,1.35
2014.12.12 15:25:04.914,0.92438,0.92471,1.75,2.62
2014.12.12 15:25:05.216,0.92437,0.9247,1.50,2.17
2014.12.12 15:25:05.946,0.92434,0.92467,4.80,1.30
2014.12.12 15:25:06.098,0.92434,0.92465,4.80,1.00
2014.12.12 15:25:06.520,0.92434,0.92465,1.55,2.25
2014.12.12 15:25:07.024,0.92433,0.92464,1.52,1.42
2014.12.12 15:25:07.223,0.92433,0.92464,1.52,1.42
2014.12.12 15:25:07.526,0.92432,0.9246,1.12,1.00
2014.12.12 15:25:07.627,0.92432,0.92463,1.12,1.35
2014.12.12 15:25:07.728,0.92432,0.9246,1.12,1.00
2014.12.12 15:25:07.980,0.92432,0.92465,1.12,2.25
2014.12.12 15:25:08.124,0.92432,0.9246,1.12,1.00
2014.12.12 15:25:08.183,0.92432,0.92466,1.12,3.00
2014.12.12 15:25:08.696,0.92436,0.92465,1.67,1.27
2014.12.12 15:25:09.255,0.92435,0.92465,1.42,1.17
2014.12.12 15:25:10.334,0.92435,0.92465,1.42,1.55
2014.12.12 15:25:10.486,0.92435,0.9246,1.42,1.00
2014.12.12 15:25:10.587,0.92433,0.92465,1.82,1.55
2014.12.12 15:25:10.825,0.92432,0.9246,2.10,1.00
2014.12.12 15:25:10.929,0.92432,0.92464,2.10,1.42
2014.12.12 15:25:11.030,0.92431,0.92463,2.02,1.50
2014.12.12 15:25:11.549,0.92434,0.9246,1.30,1.00
2014.12.12 15:25:12.106,0.92434,0.9246,1.50,1.00
2014.12.12 15:25:12.259,0.92436,0.92465,1.67,1.20
2014.12.12 15:25:12.965,0.92434,0.92465,1.55,1.17
2014.12.12 15:25:13.066,0.92433,0.92465,2.20,1.55
2014.12.12 15:25:13.469,0.92435,0.9246,2.70,1.00
2014.12.12 15:25:13.570,0.92431,0.9246,3.67,1.00
2014.12.12 15:25:14.266,0.92432,0.92464,1.82,1.37
2014.12.12 15:25:14.670,0.92429,0.92463,2.25,1.55
2014.12.12 15:25:15.123,0.92428,0.92455,1.82,1.00
2014.12.12 15:25:15.275,0.92429,0.92455,1.30,1.37
2014.12.12 15:25:15.326,0.92424,0.92451,1.52,1.00
2014.12.12 15:25:15.376,0.92422,0.92451,2.25,1.00
2014.12.12 15:25:15.596,0.92424,0.9245,1.05,1.00
2014.12.12 15:25:15.647,0.9242,0.92453,1.45,1.30
2014.12.12 15:25:16.000,0.92422,0.92455,1.45,1.80
2014.12.12 15:25:16.151,0.92423,0.92455,1.30,1.87
2014.12.12 15:25:16.327,0.92419,0.92452,1.45,1.12
2014.12.12 15:25:16.478,0.92419,0.92451,4.50,1.30
2014.12.12 15:25:16.529,0.92422,0.92453,1.45,1.00
2014.12.12 15:25:16.985,0.92422,0.92451,1.45,1.00
2014.12.12 15:25:17.090,0.92423,0.92454,1.45,1.00
2014.12.12 15:25:17.392,0.92424,0.92456,1.12,2.62
2014.12.12 15:25:17.443,0.92424,0.92456,3.30,1.72
2014.12.12 15:25:17.594,0.92425,0.92458,1.87,1.05
2014.12.12 15:25:18.098,0.92425,0.92457,1.87,1.30
2014.12.12 15:25:18.199,0.92424,0.92455,1.27,1.05
2014.12.12 15:25:18.501,0.9242,0.92452,3.30,1.30
2014.12.12 15:25:18.552,0.9242,0.92452,1.12,1.12
2014.12.12 15:25:19.172,0.9242,0.9245,1.17,1.30
2014.12.12 15:25:19.323,0.92419,0.9245,1.27,1.37
2014.12.12 15:25:19.475,0.92414,0.92449,1.65,2.62
2014.12.12 15:25:19.727,0.92416,0.92448,1.82,1.27
2014.12.12 15:25:19.778,0.92418,0.9245,2.70,2.02
2014.12.12 15:25:20.422,0.92419,0.92451,1.87,1.45
2014.12.12 15:25:20.472,0.9242,0.92453,4.87,1.52
2014.12.12 15:25:20.876,0.92422,0.92454,4.87,1.00
2014.12.12 15:25:21.230,0.92423,0.92457,2.20,1.87
2014.12.12 15:25:21.432,0.92425,0.92457,1.82,1.82
2014.12.12 15:25:21.583,0.92423,0.92455,1.55,1.27
2014.12.12 15:25:21.633,0.92422,0.92455,1.52,1.52
2014.12.12 15:25:22.016,0.92419,0.9245,3.67,1.00
2014.12.12 15:25:22.341,0.92419,0.92445,2.70,1.00
2014.12.12 15:25:22.594,0.92419,0.9245,3.67,1.12
2014.12.12 15:25:23.802,0.92422,0.92454,1.45,1.87
2014.12.12 15:25:25.903,0.9242,0.9245,2.25,1.12
2014.12.12 15:25:26.446,0.92421,0.92453,1.82,1.50
2014.12.12 15:25:26.794,0.92425,0.92454,2.32,1.67
2014.12.12 15:25:26.845,0.92425,0.92455,3.67,1.20
2014.12.12 15:25:26.896,0.92427,0.92455,2.70,1.12
2014.12.12 15:25:27.098,0.92423,0.92455,1.82,2.25
2014.12.12 15:25:27.249,0.92422,0.92453,4.87,1.67
2014.12.12 15:25:27.783,0.92421,0.9245,2.70,1.37
2014.12.12 15:25:27.884,0.92417,0.92449,2.70,1.55
2014.12.12 15:25:27.935,0.92417,0.92449,2.32,1.92
2014.12.12 15:25:27.985,0.92414,0.92441,1.07,1.07
2014.12.12 15:25:28.238,0.9241,0.9244,2.32,1.47
2014.12.12 15:25:28.339,0.92411,0.9244,1.52,1.10
2014.12.12 15:25:28.389,0.92421,0.9244,1.30,1.00
2014.12.12 15:25:28.643,0.92419,0.92445,1.45,1.00
2014.12.12 15:25:29.147,0.92422,0.92445,1.30,1.00
2014.12.12 15:25:29.805,0.92424,0.92445,1.30,1.00
2014.12.12 15:25:30.320,0.92423,0.92445,1.30,1.00
2014.12.12 15:25:30.371,0.92421,0.92445,1.50,1.00
2014.12.12 15:25:31.056,0.92422,0.9245,1.35,1.27
2014.12.12 15:25:31.567,0.92421,0.9245,1.50,1.15
2014.12.12 15:25:32.086,0.92421,0.92451,1.50,1.15
2014.12.12 15:25:32.599,0.92422,0.92451,1.82,1.10
2014.12.12 15:25:33.111,0.92422,0.9245,1.82,1.00
2014.12.12 15:25:33.212,0.92422,0.9245,1.50,1.17
2014.12.12 15:25:33.824,0.92422,0.9245,1.12,1.55
2014.12.12 15:25:34.127,0.92416,0.9244,1.30,1.27
2014.12.12 15:25:34.228,0.92411,0.9244,3.67,1.12
2014.12.12 15:25:34.379,0.92413,0.92445,1.82,1.65
2014.12.12 15:25:34.430,0.92416,0.92445,1.82,1.20
2014.12.12 15:25:34.833,0.92418,0.92447,1.50,1.15
2014.12.12 15:25:35.416,0.9242,0.92447,1.35,1.15
2014.12.12 15:25:35.719,0.9242,0.92447,1.50,1.00
2014.12.12 15:25:36.034,0.9242,0.92448,1.87,1.10
2014.12.12 15:25:36.135,0.92427,0.92454,1.35,1.55
2014.12.12 15:25:36.236,0.92425,0.92457,1.82,1.27
2014.12.12 15:25:36.337,0.9243,0.92457,1.67,1.17
2014.12.12 15:25:36.489,0.92428,0.9246,3.67,1.57
2014.12.12 15:25:37.036,0.92429,0.9246,2.20,1.57
2014.12.12 15:25:37.288,0.92433,0.92465,1.87,1.52
2014.12.12 15:25:37.338,0.92436,0.92467,2.70,1.47
2014.12.12 15:25:37.389,0.92436,0.92467,2.70,1.10
2014.12.12 15:25:37.888,0.92436,0.92465,2.70,1.00
2014.12.12 15:25:38.371,0.92434,0.92466,1.52,1.52
2014.12.12 15:25:38.422,0.92434,0.92466,1.55,3.45
2014.12.12 15:25:38.574,0.92433,0.92465,1.52,1.15
2014.12.12 15:25:38.625,0.92434,0.92464,2.70,1.12
2014.12.12 15:25:38.777,0.92431,0.9246,2.70,1.00
2014.12.12 15:25:39.635,0.92429,0.9246,2.70,2.62
2014.12.12 15:25:39.736,0.92428,0.92459,1.15,1.45
2014.12.12 15:25:39.988,0.92428,0.92459,1.15,1.50
2014.12.12 15:25:40.140,0.9243,0.92459,2.32,1.30
2014.12.12 15:25:40.656,0.9243,0.9246,2.32,1.10
2014.12.12 15:25:41.631,0.92432,0.92463,2.70,1.87
2014.12.12 15:25:41.681,0.92432,0.92463,2.70,1.80
2014.12.12 15:25:46.164,0.92435,0.92467,1.15,1.90
2014.12.12 15:25:46.430,0.92432,0.9246,1.15,1.10
2014.12.12 15:25:46.531,0.92429,0.9246,3.07,1.57
2014.12.12 15:25:46.699,0.92423,0.92455,1.15,1.27
2014.12.12 15:25:46.851,0.92423,0.92454,1.87,2.25
2014.12.12 15:25:47.154,0.92426,0.92452,1.45,1.00
2014.12.12 15:25:47.205,0.92426,0.92452,1.12,1.00
2014.12.12 15:25:47.737,0.92425,0.92454,1.45,1.17
2014.12.12 15:25:50.071,0.92428,0.92453,2.25,1.00
2014.12.12 15:25:50.222,0.92426,0.92455,2.62,1.00
2014.12.12 15:25:50.273,0.92431,0.92455,1.42,1.00
2014.12.12 15:25:50.324,0.92431,0.9246,1.82,2.02
2014.12.12 15:25:50.804,0.92428,0.92456,3.67,1.00
2014.12.12 15:25:51.925,0.92428,0.92456,2.32,1.37
2014.12.12 15:25:52.026,0.92424,0.92452,1.82,1.00
2014.12.12 15:25:52.530,0.92425,0.92454,1.45,1.17
2014.12.12 15:25:54.846,0.92425,0.92454,2.70,1.10
2014.12.12 15:25:55.501,0.92425,0.92452,2.32,1.12
2014.12.12 15:25:55.703,0.92422,0.92452,3.67,1.00
2014.12.12 15:25:55.855,0.92422,0.9245,3.67,1.00
2014.12.12 15:25:56.645,0.92421,0.9245,3.67,1.10
2014.12.12 15:25:56.746,0.92421,0.9245,1.82,1.10
2014.12.12 15:25:56.898,0.92421,0.9245,1.45,1.95
2014.12.12 15:25:57.050,0.92419,0.9245,1.17,3.00
2014.12.12 15:25:57.654,0.92419,0.92448,2.70,1.10
2014.12.12 15:25:58.007,0.92419,0.92448,2.32,1.37
2014.12.12 15:25:58.058,0.92417,0.92448,3.30,1.45
2014.12.12 15:25:58.159,0.92415,0.92444,2.70,1.37
2014.12.12 15:25:58.562,0.92413,0.92443,2.70,1.45
2014.12.12 15:25:59.077,0.92413,0.92443,1.82,1.55
2014.12.12 15:25:59.178,0.92416,0.92444,1.12,1.45
2014.12.12 15:25:59.481,0.92415,0.92444,1.82,1.17
2014.12.12 15:25:59.582,0.92416,0.92448,1.57,1.27
2014.12.12 15:25:59.733,0.92417,0.92448,2.70,1.17
2014.12.12 15:26:00.456,0.92419,0.92446,1.82,1.00
2014.12.12 15:26:01.124,0.9242,0.92447,1.82,1.10
2014.12.12 15:26:02.667,0.92423,0.9245,1.12,1.20
2014.12.12 15:26:04.178,0.92419,0.92449,3.67,1.00
2014.12.12 15:26:05.184,0.92419,0.92448,3.67,1.00
2014.12.12 15:26:05.606,0.92418,0.92445,2.32,1.37
2014.12.12 15:26:05.657,0.92416,0.92445,2.32,1.37
2014.12.12 15:26:05.707,0.92414,0.92445,3.45,2.32
2014.12.12 15:26:05.758,0.92413,0.92441,1.82,1.00
2014.12.12 15:26:05.859,0.92413,0.92439,1.82,1.00
2014.12.12 15:26:05.910,0.9241,0.92439,1.82,1.10
2014.12.12 15:26:06.578,0.92412,0.92439,1.15,1.00
2014.12.12 15:26:06.679,0.92414,0.92445,1.12,1.15
2014.12.12 15:26:07.083,0.92417,0.92448,1.37,1.15
2014.12.12 15:26:07.184,0.92416,0.92448,1.15,1.15
2014.12.12 15:26:08.103,0.92421,0.9245,1.07,1.15
2014.12.12 15:26:08.154,0.92422,0.92454,1.15,3.07
2014.12.12 15:26:08.709,0.92418,0.92449,2.32,1.07
2014.12.12 15:26:08.759,0.92417,0.92449,1.15,1.15
2014.12.12 15:26:10.496,0.92418,0.92447,2.70,1.20
2014.12.12 15:26:10.801,0.92421,0.92451,3.67,1.10
2014.12.12 15:26:10.852,0.92421,0.92447,2.32,1.35
2014.12.12 15:26:11.106,0.9241,0.92435,1.00,1.10
2014.12.12 15:26:11.208,0.92405,0.92435,1.15,1.07
2014.12.12 15:26:11.309,0.92405,0.92435,1.17,1.15
2014.12.12 15:26:11.410,0.92405,0.92432,1.10,3.00
2014.12.12 15:26:11.511,0.924,0.92431,1.15,1.15
2014.12.12 15:26:11.713,0.92399,0.92429,2.32,1.07
2014.12.12 15:26:11.915,0.92398,0.92429,1.15,1.07
2014.12.12 15:26:12.016,0.92399,0.92429,2.32,1.07
2014.12.12 15:26:12.520,0.92399,0.92429,2.32,1.00
2014.12.12 15:26:12.837,0.92402,0.9243,2.32,1.00
2014.12.12 15:26:12.988,0.924,0.92431,2.32,1.17
2014.12.12 15:26:13.039,0.92403,0.92431,2.32,1.10
2014.12.12 15:26:13.090,0.92403,0.92433,2.32,1.00
2014.12.12 15:26:13.343,0.92401,0.92432,3.07,1.37
2014.12.12 15:26:13.595,0.92396,0.92427,3.07,1.05
2014.12.12 15:26:13.645,0.92399,0.92427,2.32,1.30
2014.12.12 15:26:14.158,0.92398,0.92428,2.32,1.37
2014.12.12 15:26:14.209,0.92397,0.92428,1.15,1.37
2014.12.12 15:26:16.353,0.92395,0.92427,1.52,1.75
2014.12.12 15:26:16.404,0.92395,0.92427,1.52,2.25
2014.12.12 15:26:17.625,0.92394,0.92425,1.52,1.87
2014.12.12 15:26:17.726,0.92395,0.92425,3.07,1.37
2014.12.12 15:26:17.777,0.92395,0.92428,5.25,1.87
2014.12.12 15:26:17.929,0.92401,0.92432,1.57,4.05
2014.12.12 15:26:17.980,0.92401,0.92432,1.65,1.87
2014.12.12 15:26:18.081,0.92402,0.92434,1.65,1.15
2014.12.12 15:26:18.691,0.92403,0.92432,1.15,1.05
2014.12.12 15:26:18.944,0.92402,0.92432,1.17,1.37
2014.12.12 15:26:18.995,0.92402,0.92432,1.10,1.45
2014.12.12 15:26:19.513,0.92403,0.92433,1.00,3.30
2014.12.12 15:26:21.637,0.92403,0.92426,1.00,1.37
2014.12.12 15:26:21.688,0.92401,0.92426,1.20,1.37
2014.12.12 15:26:21.839,0.92398,0.92428,3.45,1.37
2014.12.12 15:26:21.890,0.92398,0.92428,3.45,1.30
2014.12.12 15:26:21.940,0.92398,0.92428,1.52,1.37
2014.12.12 15:26:21.992,0.92398,0.92427,1.55,1.45
2014.12.12 15:26:22.447,0.92397,0.92428,1.15,1.45
2014.12.12 15:26:22.498,0.92397,0.92429,1.15,1.15
2014.12.12 15:26:22.658,0.92403,0.92433,1.07,3.30
2014.12.12 15:26:22.708,0.92403,0.92433,1.15,1.45
2014.12.12 15:26:23.449,0.92399,0.9243,3.07,1.37
2014.12.12 15:26:23.499,0.92399,0.92427,1.17,1.05
2014.12.12 15:26:23.852,0.92395,0.92425,1.15,1.37
2014.12.12 15:26:24.003,0.92392,0.92425,1.15,1.15
2014.12.12 15:26:24.265,0.92395,0.92427,1.07,3.07
2014.12.12 15:26:24.316,0.92397,0.92428,1.15,1.45
2014.12.12 15:26:24.737,0.92395,0.92425,1.15,1.07
2014.12.12 15:26:25.250,0.92395,0.92425,1.52,1.15
2014.12.12 15:26:25.975,0.92395,0.92425,1.52,1.15
2014.12.12 15:26:26.127,0.92395,0.92425,2.25,1.10
2014.12.12 15:26:26.632,0.92394,0.92424,3.07,1.00
2014.12.12 15:26:26.936,0.92395,0.92424,1.52,1.07
2014.12.12 15:26:27.139,0.92395,0.92425,1.15,1.17
2014.12.12 15:26:27.240,0.924,0.92424,1.07,1.30
2014.12.12 15:26:27.543,0.9239,0.9242,2.02,1.12
2014.12.12 15:26:28.048,0.9239,0.92422,1.15,3.30
2014.12.12 15:26:28.149,0.9239,0.92422,1.17,3.30
2014.12.12 15:26:28.351,0.9239,0.92423,3.82,2.32
2014.12.12 15:26:28.452,0.92392,0.92421,1.15,1.05
2014.12.12 15:26:28.755,0.9239,0.92419,2.32,1.00
2014.12.12 15:26:28.957,0.92393,0.92423,2.32,1.10
2014.12.12 15:26:29.461,0.92393,0.92425,1.15,1.15
2014.12.12 15:26:29.512,0.92393,0.92425,1.15,1.15
2014.12.12 15:26:30.459,0.92389,0.92421,3.82,3.00
2014.12.12 15:26:30.560,0.92389,0.92421,1.55,3.07
2014.12.12 15:26:30.610,0.92391,0.92421,1.42,3.07
2014.12.12 15:26:30.661,0.92393,0.9242,1.05,1.12
2014.12.12 15:26:30.762,0.92393,0.92422,1.87,1.45
2014.12.12 15:26:31.685,0.92389,0.92422,3.82,1.52
2014.12.12 15:26:31.736,0.92389,0.92417,3.82,1.30
2014.12.12 15:26:32.038,0.9239,0.9242,1.90,1.45
2014.12.12 15:26:32.345,0.92393,0.92423,1.52,1.45
2014.12.12 15:26:33.754,0.92393,0.92422,1.45,2.32
2014.12.12 15:26:33.804,0.9239,0.92422,1.52,2.70
2014.12.12 15:26:33.855,0.9239,0.9242,2.02,1.45
2014.12.12 15:26:33.957,0.92386,0.92415,2.32,1.30
2014.12.12 15:26:34.259,0.92386,0.92416,3.15,1.15
2014.12.12 15:26:34.360,0.9239,0.9242,1.15,1.87
2014.12.12 15:26:34.512,0.92387,0.92418,3.67,1.37
2014.12.12 15:26:34.563,0.92387,0.92418,1.75,1.45
2014.12.12 15:26:35.700,0.92388,0.92417,1.12,1.12
2014.12.12 15:26:36.227,0.92388,0.92417,1.82,1.12
2014.12.12 15:26:36.999,0.92388,0.92418,1.12,1.87
2014.12.12 15:26:38.590,0.92388,0.92418,1.12,1.87
2014.12.12 15:26:39.613,0.92388,0.92418,1.12,1.87
2014.12.12 15:26:40.296,0.92385,0.92415,1.12,1.45
2014.12.12 15:26:40.347,0.92383,0.92412,1.65,1.50
2014.12.12 15:26:40.398,0.92383,0.9241,1.07,1.57
2014.12.12 15:26:40.449,0.92377,0.9241,4.42,1.65
2014.12.12 15:26:40.600,0.92377,0.92407,1.45,1.07
2014.12.12 15:26:40.651,0.92377,0.92407,1.45,1.15
2014.12.12 15:26:41.003,0.92374,0.92407,1.27,2.32
2014.12.12 15:26:41.054,0.92373,0.92406,2.85,1.15
2014.12.12 15:26:41.508,0.9237,0.92404,4.20,2.32
2014.12.12 15:26:41.710,0.92375,0.92404,1.07,1.15
2014.12.12 15:26:42.041,0.92375,0.92404,1.00,4.05
2014.12.12 15:26:42.243,0.92375,0.92405,1.15,1.87
2014.12.12 15:26:42.445,0.92373,0.92405,1.52,3.30
2014.12.12 15:26:42.858,0.92375,0.92407,1.72,1.15
2014.12.12 15:26:42.959,0.92379,0.92411,3.07,1.17
2014.12.12 15:26:43.060,0.92377,0.92409,1.15,1.15
2014.12.12 15:26:43.642,0.92376,0.92407,1.15,2.25
2014.12.12 15:26:43.693,0.92374,0.92407,1.27,2.32
2014.12.12 15:26:44.550,0.92377,0.9241,1.15,1.45
2014.12.12 15:26:44.874,0.92375,0.92408,1.65,2.32
2014.12.12 15:26:45.177,0.92375,0.92406,3.07,1.05
2014.12.12 15:26:45.278,0.92374,0.92405,1.65,1.45
2014.12.12 15:26:45.379,0.92376,0.92407,1.15,1.45
2014.12.12 15:26:45.736,0.92373,0.92404,2.70,1.37
2014.12.12 15:26:45.787,0.9237,0.92403,2.70,1.15
2014.12.12 15:26:45.837,0.92369,0.92401,3.45,1.37
2014.12.12 15:26:45.989,0.92369,0.92402,5.25,1.12
2014.12.12 15:26:46.190,0.92374,0.92405,2.70,1.87
2014.12.12 15:26:46.731,0.92374,0.92404,2.70,1.42
2014.12.12 15:26:47.667,0.92374,0.92404,2.32,1.80
2014.12.12 15:26:47.869,0.92366,0.92399,2.70,1.52
2014.12.12 15:26:48.071,0.92361,0.92394,2.32,1.15
2014.12.12 15:26:48.374,0.92366,0.92397,1.45,1.15
2014.12.12 15:26:48.689,0.92363,0.92395,1.45,1.27
2014.12.12 15:26:49.143,0.92362,0.92389,2.32,1.30
2014.12.12 15:26:49.193,0.92358,0.92389,2.32,1.05
2014.12.12 15:26:50.101,0.92358,0.9239,3.67,2.62
2014.12.12 15:26:52.184,0.92357,0.92389,3.67,2.55
2014.12.12 15:26:52.285,0.92359,0.92389,1.37,2.02
2014.12.12 15:26:52.809,0.92355,0.92389,3.67,2.62
2014.12.12 15:26:53.716,0.9236,0.9239,1.42,2.32
2014.12.12 15:26:53.817,0.92362,0.92393,1.42,2.32
2014.12.12 15:26:53.918,0.92364,0.92394,1.82,1.65
2014.12.12 15:26:54.019,0.92363,0.92394,1.42,3.82
2014.12.12 15:26:54.473,0.9236,0.92393,3.67,1.45
2014.12.12 15:26:54.524,0.92361,0.92393,1.82,1.45
2014.12.12 15:26:54.675,0.92362,0.92396,2.32,1.15
2014.12.12 15:26:54.726,0.92363,0.92397,2.32,1.52
2014.12.12 15:26:55.303,0.92363,0.92397,3.07,3.30
2014.12.12 15:26:55.354,0.9236,0.92397,6.60,5.47
2014.12.12 15:26:57.349,0.92362,0.92394,1.12,1.45
2014.12.12 15:26:58.156,0.92362,0.92397,1.52,4.87
2014.12.12 15:27:00.207,0.9236,0.92395,3.45,3.45
2014.12.12 15:27:00.510,0.9236,0.92394,1.52,3.67
2014.12.12 15:27:00.813,0.92359,0.9239,1.07,2.70
2014.12.12 15:27:00.864,0.92356,0.9239,1.52,5.62
2014.12.12 15:27:02.443,0.92356,0.92389,1.82,1.82
2014.12.12 15:27:02.962,0.92356,0.92389,1.82,1.50
2014.12.12 15:27:03.265,0.92362,0.92391,1.75,3.07
2014.12.12 15:27:03.417,0.9236,0.92394,1.52,4.42
2014.12.12 15:27:03.921,0.9236,0.92394,2.40,2.32
2014.12.12 15:27:04.123,0.92362,0.92397,1.65,2.32
2014.12.12 15:27:04.224,0.92364,0.92397,3.45,2.32
2014.12.12 15:27:04.325,0.92365,0.92399,3.45,1.50
2014.12.12 15:27:04.951,0.92368,0.92401,1.82,2.32
2014.12.12 15:27:05.102,0.92369,0.92403,2.70,1.15
2014.12.12 15:27:05.611,0.92369,0.92403,2.70,3.45
2014.12.12 15:27:05.712,0.92367,0.924,1.75,1.52
2014.12.12 15:27:05.813,0.92365,0.92399,1.52,2.70
2014.12.12 15:27:06.115,0.92365,0.92396,2.70,1.37
2014.12.12 15:27:06.216,0.92366,0.92397,2.70,1.05
2014.12.12 15:27:06.317,0.92366,0.92397,2.70,1.12
2014.12.12 15:27:06.418,0.92364,0.92397,2.25,1.45
2014.12.12 15:27:09.120,0.92365,0.92397,2.02,1.45
2014.12.12 15:27:09.328,0.92366,0.92398,2.70,1.12
2014.12.12 15:27:09.429,0.92366,0.92398,1.52,1.12
2014.12.12 15:27:09.933,0.92364,0.92396,2.70,1.50
2014.12.12 15:27:10.135,0.92362,0.92391,1.15,1.05
2014.12.12 15:27:10.236,0.92362,0.92387,1.10,1.30
2014.12.12 15:27:10.796,0.92357,0.92389,3.45,1.12
2014.12.12 15:27:11.099,0.9236,0.92389,1.65,1.12
2014.12.12 15:27:11.150,0.92361,0.92392,3.07,1.05
2014.12.12 15:27:11.352,0.92361,0.92394,3.82,1.45
2014.12.12 15:27:11.453,0.92364,0.92396,2.70,1.12
2014.12.12 15:27:11.554,0.92365,0.92393,1.17,1.12
2014.12.12 15:27:12.109,0.92362,0.92391,1.15,1.30
2014.12.12 15:27:12.159,0.92359,0.92391,1.27,1.45
2014.12.12 15:27:12.563,0.92359,0.92387,1.15,1.30
2014.12.12 15:27:12.857,0.92361,0.9239,1.15,1.12
2014.12.12 15:27:13.432,0.92362,0.92388,1.15,1.30
2014.12.12 15:27:13.785,0.92359,0.92388,1.15,1.12
2014.12.12 15:27:14.754,0.92358,0.92384,1.15,1.30
2014.12.12 15:27:14.867,0.92358,0.92387,1.15,1.05
2014.12.12 15:27:15.283,0.92358,0.92387,1.65,1.05
2014.12.12 15:27:15.815,0.92359,0.92387,1.65,1.05
2014.12.12 15:27:16.284,0.92359,0.92386,1.52,1.30
2014.12.12 15:27:18.703,0.92356,0.92387,3.82,1.05
2014.12.12 15:27:18.754,0.92358,0.92387,1.90,1.05
2014.12.12 15:27:18.956,0.92364,0.92391,1.80,1.05
2014.12.12 15:27:19.057,0.92364,0.92388,1.12,1.30
2014.12.12 15:27:19.360,0.92366,0.92392,1.45,1.05
2014.12.12 15:27:19.461,0.92365,0.92391,1.65,1.05
2014.12.12 15:27:19.512,0.92365,0.92392,1.57,1.12
2014.12.12 15:27:19.663,0.92365,0.9239,1.07,1.00
2014.12.12 15:27:19.915,0.92367,0.92398,1.17,1.45
2014.12.12 15:27:19.966,0.92369,0.92398,1.07,1.45
2014.12.12 15:27:20.470,0.92368,0.924,1.15,1.87
2014.12.12 15:27:20.948,0.92371,0.92403,1.67,2.32
2014.12.12 15:27:20.999,0.92375,0.92405,1.00,3.30
2014.12.12 15:27:21.100,0.92376,0.92405,1.20,1.45
2014.12.12 15:27:21.150,0.92376,0.92401,1.10,1.37
2014.12.12 15:27:21.201,0.9237,0.92401,2.25,1.45
2014.12.12 15:27:21.252,0.92367,0.92397,3.45,1.37
2014.12.12 15:27:21.302,0.92367,0.92397,1.47,1.45
2014.12.12 15:27:21.353,0.92367,0.92397,1.67,1.45
2014.12.12 15:27:21.404,0.92367,0.92397,1.75,1.37
2014.12.12 15:27:21.909,0.92367,0.92395,1.75,1.30
2014.12.12 15:27:22.413,0.92368,0.92398,1.75,1.12
2014.12.12 15:27:22.971,0.9237,0.92402,1.80,1.45
2014.12.12 15:27:23.274,0.92383,0.92409,1.00,2.32
2014.12.12 15:27:23.325,0.92383,0.9241,1.00,1.45
2014.12.12 15:27:23.526,0.92381,0.92408,1.20,1.12
2014.12.12 15:27:23.980,0.9238,0.92408,1.07,1.12
2014.12.12 15:27:24.081,0.92378,0.92408,1.10,1.45
2014.12.12 15:27:24.232,0.92378,0.92401,1.10,1.30
2014.12.12 15:27:24.535,0.92373,0.92399,2.32,1.30
2014.12.12 15:27:24.686,0.92376,0.92405,2.32,1.10
2014.12.12 15:27:24.989,0.9238,0.92411,3.00,1.12
2014.12.12 15:27:25.040,0.92381,0.92411,1.15,1.05
2014.12.12 15:27:25.645,0.92382,0.92408,1.15,1.30
2014.12.12 15:27:25.948,0.92385,0.92411,2.25,1.30
2014.12.12 15:27:26.250,0.92385,0.92407,2.10,1.30
2014.12.12 15:27:26.351,0.92385,0.9241,2.10,1.12
2014.12.12 15:27:26.452,0.92385,0.92414,2.17,1.12
2014.12.12 15:27:26.503,0.92384,0.92414,1.17,1.12
2014.12.12 15:27:26.719,0.92383,0.9241,1.15,1.00
2014.12.12 15:27:26.874,0.92381,0.92412,2.32,1.05
2014.12.12 15:27:26.975,0.92386,0.92415,1.15,1.10
2014.12.12 15:27:27.278,0.92391,0.92415,3.07,1.00
2014.12.12 15:27:27.379,0.92391,0.92415,1.17,1.00
2014.12.12 15:27:27.581,0.92386,0.92415,1.52,1.17
2014.12.12 15:27:28.186,0.92387,0.92413,1.12,1.30
2014.12.12 15:27:28.388,0.92386,0.9241,2.25,1.00
2014.12.12 15:27:28.590,0.9238,0.9241,3.67,1.30
2014.12.12 15:27:29.165,0.92381,0.92411,2.25,1.05
2014.12.12 15:27:29.706,0.92381,0.92413,2.25,1.45
2014.12.12 15:27:30.064,0.92382,0.92413,1.90,1.45
2014.12.12 15:27:31.119,0.92382,0.9241,1.90,1.00
2014.12.12 15:27:31.421,0.92381,0.92408,1.50,2.20
2014.12.12 15:27:31.522,0.92375,0.92395,1.37,1.00
2014.12.12 15:27:31.573,0.92368,0.9239,3.45,1.00
2014.12.12 15:27:31.623,0.92368,0.9239,1.17,1.00
2014.12.12 15:27:31.674,0.92364,0.92393,2.32,1.30
2014.12.12 15:27:31.775,0.92364,0.92395,2.32,1.10
2014.12.12 15:27:31.876,0.92362,0.92395,1.87,1.10
2014.12.12 15:27:32.430,0.92366,0.92397,1.15,1.30
2014.12.12 15:27:32.480,0.92368,0.92402,1.12,1.45
2014.12.12 15:27:33.010,0.92366,0.924,1.30,3.07
2014.12.12 15:27:33.529,0.92365,0.92399,1.80,1.45
2014.12.12 15:27:33.832,0.92367,0.92402,1.15,1.45
2014.12.12 15:27:34.236,0.92367,0.92398,1.15,1.30
2014.12.12 15:27:34.756,0.92367,0.92397,1.15,1.30
2014.12.12 15:27:34.807,0.92367,0.92399,1.15,1.30
2014.12.12 15:27:35.319,0.92366,0.92399,1.05,1.15
2014.12.12 15:27:35.924,0.92362,0.92396,2.10,3.30
2014.12.12 15:27:37.333,0.92366,0.92395,1.30,1.52
2014.12.12 15:27:38.021,0.92365,0.92395,1.30,1.52
2014.12.12 15:27:38.223,0.92365,0.92399,1.50,2.77
2014.12.12 15:27:38.727,0.92366,0.92399,1.05,2.25
2014.12.12 15:27:40.566,0.92365,0.92397,1.12,1.87
2014.12.12 15:27:40.719,0.92359,0.92392,1.80,1.82
2014.12.12 15:27:40.771,0.92359,0.92392,1.42,2.20
2014.12.12 15:27:41.005,0.92359,0.92393,1.57,2.70
2014.12.12 15:27:41.157,0.92365,0.92394,1.00,3.45
2014.12.12 15:27:41.208,0.92365,0.92394,1.00,1.17
2014.12.12 15:27:41.347,0.9236,0.92394,1.30,3.07
2014.12.12 15:27:41.650,0.92361,0.92395,1.37,2.70
2014.12.12 15:27:41.852,0.92367,0.924,1.12,1.52
2014.12.12 15:27:42.642,0.92364,0.924,1.87,2.62
2014.12.12 15:27:42.795,0.92365,0.92398,2.20,1.17
2014.12.12 15:27:42.896,0.92365,0.924,1.52,1.52
2014.12.12 15:27:42.961,0.92365,0.92397,1.07,1.07
2014.12.12 15:27:43.012,0.92362,0.92397,2.25,1.15
2014.12.12 15:27:43.517,0.9236,0.92393,1.15,1.05
2014.12.12 15:27:44.262,0.9236,0.92395,1.52,1.82
2014.12.12 15:27:44.363,0.92364,0.92395,2.10,1.52
2014.12.12 15:27:44.816,0.92361,0.92395,1.12,2.25
2014.12.12 15:27:45.291,0.92361,0.92393,1.45,1.42
2014.12.12 15:27:45.807,0.92361,0.92395,1.12,1.52
2014.12.12 15:27:46.110,0.92362,0.92395,2.70,2.17
2014.12.12 15:27:46.211,0.92362,0.92395,2.70,1.67
2014.12.12 15:27:46.715,0.92362,0.92395,3.07,1.00
2014.12.12 15:27:46.978,0.92366,0.924,2.70,2.55
2014.12.12 15:27:47.180,0.92369,0.92403,1.52,1.27
2014.12.12 15:27:47.332,0.92366,0.92397,4.20,1.00
2014.12.12 15:27:47.533,0.92363,0.924,2.85,1.87
2014.12.12 15:27:47.937,0.92365,0.92397,1.07,1.37
2014.12.12 15:27:48.038,0.92365,0.92397,1.00,1.45
2014.12.12 15:27:48.357,0.92363,0.92394,2.92,1.05
2014.12.12 15:27:48.660,0.92363,0.92392,2.92,1.30
2014.12.12 15:27:48.761,0.92363,0.92394,2.92,1.30
2014.12.12 15:27:49.039,0.92362,0.92394,1.12,1.05
2014.12.12 15:27:49.089,0.92362,0.92391,1.87,1.30
2014.12.12 15:27:49.744,0.92362,0.92392,1.12,1.30
2014.12.12 15:27:50.277,0.92363,0.92391,1.87,1.30
2014.12.12 15:27:50.529,0.92363,0.9239,1.30,1.05
2014.12.12 15:27:50.731,0.92361,0.92387,1.05,1.30
2014.12.12 15:27:50.882,0.92361,0.9239,1.05,1.05
2014.12.12 15:27:51.465,0.92362,0.9239,1.87,1.30
2014.12.12 15:27:51.516,0.92362,0.92393,1.87,1.30
2014.12.12 15:27:52.406,0.92363,0.92392,1.12,1.30
2014.12.12 15:27:53.062,0.92362,0.92391,1.12,1.30
2014.12.12 15:27:53.946,0.92363,0.92392,1.12,1.30
2014.12.12 15:27:54.455,0.92363,0.92393,1.12,1.30
2014.12.12 15:27:54.556,0.92362,0.92393,1.05,1.45
2014.12.12 15:27:54.758,0.92362,0.9239,1.05,1.30
2014.12.12 15:27:54.809,0.92362,0.92388,1.05,1.30
2014.12.12 15:27:55.067,0.92363,0.9239,1.30,1.00
2014.12.12 15:27:55.642,0.92363,0.92392,1.30,1.12
2014.12.12 15:27:56.053,0.92362,0.92391,1.05,1.05
2014.12.12 15:27:56.255,0.92363,0.9239,1.30,1.00
2014.12.12 15:27:56.457,0.92358,0.92389,1.37,1.45
2014.12.12 15:27:56.759,0.92357,0.92385,1.05,1.00
2014.12.12 15:27:56.860,0.92357,0.92387,1.05,1.05
2014.12.12 15:27:58.278,0.92357,0.92389,1.80,1.45
2014.12.12 15:27:58.583,0.92357,0.92389,1.42,1.82
2014.12.12 15:27:58.684,0.92356,0.92382,1.60,1.30
2014.12.12 15:27:58.885,0.9235,0.92382,1.52,1.30
2014.12.12 15:27:58.986,0.9235,0.92383,1.12,3.67
2014.12.12 15:27:59.289,0.92348,0.9238,2.77,1.15
2014.12.12 15:27:59.780,0.92349,0.9238,2.32,1.15
2014.12.12 15:27:59.881,0.92349,0.9238,1.95,1.15
2014.12.12 15:28:00.098,0.92348,0.9238,2.77,1.15
2014.12.12 15:28:00.673,0.92348,0.9238,2.17,1.15
2014.12.12 15:28:03.743,0.92348,0.9238,2.07,1.15
2014.12.12 15:28:04.264,0.92348,0.9238,2.77,1.15
2014.12.12 15:28:06.879,0.92349,0.9238,1.05,1.07
2014.12.12 15:28:07.382,0.9235,0.9238,1.82,1.00
2014.12.12 15:28:07.534,0.9235,0.9238,1.82,1.00
2014.12.12 15:28:07.635,0.92349,0.92382,1.72,3.67
2014.12.12 15:28:08.039,0.92343,0.92379,2.62,1.45
2014.12.12 15:28:08.342,0.92343,0.92379,2.62,1.50
2014.12.12 15:28:08.443,0.92351,0.9238,1.30,1.15
2014.12.12 15:28:08.695,0.92349,0.9238,1.30,1.15
2014.12.12 15:28:08.897,0.92349,0.92384,1.45,1.45
2014.12.12 15:28:09.658,0.92347,0.92382,2.20,1.45
2014.12.12 15:28:11.841,0.92346,0.92383,3.82,1.45
2014.12.12 15:28:11.993,0.92349,0.92385,4.05,1.87
2014.12.12 15:28:12.145,0.9235,0.92386,2.62,1.45
2014.12.12 15:28:12.670,0.92352,0.92387,1.90,1.45
2014.12.12 15:28:13.359,0.92353,0.92388,1.65,1.87
2014.12.12 15:28:15.056,0.92352,0.92388,1.90,1.87
2014.12.12 15:28:15.369,0.92352,0.92388,2.62,1.15
2014.12.12 15:28:15.572,0.92355,0.92389,1.90,1.45
2014.12.12 15:28:15.673,0.92355,0.92389,1.90,1.45
2014.12.12 15:28:15.774,0.92357,0.92391,3.07,1.00
2014.12.12 15:28:15.875,0.92357,0.9239,2.32,1.37
2014.12.12 15:28:15.926,0.92355,0.92388,1.52,1.82
2014.12.12 15:28:16.430,0.92353,0.92385,1.10,1.17
2014.12.12 15:28:16.531,0.92352,0.92385,2.32,1.00
2014.12.12 15:28:16.833,0.92352,0.92384,1.17,1.12
2014.12.12 15:28:18.086,0.92352,0.92387,1.92,1.87
2014.12.12 15:28:18.237,0.92357,0.9239,1.37,1.45
2014.12.12 15:28:18.338,0.9236,0.92392,1.50,1.45
2014.12.12 15:28:18.490,0.92356,0.92388,3.82,1.30
2014.12.12 15:28:18.540,0.92356,0.92385,1.17,1.00
2014.12.12 15:28:18.641,0.92353,0.92385,1.17,1.87
2014.12.12 15:28:18.894,0.92356,0.92388,1.00,3.30
2014.12.12 15:28:18.944,0.92356,0.92388,1.15,1.05
2014.12.12 15:28:19.625,0.92357,0.92385,1.17,1.00
2014.12.12 15:28:20.246,0.92356,0.92381,1.37,1.30
2014.12.12 15:28:20.549,0.92357,0.92385,1.37,1.17
2014.12.12 15:28:21.556,0.92358,0.92388,1.52,1.30
2014.12.12 15:28:22.443,0.92358,0.92389,1.52,1.05
2014.12.12 15:28:22.494,0.92358,0.92385,1.52,1.00
2014.12.12 15:28:23.281,0.92358,0.92389,1.52,1.05
2014.12.12 15:28:23.352,0.92358,0.92386,1.52,1.00
2014.12.12 15:28:23.655,0.9236,0.92388,1.05,1.30
2014.12.12 15:28:23.857,0.92362,0.92387,1.00,1.30
2014.12.12 15:28:24.389,0.92362,0.92385,1.00,1.00
2014.12.12 15:28:24.490,0.9236,0.92386,1.42,1.72
2014.12.12 15:28:24.591,0.92362,0.92386,1.00,1.30
2014.12.12 15:28:24.692,0.9236,0.92385,1.42,1.30
2014.12.12 15:28:24.944,0.92362,0.92389,1.00,1.05
2014.12.12 15:28:25.473,0.92362,0.9239,1.55,1.72
2014.12.12 15:28:25.574,0.92362,0.92395,1.55,2.02
2014.12.12 15:28:25.674,0.92362,0.92395,1.55,1.15
2014.12.12 15:28:26.207,0.92362,0.92395,1.55,1.87
2014.12.12 15:28:28.204,0.92361,0.92394,1.52,1.12
2014.12.12 15:28:28.518,0.92362,0.92395,3.45,1.00
2014.12.12 15:28:28.820,0.92365,0.92395,2.70,1.72
2014.12.12 15:28:28.972,0.92365,0.92395,1.55,1.80
2014.12.12 15:28:29.123,0.92365,0.9239,1.55,1.00
2014.12.12 15:28:29.188,0.92365,0.92395,1.52,1.00
2014.12.12 15:28:29.440,0.92369,0.92399,1.70,1.05
2014.12.12 15:28:30.013,0.92369,0.92398,1.80,1.30
2014.12.12 15:28:30.114,0.92369,0.92398,2.17,1.30
2014.12.12 15:28:30.832,0.92369,0.92395,1.05,1.00
2014.12.12 15:28:31.347,0.92369,0.92396,1.05,1.00
2014.12.12 15:28:31.875,0.9237,0.92396,1.30,1.00
2014.12.12 15:28:32.393,0.9237,0.92395,1.30,1.00
2014.12.12 15:28:34.606,0.92369,0.92398,1.80,1.30
2014.12.12 15:28:35.190,0.92369,0.92399,1.70,1.42
2014.12.12 15:28:35.273,0.92369,0.92396,1.70,1.30
2014.12.12 15:28:35.577,0.9237,0.924,1.30,2.25
2014.12.12 15:28:35.679,0.9237,0.924,1.37,1.07
2014.12.12 15:28:36.135,0.9237,0.92401,1.12,1.00
2014.12.12 15:28:36.680,0.9237,0.92402,1.12,1.30
2014.12.12 15:28:37.041,0.9237,0.924,1.12,1.00
2014.12.12 15:28:37.142,0.92371,0.92402,1.52,1.30
2014.12.12 15:28:37.322,0.92371,0.924,1.52,1.00
2014.12.12 15:28:37.544,0.92371,0.92402,1.52,1.30
2014.12.12 15:28:37.693,0.92371,0.924,1.52,1.00
2014.12.12 15:28:37.895,0.92372,0.92402,1.55,1.30
2014.12.12 15:28:38.362,0.92372,0.92403,1.55,1.05
2014.12.12 15:28:39.094,0.92372,0.924,1.55,1.00
2014.12.12 15:28:39.246,0.92371,0.924,1.52,1.00
2014.12.12 15:28:39.815,0.9237,0.92398,1.87,1.30
2014.12.12 15:28:39.916,0.9237,0.924,1.05,2.25
2014.12.12 15:28:39.966,0.9237,0.924,1.05,1.87
2014.12.12 15:28:40.572,0.9237,0.92399,1.80,1.05
2014.12.12 15:28:41.076,0.9237,0.92398,1.80,1.30
2014.12.12 15:28:41.400,0.9237,0.924,1.80,1.17
2014.12.12 15:28:41.803,0.9237,0.92402,1.87,1.30
2014.12.12 15:28:42.341,0.9237,0.92401,1.87,1.30
2014.12.12 15:28:42.492,0.9237,0.924,1.12,1.20
2014.12.12 15:28:42.896,0.9237,0.92399,1.12,1.30
2014.12.12 15:28:43.410,0.9237,0.924,1.12,1.05
2014.12.12 15:28:44.170,0.92369,0.92401,1.12,1.50
2014.12.12 15:28:44.220,0.92369,0.92397,1.12,1.30
2014.12.12 15:28:44.523,0.92366,0.92395,2.70,1.72
2014.12.12 15:28:44.684,0.92363,0.92394,1.52,1.30
2014.12.12 15:28:45.214,0.92362,0.92396,1.87,1.50
2014.12.12 15:28:47.728,0.92363,0.92398,4.05,2.55
2014.12.12 15:28:47.778,0.92365,0.92398,1.65,1.72
2014.12.12 15:28:47.930,0.92364,0.92393,2.70,1.30
2014.12.12 15:28:48.081,0.92362,0.92393,2.62,1.30
2014.12.12 15:28:48.384,0.92362,0.92391,1.12,1.30
2014.12.12 15:28:48.918,0.92363,0.92396,2.70,1.80
2014.12.12 15:28:49.019,0.92366,0.92396,2.70,1.30
2014.12.12 15:28:49.070,0.92366,0.92399,4.42,1.10
2014.12.12 15:28:49.120,0.9237,0.92403,1.27,1.82
2014.12.12 15:28:49.441,0.92371,0.92403,3.67,1.37
2014.12.12 15:28:49.895,0.92369,0.92402,1.27,2.25
2014.12.12 15:28:50.399,0.92368,0.92399,1.12,1.30
2014.12.12 15:28:50.903,0.92368,0.92398,1.12,1.30
2014.12.12 15:28:51.004,0.92369,0.924,1.52,1.00
2014.12.12 15:28:51.559,0.9237,0.924,1.55,1.00
2014.12.12 15:28:52.138,0.9237,0.924,1.17,1.37
2014.12.12 15:28:52.443,0.92363,0.92395,2.70,1.37
2014.12.12 15:28:52.746,0.92363,0.9239,2.70,1.00
2014.12.12 15:28:52.796,0.92362,0.9239,1.12,1.00
2014.12.12 15:28:52.847,0.92362,0.9239,1.12,1.00
2014.12.12 15:28:53.529,0.92358,0.92389,2.70,1.00
2014.12.12 15:28:53.586,0.92354,0.92385,1.45,1.12
2014.12.12 15:28:53.839,0.92352,0.92386,1.52,1.52
2014.12.12 15:28:54.192,0.9235,0.92385,4.05,2.02
2014.12.12 15:28:54.732,0.9235,0.92385,5.02,2.77
2014.12.12 15:28:55.712,0.92351,0.9238,1.82,1.00
2014.12.12 15:28:56.945,0.92351,0.92384,2.25,1.47
2014.12.12 15:28:57.097,0.92353,0.9238,1.27,1.00
2014.12.12 15:28:57.956,0.92353,0.9238,1.15,1.37
2014.12.12 15:28:58.701,0.92353,0.9238,1.15,1.12
2014.12.12 15:28:59.357,0.92349,0.9238,3.15,1.27
2014.12.12 15:28:59.861,0.92349,0.9238,1.47,1.55
2014.12.12 15:28:59.912,0.9235,0.9238,1.37,1.27
2014.12.12 15:29:00.442,0.92351,0.9238,1.55,1.12
2014.12.12 15:29:02.171,0.92351,0.9238,1.17,1.37
2014.12.12 15:29:04.540,0.92351,0.9238,1.00,1.55
2014.12.12 15:29:05.526,0.92351,0.9238,1.00,1.55
2014.12.12 15:29:05.627,0.92351,0.9238,1.00,1.92
2014.12.12 15:29:05.879,0.92342,0.9237,1.27,1.00
2014.12.12 15:29:06.030,0.92341,0.9237,1.15,1.37
2014.12.12 15:29:06.283,0.9234,0.9237,1.17,2.85
2014.12.12 15:29:06.786,0.92341,0.9237,1.47,1.12
2014.12.12 15:29:06.988,0.92344,0.92375,1.17,2.02
2014.12.12 15:29:07.190,0.92343,0.9237,1.12,1.00
2014.12.12 15:29:07.923,0.92342,0.9237,1.12,1.12
2014.12.12 15:29:08.075,0.92344,0.9237,1.00,1.12
2014.12.12 15:29:08.528,0.92342,0.92371,1.00,1.37
2014.12.12 15:29:10.113,0.92342,0.9237,1.00,1.37
2014.12.12 15:29:10.617,0.92342,0.9237,1.00,1.37
2014.12.12 15:29:10.854,0.92341,0.92365,1.00,1.12
2014.12.12 15:29:11.056,0.92339,0.92365,1.00,1.12
2014.12.12 15:29:11.164,0.92336,0.92365,1.57,1.12
2014.12.12 15:29:11.366,0.9234,0.92365,1.00,1.12
2014.12.12 15:29:12.210,0.9234,0.92366,1.00,1.50
2014.12.12 15:29:12.361,0.92334,0.9236,1.47,1.12
2014.12.12 15:29:12.563,0.92332,0.9236,1.12,1.20
2014.12.12 15:29:13.034,0.92332,0.9236,1.00,1.47
2014.12.12 15:29:13.562,0.92332,0.9236,1.00,1.47
2014.12.12 15:29:15.006,0.92332,0.92363,1.00,1.82
2014.12.12 15:29:15.236,0.92332,0.92365,1.37,3.45
2014.12.12 15:29:15.287,0.92332,0.92366,1.52,3.37
2014.12.12 15:29:15.388,0.92335,0.92367,1.52,1.37
2014.12.12 15:29:16.398,0.92337,0.92365,1.00,1.15
2014.12.12 15:29:16.550,0.92334,0.92365,1.10,1.15
2014.12.12 15:29:17.286,0.92336,0.92365,1.00,1.15
2014.12.12 15:29:17.731,0.92336,0.92365,1.15,1.00
2014.12.12 15:29:19.293,0.92336,0.92365,1.00,1.65
2014.12.12 15:29:19.394,0.92332,0.92364,2.10,4.87
2014.12.12 15:29:19.495,0.92332,0.92366,2.25,2.77
2014.12.12 15:29:19.546,0.92332,0.92366,1.87,2.02
2014.12.12 15:29:19.647,0.92333,0.92358,1.17,1.30
2014.12.12 15:29:19.748,0.92336,0.92365,1.00,1.15
2014.12.12 15:29:19.799,0.92336,0.92365,1.00,1.15
2014.12.12 15:29:19.849,0.92335,0.9236,1.00,1.00
2014.12.12 15:29:19.950,0.92331,0.9236,1.27,1.00
2014.12.12 15:29:20.001,0.92331,0.9236,1.00,1.10
2014.12.12 15:29:20.051,0.92331,0.92355,1.00,1.00
2014.12.12 15:29:20.354,0.92323,0.92352,1.17,1.30
2014.12.12 15:29:20.606,0.92321,0.92354,1.37,1.45
2014.12.12 15:29:21.151,0.92321,0.9235,1.00,1.10
2014.12.12 15:29:22.938,0.92322,0.92351,1.67,1.17
2014.12.12 15:29:23.140,0.92321,0.92355,1.52,1.47
2014.12.12 15:29:23.543,0.92325,0.92355,1.10,1.47
2014.12.12 15:29:24.047,0.92326,0.92355,1.00,1.47
2014.12.12 15:29:24.148,0.92328,0.92355,1.00,1.10
2014.12.12 15:29:24.249,0.9233,0.92355,1.00,1.10
2014.12.12 15:29:24.350,0.9233,0.9236,1.10,1.55
2014.12.12 15:29:24.451,0.9233,0.92355,1.10,1.00
2014.12.12 15:29:24.552,0.92331,0.9236,1.00,1.55
2014.12.12 15:29:25.017,0.92329,0.92355,1.65,1.00
2014.12.12 15:29:25.535,0.92329,0.92355,1.00,1.20
2014.12.12 15:29:26.006,0.92328,0.9235,1.00,1.00
2014.12.12 15:29:26.107,0.92322,0.92351,1.47,1.47
2014.12.12 15:29:26.309,0.92321,0.92351,1.00,1.52
2014.12.12 15:29:26.460,0.92319,0.9235,1.00,1.52
2014.12.12 15:29:26.612,0.92319,0.9235,1.00,1.65
2014.12.12 15:29:27.175,0.92318,0.9235,1.05,1.65
2014.12.12 15:29:27.226,0.92318,0.9235,1.05,1.52
2014.12.12 15:29:27.431,0.9232,0.92353,1.12,3.07
2014.12.12 15:29:27.733,0.9232,0.92355,2.62,1.52
2014.12.12 15:29:28.271,0.92323,0.92355,1.80,1.27
2014.12.12 15:29:28.523,0.92325,0.92359,1.55,1.52
2014.12.12 15:29:29.050,0.92324,0.92355,2.25,1.00
2014.12.12 15:29:29.655,0.92324,0.92355,1.65,1.12
2014.12.12 15:29:29.757,0.92322,0.92355,2.62,1.37
2014.12.12 15:29:29.968,0.92322,0.92355,1.55,1.52
2014.12.12 15:29:30.069,0.92322,0.9235,1.17,1.12
2014.12.12 15:29:30.272,0.92317,0.9235,1.10,1.52
2014.12.12 15:29:30.322,0.92319,0.9235,1.30,1.52
2014.12.12 15:29:31.296,0.9232,0.9235,1.67,1.15
2014.12.12 15:29:31.447,0.92323,0.92355,1.37,2.02
2014.12.12 15:29:31.699,0.92323,0.92353,1.50,2.70
2014.12.12 15:29:31.851,0.9232,0.92352,2.85,2.70
2014.12.12 15:29:31.931,0.9232,0.92352,3.22,2.32
2014.12.12 15:29:32.082,0.9232,0.92352,1.00,2.32
2014.12.12 15:29:32.486,0.92322,0.92352,1.30,2.32
2014.12.12 15:29:32.964,0.9232,0.92352,1.72,3.07
2014.12.12 15:29:33.392,0.92322,0.92352,1.30,3.07
2014.12.12 15:29:33.442,0.92322,0.92352,1.30,1.17
2014.12.12 15:29:33.493,0.92325,0.92355,1.00,1.15
2014.12.12 15:29:34.161,0.92324,0.92355,1.30,1.15
2014.12.12 15:29:34.464,0.92325,0.92358,1.37,3.45
2014.12.12 15:29:35.371,0.92325,0.92355,1.67,1.15
2014.12.12 15:29:35.684,0.92322,0.92354,1.50,1.27
2014.12.12 15:29:36.236,0.92322,0.92355,1.50,2.02
2014.12.12 15:29:37.508,0.92322,0.92354,1.87,1.17
2014.12.12 15:29:38.037,0.92323,0.92357,1.80,1.52
2014.12.12 15:29:39.461,0.92322,0.92356,4.05,1.12
2014.12.12 15:29:39.511,0.92323,0.92356,1.90,1.00
2014.12.12 15:29:39.663,0.92327,0.9236,1.87,1.12
2014.12.12 15:29:40.167,0.92326,0.92359,3.07,1.12
2014.12.12 15:29:40.218,0.92326,0.92359,2.70,2.10
2014.12.12 15:29:40.470,0.92322,0.92355,4.05,1.12
2014.12.12 15:29:42.641,0.92326,0.92355,2.70,1.00
2014.12.12 15:29:42.844,0.92327,0.92361,1.82,1.65
2014.12.12 15:29:43.017,0.92328,0.92361,1.90,1.27
2014.12.12 15:29:43.068,0.92336,0.92363,1.50,1.00
2014.12.12 15:29:43.170,0.92331,0.92365,2.62,1.15
2014.12.12 15:29:43.221,0.92331,0.92367,3.00,1.50
2014.12.12 15:29:43.727,0.92334,0.92369,1.67,5.62
2014.12.12 15:29:44.518,0.92333,0.92369,2.05,5.62
2014.12.12 15:29:44.569,0.92333,0.9237,4.05,1.52
2014.12.12 15:29:44.619,0.92337,0.9237,1.87,1.15
2014.12.12 15:29:44.670,0.92337,0.9237,1.87,1.00
2014.12.12 15:29:44.821,0.92336,0.92372,4.87,2.10
2014.12.12 15:29:45.023,0.92335,0.9237,1.45,1.15
2014.12.12 15:29:45.175,0.92337,0.9237,2.32,1.00
2014.12.12 15:29:45.477,0.92341,0.9237,2.32,1.00
2014.12.12 15:29:45.931,0.92341,0.92373,2.32,1.30
2014.12.12 15:29:46.046,0.92342,0.9237,1.87,1.00
2014.12.12 15:29:46.349,0.92345,0.9237,2.32,1.00
2014.12.12 15:29:46.399,0.92345,0.92375,2.32,1.00
2014.12.12 15:29:46.551,0.92342,0.92375,1.15,1.72
2014.12.12 15:29:47.055,0.92341,0.92371,1.15,1.00
2014.12.12 15:29:47.156,0.9234,0.92374,5.10,1.30
2014.12.12 15:29:48.210,0.9234,0.92374,6.60,1.30
2014.12.12 15:29:48.726,0.9234,0.92374,6.22,1.30
2014.12.12 15:29:49.347,0.9234,0.92376,7.95,1.50
2014.12.12 15:29:50.216,0.9234,0.92376,8.32,1.50
2014.12.12 15:29:50.971,0.92346,0.92377,2.70,1.67
2014.12.12 15:29:51.872,0.92346,0.92379,3.07,1.72
2014.12.12 15:29:52.640,0.92346,0.92381,3.82,2.25
2014.12.12 15:29:52.792,0.92349,0.92381,2.70,1.42
2014.12.12 15:29:53.446,0.92349,0.92382,2.70,1.12
2014.12.12 15:29:53.648,0.92349,0.92385,3.07,2.92
2014.12.12 15:29:56.475,0.92351,0.92386,1.72,1.37
2014.12.12 15:29:57.023,0.92352,0.92388,1.67,2.10
2014.12.12 15:29:57.326,0.92351,0.92387,2.47,1.67
2014.12.12 15:29:57.775,0.9235,0.92386,2.25,1.67
2014.12.12 15:29:58.916,0.92351,0.92387,2.10,1.67
2014.12.12 15:29:59.438,0.92351,0.92386,1.37,1.67
2014.12.12 15:29:59.743,0.92352,0.92386,1.50,1.67
2014.12.12 15:30:00.651,0.92352,0.92387,1.37,1.67
2014.12.12 15:30:00.853,0.92349,0.92381,1.37,1.87
2014.12.12 15:30:01.055,0.92345,0.9238,1.82,1.50
2014.12.12 15:30:01.207,0.92341,0.92376,1.37,1.67
2014.12.12 15:30:01.358,0.92341,0.92376,1.00,1.00
2014.12.12 15:30:01.459,0.92341,0.92378,1.00,1.72
2014.12.12 15:30:01.510,0.92343,0.92378,1.00,1.30
2014.12.12 15:30:01.880,0.92343,0.92376,1.00,1.30
2014.12.12 15:30:02.241,0.92343,0.92376,1.37,1.67
2014.12.12 15:30:02.993,0.92343,0.92376,1.75,1.30
2014.12.12 15:30:03.094,0.92345,0.9238,2.32,1.12
2014.12.12 15:30:03.396,0.92347,0.92381,1.80,1.12
2014.12.12 15:30:03.699,0.92348,0.9238,1.00,1.30
2014.12.12 15:30:03.850,0.92348,0.92383,1.00,1.30
2014.12.12 15:30:04.002,0.92348,0.9238,1.00,1.00
2014.12.12 15:30:04.660,0.92348,0.92384,1.00,1.72
2014.12.12 15:30:04.711,0.92348,0.92384,1.37,2.10
2014.12.12 15:30:05.377,0.92348,0.92384,1.37,2.10
2014.12.12 15:30:07.178,0.92348,0.9238,1.37,1.12
2014.12.12 15:30:07.586,0.92348,0.9238,1.12,1.37
2014.12.12 15:30:08.617,0.92346,0.92375,1.45,1.00
2014.12.12 15:30:09.367,0.92346,0.9238,1.45,2.10
2014.12.12 15:30:09.671,0.92351,0.9238,1.37,1.00
2014.12.12 15:30:09.980,0.92349,0.92378,1.37,1.30
2014.12.12 15:30:12.204,0.92347,0.92379,6.37,1.35
2014.12.12 15:30:12.707,0.92349,0.9238,1.52,1.72
2014.12.12 15:30:13.010,0.92359,0.92385,2.70,1.00
2014.12.12 15:30:13.111,0.92354,0.92385,3.75,1.00
2014.12.12 15:30:13.212,0.92354,0.92386,2.85,2.32
2014.12.12 15:30:13.313,0.92353,0.92384,1.75,1.45
2014.12.12 15:30:13.431,0.92356,0.92386,1.37,3.30
2014.12.12 15:30:13.733,0.92364,0.92395,1.60,3.07
2014.12.12 15:30:13.935,0.92367,0.92395,1.00,1.15
2014.12.12 15:30:14.035,0.92367,0.92394,1.00,2.32
2014.12.12 15:30:14.209,0.92368,0.92394,1.00,1.30
2014.12.12 15:30:14.311,0.92367,0.92394,1.00,1.45
2014.12.12 15:30:14.412,0.92365,0.92392,1.00,1.45
2014.12.12 15:30:14.513,0.92365,0.92396,1.00,1.45
2014.12.12 15:30:15.609,0.92365,0.92394,1.37,1.12
2014.12.12 15:30:16.145,0.92364,0.92394,1.37,1.50
2014.12.12 15:30:17.303,0.92364,0.92394,1.37,1.50
2014.12.12 15:30:17.910,0.92364,0.92394,1.12,1.50
2014.12.12 15:30:18.230,0.92361,0.9239,1.37,1.45
2014.12.12 15:30:20.346,0.9236,0.9239,1.00,1.82
2014.12.12 15:30:20.447,0.9236,0.92388,1.00,1.50
2014.12.12 15:30:20.980,0.9236,0.92389,1.37,2.32
2014.12.12 15:30:21.508,0.92359,0.92389,1.37,2.32
2014.12.12 15:30:21.559,0.9236,0.9239,1.37,1.45
2014.12.12 15:30:21.660,0.92361,0.92393,1.37,2.70
2014.12.12 15:30:22.181,0.92364,0.92393,1.37,2.32
2014.12.12 15:30:22.695,0.92363,0.92393,1.37,2.32
2014.12.12 15:30:22.745,0.92363,0.92393,1.37,2.32
2014.12.12 15:30:23.724,0.92364,0.92394,1.12,2.32
2014.12.12 15:30:23.826,0.92364,0.92395,1.12,1.50
2014.12.12 15:30:24.624,0.92363,0.92395,1.12,2.25
2014.12.12 15:30:25.342,0.92363,0.92393,1.37,1.37
2014.12.12 15:30:25.571,0.92364,0.92397,2.02,1.50
2014.12.12 15:30:25.622,0.92364,0.92397,1.95,1.82
2014.12.12 15:30:25.673,0.92364,0.92395,1.00,1.15
2014.12.12 15:30:26.210,0.92362,0.92391,1.17,1.30
2014.12.12 15:30:26.361,0.92362,0.92391,1.00,1.45
2014.12.12 15:30:26.512,0.92365,0.92395,1.10,1.10
2014.12.12 15:30:26.628,0.92365,0.92395,1.17,1.10
2014.12.12 15:30:27.137,0.92365,0.92395,1.15,1.00
2014.12.12 15:30:27.658,0.92365,0.92395,1.27,1.37
2014.12.12 15:30:27.981,0.92372,0.92402,1.37,1.27
2014.12.12 15:30:28.082,0.92373,0.92405,1.47,2.25
2014.12.12 15:30:28.133,0.92374,0.92405,3.22,2.25
2014.12.12 15:30:28.462,0.92375,0.92404,1.67,2.32
2014.12.12 15:30:28.512,0.92375,0.92405,1.75,1.87
2014.12.12 15:30:28.614,0.92375,0.924,1.75,1.00
2014.12.12 15:30:28.916,0.92371,0.924,1.15,1.00
2014.12.12 15:30:28.967,0.92371,0.92395,1.15,1.00
2014.12.12 15:30:29.068,0.92371,0.924,1.15,1.00
2014.12.12 15:30:29.522,0.9237,0.92402,2.25,1.45
2014.12.12 15:30:29.673,0.92367,0.92399,4.42,1.45
2014.12.12 15:30:29.724,0.92367,0.92398,2.25,1.45
2014.12.12 15:30:30.530,0.92365,0.92399,1.15,1.45
2014.12.12 15:30:30.983,0.92364,0.92395,2.70,1.47
2014.12.12 15:30:31.354,0.92364,0.92395,2.70,1.47
2014.12.12 15:30:31.656,0.92363,0.92395,1.52,1.52
2014.12.12 15:30:32.064,0.92363,0.9239,1.15,1.37
2014.12.12 15:30:32.500,0.92362,0.92395,2.70,2.25
2014.12.12 15:30:33.763,0.92362,0.92391,2.32,1.67
2014.12.12 15:30:33.865,0.92359,0.92385,2.32,1.12
2014.12.12 15:30:33.967,0.92356,0.92385,2.70,1.12
2014.12.12 15:30:34.018,0.92355,0.92385,4.05,1.20
2014.12.12 15:30:34.069,0.92355,0.92385,1.87,1.52
2014.12.12 15:30:34.170,0.92355,0.92385,1.87,1.15
2014.12.12 15:30:34.290,0.92357,0.92386,1.52,1.00
2014.12.12 15:30:34.813,0.92356,0.9239,2.70,1.52
2014.12.12 15:30:37.207,0.92356,0.92386,2.32,1.50
2014.12.12 15:30:37.258,0.92355,0.92386,1.15,1.65
2014.12.12 15:30:37.309,0.92355,0.92375,1.15,1.00
2014.12.12 15:30:37.359,0.92352,0.92375,1.65,1.00
2014.12.12 15:30:37.411,0.92352,0.9238,1.15,1.37
2014.12.12 15:30:37.937,0.92348,0.9238,2.32,1.52
2014.12.12 15:30:38.622,0.9235,0.9238,1.15,1.52
2014.12.12 15:30:38.673,0.9235,0.9238,3.07,1.37
2014.12.12 15:30:38.975,0.9235,0.92379,2.32,1.37
2014.12.12 15:30:39.076,0.92347,0.92381,1.87,2.25
2014.12.12 15:30:39.278,0.9235,0.9238,2.32,1.37
2014.12.12 15:30:39.480,0.92347,0.9238,2.70,2.02
2014.12.12 15:30:39.995,0.92347,0.9238,2.70,2.02
2014.12.12 15:30:40.715,0.92355,0.92384,1.47,1.15
2014.12.12 15:30:40.766,0.92355,0.92384,1.52,1.17
2014.12.12 15:30:40.867,0.92355,0.92388,3.45,1.27
2014.12.12 15:30:42.165,0.92358,0.9239,2.70,1.55
2014.12.12 15:30:42.680,0.92362,0.92393,2.32,1.55
2014.12.12 15:30:42.983,0.92359,0.92392,2.70,1.52
2014.12.12 15:30:43.285,0.92359,0.9239,1.50,1.52
2014.12.12 15:30:44.073,0.92356,0.9239,2.70,4.42
2014.12.12 15:30:44.174,0.92354,0.92386,1.87,1.27
2014.12.12 15:30:44.399,0.92354,0.92389,1.50,3.07
2014.12.12 15:30:44.601,0.92359,0.9239,1.15,1.07
2014.12.12 15:30:44.702,0.9236,0.9239,2.32,1.10
2014.12.12 15:30:48.920,0.92363,0.92395,1.90,3.07
2014.12.12 15:30:48.971,0.92364,0.92397,1.87,1.15
2014.12.12 15:30:49.021,0.92366,0.924,4.57,3.07
2014.12.12 15:30:49.072,0.92367,0.924,2.70,1.15
2014.12.12 15:30:49.123,0.92369,0.924,2.70,1.07
2014.12.12 15:30:49.173,0.9237,0.924,2.70,1.00
2014.12.12 15:30:53.821,0.9237,0.92404,2.70,1.52
2014.12.12 15:30:54.562,0.9237,0.924,2.70,1.00
2014.12.12 15:30:54.825,0.9237,0.92395,2.32,1.00
2014.12.12 15:30:54.926,0.9237,0.92399,2.32,1.35
2014.12.12 15:30:55.128,0.92367,0.92399,2.70,1.50
2014.12.12 15:30:57.908,0.92367,0.924,3.45,4.42
2014.12.12 15:30:58.241,0.92367,0.92399,1.55,2.70
2014.12.12 15:30:58.786,0.92367,0.92399,2.02,2.70
2014.12.12 15:30:59.091,0.9237,0.92399,3.30,2.32
2014.12.12 15:30:59.141,0.92373,0.92402,1.45,2.32
2014.12.12 15:30:59.242,0.92374,0.92405,1.12,2.32
2014.12.12 15:30:59.344,0.92375,0.92408,1.52,2.70
2014.12.12 15:30:59.545,0.92376,0.92406,1.07,2.70
2014.12.12 15:30:59.646,0.92374,0.92405,1.12,1.52
2014.12.12 15:31:00.200,0.92372,0.92403,2.25,2.70
2014.12.12 15:31:00.879,0.92372,0.924,2.17,1.65
2014.12.12 15:31:00.930,0.92368,0.924,1.65,2.62
2014.12.12 15:31:00.981,0.92368,0.92395,1.65,1.37
2014.12.12 15:31:01.031,0.92368,0.92395,1.17,2.25
2014.12.12 15:31:01.132,0.92362,0.92395,1.45,4.42
2014.12.12 15:31:01.586,0.92362,0.92395,2.47,3.07
2014.12.12 15:31:01.737,0.92366,0.92399,1.47,2.70
2014.12.12 15:31:01.788,0.92366,0.92399,1.57,2.32
2014.12.12 15:31:02.040,0.92369,0.92401,2.25,2.32
2014.12.12 15:31:02.393,0.92367,0.92401,2.40,2.70
2014.12.12 15:31:02.646,0.92366,0.92395,1.17,1.15
2014.12.12 15:31:02.948,0.92362,0.92394,1.72,2.32
2014.12.12 15:31:03.603,0.92365,0.92394,1.00,2.32
2014.12.12 15:31:03.654,0.92367,0.92398,1.00,4.50
2014.12.12 15:31:03.755,0.92367,0.924,1.15,2.32
2014.12.12 15:31:04.862,0.92368,0.924,2.02,2.32
2014.12.12 15:31:06.210,0.92368,0.924,1.92,2.32
2014.12.12 15:31:06.513,0.92377,0.92403,1.00,2.32
2014.12.12 15:31:06.563,0.92377,0.92408,1.17,2.32
2014.12.12 15:31:06.865,0.92377,0.9241,1.15,1.15
2014.12.12 15:31:07.017,0.92377,0.9241,5.25,1.20
2014.12.12 15:31:07.118,0.92377,0.92409,2.32,1.07
2014.12.12 15:31:07.169,0.92375,0.92409,2.92,1.15
2014.12.12 15:31:07.219,0.92374,0.92408,2.92,2.32
2014.12.12 15:31:07.270,0.92372,0.92408,5.17,2.32
2014.12.12 15:31:07.371,0.92372,0.92404,4.42,1.45
2014.12.12 15:31:07.421,0.92372,0.92405,2.25,3.30
2014.12.12 15:31:10.727,0.92372,0.92402,2.25,2.70
2014.12.12 15:31:12.053,0.92369,0.92401,1.65,1.82
2014.12.12 15:31:12.154,0.92368,0.92399,1.95,2.70
2014.12.12 15:31:12.637,0.92366,0.92402,3.45,4.42
2014.12.12 15:31:15.810,0.92367,0.92402,1.15,3.82
2014.12.12 15:31:15.911,0.92363,0.92399,2.70,5.32
2014.12.12 15:31:16.063,0.92362,0.92395,1.87,2.70
2014.12.12 15:31:17.484,0.9236,0.92394,4.20,2.70
2014.12.12 15:31:17.585,0.9236,0.92393,1.52,2.70
2014.12.12 15:31:18.091,0.9236,0.92393,2.25,2.70
2014.12.12 15:31:18.242,0.92365,0.92393,1.37,2.32
2014.12.12 15:31:18.343,0.92362,0.92396,1.12,2.70
2014.12.12 15:31:18.486,0.92363,0.92396,2.20,2.32
2014.12.12 15:31:18.638,0.92365,0.92396,1.17,2.32
2014.12.12 15:31:18.790,0.92367,0.92396,1.07,2.25
2014.12.12 15:31:18.891,0.92367,0.92396,3.07,1.10
2014.12.12 15:31:19.093,0.92365,0.92401,3.07,4.05
2014.12.12 15:31:21.786,0.92368,0.924,2.70,1.82
2014.12.12 15:31:22.307,0.92368,0.92401,2.70,2.25
2014.12.12 15:31:23.490,0.92371,0.92403,2.70,1.52
2014.12.12 15:31:24.021,0.92371,0.92403,2.70,1.55
2014.12.12 15:31:24.126,0.92371,0.92404,2.70,1.52
2014.12.12 15:31:25.095,0.9237,0.92403,3.07,2.32
2014.12.12 15:31:25.146,0.92369,0.92403,1.82,3.45
2014.12.12 15:31:25.297,0.92371,0.92402,2.70,1.27
2014.12.12 15:31:25.348,0.92371,0.92404,2.70,1.52
2014.12.12 15:31:27.011,0.92375,0.92405,2.32,2.02
2014.12.12 15:31:27.062,0.92375,0.92405,2.70,1.57
2014.12.12 15:31:27.314,0.92374,0.92405,3.07,1.95
2014.12.12 15:31:27.365,0.9237,0.92405,6.60,1.27
2014.12.12 15:31:30.354,0.92371,0.92405,1.82,1.52
2014.12.12 15:31:30.889,0.9237,0.92405,4.87,2.02
2014.12.12 15:31:31.383,0.9237,0.92404,2.32,3.82
2014.12.12 15:31:31.584,0.92367,0.92401,1.12,3.45
2014.12.12 15:31:32.190,0.92367,0.92398,1.12,3.45
2014.12.12 15:31:32.493,0.92378,0.92407,1.37,1.15
2014.12.12 15:31:32.594,0.92378,0.92407,1.12,1.15
2014.12.12 15:31:32.695,0.92375,0.92407,1.15,2.32
2014.12.12 15:31:32.997,0.92375,0.92408,3.07,3.07
2014.12.12 15:31:33.098,0.92375,0.92408,1.15,4.05
2014.12.12 15:31:33.401,0.92377,0.924,1.12,1.00
2014.12.12 15:31:33.754,0.92373,0.92404,3.30,1.17
2014.12.12 15:31:34.006,0.92375,0.92404,2.70,1.10
2014.12.12 15:31:34.209,0.92385,0.92419,1.52,3.45
2014.12.12 15:31:34.411,0.92386,0.92415,2.70,1.00
2014.12.12 15:31:34.612,0.92386,0.92418,2.70,1.37
2014.12.12 15:31:34.865,0.92387,0.92415,1.82,1.00
2014.12.12 15:31:34.966,0.92387,0.92418,1.82,1.37
2014.12.12 15:31:36.004,0.92386,0.92418,2.70,1.00
2014.12.12 15:31:36.381,0.92386,0.92415,2.70,1.00
2014.12.12 15:31:36.482,0.92386,0.92419,3.07,1.12
2014.12.12 15:31:36.561,0.9239,0.92419,2.70,1.00
2014.12.12 15:31:36.612,0.9239,0.92424,2.70,2.17
2014.12.12 15:31:37.296,0.92389,0.92424,3.82,2.17
2014.12.12 15:31:37.397,0.92388,0.92423,1.27,1.82
2014.12.12 15:31:37.599,0.9239,0.9242,2.32,1.00
2014.12.12 15:31:38.019,0.92393,0.92425,2.62,1.17
2014.12.12 15:31:38.299,0.92393,0.92425,1.87,1.10
2014.12.12 15:31:38.770,0.92395,0.92425,1.82,1.00
2014.12.12 15:31:39.173,0.92394,0.92425,2.20,1.12
2014.12.12 15:31:40.056,0.92395,0.92425,1.82,1.37
2014.12.12 15:31:40.259,0.92395,0.92426,1.45,1.37
2014.12.12 15:31:40.580,0.92392,0.9242,1.87,1.37
2014.12.12 15:31:40.999,0.92389,0.9242,2.70,1.37
2014.12.12 15:31:41.714,0.92388,0.9242,3.67,1.95
2014.12.12 15:31:41.765,0.92388,0.9242,2.32,2.32
2014.12.12 15:31:41.815,0.92386,0.9242,1.12,4.50
2014.12.12 15:31:41.916,0.92385,0.92415,1.10,1.45
2014.12.12 15:31:42.017,0.92381,0.92415,1.50,2.02
2014.12.12 15:31:43.289,0.9238,0.9241,1.82,1.00
2014.12.12 15:31:43.390,0.92384,0.9241,1.67,1.00
2014.12.12 15:31:43.440,0.92384,0.92414,1.75,1.07
2014.12.12 15:31:43.491,0.92382,0.92415,1.65,1.10
2014.12.12 15:31:43.693,0.92385,0.92415,1.42,1.10
2014.12.12 15:31:44.197,0.92386,0.9242,1.82,2.02
2014.12.12 15:31:44.399,0.92385,0.92416,5.17,1.00
2014.12.12 15:31:45.356,0.92386,0.9242,2.62,2.02
2014.12.12 15:31:45.407,0.92386,0.9242,4.05,1.57
2014.12.12 15:31:45.904,0.92386,0.9242,4.80,1.47
2014.12.12 15:31:46.741,0.92388,0.9242,2.20,1.10
2014.12.12 15:31:46.943,0.92392,0.92423,1.82,1.00
2014.12.12 15:31:47.462,0.92392,0.92426,1.52,2.25
2014.12.12 15:31:48.618,0.92392,0.92426,1.52,2.25
2014.12.12 15:31:49.329,0.92392,0.92425,1.27,2.25
2014.12.12 15:31:49.939,0.92392,0.92421,1.52,1.00
2014.12.12 15:31:50.476,0.92392,0.92425,1.37,1.52
2014.12.12 15:31:51.538,0.92392,0.9242,1.37,1.00
2014.12.12 15:31:52.068,0.92392,0.92425,1.37,1.52
2014.12.12 15:31:53.127,0.92391,0.92425,1.47,1.27
2014.12.12 15:31:53.655,0.92392,0.92425,1.75,1.45
2014.12.12 15:31:53.756,0.92396,0.92428,1.05,2.25
2014.12.12 15:31:54.279,0.92396,0.92425,1.80,1.00
2014.12.12 15:31:54.481,0.92395,0.92426,1.87,1.47
2014.12.12 15:31:54.651,0.92394,0.92421,1.12,1.30
2014.12.12 15:31:55.155,0.92393,0.9242,3.22,1.00
2014.12.12 15:31:55.307,0.92393,0.92424,3.60,1.45
2014.12.12 15:31:55.358,0.92395,0.92424,1.77,1.30
2014.12.12 15:31:55.510,0.92395,0.92428,1.77,1.45
2014.12.12 15:31:56.015,0.92397,0.9243,1.00,1.87
2014.12.12 15:31:56.675,0.92397,0.9243,1.37,2.25
2014.12.12 15:31:56.882,0.92396,0.92426,1.80,1.20
2014.12.12 15:31:57.084,0.92396,0.92425,1.05,1.37
2014.12.12 15:31:58.384,0.92396,0.92425,1.05,1.00
2014.12.12 15:31:58.867,0.92396,0.92429,1.05,2.25
2014.12.12 15:31:59.379,0.92396,0.92425,2.85,1.00
2014.12.12 15:31:59.459,0.92396,0.9243,2.85,1.45
2014.12.12 15:31:59.998,0.92396,0.9243,2.85,2.17
2014.12.12 15:32:01.697,0.92396,0.9243,2.10,1.45
2014.12.12 15:32:01.800,0.92396,0.92425,2.10,1.00
2014.12.12 15:32:02.003,0.92395,0.92425,1.82,1.10
2014.12.12 15:32:02.375,0.92392,0.92425,1.82,1.47
2014.12.12 15:32:02.577,0.92392,0.92425,1.42,2.02
2014.12.12 15:32:02.739,0.92389,0.92424,2.25,1.65
2014.12.12 15:32:03.397,0.92389,0.9242,1.75,1.45
2014.12.12 15:32:03.901,0.92392,0.92415,1.30,1.00
2014.12.12 15:32:04.103,0.92389,0.9242,1.67,1.15
2014.12.12 15:32:04.405,0.92387,0.9242,1.55,1.52
2014.12.12 15:32:04.456,0.92386,0.92416,1.82,1.00
2014.12.12 15:32:04.663,0.92386,0.92419,1.82,1.27
2014.12.12 15:32:04.969,0.92384,0.92415,1.52,1.00
2014.12.12 15:32:05.070,0.92381,0.92415,1.52,1.52
2014.12.12 15:32:05.120,0.9238,0.9241,1.52,1.00
2014.12.12 15:32:05.272,0.92381,0.9241,1.35,1.27
2014.12.12 15:32:05.830,0.92382,0.92412,1.30,1.52
2014.12.12 15:32:06.372,0.92381,0.92413,1.35,1.52
2014.12.12 15:32:08.550,0.92377,0.92411,1.52,1.52
2014.12.12 15:32:09.217,0.92379,0.9241,1.42,1.55
2014.12.12 15:32:09.421,0.92379,0.92414,2.17,2.70
2014.12.12 15:32:10.207,0.92382,0.9241,1.30,1.55
2014.12.12 15:32:10.258,0.92376,0.9241,1.52,1.55
2014.12.12 15:32:11.927,0.92374,0.92408,4.05,1.00
2014.12.12 15:32:12.459,0.92375,0.92408,1.82,1.12
2014.12.12 15:32:13.871,0.9238,0.92409,1.00,1.47
2014.12.12 15:32:14.393,0.9238,0.92412,1.37,1.52
2014.12.12 15:32:14.444,0.92381,0.92412,1.67,1.15
2014.12.12 15:32:14.545,0.92382,0.92417,1.55,2.02
2014.12.12 15:32:14.646,0.92382,0.9241,1.17,1.37
2014.12.12 15:32:14.747,0.92381,0.9241,1.30,1.52
2014.12.12 15:32:14.949,0.92373,0.92408,1.65,1.82
2014.12.12 15:32:15.101,0.92372,0.924,1.07,1.00
2014.12.12 15:32:15.151,0.9237,0.924,1.15,1.00
2014.12.12 15:32:15.303,0.9237,0.92405,1.65,2.62
2014.12.12 15:32:15.665,0.92369,0.924,1.87,1.00
2014.12.12 15:32:15.766,0.9237,0.92404,1.15,1.15
2014.12.12 15:32:16.284,0.9237,0.92404,2.25,1.52
2014.12.12 15:32:16.759,0.9237,0.924,1.82,1.00
2014.12.12 15:32:17.057,0.9237,0.92404,2.25,1.52
2014.12.12 15:32:19.050,0.92371,0.92404,1.50,1.52
2014.12.12 15:32:19.706,0.92375,0.92405,1.30,2.02
2014.12.12 15:32:20.354,0.92376,0.92405,1.67,1.65
2014.12.12 15:32:20.658,0.92375,0.92409,1.55,1.52
2014.12.12 15:32:21.088,0.92372,0.92406,1.42,1.52
2014.12.12 15:32:21.240,0.92368,0.924,1.15,1.00
2014.12.12 15:32:21.291,0.92367,0.924,1.12,1.65
2014.12.12 15:32:21.393,0.92365,0.92395,1.87,1.00
2014.12.12 15:32:21.595,0.92367,0.92399,1.12,1.20
2014.12.12 15:32:22.472,0.92366,0.92395,1.45,1.00
2014.12.12 15:32:22.574,0.92366,0.924,1.45,1.15
2014.12.12 15:32:22.953,0.92366,0.924,1.82,2.02
2014.12.12 15:32:24.054,0.92366,0.92401,2.25,2.40
2014.12.12 15:32:24.356,0.92364,0.92395,1.52,1.00
2014.12.12 15:32:24.760,0.92364,0.92395,1.65,1.00
2014.12.12 15:32:25.062,0.92367,0.92395,1.50,1.00
2014.12.12 15:32:25.163,0.92365,0.92395,1.50,1.37
2014.12.12 15:32:25.465,0.92361,0.9239,1.67,1.17
2014.12.12 15:32:25.667,0.9236,0.92393,1.10,1.15
2014.12.12 15:32:25.718,0.92362,0.92394,1.00,2.32
2014.12.12 15:32:26.095,0.9236,0.9239,1.30,1.15
2014.12.12 15:32:26.196,0.92357,0.92385,1.12,1.00
2014.12.12 15:32:26.549,0.92359,0.9239,1.30,1.65
2014.12.12 15:32:26.857,0.92359,0.92385,1.30,1.00
2014.12.12 15:32:27.311,0.92356,0.92387,1.45,1.00
2014.12.12 15:32:27.614,0.92362,0.92393,1.05,3.00
2014.12.12 15:32:27.664,0.92362,0.92395,1.12,1.65
2014.12.12 15:32:28.170,0.92362,0.92397,1.55,1.15
2014.12.12 15:32:28.674,0.92363,0.92395,1.10,1.15
2014.12.12 15:32:29.090,0.92364,0.92395,1.67,1.27
2014.12.12 15:32:30.288,0.92366,0.92398,2.05,2.32
2014.12.12 15:32:30.339,0.92366,0.92399,2.20,1.00
2014.12.12 15:32:30.591,0.9237,0.92405,1.47,3.45
2014.12.12 15:32:30.751,0.92369,0.92405,4.20,2.02
2014.12.12 15:32:30.984,0.9237,0.92405,2.62,1.27
2014.12.12 15:32:31.480,0.9237,0.92405,1.52,1.27
2014.12.12 15:32:31.581,0.9237,0.92405,1.52,1.50
2014.12.12 15:32:31.884,0.9237,0.92404,1.90,1.10
2014.12.12 15:32:32.390,0.92372,0.92408,1.52,1.52
2014.12.12 15:32:32.904,0.92374,0.92409,1.42,3.45
2014.12.12 15:32:33.634,0.92375,0.92409,1.35,3.82
2014.12.12 15:32:34.232,0.92375,0.92405,1.67,1.17
2014.12.12 15:32:34.333,0.92375,0.92407,1.82,1.20
2014.12.12 15:32:34.591,0.92377,0.92407,1.50,1.10
2014.12.12 15:32:34.844,0.9238,0.92412,1.75,1.20
2014.12.12 15:32:35.247,0.92377,0.92409,1.87,1.00
2014.12.12 15:32:35.751,0.92377,0.92409,1.82,1.37
2014.12.12 15:32:36.388,0.92378,0.92408,1.75,1.20
2014.12.12 15:32:38.729,0.92374,0.92408,2.25,1.55
2014.12.12 15:32:39.621,0.92373,0.92408,2.62,1.55
2014.12.12 15:32:40.170,0.92373,0.92408,1.52,2.25
2014.12.12 15:32:41.160,0.92373,0.92408,1.90,1.17
2014.12.12 15:32:41.866,0.92373,0.92407,1.90,1.10
2014.12.12 15:32:42.526,0.92374,0.92407,1.27,1.10
2014.12.12 15:32:42.841,0.92376,0.92413,5.55,1.15
2014.12.12 15:32:43.043,0.92379,0.92413,1.65,2.25
2014.12.12 15:32:43.144,0.92377,0.9241,1.52,1.47
2014.12.12 15:32:43.195,0.92376,0.9241,1.55,1.45
2014.12.12 15:32:43.498,0.92375,0.9241,1.90,1.65
2014.12.12 15:32:43.548,0.92375,0.9241,1.15,1.65
2014.12.12 15:32:43.599,0.92375,0.92406,2.32,1.72
2014.12.12 15:32:43.700,0.92377,0.92404,1.00,1.05
2014.12.12 15:32:43.801,0.9238,0.9241,1.00,2.32
2014.12.12 15:32:43.902,0.92379,0.9241,1.07,1.10
2014.12.12 15:32:44.205,0.92382,0.9241,2.32,1.30
2014.12.12 15:32:44.356,0.92383,0.92415,1.15,1.00
2014.12.12 15:32:44.457,0.92382,0.92412,3.07,1.30
2014.12.12 15:32:44.508,0.92381,0.92412,1.15,1.30
2014.12.12 15:32:44.559,0.9238,0.9241,1.15,1.30
2014.12.12 15:32:44.660,0.92382,0.92415,1.15,1.87
2014.12.12 15:32:45.113,0.9238,0.9241,1.15,1.30
2014.12.12 15:32:45.214,0.92384,0.92415,1.10,1.15
2014.12.12 15:32:46.004,0.92384,0.92416,1.57,1.15
2014.12.12 15:32:46.159,0.92382,0.92415,1.52,1.52
2014.12.12 15:32:46.909,0.9238,0.92415,1.65,2.25
2014.12.12 15:32:47.599,0.9238,0.92415,1.52,2.25
2014.12.12 15:32:48.969,0.92379,0.9241,2.70,1.37
2014.12.12 15:32:49.021,0.92379,0.9241,1.45,1.47
2014.12.12 15:32:49.071,0.92379,0.9241,1.07,2.17
2014.12.12 15:32:49.375,0.92375,0.9241,4.05,1.80
2014.12.12 15:32:49.527,0.9238,0.92413,2.70,1.35
2014.12.12 15:32:49.678,0.92381,0.92414,1.90,1.05
2014.12.12 15:32:52.221,0.92381,0.92415,1.65,2.25
2014.12.12 15:32:52.524,0.92379,0.92413,3.07,1.52
2014.12.12 15:32:52.987,0.9239,0.92413,2.10,1.15
2014.12.12 15:32:53.189,0.92397,0.92423,2.32,1.30
2014.12.12 15:32:53.240,0.92395,0.92425,2.25,3.22
2014.12.12 15:32:53.341,0.92394,0.92425,1.00,5.47
2014.12.12 15:32:53.442,0.92394,0.9242,1.07,1.10
2014.12.12 15:32:53.593,0.92394,0.92425,1.15,1.87
2014.12.12 15:32:53.946,0.92397,0.92423,1.07,1.05
2014.12.12 15:32:54.047,0.92397,0.92425,1.15,1.10
2014.12.12 15:32:54.868,0.92397,0.92427,1.07,2.32
2014.12.12 15:32:54.918,0.92397,0.92422,1.00,1.05
2014.12.12 15:32:55.019,0.92392,0.9242,1.50,1.80
2014.12.12 15:32:55.322,0.92389,0.92417,2.17,1.45
2014.12.12 15:32:56.538,0.92389,0.9242,3.67,3.07
2014.12.12 15:32:56.639,0.92392,0.92424,1.12,1.45
2014.12.12 15:32:56.740,0.92394,0.92424,1.47,1.45
2014.12.12 15:32:57.060,0.92398,0.92425,1.27,1.05
2014.12.12 15:32:57.211,0.92398,0.92425,1.10,1.12
2014.12.12 15:32:57.564,0.92395,0.92422,1.15,1.30
2014.12.12 15:32:58.457,0.92393,0.9242,2.70,1.00
2014.12.12 15:32:58.882,0.92393,0.92422,3.45,1.30
2014.12.12 15:32:59.083,0.92394,0.92422,1.47,1.45
2014.12.12 15:32:59.800,0.92394,0.9242,1.10,1.10
2014.12.12 15:33:00.052,0.92393,0.9242,1.00,1.15
2014.12.12 15:33:00.355,0.92393,0.92422,1.37,3.30
2014.12.12 15:33:00.607,0.92393,0.92422,1.00,2.32
2014.12.12 15:33:00.758,0.92394,0.92424,1.07,1.12
2014.12.12 15:33:01.080,0.92388,0.92419,1.75,1.45
2014.12.12 15:33:01.181,0.92389,0.92419,1.77,1.45
2014.12.12 15:33:01.484,0.92394,0.92423,2.25,1.30
2014.12.12 15:33:01.786,0.92397,0.9242,1.17,1.30
2014.12.12 15:33:01.887,0.92391,0.9242,1.15,1.30
2014.12.12 15:33:01.988,0.9239,0.92418,3.67,1.30
2014.12.12 15:33:02.089,0.9239,0.92422,2.92,1.12
2014.12.12 15:33:02.442,0.92392,0.92425,2.32,1.87
2014.12.12 15:33:02.493,0.92393,0.92425,2.32,1.87
2014.12.12 15:33:03.468,0.92392,0.92426,1.52,3.67
2014.12.12 15:33:03.797,0.92394,0.92423,2.32,1.30
2014.12.12 15:33:04.068,0.92396,0.92426,2.32,1.00
2014.12.12 15:33:04.421,0.92396,0.92424,2.32,1.30
2014.12.12 15:33:04.472,0.92394,0.92424,3.45,1.05
2014.12.12 15:33:04.875,0.92396,0.92421,2.32,1.30
2014.12.12 15:33:05.147,0.92393,0.9242,1.27,1.30
2014.12.12 15:33:05.198,0.9239,0.92418,4.05,1.30
2014.12.12 15:33:05.501,0.92392,0.92417,1.17,1.30
2014.12.12 15:33:05.602,0.92389,0.92417,1.12,1.12
2014.12.12 15:33:05.753,0.92388,0.92413,2.25,1.30
2014.12.12 15:33:06.509,0.92388,0.92411,2.10,1.30
2014.12.12 15:33:07.059,0.92388,0.9241,2.10,1.30
2014.12.12 15:33:08.065,0.92388,0.92411,2.10,1.30
2014.12.12 15:33:08.592,0.92388,0.92413,2.10,1.30
2014.12.12 15:33:08.693,0.92388,0.9241,2.10,1.30
2014.12.12 15:33:09.017,0.92388,0.92413,2.25,1.30
2014.12.12 15:33:09.270,0.92388,0.9241,2.25,1.30
2014.12.12 15:33:09.781,0.92388,0.92409,2.10,1.30
2014.12.12 15:33:10.311,0.92388,0.9241,2.10,1.30
2014.12.12 15:33:11.447,0.92388,0.92411,2.10,1.30
2014.12.12 15:33:11.648,0.92385,0.92409,1.15,1.30
2014.12.12 15:33:11.800,0.92384,0.92409,1.00,1.05
2014.12.12 15:33:11.901,0.92383,0.92407,1.42,1.30
2014.12.12 15:33:12.209,0.92386,0.9241,1.10,1.30
2014.12.12 15:33:12.653,0.92385,0.92412,1.65,1.30
2014.12.12 15:33:12.956,0.92386,0.92409,1.00,1.30
2014.12.12 15:33:13.108,0.92386,0.92414,2.02,1.12
2014.12.12 15:33:13.209,0.92387,0.92411,1.65,1.30
2014.12.12 15:33:13.310,0.92384,0.92409,1.27,1.30
2014.12.12 15:33:13.619,0.92383,0.92408,1.17,1.30
2014.12.12 15:33:13.670,0.92383,0.92404,1.17,1.30
2014.12.12 15:33:13.922,0.9238,0.92403,1.15,1.30
2014.12.12 15:33:14.074,0.92377,0.92401,2.92,1.30
2014.12.12 15:33:14.226,0.92375,0.92404,1.15,1.12
2014.12.12 15:33:14.732,0.92376,0.92402,1.17,1.30
2014.12.12 15:33:14.783,0.92376,0.92402,1.15,1.30
2014.12.12 15:33:14.934,0.92377,0.92402,1.10,1.30
2014.12.12 15:33:14.985,0.92377,0.92403,1.17,1.05
2014.12.12 15:33:15.096,0.92377,0.92405,1.15,1.30
2014.12.12 15:33:15.199,0.92376,0.92404,1.17,1.37
2014.12.12 15:33:15.402,0.92373,0.92395,2.32,1.30
2014.12.12 15:33:15.503,0.92371,0.92395,1.50,1.30
2014.12.12 15:33:15.755,0.92371,0.92398,1.50,1.30
2014.12.12 15:33:16.058,0.92371,0.92396,1.50,1.30
2014.12.12 15:33:16.310,0.92371,0.92398,1.50,1.30
2014.12.12 15:33:16.822,0.92371,0.92399,1.50,1.30
2014.12.12 15:33:16.977,0.92371,0.92397,1.50,1.30
2014.12.12 15:33:17.491,0.92371,0.92396,1.15,1.30
2014.12.12 15:33:17.942,0.92371,0.92396,1.17,1.30
2014.12.12 15:33:18.487,0.92372,0.924,1.27,1.37
2014.12.12 15:33:18.537,0.92372,0.924,1.27,1.30
2014.12.12 15:33:18.588,0.92375,0.92402,1.55,1.37
2014.12.12 15:33:18.689,0.92375,0.92405,1.52,1.87
2014.12.12 15:33:19.223,0.92376,0.92404,2.70,1.30
2014.12.12 15:33:19.347,0.92375,0.92409,1.52,1.82
2014.12.12 15:33:19.450,0.92376,0.92409,1.90,1.45
2014.12.12 15:33:19.500,0.92378,0.9241,1.52,1.15
2014.12.12 15:33:19.551,0.92379,0.9241,2.02,1.15
2014.12.12 15:33:19.803,0.92383,0.92417,3.07,1.82
2014.12.12 15:33:20.056,0.92387,0.92419,1.50,2.70
2014.12.12 15:33:20.156,0.92387,0.92419,1.12,2.32
2014.12.12 15:33:20.610,0.92382,0.92414,4.42,2.25
2014.12.12 15:33:20.711,0.9238,0.92413,1.15,1.45
2014.12.12 15:33:22.479,0.92379,0.92414,3.00,3.67
2014.12.12 15:33:22.799,0.9238,0.92393,2.32,1.30
2014.12.12 15:33:22.950,0.92366,0.92393,1.55,1.05
2014.12.12 15:33:23.001,0.92366,0.92393,1.17,1.05
2014.12.12 15:33:23.102,0.92367,0.9239,1.10,1.07
2014.12.12 15:33:23.405,0.92355,0.92381,3.07,1.30
2014.12.12 15:33:23.456,0.92355,0.92383,2.32,1.30
2014.12.12 15:33:23.772,0.92359,0.92385,1.12,1.00
2014.12.12 15:33:23.924,0.92364,0.9239,2.32,1.30
2014.12.12 15:33:24.025,0.9236,0.9239,2.32,1.30
2014.12.12 15:33:24.660,0.9236,0.92389,2.32,1.30
2014.12.12 15:33:24.761,0.92357,0.92389,2.92,1.12
2014.12.12 15:33:24.811,0.92359,0.92389,2.32,1.37
2014.12.12 15:33:24.862,0.9236,0.92393,3.07,1.45
2014.12.12 15:33:24.913,0.92365,0.92393,2.32,1.30
2014.12.12 15:33:24.963,0.92365,0.92395,2.32,1.00
2014.12.12 15:33:25.014,0.9237,0.92395,4.87,1.00
2014.12.12 15:33:25.115,0.92375,0.92401,2.32,1.00
2014.12.12 15:33:25.166,0.92375,0.92406,2.32,2.25
2014.12.12 15:33:25.216,0.92378,0.92406,2.70,1.00
2014.12.12 15:33:25.469,0.92368,0.92395,1.15,1.00
2014.12.12 15:33:25.722,0.92368,0.924,2.32,1.45
2014.12.12 15:33:25.823,0.9237,0.92405,4.50,1.87
2014.12.12 15:33:27.497,0.9237,0.92405,4.50,2.25
2014.12.12 15:33:27.548,0.92368,0.92405,1.87,6.60
2014.12.12 15:33:27.701,0.92368,0.92396,1.45,1.00
2014.12.12 15:33:27.752,0.92365,0.92396,2.70,1.10
2014.12.12 15:33:27.954,0.92361,0.92396,4.87,1.15
2014.12.12 15:33:28.932,0.92361,0.92393,4.50,1.37
2014.12.12 15:33:29.417,0.92361,0.92395,4.50,2.62
2014.12.12 15:33:29.798,0.92361,0.92391,4.50,1.67
2014.12.12 15:33:29.848,0.92358,0.92385,2.32,1.00
2014.12.12 15:33:29.949,0.92354,0.92385,2.32,1.17
2014.12.12 15:33:30.051,0.92351,0.92385,1.27,3.07
2014.12.12 15:33:30.152,0.92357,0.92385,2.70,1.00
2014.12.12 15:33:30.555,0.92353,0.92385,2.62,1.87
2014.12.12 15:33:30.857,0.92353,0.92384,2.25,1.45
2014.12.12 15:33:33.689,0.92354,0.92385,1.12,1.57
2014.12.12 15:33:33.790,0.92356,0.92386,2.92,1.47
2014.12.12 15:33:33.942,0.92358,0.92391,2.70,1.52
2014.12.12 15:33:33.993,0.92358,0.92385,2.70,1.00
2014.12.12 15:33:34.396,0.92356,0.92385,1.45,1.00
2014.12.12 15:33:34.655,0.92357,0.9239,2.32,1.17
2014.12.12 15:33:34.706,0.92358,0.9239,2.32,1.17
2014.12.12 15:33:36.115,0.92358,0.92385,3.67,1.00
2014.12.12 15:33:37.080,0.92359,0.9239,1.82,1.17
2014.12.12 15:33:38.199,0.92362,0.92395,2.32,3.00
2014.12.12 15:33:38.522,0.92362,0.9239,2.70,1.00
2014.12.12 15:33:38.623,0.92361,0.92393,1.50,2.70
2014.12.12 15:33:38.724,0.92358,0.92391,2.70,1.30
2014.12.12 15:33:38.775,0.92358,0.92391,2.32,2.12
2014.12.12 15:33:38.825,0.92355,0.92389,1.87,1.55
2014.12.12 15:33:38.977,0.92354,0.92389,1.50,2.62
2014.12.12 15:33:39.505,0.92355,0.92389,1.05,1.15
2014.12.12 15:33:39.606,0.92355,0.9239,1.87,1.65
2014.12.12 15:33:39.908,0.92355,0.9239,2.55,2.32
2014.12.12 15:33:40.110,0.92355,0.9239,1.42,3.45
2014.12.12 15:33:40.614,0.92356,0.9239,1.67,3.45
2014.12.12 15:33:40.715,0.92352,0.92388,2.20,1.82
2014.12.12 15:33:41.227,0.9235,0.92386,3.67,2.17
2014.12.12 15:33:41.379,0.9235,0.92385,2.70,2.17
2014.12.12 15:33:41.530,0.92349,0.92385,1.50,4.42
2014.12.12 15:33:43.786,0.92349,0.92383,1.50,1.82
2014.12.12 15:33:45.404,0.92348,0.92382,1.82,1.82
2014.12.12 15:33:45.606,0.92347,0.92382,2.47,4.50
2014.12.12 15:33:45.708,0.92351,0.92385,1.67,2.70
2014.12.12 15:33:46.238,0.92354,0.92385,1.30,2.70
2014.12.12 15:33:46.668,0.92359,0.92385,1.30,2.70
2014.12.12 15:33:46.769,0.92356,0.92385,1.67,2.32
2014.12.12 15:33:46.820,0.92356,0.92387,1.80,1.15
2014.12.12 15:33:46.921,0.92358,0.92387,1.82,1.00
2014.12.12 15:33:47.022,0.92358,0.92393,1.82,1.82
2014.12.12 15:33:47.124,0.92358,0.92393,1.82,1.87
2014.12.12 15:33:47.326,0.92355,0.92391,3.45,1.50
2014.12.12 15:33:47.995,0.92355,0.92386,3.07,1.30
2014.12.12 15:33:48.147,0.92352,0.92386,2.25,1.12
2014.12.12 15:33:48.558,0.92352,0.9238,1.45,1.00
2014.12.12 15:33:48.609,0.92352,0.9238,1.30,1.10
2014.12.12 15:33:48.912,0.92346,0.92381,1.12,1.45
2014.12.12 15:33:50.247,0.92344,0.92381,1.87,1.52
2014.12.12 15:33:51.245,0.92344,0.92381,1.87,1.65
2014.12.12 15:33:51.353,0.92344,0.92381,2.25,1.52
2014.12.12 15:33:52.549,0.92346,0.92382,1.50,3.45
2014.12.12 15:33:52.857,0.92345,0.92382,1.90,2.70
2014.12.12 15:33:54.037,0.92345,0.92379,1.52,1.50
2014.12.12 15:33:54.568,0.92345,0.92381,1.27,1.52
2014.12.12 15:33:55.097,0.92348,0.92382,1.30,4.42
2014.12.12 15:33:55.368,0.92348,0.92382,1.30,4.80
2014.12.12 15:33:55.874,0.92345,0.92378,2.02,1.50
2014.12.12 15:33:56.176,0.92349,0.9238,1.00,1.45
2014.12.12 15:33:56.227,0.92355,0.92385,1.30,1.20
2014.12.12 15:33:56.681,0.92353,0.92387,1.12,1.45
2014.12.12 15:33:57.187,0.9235,0.92384,1.45,1.30
2014.12.12 15:33:57.560,0.92348,0.92382,5.85,1.30
2014.12.12 15:33:57.863,0.92349,0.92382,1.15,1.67
2014.12.12 15:33:58.837,0.92349,0.92381,1.17,1.50
2014.12.12 15:33:59.507,0.92346,0.92382,2.25,2.20
2014.12.12 15:34:00.272,0.92346,0.92382,1.52,1.45
2014.12.12 15:34:00.373,0.92355,0.92382,1.75,1.45
2014.12.12 15:34:00.474,0.92358,0.92383,1.82,1.00
2014.12.12 15:34:00.525,0.92364,0.92386,1.30,1.00
2014.12.12 15:34:00.676,0.92359,0.92385,2.32,1.37
2014.12.12 15:34:00.777,0.92357,0.92385,1.15,1.37
2014.12.12 15:34:00.878,0.92351,0.92387,2.25,2.20
2014.12.12 15:34:00.980,0.9235,0.92387,1.15,1.45
2014.12.12 15:34:01.560,0.92349,0.92381,2.70,1.00
2014.12.12 15:34:01.661,0.92349,0.92384,2.32,1.10
2014.12.12 15:34:02.760,0.9235,0.92384,1.10,2.32
2014.12.12 15:34:03.112,0.92351,0.92384,1.37,2.32
2014.12.12 15:34:03.163,0.92351,0.92385,1.45,1.15
2014.12.12 15:34:04.730,0.92354,0.92388,1.00,2.32
2014.12.12 15:34:04.831,0.92356,0.92388,1.67,2.70
2014.12.12 15:34:05.357,0.92357,0.92388,1.67,2.70
2014.12.12 15:34:06.173,0.92356,0.92388,1.67,2.70
2014.12.12 15:34:06.748,0.92356,0.92389,1.82,1.55
2014.12.12 15:34:07.266,0.92359,0.92392,1.35,2.02
2014.12.12 15:34:07.770,0.92355,0.92389,1.87,1.50
2014.12.12 15:34:08.306,0.92358,0.92392,1.42,2.25
2014.12.12 15:34:08.463,0.92358,0.92392,1.05,2.25
2014.12.12 15:34:08.564,0.92358,0.92391,2.20,1.00
2014.12.12 15:34:09.096,0.92362,0.92395,1.42,1.52
2014.12.12 15:34:09.865,0.92362,0.92395,1.42,1.52
2014.12.12 15:34:10.269,0.92364,0.92398,2.20,1.87
2014.12.12 15:34:10.472,0.92365,0.92398,1.27,2.25
2014.12.12 15:34:10.572,0.9236,0.92399,2.62,5.85
2014.12.12 15:34:10.673,0.92358,0.92393,1.15,1.30
2014.12.12 15:34:10.875,0.92357,0.92391,4.50,1.30
2014.12.12 15:34:11.082,0.92357,0.92393,5.47,1.00
2014.12.12 15:34:11.609,0.92359,0.92395,1.87,3.75
2014.12.12 15:34:11.710,0.92359,0.92395,2.20,1.82
2014.12.12 15:34:11.761,0.92357,0.92391,6.00,1.00
2014.12.12 15:34:11.912,0.92357,0.92392,5.25,1.67
2014.12.12 15:34:12.422,0.92357,0.92394,6.22,2.25
2014.12.12 15:34:13.766,0.92358,0.9239,1.50,1.27
2014.12.12 15:34:14.119,0.92358,0.9239,1.50,1.55
2014.12.12 15:34:14.321,0.92354,0.92389,2.70,1.42
2014.12.12 15:34:14.899,0.92354,0.92387,3.07,1.67
2014.12.12 15:34:15.357,0.92354,0.92382,2.70,1.30
2014.12.12 15:34:15.407,0.92349,0.9238,3.45,1.12
2014.12.12 15:34:15.610,0.92349,0.9238,1.42,1.27
2014.12.12 15:34:16.114,0.92348,0.92382,1.50,1.82
2014.12.12 15:34:16.215,0.92347,0.92381,1.87,1.82
2014.12.12 15:34:16.619,0.92351,0.92385,1.82,1.52
2014.12.12 15:34:17.041,0.92351,0.92385,1.82,1.52
2014.12.12 15:34:17.632,0.92349,0.92383,1.87,2.17
2014.12.12 15:34:17.934,0.92348,0.9238,3.67,1.37
2014.12.12 15:34:19.217,0.92348,0.9238,4.05,1.87
2014.12.12 15:34:19.525,0.92347,0.9238,1.27,2.02
2014.12.12 15:34:22.535,0.92346,0.9238,2.10,2.02
2014.12.12 15:34:22.613,0.92346,0.9238,2.10,2.02
2014.12.12 15:34:22.714,0.92346,0.92379,1.95,2.70
2014.12.12 15:34:23.415,0.92346,0.92375,1.67,1.12
2014.12.12 15:34:23.516,0.92346,0.9238,1.50,2.62
2014.12.12 15:34:23.617,0.92346,0.92377,2.25,1.30
2014.12.12 15:34:23.718,0.92349,0.92379,1.37,1.12
2014.12.12 15:34:23.920,0.9235,0.9238,1.90,1.30
2014.12.12 15:34:24.021,0.92353,0.92387,2.25,1.50
2014.12.12 15:34:24.865,0.92353,0.92385,1.82,1.00
2014.12.12 15:34:24.966,0.92353,0.92385,1.82,1.37
2014.12.12 15:34:25.017,0.92352,0.92382,1.55,1.30
2014.12.12 15:34:25.981,0.9235,0.92381,1.12,1.30
2014.12.12 15:34:27.775,0.9235,0.92383,1.12,1.42
2014.12.12 15:34:29.465,0.92351,0.92385,1.82,1.52
2014.12.12 15:34:29.566,0.92351,0.92385,2.20,1.27
2014.12.12 15:34:29.893,0.92355,0.92385,1.87,1.00
2014.12.12 15:34:30.256,0.92356,0.9239,1.12,3.37
2014.12.12 15:34:30.746,0.92351,0.92385,1.82,1.52
2014.12.12 15:34:31.553,0.92352,0.92385,1.17,1.90
2014.12.12 15:34:31.654,0.92349,0.92384,1.87,1.55
2014.12.12 15:34:31.966,0.9235,0.92384,1.50,2.62
2014.12.12 15:34:32.167,0.9235,0.92384,1.82,1.50
2014.12.12 15:34:32.369,0.9235,0.92384,1.82,2.25
2014.12.12 15:34:33.196,0.9235,0.92384,1.82,1.50
2014.12.12 15:34:33.548,0.9235,0.92384,1.82,1.50
2014.12.12 15:34:33.957,0.92354,0.92385,2.70,1.00
2014.12.12 15:34:35.688,0.92357,0.92385,1.82,1.00
2014.12.12 15:34:35.889,0.92355,0.92386,1.82,1.00
2014.12.12 15:34:36.410,0.92354,0.92385,4.42,1.00
2014.12.12 15:34:36.461,0.92356,0.92385,1.90,1.00
2014.12.12 15:34:36.562,0.92357,0.9239,2.20,1.65
2014.12.12 15:34:36.763,0.9236,0.92395,2.02,2.25
2014.12.12 15:34:36.864,0.92362,0.92394,2.10,2.70
2014.12.12 15:34:36.915,0.92362,0.92394,1.72,2.32
2014.12.12 15:34:37.016,0.92367,0.924,1.00,1.15
2014.12.12 15:34:37.067,0.92367,0.924,1.15,1.00
2014.12.12 15:34:37.775,0.92368,0.92405,1.52,1.65
2014.12.12 15:34:38.178,0.9237,0.92405,2.32,1.57
2014.12.12 15:34:38.480,0.9237,0.924,2.32,1.00
2014.12.12 15:34:38.682,0.92367,0.924,1.87,1.00
2014.12.12 15:34:39.230,0.92369,0.924,1.82,1.00
2014.12.12 15:34:39.747,0.92368,0.924,2.20,1.00
2014.12.12 15:34:40.150,0.92368,0.924,2.20,1.00
2014.12.12 15:34:40.679,0.92367,0.92401,2.25,1.10
2014.12.12 15:34:41.183,0.92366,0.924,3.07,1.12
2014.12.12 15:34:41.695,0.92366,0.92401,4.80,1.20
2014.12.12 15:34:42.812,0.92367,0.92401,1.52,1.47
2014.12.12 15:34:45.059,0.92367,0.924,1.52,1.37
2014.12.12 15:34:45.332,0.92367,0.92395,1.52,1.00
2014.12.12 15:34:45.433,0.92367,0.924,1.12,1.65
2014.12.12 15:34:45.534,0.92365,0.924,1.57,1.52
2014.12.12 15:34:45.787,0.92364,0.92395,1.52,1.00
2014.12.12 15:34:46.290,0.92363,0.92395,1.52,1.37
2014.12.12 15:34:46.593,0.92362,0.92391,1.55,1.30
2014.12.12 15:34:47.036,0.92362,0.92391,1.55,1.30
2014.12.12 15:34:47.356,0.92365,0.92397,1.37,2.70
2014.12.12 15:34:47.407,0.92365,0.92398,1.52,1.50
2014.12.12 15:34:47.965,0.92365,0.92398,1.52,1.50
2014.12.12 15:34:48.737,0.92365,0.92398,1.52,1.50
2014.12.12 15:34:49.150,0.92363,0.92395,1.90,1.37
2014.12.12 15:34:49.654,0.92367,0.92395,1.47,1.00
2014.12.12 15:34:50.086,0.92367,0.92401,1.47,2.25
2014.12.12 15:34:50.137,0.92367,0.92401,1.47,2.25
2014.12.12 15:34:50.295,0.92367,0.92401,1.52,2.25
2014.12.12 15:34:50.639,0.92367,0.924,1.52,1.42
2014.12.12 15:34:50.840,0.92366,0.92399,2.70,1.35
2014.12.12 15:34:52.948,0.92366,0.924,3.82,1.05
2014.12.12 15:34:53.049,0.92368,0.92402,1.82,2.25
2014.12.12 15:34:53.200,0.9237,0.92404,3.07,1.20
2014.12.12 15:34:53.352,0.92371,0.92405,1.52,1.55
2014.12.12 15:34:53.503,0.92371,0.92404,1.47,1.82
2014.12.12 15:34:53.604,0.92371,0.92404,1.45,1.75
2014.12.12 15:34:53.907,0.92368,0.92399,1.52,1.30
2014.12.12 15:34:54.418,0.92369,0.924,1.15,1.05
2014.12.12 15:34:54.953,0.92369,0.924,1.52,1.42
2014.12.12 15:34:56.124,0.92369,0.92395,1.52,1.30
2014.12.12 15:34:56.427,0.92365,0.92392,1.17,1.67
2014.12.12 15:34:57.134,0.92361,0.92391,1.55,1.67
2014.12.12 15:34:57.638,0.9236,0.92393,1.52,1.50
2014.12.12 15:34:57.689,0.9236,0.92391,2.02,1.35
2014.12.12 15:34:58.193,0.9236,0.92391,2.02,1.35
2014.12.12 15:34:59.937,0.9236,0.92393,3.45,1.75
2014.12.12 15:35:00.270,0.92361,0.92394,3.07,1.30
2014.12.12 15:35:00.422,0.92364,0.92395,3.07,1.42
2014.12.12 15:35:00.930,0.92366,0.92397,1.52,1.67
2014.12.12 15:35:01.433,0.92368,0.92397,1.15,1.67
2014.12.12 15:35:01.736,0.92365,0.92393,3.45,1.30
2014.12.12 15:35:01.787,0.92364,0.92393,1.65,1.30
2014.12.12 15:35:01.838,0.92364,0.9239,1.65,1.72
2014.12.12 15:35:02.000,0.92359,0.9239,1.52,1.00
2014.12.12 15:35:02.504,0.92359,0.92391,1.52,1.35
2014.12.12 15:35:02.705,0.92358,0.92391,1.27,1.67
2014.12.12 15:35:02.857,0.92355,0.9239,2.02,1.82
2014.12.12 15:35:03.159,0.92355,0.92389,2.40,1.82
2014.12.12 15:35:03.461,0.92358,0.9239,1.47,1.45
2014.12.12 15:35:03.562,0.9236,0.92392,1.55,1.42
2014.12.12 15:35:04.066,0.9236,0.92391,1.55,1.05
2014.12.12 15:35:05.022,0.92366,0.92392,1.30,1.07
2014.12.12 15:35:05.173,0.92364,0.92395,1.12,1.10
2014.12.12 15:35:05.224,0.92364,0.92395,1.50,1.10
2014.12.12 15:35:05.325,0.92365,0.92395,2.02,1.10
2014.12.12 15:35:05.426,0.92364,0.92395,1.12,1.20
2014.12.12 15:35:05.728,0.92364,0.92396,2.02,1.52
2014.12.12 15:35:06.235,0.92362,0.92395,3.15,1.27
2014.12.12 15:35:06.437,0.92362,0.92395,1.42,3.45
2014.12.12 15:35:06.487,0.9236,0.92393,1.87,2.70
2014.12.12 15:35:06.639,0.9236,0.92393,1.87,3.45
2014.12.12 15:35:07.143,0.92365,0.92393,1.00,2.32
2014.12.12 15:35:07.344,0.92361,0.92393,1.30,2.32
2014.12.12 15:35:07.445,0.92364,0.9239,1.00,1.17
2014.12.12 15:35:07.547,0.92362,0.9239,1.30,1.07
2014.12.12 15:35:08.342,0.92361,0.92388,1.30,1.10
2014.12.12 15:35:09.329,0.92359,0.92388,1.45,1.10
2014.12.12 15:35:09.380,0.92359,0.92391,1.52,1.12
2014.12.12 15:35:09.531,0.92362,0.9239,1.42,1.20
2014.12.12 15:35:09.834,0.92365,0.92391,1.05,1.55
2014.12.12 15:35:10.187,0.92361,0.92393,1.45,1.15
2014.12.12 15:35:10.490,0.9236,0.92389,1.37,1.15
2014.12.12 15:35:10.994,0.9236,0.92389,1.15,1.00
2014.12.12 15:35:11.208,0.9236,0.92389,1.27,1.37
2014.12.12 15:35:12.051,0.92358,0.92389,1.50,1.45
2014.12.12 15:35:12.308,0.92361,0.9239,1.82,1.17
2014.12.12 15:35:12.459,0.92359,0.92391,1.82,2.02
2014.12.12 15:35:12.762,0.92354,0.92388,1.90,2.70
2014.12.12 15:35:13.332,0.92355,0.92388,1.65,3.67
2014.12.12 15:35:13.844,0.92355,0.92388,1.52,3.67
2014.12.12 15:35:14.158,0.92349,0.9238,1.82,1.52
2014.12.12 15:35:14.259,0.92348,0.9238,3.67,1.45
2014.12.12 15:35:14.310,0.92349,0.9238,2.70,1.47
2014.12.12 15:35:14.612,0.92354,0.92382,1.00,2.32
2014.12.12 15:35:14.764,0.92354,0.92386,1.00,5.25
2014.12.12 15:35:15.016,0.92356,0.92386,1.30,4.50
2014.12.12 15:35:15.318,0.92355,0.92384,1.07,2.32
2014.12.12 15:35:15.369,0.92355,0.92384,1.00,2.32
2014.12.12 15:35:15.419,0.92355,0.92385,1.07,2.32
2014.12.12 15:35:15.470,0.92355,0.92388,1.87,3.07
2014.12.12 15:35:15.912,0.92351,0.92384,2.32,3.30
2014.12.12 15:35:16.013,0.9235,0.92384,1.87,2.32
2014.12.12 15:35:16.214,0.92352,0.92384,2.32,1.15
2014.12.12 15:35:16.265,0.92352,0.92384,2.32,1.17
2014.12.12 15:35:17.062,0.92352,0.92385,2.70,1.52
2014.12.12 15:35:17.112,0.92351,0.92384,3.07,2.70
2014.12.12 15:35:17.163,0.9235,0.92384,1.52,3.45
2014.12.12 15:35:17.731,0.92349,0.92381,3.07,1.17
2014.12.12 15:35:17.933,0.9235,0.92383,1.82,1.52
2014.12.12 15:35:19.938,0.9235,0.92382,2.25,2.70
2014.12.12 15:35:20.145,0.92347,0.92382,1.82,3.82
2014.12.12 15:35:20.347,0.92345,0.92378,1.52,3.60
2014.12.12 15:35:20.599,0.92346,0.92378,2.70,1.12
2014.12.12 15:35:20.750,0.92345,0.92379,4.42,3.67
2014.12.12 15:35:21.002,0.92341,0.92372,2.32,1.05
2014.12.12 15:35:21.103,0.92341,0.9237,2.32,1.05
2014.12.12 15:35:21.154,0.9234,0.9237,1.15,1.12
2014.12.12 15:35:21.699,0.92339,0.92368,3.07,1.42
2014.12.12 15:35:21.750,0.92337,0.92366,1.27,1.05
2014.12.12 15:35:22.214,0.92338,0.9237,2.70,1.20
2014.12.12 15:35:22.265,0.92338,0.9237,2.70,1.27
2014.12.12 15:35:22.316,0.92336,0.9237,1.87,1.27
2014.12.12 15:35:22.417,0.9234,0.9237,1.52,1.17
2014.12.12 15:35:23.584,0.9234,0.92371,1.87,1.27
2014.12.12 15:35:24.110,0.9234,0.92371,1.82,1.15
2014.12.12 15:35:25.178,0.92341,0.92373,2.70,1.80
2014.12.12 15:35:25.228,0.92342,0.92373,2.70,1.80
2014.12.12 15:35:28.194,0.92345,0.92376,1.90,1.12
2014.12.12 15:35:28.245,0.9235,0.92377,1.47,1.15
2014.12.12 15:35:28.498,0.9235,0.9238,1.27,1.45
2014.12.12 15:35:29.005,0.92347,0.92376,2.70,1.30
2014.12.12 15:35:29.509,0.92347,0.92377,2.70,1.72
2014.12.12 15:35:30.246,0.92347,0.92379,2.70,2.25
2014.12.12 15:35:31.471,0.92346,0.92378,2.32,1.45
2014.12.12 15:35:31.622,0.92341,0.92374,2.70,2.25
2014.12.12 15:35:31.673,0.9234,0.92371,4.42,1.07
2014.12.12 15:35:31.723,0.9234,0.92371,2.25,1.15
2014.12.12 15:35:34.107,0.92341,0.92374,2.20,1.15
2014.12.12 15:35:34.208,0.92344,0.92378,1.87,3.67
2014.12.12 15:35:34.310,0.92346,0.92379,1.82,2.25
2014.12.12 15:35:34.662,0.92347,0.92378,1.82,2.32
2014.12.12 15:35:34.914,0.92343,0.92378,4.42,2.70
2014.12.12 15:35:35.217,0.92343,0.92374,2.70,1.45
2014.12.12 15:35:35.268,0.92341,0.92374,1.65,1.45
2014.12.12 15:35:36.132,0.92341,0.92374,1.90,1.45
2014.12.12 15:35:36.283,0.92342,0.92376,3.07,1.50
2014.12.12 15:35:38.136,0.92342,0.92372,2.70,1.37
2014.12.12 15:35:38.187,0.9234,0.92372,3.45,1.82
2014.12.12 15:35:38.288,0.9234,0.9237,1.55,1.12
2014.12.12 15:35:38.541,0.92339,0.9237,1.45,1.82
2014.12.12 15:35:38.797,0.9234,0.92365,1.12,1.30
2014.12.12 15:35:38.899,0.92336,0.92363,1.15,1.30
2014.12.12 15:35:38.950,0.92336,0.92363,1.00,1.45
2014.12.12 15:35:39.001,0.92336,0.9236,1.00,1.30
2014.12.12 15:35:39.202,0.9233,0.9236,2.02,1.30
2014.12.12 15:35:39.253,0.9233,0.92362,2.02,1.45
2014.12.12 15:35:39.566,0.9233,0.92356,1.47,1.12
2014.12.12 15:35:40.013,0.9233,0.9236,1.57,2.32
2014.12.12 15:35:40.090,0.9233,0.92363,2.40,1.45
2014.12.12 15:35:40.192,0.9233,0.92363,5.32,1.45
2014.12.12 15:35:40.696,0.92332,0.92366,1.52,3.67
2014.12.12 15:35:40.951,0.92335,0.92366,1.45,1.50
2014.12.12 15:35:41.001,0.92335,0.92366,1.52,1.50
2014.12.12 15:35:43.657,0.9234,0.92367,1.37,1.45
2014.12.12 15:35:44.212,0.9234,0.92369,1.37,2.32
2014.12.12 15:35:44.848,0.92338,0.92369,1.47,2.32
2014.12.12 15:35:44.898,0.92338,0.9237,2.70,1.50
2014.12.12 15:35:45.403,0.92345,0.92376,1.15,2.25
2014.12.12 15:35:45.837,0.9234,0.92375,1.52,3.45
2014.12.12 15:35:53.233,0.92336,0.92372,1.90,1.82
2014.12.12 15:35:55.978,0.92336,0.92372,1.52,1.82
2014.12.12 15:35:57.687,0.92335,0.9237,6.75,1.50
2014.12.12 15:35:58.225,0.92335,0.9237,6.75,1.82
2014.12.12 15:35:58.427,0.92335,0.9237,5.17,2.70
2014.12.12 15:35:58.478,0.92335,0.92369,1.52,2.70
2014.12.12 15:35:58.629,0.92333,0.92365,2.70,1.27
2014.12.12 15:35:58.680,0.92331,0.92365,1.82,2.25
2014.12.12 15:35:59.656,0.92331,0.92365,1.87,2.25
2014.12.12 15:35:59.766,0.92332,0.92365,3.07,1.45
2014.12.12 15:35:59.816,0.92334,0.92367,1.65,1.15
2014.12.12 15:35:59.918,0.92335,0.92367,3.82,1.17
2014.12.12 15:35:59.969,0.92335,0.92369,4.57,1.45
2014.12.12 15:36:00.660,0.92336,0.92371,1.65,2.70
2014.12.12 15:36:00.990,0.92327,0.92353,1.12,1.82
2014.12.12 15:36:01.040,0.9232,0.92353,1.52,3.67
2014.12.12 15:36:01.187,0.9232,0.92353,1.52,3.67
2014.12.12 15:36:04.437,0.92317,0.92347,2.70,1.30
2014.12.12 15:36:04.945,0.92317,0.92346,2.70,1.30
2014.12.12 15:36:06.067,0.92317,0.92345,2.70,1.30
2014.12.12 15:36:06.118,0.92317,0.92345,2.32,1.67
2014.12.12 15:36:06.270,0.92314,0.92346,2.70,1.50
2014.12.12 15:36:06.320,0.92314,0.92344,2.25,1.45
2014.12.12 15:36:06.371,0.92311,0.92344,1.82,1.52
2014.12.12 15:36:06.724,0.92315,0.92346,1.50,3.07
2014.12.12 15:36:06.775,0.92315,0.92348,1.82,2.70
2014.12.12 15:36:06.926,0.92316,0.92348,2.70,2.70
2014.12.12 15:36:06.977,0.92317,0.92349,2.70,1.82
2014.12.12 15:36:07.280,0.92316,0.9235,1.87,5.17
2014.12.12 15:36:07.532,0.92318,0.92349,1.37,1.65
2014.12.12 15:36:07.633,0.92314,0.9232,2.17,1.00
2014.12.12 15:36:07.683,0.92308,0.9232,2.32,1.00
2014.12.12 15:36:07.784,0.92295,0.92319,2.32,1.30
2014.12.12 15:36:07.835,0.92295,0.9231,2.25,1.30
2014.12.12 15:36:07.886,0.92282,0.9231,2.70,1.30
2014.12.12 15:36:07.987,0.9228,0.9231,2.02,1.45
2014.12.12 15:36:08.088,0.9228,0.92314,5.17,1.45
2014.12.12 15:36:08.456,0.92284,0.92316,1.90,1.45
2014.12.12 15:36:08.759,0.92288,0.92321,3.07,1.45
2014.12.12 15:36:08.860,0.92292,0.92321,3.07,1.30
2014.12.12 15:36:08.961,0.92292,0.92323,2.70,1.05
2014.12.12 15:36:09.368,0.92293,0.92328,2.20,3.67
2014.12.12 15:36:09.469,0.92296,0.92328,2.70,1.50
2014.12.12 15:36:09.570,0.92296,0.92327,2.70,1.42
2014.12.12 15:36:09.821,0.92292,0.92323,2.70,1.12
2014.12.12 15:36:10.287,0.92289,0.92321,3.30,1.50
2014.12.12 15:36:10.338,0.92291,0.92323,2.70,2.17
2014.12.12 15:36:10.489,0.92289,0.9232,2.10,1.15
2014.12.12 15:36:10.993,0.92289,0.92321,1.12,1.82
2014.12.12 15:36:11.497,0.92289,0.9232,2.85,1.15
2014.12.12 15:36:11.698,0.92291,0.9232,1.82,1.00
2014.12.12 15:36:12.001,0.92293,0.92325,2.70,1.27
2014.12.12 15:36:13.836,0.92294,0.92325,2.70,1.20
2014.12.12 15:36:13.887,0.92296,0.92325,2.70,1.37
2014.12.12 15:36:14.189,0.92292,0.92324,2.32,2.47
2014.12.12 15:36:14.308,0.92289,0.9232,1.27,1.37
2014.12.12 15:36:14.409,0.9229,0.9232,1.05,1.52
2014.12.12 15:36:14.459,0.9229,0.9232,1.12,1.55
2014.12.12 15:36:14.712,0.92287,0.92315,1.82,1.00
2014.12.12 15:36:15.417,0.92286,0.9232,2.70,1.52
2014.12.12 15:36:15.921,0.92286,0.92315,3.67,1.12
2014.12.12 15:36:16.378,0.92286,0.92315,3.22,1.45
2014.12.12 15:36:16.529,0.92277,0.9231,3.45,1.52
2014.12.12 15:36:16.882,0.92278,0.9231,1.50,1.52
2014.12.12 15:36:16.932,0.92278,0.9231,1.50,3.45
2014.12.12 15:36:17.386,0.92276,0.9231,2.70,3.45
2014.12.12 15:36:17.436,0.92277,0.9231,2.70,1.52
2014.12.12 15:36:17.487,0.92279,0.9231,2.70,1.45
2014.12.12 15:36:17.538,0.9228,0.9231,2.70,1.12
2014.12.12 15:36:18.048,0.92284,0.9231,1.50,1.00
2014.12.12 15:36:19.845,0.92281,0.92315,3.67,1.52
2014.12.12 15:36:20.814,0.92284,0.92315,2.32,1.55
2014.12.12 15:36:22.114,0.92284,0.9231,2.32,1.00
2014.12.12 15:36:22.896,0.92284,0.92315,2.70,1.55
2014.12.12 15:36:23.097,0.92284,0.92315,2.32,1.90
2014.12.12 15:36:23.148,0.92281,0.92315,3.30,1.90
2014.12.12 15:36:23.199,0.92281,0.92315,3.30,3.82
2014.12.12 15:36:23.249,0.92279,0.9231,1.45,1.65
2014.12.12 15:36:23.778,0.92278,0.9231,2.32,1.92
2014.12.12 15:36:23.879,0.92277,0.9231,1.45,3.82
2014.12.12 15:36:24.762,0.92275,0.92308,1.52,2.70
2014.12.12 15:36:24.814,0.92275,0.92308,1.52,2.70
2014.12.12 15:36:25.535,0.92271,0.92303,2.32,3.00
2014.12.12 15:36:25.586,0.9227,0.92303,1.15,3.07
2014.12.12 15:36:25.737,0.92271,0.923,2.70,1.45
2014.12.12 15:36:26.039,0.9227,0.92301,2.32,1.95
2014.12.12 15:36:26.090,0.92268,0.923,2.70,1.55
2014.12.12 15:36:26.191,0.92264,0.923,2.70,4.42
2014.12.12 15:36:26.570,0.92263,0.92297,3.30,2.70
2014.12.12 15:36:26.621,0.92261,0.92297,2.32,2.70
2014.12.12 15:36:26.773,0.92264,0.92298,2.32,1.52
2014.12.12 15:36:27.299,0.92265,0.923,1.87,3.07
2014.12.12 15:36:27.983,0.92267,0.923,2.32,1.15
2014.12.12 15:36:28.488,0.92267,0.92299,2.32,1.45
2014.12.12 15:36:28.690,0.92264,0.92298,2.32,1.45
2014.12.12 15:36:29.143,0.92263,0.92296,2.32,1.50
2014.12.12 15:36:29.706,0.92262,0.92297,2.32,2.70
2014.12.12 15:36:30.269,0.92261,0.92295,2.70,2.70
2014.12.12 15:36:30.338,0.92259,0.92295,2.70,2.70
2014.12.12 15:36:32.070,0.92262,0.92296,3.67,3.07
2014.12.12 15:36:32.272,0.9227,0.92299,2.25,1.47
2014.12.12 15:36:32.348,0.9227,0.92304,1.45,3.82
2014.12.12 15:36:32.885,0.92268,0.92303,2.70,2.40
2014.12.12 15:36:34.168,0.9227,0.92303,1.15,2.40
2014.12.12 15:36:34.470,0.92275,0.92303,3.45,1.07
2014.12.12 15:36:34.521,0.92275,0.92306,3.45,1.95
2014.12.12 15:36:34.572,0.9228,0.92308,1.10,1.52
2014.12.12 15:36:34.673,0.9228,0.92311,1.20,4.57
2014.12.12 15:36:34.774,0.9228,0.92312,1.20,3.07
2014.12.12 15:36:34.824,0.9228,0.92314,1.27,3.07
2014.12.12 15:36:35.260,0.92289,0.92314,1.30,2.70
2014.12.12 15:36:35.313,0.92283,0.92316,2.32,1.45
2014.12.12 15:36:35.364,0.92286,0.9231,2.32,1.00
2014.12.12 15:36:35.516,0.92274,0.92307,1.27,1.45
2014.12.12 15:36:35.568,0.92274,0.92305,1.17,2.32
2014.12.12 15:36:35.619,0.92274,0.92305,1.10,2.32
2014.12.12 15:36:35.670,0.92274,0.92302,1.00,2.32
2014.12.12 15:36:35.771,0.92266,0.92299,1.45,2.32
2014.12.12 15:36:35.980,0.9227,0.92301,1.07,2.32
2014.12.12 15:36:36.183,0.92269,0.92299,1.80,2.32
2014.12.12 15:36:36.640,0.92265,0.92299,2.62,2.32
2014.12.12 15:36:37.918,0.92265,0.92299,2.02,2.32
2014.12.12 15:36:38.426,0.92265,0.92299,1.52,2.70
2014.12.12 15:36:42.083,0.92266,0.923,2.70,3.45
2014.12.12 15:36:42.134,0.92266,0.923,2.70,1.52
2014.12.12 15:36:42.997,0.92265,0.92299,3.45,2.70
2014.12.12 15:36:43.048,0.92265,0.92299,1.52,2.70
2014.12.12 15:36:43.400,0.92265,0.92296,1.27,2.70
2014.12.12 15:36:43.653,0.92263,0.92295,2.70,1.87
2014.12.12 15:36:45.765,0.92264,0.92298,1.87,2.70
2014.12.12 15:36:45.917,0.92265,0.92299,3.07,1.45
2014.12.12 15:36:46.421,0.92265,0.92298,2.70,1.82
2014.12.12 15:36:46.724,0.92261,0.92296,1.52,2.70
2014.12.12 15:36:47.228,0.92265,0.92296,1.47,2.70
2014.12.12 15:36:47.530,0.92265,0.92297,3.45,1.82
2014.12.12 15:36:51.116,0.92268,0.92301,2.70,3.07
2014.12.12 15:36:51.167,0.92268,0.92303,4.87,1.52
2014.12.12 15:36:51.627,0.92269,0.92305,1.15,2.62
2014.12.12 15:36:51.779,0.92265,0.92295,4.50,1.37
2014.12.12 15:36:51.880,0.92263,0.92297,1.15,1.27
2014.12.12 15:36:51.981,0.92263,0.92296,1.15,2.70
2014.12.12 15:36:52.132,0.92264,0.92297,2.32,2.70
2014.12.12 15:36:52.183,0.92264,0.923,2.32,4.20
2014.12.12 15:36:52.806,0.92267,0.923,2.32,1.15
2014.12.12 15:36:53.812,0.92267,0.92295,2.32,1.00
2014.12.12 15:36:53.964,0.92262,0.92291,1.00,2.70
2014.12.12 15:36:54.216,0.92255,0.92287,2.70,1.55
2014.12.12 15:36:54.267,0.92252,0.92287,3.67,1.52
2014.12.12 15:36:54.623,0.92255,0.92287,2.70,1.52
2014.12.12 15:36:54.876,0.9226,0.92293,1.15,2.32
2014.12.12 15:36:55.330,0.9226,0.92294,3.07,2.32
2014.12.12 15:36:55.381,0.9226,0.92295,3.07,1.87
2014.12.12 15:36:56.210,0.92264,0.92296,2.25,1.45
2014.12.12 15:36:56.260,0.92264,0.92296,2.32,1.12
2014.12.12 15:36:56.412,0.92267,0.92296,2.32,1.05
2014.12.12 15:36:56.925,0.92267,0.923,2.32,1.15
2014.12.12 15:36:57.508,0.92266,0.923,2.32,2.32
2014.12.12 15:36:57.711,0.92259,0.92294,3.67,3.07
2014.12.12 15:36:57.912,0.92258,0.92291,1.82,2.70
2014.12.12 15:36:58.225,0.92258,0.92288,1.37,2.70
2014.12.12 15:36:58.276,0.92258,0.92288,1.30,2.70
2014.12.12 15:36:58.736,0.92251,0.92281,2.25,2.25
2014.12.12 15:36:58.786,0.92246,0.9228,1.45,1.15
2014.12.12 15:36:59.139,0.92248,0.92282,3.30,2.32
2014.12.12 15:36:59.190,0.92248,0.92284,2.32,3.07
2014.12.12 15:36:59.713,0.92251,0.92285,2.32,1.15
2014.12.12 15:37:00.946,0.92254,0.92285,3.67,1.27
2014.12.12 15:37:00.997,0.92254,0.92285,3.67,1.27
2014.12.12 15:37:04.020,0.92251,0.92285,2.70,1.27
2014.12.12 15:37:06.633,0.92254,0.92285,3.67,1.55
2014.12.12 15:37:07.439,0.92254,0.92285,3.67,1.47
2014.12.12 15:37:07.966,0.92254,0.92285,3.30,1.47
2014.12.12 15:37:08.484,0.92253,0.92285,2.32,3.75
2014.12.12 15:37:08.535,0.92249,0.9228,2.32,1.05
2014.12.12 15:37:08.586,0.92248,0.92279,2.32,1.42
2014.12.12 15:37:08.636,0.92246,0.92277,2.32,1.55
2014.12.12 15:37:08.788,0.92243,0.92275,2.70,1.55
2014.12.12 15:37:09.125,0.92243,0.9227,2.70,1.00
2014.12.12 15:37:09.428,0.92243,0.92272,2.32,1.00
2014.12.12 15:37:09.478,0.92242,0.92272,2.32,1.07
2014.12.12 15:37:09.529,0.92239,0.92272,2.32,1.15
2014.12.12 15:37:10.274,0.92242,0.92272,3.30,1.07
2014.12.12 15:37:10.593,0.92242,0.92269,1.30,2.32
2014.12.12 15:37:10.694,0.92235,0.92265,1.57,1.52
2014.12.12 15:37:10.997,0.9223,0.92264,3.82,1.15
2014.12.12 15:37:11.300,0.9223,0.92264,3.82,1.52
2014.12.12 15:37:11.451,0.92231,0.92263,1.52,2.70
2014.12.12 15:37:11.975,0.92227,0.92262,3.82,1.82
2014.12.12 15:37:12.278,0.92231,0.92265,3.07,2.02
2014.12.12 15:37:12.484,0.92233,0.92265,2.70,1.55
2014.12.12 15:37:13.004,0.92233,0.92267,2.70,1.52
2014.12.12 15:37:13.055,0.92233,0.92265,2.70,1.55
2014.12.12 15:37:13.257,0.9223,0.92264,2.70,1.52
2014.12.12 15:37:15.028,0.9223,0.92262,2.70,1.52
2014.12.12 15:37:15.079,0.92227,0.92262,4.05,1.52
2014.12.12 15:37:15.587,0.92234,0.92259,1.45,1.10
2014.12.12 15:37:15.637,0.92234,0.92266,1.55,3.07
2014.12.12 15:37:15.688,0.92235,0.92267,1.82,3.07
2014.12.12 15:37:15.789,0.92236,0.92268,4.05,1.52
2014.12.12 15:37:15.840,0.92236,0.92268,4.05,1.45
2014.12.12 15:37:16.881,0.92234,0.92268,2.70,1.45
2014.12.12 15:37:17.385,0.92235,0.92264,2.70,1.00
2014.12.12 15:37:17.436,0.92235,0.92268,2.70,1.47
2014.12.12 15:37:17.487,0.92235,0.92268,2.70,1.10
2014.12.12 15:37:17.695,0.92235,0.92269,2.70,1.55
2014.12.12 15:37:18.429,0.92235,0.92269,2.70,1.55
2014.12.12 15:37:19.151,0.92235,0.92269,2.70,1.27
2014.12.12 15:37:19.835,0.92235,0.92269,2.70,1.55
2014.12.12 15:37:20.531,0.92235,0.92269,2.70,1.55
2014.12.12 15:37:21.784,0.92235,0.92269,2.70,1.55
2014.12.12 15:37:22.097,0.92235,0.92265,2.70,1.00
2014.12.12 15:37:22.198,0.92233,0.92265,2.70,1.65
2014.12.12 15:37:22.450,0.92237,0.92269,1.27,2.70
2014.12.12 15:37:22.551,0.92237,0.92268,1.15,2.25
2014.12.12 15:37:23.106,0.92236,0.92268,1.15,1.15
2014.12.12 15:37:23.258,0.92239,0.9227,1.07,2.32
2014.12.12 15:37:23.589,0.92249,0.92273,1.00,2.32
2014.12.12 15:37:24.294,0.92249,0.92276,1.00,3.45
2014.12.12 15:37:24.658,0.92249,0.92263,1.00,1.00
2014.12.12 15:37:24.810,0.92235,0.92262,2.32,1.67
2014.12.12 15:37:24.911,0.92231,0.9226,2.70,1.12
2014.12.12 15:37:25.213,0.92228,0.9226,3.07,1.65
2014.12.12 15:37:26.109,0.92228,0.9226,3.07,1.17
2014.12.12 15:37:26.639,0.92231,0.9226,2.70,1.00
2014.12.12 15:37:26.843,0.92231,0.92263,3.07,1.17
2014.12.12 15:37:27.123,0.92231,0.9226,3.07,1.00
2014.12.12 15:37:27.354,0.92231,0.92263,3.07,1.17
2014.12.12 15:37:27.405,0.92235,0.92265,2.70,1.50
2014.12.12 15:37:27.507,0.92235,0.92269,2.70,1.52
2014.12.12 15:37:28.011,0.92235,0.9227,3.07,2.70
2014.12.12 15:37:28.212,0.92234,0.92264,2.70,1.37
2014.12.12 15:37:28.314,0.92232,0.92264,2.70,1.50
2014.12.12 15:37:28.465,0.92232,0.92261,2.70,1.30
2014.12.12 15:37:28.983,0.92228,0.9226,5.25,1.12
2014.12.12 15:37:29.084,0.92228,0.9226,2.32,1.07
2014.12.12 15:37:29.286,0.92218,0.9225,2.32,1.17
2014.12.12 15:37:29.538,0.92222,0.92254,1.12,1.15
2014.12.12 15:37:29.874,0.92224,0.92253,2.32,1.00
2014.12.12 15:37:29.975,0.92224,0.92255,2.32,1.57
2014.12.12 15:37:31.171,0.92224,0.92259,3.07,1.87
2014.12.12 15:37:31.373,0.9223,0.9226,2.70,1.12
2014.12.12 15:37:31.626,0.92233,0.9226,2.32,1.12
2014.12.12 15:37:32.102,0.92233,0.92265,2.32,2.02
2014.12.12 15:37:33.529,0.9223,0.92263,4.87,1.52
2014.12.12 15:37:33.869,0.9223,0.9226,4.87,1.00
2014.12.12 15:37:34.172,0.9223,0.92255,4.50,1.00
2014.12.12 15:37:34.222,0.92225,0.92255,1.15,1.55
2014.12.12 15:37:34.323,0.92227,0.92255,2.32,2.85
2014.12.12 15:37:34.424,0.92225,0.92255,1.15,2.02
2014.12.12 15:37:34.727,0.92229,0.92259,1.17,1.87
2014.12.12 15:37:35.029,0.92249,0.92277,2.25,1.50
2014.12.12 15:37:35.130,0.92251,0.92285,2.32,1.45
2014.12.12 15:37:35.231,0.92253,0.92285,2.32,1.87
2014.12.12 15:37:35.281,0.92253,0.9228,2.32,1.00
2014.12.12 15:37:35.800,0.92253,0.92281,2.32,1.30
2014.12.12 15:37:35.851,0.92253,0.92283,2.32,1.30
2014.12.12 15:37:35.956,0.92253,0.9228,2.32,1.00
2014.12.12 15:37:36.263,0.9225,0.92275,2.32,1.00
2014.12.12 15:37:36.566,0.9224,0.92265,4.50,1.00
2014.12.12 15:37:36.719,0.92244,0.9227,2.32,1.00
2014.12.12 15:37:37.123,0.92242,0.9227,2.32,1.00
2014.12.12 15:37:37.224,0.92242,0.92275,2.32,1.15
2014.12.12 15:37:37.526,0.92245,0.92275,2.32,1.37
2014.12.12 15:37:37.646,0.9224,0.92271,1.10,2.70
2014.12.12 15:37:37.699,0.92243,0.92266,1.00,1.05
2014.12.12 15:37:37.850,0.92235,0.92264,1.52,1.30
2014.12.12 15:37:38.002,0.92236,0.92269,3.45,1.75
2014.12.12 15:37:38.052,0.92238,0.92269,3.07,1.37
2014.12.12 15:37:38.103,0.92242,0.92269,2.32,1.37
2014.12.12 15:37:38.154,0.92242,0.92271,4.50,1.00
2014.12.12 15:37:38.255,0.92239,0.9227,2.32,1.10
2014.12.12 15:37:38.507,0.92241,0.92275,2.32,4.05
2014.12.12 15:37:38.557,0.92242,0.92275,2.32,1.87
2014.12.12 15:37:40.630,0.92244,0.92275,2.70,1.17
2014.12.12 15:37:40.938,0.92247,0.92275,2.70,1.00
2014.12.12 15:37:41.542,0.92246,0.92275,2.32,1.20
2014.12.12 15:37:41.643,0.92244,0.92275,2.32,1.47
2014.12.12 15:37:41.845,0.92244,0.92275,2.32,1.47
2014.12.12 15:37:42.349,0.92243,0.92275,2.70,1.45
2014.12.12 15:37:42.450,0.92243,0.92275,1.50,1.52
2014.12.12 15:37:44.632,0.92241,0.92275,2.32,1.52
2014.12.12 15:37:45.256,0.92242,0.92277,1.27,4.05
2014.12.12 15:37:46.055,0.92241,0.92277,3.67,4.05
2014.12.12 15:37:47.352,0.92241,0.92272,2.32,1.47
2014.12.12 15:37:47.655,0.92241,0.92276,2.32,4.12
2014.12.12 15:37:47.757,0.92238,0.92272,2.70,1.50
2014.12.12 15:37:47.858,0.92242,0.92275,2.32,1.15
2014.12.12 15:37:47.959,0.9224,0.92275,1.45,3.07
2014.12.12 15:37:49.133,0.92237,0.9227,2.70,1.27
2014.12.12 15:37:49.183,0.92235,0.9227,2.70,3.82
2014.12.12 15:37:49.285,0.92232,0.92267,2.70,2.62
2014.12.12 15:37:49.587,0.92229,0.9226,2.70,1.55
2014.12.12 15:37:49.890,0.92228,0.92262,1.82,3.45
2014.12.12 15:37:50.459,0.92226,0.92259,1.12,2.32
2014.12.12 15:37:51.122,0.9223,0.92259,1.00,2.32
2014.12.12 15:37:51.173,0.9223,0.92262,1.15,1.45
2014.12.12 15:37:52.415,0.92233,0.92263,1.30,2.70
2014.12.12 15:37:52.466,0.92233,0.92264,1.45,1.52
2014.12.12 15:37:53.573,0.92234,0.92265,1.12,2.40
2014.12.12 15:37:53.774,0.92233,0.92265,1.45,2.02
2014.12.12 15:37:53.875,0.92233,0.92265,1.45,2.40
2014.12.12 15:37:54.077,0.9223,0.92263,1.87,3.07
2014.12.12 15:37:54.627,0.92231,0.92263,1.12,3.45
2014.12.12 15:37:55.138,0.92233,0.92263,1.30,2.70
2014.12.12 15:37:55.542,0.92228,0.9226,1.50,1.52
2014.12.12 15:37:55.592,0.92228,0.9226,1.12,3.45
2014.12.12 15:37:58.589,0.92224,0.9226,4.05,3.45
2014.12.12 15:37:58.690,0.92229,0.9226,2.70,1.65
2014.12.12 15:38:00.384,0.92231,0.92265,3.67,2.02
2014.12.12 15:38:01.384,0.92232,0.9226,1.45,1.00
2014.12.12 15:38:03.914,0.92231,0.92262,3.67,1.47
2014.12.12 15:38:05.084,0.92232,0.9226,1.50,1.00
2014.12.12 15:38:05.612,0.92231,0.92263,3.30,1.55
2014.12.12 15:38:06.154,0.92231,0.92263,2.70,1.17
2014.12.12 15:38:06.256,0.92234,0.92263,1.82,1.17
2014.12.12 15:38:06.458,0.92242,0.92274,1.82,1.90
2014.12.12 15:38:06.609,0.92242,0.92275,3.67,1.52
2014.12.12 15:38:06.866,0.92242,0.92265,3.22,1.00
2014.12.12 15:38:06.917,0.92236,0.92265,3.67,1.00
2014.12.12 15:38:07.018,0.92236,0.92265,1.45,1.17
2014.12.12 15:38:08.409,0.9223,0.92265,6.60,2.02
2014.12.12 15:38:08.621,0.9223,0.9226,5.85,1.00
2014.12.12 15:38:09.477,0.9223,0.92261,4.87,1.00
2014.12.12 15:38:09.783,0.92233,0.9226,2.70,1.00
2014.12.12 15:38:09.834,0.92234,0.92265,3.07,1.17
2014.12.12 15:38:10.036,0.92236,0.92267,2.70,1.10
2014.12.12 15:38:10.188,0.92238,0.9227,2.70,1.45
2014.12.12 15:38:10.510,0.9224,0.9227,2.32,1.47
2014.12.12 15:38:10.838,0.92242,0.9227,2.70,1.00
2014.12.12 15:38:11.984,0.92243,0.9227,2.70,1.00
2014.12.12 15:38:12.293,0.92245,0.9227,2.70,1.00
2014.12.12 15:38:12.343,0.92245,0.92275,2.70,1.10
2014.12.12 15:38:12.444,0.92247,0.92275,2.70,1.00
2014.12.12 15:38:12.949,0.92249,0.9228,2.32,1.10
2014.12.12 15:38:13.201,0.92257,0.92285,1.30,2.32
2014.12.12 15:38:13.252,0.92257,0.92288,1.80,2.70
2014.12.12 15:38:13.302,0.92259,0.92288,3.22,2.25
2014.12.12 15:38:13.353,0.9226,0.92296,2.32,3.07
2014.12.12 15:38:13.404,0.92262,0.92296,2.32,2.32
2014.12.12 15:38:13.454,0.92263,0.92297,2.32,1.15
2014.12.12 15:38:14.210,0.92263,0.92297,3.07,2.70
2014.12.12 15:38:14.260,0.92263,0.92296,1.15,2.32
2014.12.12 15:38:15.122,0.92265,0.92285,1.00,1.00
2014.12.12 15:38:15.274,0.92254,0.92285,1.90,1.52
2014.12.12 15:38:15.636,0.92252,0.9228,3.45,1.00
2014.12.12 15:38:18.324,0.92253,0.92285,2.70,1.05
2014.12.12 15:38:18.374,0.92255,0.92286,2.70,2.55
2014.12.12 15:38:19.050,0.92255,0.92285,2.70,1.72
2014.12.12 15:38:19.385,0.92252,0.92284,2.70,1.50
2014.12.12 15:38:19.954,0.92252,0.9228,2.70,1.00
2014.12.12 15:38:20.055,0.92252,0.92285,2.70,1.87
2014.12.12 15:38:20.483,0.92252,0.9228,2.70,1.00
2014.12.12 15:38:20.836,0.92252,0.92285,2.70,1.27
2014.12.12 15:38:20.887,0.92256,0.92285,2.32,1.45
2014.12.12 15:38:21.038,0.92252,0.9228,2.70,1.00
2014.12.12 15:38:21.290,0.92252,0.92285,2.70,1.52
2014.12.12 15:38:22.619,0.92252,0.9228,2.70,1.00
2014.12.12 15:38:23.380,0.92252,0.92281,2.70,1.00
2014.12.12 15:38:23.672,0.92252,0.92285,2.70,1.52
2014.12.12 15:38:23.824,0.92252,0.9228,2.70,1.00
2014.12.12 15:38:24.332,0.92252,0.92286,2.70,2.25
2014.12.12 15:38:24.662,0.92252,0.9228,2.70,1.00
2014.12.12 15:38:25.140,0.92252,0.92285,2.70,1.52
2014.12.12 15:38:25.758,0.92252,0.92285,2.70,1.52
2014.12.12 15:38:27.504,0.92252,0.92285,2.70,1.52
2014.12.12 15:38:28.008,0.92252,0.9228,2.32,1.12
2014.12.12 15:38:28.276,0.92252,0.92284,2.32,1.50
2014.12.12 15:38:28.327,0.9225,0.92275,1.30,1.12
2014.12.12 15:38:28.377,0.92244,0.92275,2.32,1.12
2014.12.12 15:38:28.529,0.92242,0.92275,1.82,1.87
2014.12.12 15:38:28.983,0.92242,0.92275,1.90,1.15
2014.12.12 15:38:29.033,0.92245,0.92275,2.70,1.00
2014.12.12 15:38:29.336,0.92248,0.92284,2.70,2.70
2014.12.12 15:38:29.539,0.92255,0.92285,2.32,1.72
2014.12.12 15:38:29.842,0.92251,0.92285,2.70,1.87
2014.12.12 15:38:30.043,0.92253,0.92285,2.70,1.87
2014.12.12 15:38:30.195,0.92257,0.92285,2.32,1.05
2014.12.12 15:38:30.699,0.92257,0.92288,2.32,1.05
2014.12.12 15:38:31.241,0.92254,0.92288,3.67,1.12
2014.12.12 15:38:33.004,0.92254,0.92288,2.70,1.12
2014.12.12 15:38:33.055,0.92257,0.92288,2.70,1.12
2014.12.12 15:38:33.155,0.9226,0.9229,2.70,1.00
2014.12.12 15:38:33.659,0.9226,0.92295,3.67,1.52
2014.12.12 15:38:35.151,0.9226,0.9229,2.70,1.00
2014.12.12 15:38:35.365,0.92259,0.92285,1.67,1.00
2014.12.12 15:38:35.416,0.92256,0.92285,1.65,1.12
2014.12.12 15:38:35.567,0.92252,0.92284,2.70,1.45
2014.12.12 15:38:35.669,0.92254,0.92285,2.70,1.20
2014.12.12 15:38:35.719,0.92254,0.92285,3.07,1.10
2014.12.12 15:38:35.820,0.92257,0.9229,5.25,1.87
2014.12.12 15:38:36.123,0.92262,0.92293,2.32,1.45
2014.12.12 15:38:36.174,0.92262,0.92297,2.32,3.07
2014.12.12 15:38:36.577,0.92264,0.9229,1.15,1.00
2014.12.12 15:38:36.678,0.92262,0.92294,2.32,1.15
2014.12.12 15:38:37.123,0.92262,0.9229,2.70,1.00
2014.12.12 15:38:38.080,0.92259,0.92293,3.45,1.82
2014.12.12 15:38:38.624,0.92259,0.92292,2.70,1.65
2014.12.12 15:38:41.854,0.92255,0.92289,2.70,1.82
2014.12.12 15:38:42.444,0.92255,0.9229,2.70,2.62
2014.12.12 15:38:43.031,0.92255,0.9229,3.07,1.52
2014.12.12 15:38:45.406,0.92257,0.9229,1.52,1.52
2014.12.12 15:38:45.507,0.92258,0.9229,2.70,1.55
2014.12.12 15:38:46.205,0.92258,0.92291,2.70,1.82
2014.12.12 15:38:46.736,0.92258,0.9229,2.70,1.55
2014.12.12 15:38:47.510,0.92258,0.9229,2.32,1.65
2014.12.12 15:38:47.814,0.9225,0.9228,2.70,1.12
2014.12.12 15:38:47.915,0.92253,0.92282,2.32,1.00
2014.12.12 15:38:48.017,0.92251,0.92282,1.17,3.07
2014.12.12 15:38:48.118,0.92255,0.92285,1.10,1.15
2014.12.12 15:38:48.169,0.92255,0.92285,3.07,1.10
2014.12.12 15:38:48.371,0.92256,0.92288,1.17,2.32
2014.12.12 15:38:48.472,0.92256,0.92284,1.00,2.32
2014.12.12 15:38:48.979,0.92257,0.92284,1.00,2.32
2014.12.12 15:38:49.095,0.9225,0.92284,1.52,2.32
2014.12.12 15:38:49.633,0.92251,0.92284,1.50,2.70
2014.12.12 15:38:50.347,0.92249,0.92284,2.25,2.70
2014.12.12 15:38:51.465,0.92248,0.92284,3.45,3.07
2014.12.12 15:38:51.617,0.92247,0.9228,1.52,1.52
2014.12.12 15:38:51.819,0.92248,0.92278,1.10,2.70
2014.12.12 15:38:52.021,0.92242,0.92276,1.15,1.27
2014.12.12 15:38:52.072,0.9224,0.92274,1.65,1.15
2014.12.12 15:38:52.223,0.9224,0.92272,1.17,2.32
2014.12.12 15:38:53.297,0.92237,0.92268,1.55,2.70
2014.12.12 15:38:53.499,0.92235,0.92266,1.10,2.70
2014.12.12 15:38:53.601,0.92232,0.92266,1.15,3.07
2014.12.12 15:38:53.912,0.92228,0.9226,1.65,1.15
2014.12.12 15:38:55.674,0.9223,0.92262,1.52,2.70
2014.12.12 15:38:55.725,0.9223,0.92265,1.52,3.45
2014.12.12 15:38:55.775,0.92231,0.92265,2.20,3.07
2014.12.12 15:38:55.927,0.92233,0.92266,1.87,1.27
2014.12.12 15:38:56.229,0.92232,0.92265,1.82,2.70
2014.12.12 15:38:56.582,0.92234,0.92265,1.50,2.32
2014.12.12 15:38:56.733,0.92238,0.92268,1.67,2.70
2014.12.12 15:38:57.238,0.92238,0.92268,1.37,2.32
2014.12.12 15:38:57.490,0.92238,0.92268,1.37,2.70
2014.12.12 15:38:57.742,0.92239,0.92271,1.42,2.70
2014.12.12 15:38:58.220,0.92238,0.92267,1.00,2.32
2014.12.12 15:38:58.422,0.92229,0.92263,3.30,1.15
2014.12.12 15:38:58.523,0.92228,0.92263,1.45,4.50
2014.12.12 15:39:00.096,0.92229,0.92255,1.45,1.00
2014.12.12 15:39:00.197,0.9222,0.92254,1.15,3.30
2014.12.12 15:39:00.348,0.92225,0.92254,1.00,3.67
2014.12.12 15:39:00.651,0.92231,0.92261,2.10,2.70
2014.12.12 15:39:00.965,0.92231,0.92264,2.25,3.45
2014.12.12 15:39:01.824,0.92231,0.92262,1.15,1.65
2014.12.12 15:39:02.076,0.92216,0.92248,2.70,1.50
2014.12.12 15:39:02.731,0.92219,0.9225,3.45,1.55
2014.12.12 15:39:02.782,0.92219,0.9225,3.45,1.47
2014.12.12 15:39:03.544,0.92219,0.9225,3.45,1.47
2014.12.12 15:39:03.753,0.92219,0.9225,1.27,1.52
2014.12.12 15:39:04.244,0.92216,0.9225,2.70,2.40
2014.12.12 15:39:04.346,0.92216,0.9225,2.70,2.02
2014.12.12 15:39:04.447,0.92215,0.92249,3.45,3.45
2014.12.12 15:39:04.498,0.92215,0.92249,1.52,5.62
2014.12.12 15:39:05.341,0.92215,0.92243,1.07,2.25
2014.12.12 15:39:05.392,0.92214,0.92243,1.30,2.32
2014.12.12 15:39:05.442,0.92211,0.92239,1.17,1.50
2014.12.12 15:39:05.792,0.92205,0.92239,3.37,2.70
2014.12.12 15:39:05.893,0.9221,0.92245,1.52,4.87
2014.12.12 15:39:05.943,0.92212,0.92245,3.45,2.70
2014.12.12 15:39:05.994,0.92214,0.92246,1.82,1.52
2014.12.12 15:39:06.045,0.92214,0.92249,3.67,2.70
2014.12.12 15:39:06.146,0.92214,0.92252,6.22,6.37
2014.12.12 15:39:07.368,0.92214,0.92252,5.85,6.75
2014.12.12 15:39:07.477,0.92214,0.92248,5.85,1.65
2014.12.12 15:39:07.579,0.92212,0.92247,1.82,2.70
2014.12.12 15:39:07.882,0.92211,0.92244,3.67,1.65
2014.12.12 15:39:07.983,0.9221,0.92241,1.82,1.52
2014.12.12 15:39:08.489,0.92209,0.92243,4.87,1.52
2014.12.12 15:39:08.892,0.92209,0.9224,5.85,1.37
2014.12.12 15:39:09.397,0.92208,0.92243,4.05,2.70
2014.12.12 15:39:09.499,0.92211,0.92245,2.70,1.52
2014.12.12 15:39:10.306,0.92213,0.92245,2.70,1.45
2014.12.12 15:39:10.507,0.92214,0.92245,2.70,1.47
2014.12.12 15:39:10.810,0.92214,0.92245,2.32,1.55
2014.12.12 15:39:11.140,0.9221,0.92241,2.32,2.20
2014.12.12 15:39:11.191,0.92211,0.92241,1.00,1.82
2014.12.12 15:39:11.242,0.92211,0.92243,1.07,3.07
2014.12.12 15:39:11.293,0.92211,0.92245,1.15,3.67
2014.12.12 15:39:11.444,0.92212,0.92245,2.32,2.32
2014.12.12 15:39:11.495,0.92212,0.92246,4.50,1.65
2014.12.12 15:39:12.209,0.92212,0.92245,4.87,1.57
2014.12.12 15:39:13.937,0.92212,0.92245,1.52,1.52
2014.12.12 15:39:14.611,0.92212,0.92246,1.27,3.82
2014.12.12 15:39:15.087,0.92216,0.92246,1.37,3.07
2014.12.12 15:39:15.162,0.92216,0.92246,1.52,1.10
2014.12.12 15:39:15.213,0.92216,0.92249,1.15,1.87
2014.12.12 15:39:15.719,0.92215,0.92245,2.32,1.37
2014.12.12 15:39:16.238,0.92215,0.92245,2.32,2.10
2014.12.12 15:39:16.621,0.92215,0.9224,2.32,1.00
2014.12.12 15:39:16.823,0.92212,0.9224,2.70,1.00
2014.12.12 15:39:17.025,0.92215,0.9224,2.32,1.00
2014.12.12 15:39:20.101,0.92215,0.92245,2.32,1.47
2014.12.12 15:39:20.253,0.92215,0.92245,2.32,1.47
2014.12.12 15:39:20.354,0.92212,0.92245,2.70,1.52
2014.12.12 15:39:21.634,0.92213,0.92245,1.50,2.02
2014.12.12 15:39:22.166,0.92212,0.92245,2.32,2.40
2014.12.12 15:39:22.368,0.92209,0.9224,2.70,1.47
2014.12.12 15:39:23.373,0.92209,0.9224,2.70,1.20
2014.12.12 15:39:23.626,0.92214,0.92245,1.12,2.70
2014.12.12 15:39:23.676,0.92214,0.92246,1.50,1.52
2014.12.12 15:39:23.777,0.92214,0.92246,1.45,1.65
2014.12.12 15:39:23.979,0.92211,0.9224,1.45,1.55
2014.12.12 15:39:24.139,0.92209,0.9224,1.12,1.52
2014.12.12 15:39:25.092,0.92206,0.92241,3.67,1.65
2014.12.12 15:39:25.574,0.92204,0.92239,4.05,2.70
2014.12.12 15:39:25.779,0.92208,0.92241,2.70,1.12
2014.12.12 15:39:26.755,0.92214,0.92244,1.30,2.70
2014.12.12 15:39:26.957,0.92214,0.92245,1.37,3.30
2014.12.12 15:39:27.484,0.92214,0.92245,1.45,1.12
2014.12.12 15:39:27.946,0.92214,0.92245,1.50,1.87
2014.12.12 15:39:28.467,0.92213,0.92245,3.67,1.87
2014.12.12 15:39:29.189,0.92212,0.92245,3.67,1.87
2014.12.12 15:39:29.716,0.92211,0.92245,3.67,1.12
2014.12.12 15:39:30.063,0.92214,0.92245,2.70,1.12
2014.12.12 15:39:31.312,0.92214,0.92244,2.32,1.05
2014.12.12 15:39:31.362,0.92211,0.92244,2.70,1.12
2014.12.12 15:39:31.513,0.92211,0.92242,2.32,1.10
2014.12.12 15:39:32.516,0.92211,0.92244,2.70,1.12
2014.12.12 15:39:32.567,0.92214,0.92244,2.32,1.05
2014.12.12 15:39:32.873,0.92215,0.92244,2.32,1.42
2014.12.12 15:39:32.923,0.92212,0.92244,2.32,1.50
2014.12.12 15:39:33.024,0.9221,0.92244,3.67,2.25
2014.12.12 15:39:33.287,0.9221,0.92244,2.32,2.25
2014.12.12 15:39:33.388,0.9221,0.92244,2.70,2.25
2014.12.12 15:39:33.490,0.92212,0.92245,2.32,2.40
2014.12.12 15:39:34.015,0.92212,0.92246,3.45,1.90
2014.12.12 15:39:34.222,0.92212,0.92246,3.45,1.52
2014.12.12 15:39:35.726,0.92213,0.92248,1.82,3.82
2014.12.12 15:39:36.292,0.92213,0.92245,1.50,1.52
2014.12.12 15:39:36.798,0.92212,0.92245,4.42,1.52
2014.12.12 15:39:37.370,0.92212,0.92245,4.42,1.52
2014.12.12 15:39:38.490,0.92212,0.92247,2.70,2.02
2014.12.12 15:39:39.408,0.92212,0.92247,2.70,1.65
2014.12.12 15:39:39.951,0.92212,0.92247,2.70,1.52
2014.12.12 15:39:45.015,0.92211,0.92239,2.70,1.05
2014.12.12 15:39:45.217,0.92207,0.92239,1.52,1.82
2014.12.12 15:39:45.318,0.92208,0.92241,3.67,1.52
2014.12.12 15:39:45.620,0.92208,0.9224,4.80,1.17
2014.12.12 15:39:45.775,0.92215,0.92245,2.70,1.20
2014.12.12 15:39:46.027,0.92218,0.92251,1.82,1.52
2014.12.12 15:39:46.078,0.92219,0.92251,2.70,1.55
2014.12.12 15:39:46.582,0.9222,0.9225,2.70,1.47
2014.12.12 15:39:47.134,0.9222,0.9225,2.70,1.47
2014.12.12 15:39:48.655,0.92217,0.9225,2.70,3.00
2014.12.12 15:39:49.012,0.92217,0.9225,2.70,3.45
2014.12.12 15:39:49.063,0.92213,0.92249,4.05,3.45
2014.12.12 15:39:52.283,0.92216,0.92248,1.27,2.02
2014.12.12 15:39:52.334,0.92216,0.92248,3.82,1.17
2014.12.12 15:39:52.435,0.92219,0.92248,2.70,1.00
2014.12.12 15:39:52.586,0.92221,0.92256,5.62,1.82
2014.12.12 15:39:52.939,0.92225,0.92257,1.52,2.25
2014.12.12 15:39:53.468,0.92225,0.92257,1.52,2.25
2014.12.12 15:39:54.051,0.92225,0.92258,1.52,2.85
2014.12.12 15:39:54.353,0.92225,0.92254,1.00,3.45
2014.12.12 15:39:54.706,0.92222,0.92254,1.27,4.42
2014.12.12 15:39:55.749,0.92223,0.92251,1.00,2.70
2014.12.12 15:39:57.508,0.9222,0.92251,1.27,2.70
2014.12.12 15:39:58.163,0.92221,0.92251,1.47,2.70
2014.12.12 15:39:58.264,0.92221,0.92252,1.45,2.70
2014.12.12 15:39:58.315,0.92221,0.92253,1.52,1.82
2014.12.12 15:39:58.365,0.92221,0.92255,4.80,3.45
2014.12.12 15:39:58.416,0.92224,0.92255,1.55,1.27
2014.12.12 15:39:59.467,0.92225,0.92255,2.62,1.45
2014.12.12 15:39:59.970,0.92227,0.92258,1.45,1.87
2014.12.12 15:40:00.595,0.92226,0.92258,1.45,1.87
2014.12.12 15:40:00.948,0.92226,0.92255,1.45,1.55
2014.12.12 15:40:01.099,0.92222,0.92255,2.70,2.40
2014.12.12 15:40:01.150,0.92221,0.92255,1.45,2.40
2014.12.12 15:40:01.352,0.9222,0.9225,1.50,1.52
2014.12.12 15:40:01.857,0.92218,0.92248,3.67,1.47
2014.12.12 15:40:03.083,0.92218,0.92249,3.67,1.55
2014.12.12 15:40:03.284,0.92221,0.92249,2.70,1.10
2014.12.12 15:40:03.386,0.92222,0.92253,1.82,1.52
2014.12.12 15:40:03.587,0.92222,0.92253,1.82,1.52
2014.12.12 15:40:03.638,0.92219,0.92253,1.87,1.52
2014.12.12 15:40:04.797,0.92219,0.92253,2.25,1.27
2014.12.12 15:40:05.115,0.92221,0.92253,2.70,1.15
2014.12.12 15:40:05.166,0.92221,0.92253,2.70,1.07
2014.12.12 15:40:05.216,0.92224,0.92253,2.70,1.00
2014.12.12 15:40:05.720,0.92224,0.92256,2.70,1.52
2014.12.12 15:40:06.622,0.92226,0.92256,4.05,1.07
2014.12.12 15:40:06.773,0.92228,0.9226,3.07,1.07
2014.12.12 15:40:06.824,0.92229,0.9226,4.05,1.10
2014.12.12 15:40:06.925,0.92229,0.92263,3.07,1.87
2014.12.12 15:40:07.026,0.92228,0.9226,1.52,2.25
2014.12.12 15:40:07.126,0.92228,0.92259,1.20,2.70
2014.12.12 15:40:07.278,0.92229,0.92255,1.37,1.07
2014.12.12 15:40:07.379,0.92227,0.9226,2.32,1.15
2014.12.12 15:40:07.979,0.92227,0.92259,2.32,1.15
2014.12.12 15:40:08.030,0.92224,0.92259,2.25,3.07
2014.12.12 15:40:09.224,0.92223,0.92255,2.70,2.25
2014.12.12 15:40:09.754,0.92223,0.92255,2.62,1.52
2014.12.12 15:40:09.805,0.92219,0.92254,3.82,4.80
2014.12.12 15:40:09.855,0.92219,0.92251,3.00,2.70
2014.12.12 15:40:09.906,0.92218,0.9225,1.92,3.45
2014.12.12 15:40:10.108,0.9222,0.92252,2.02,3.45
2014.12.12 15:40:12.742,0.92219,0.9225,1.45,1.52
2014.12.12 15:40:13.213,0.92226,0.92247,1.30,1.00
2014.12.12 15:40:13.264,0.92226,0.92254,1.30,1.52
2014.12.12 15:40:13.315,0.92227,0.92255,1.37,1.52
2014.12.12 15:40:13.617,0.9222,0.9225,3.30,1.95
2014.12.12 15:40:13.769,0.9222,0.9225,1.45,2.02
2014.12.12 15:40:14.072,0.92215,0.92248,1.45,1.65
2014.12.12 15:40:14.352,0.92214,0.92242,3.30,1.00
2014.12.12 15:40:14.403,0.92212,0.92242,1.45,1.10
2014.12.12 15:40:14.561,0.92212,0.92242,1.45,1.17
2014.12.12 15:40:14.611,0.92211,0.92243,1.45,1.15
2014.12.12 15:40:14.662,0.92211,0.92243,3.30,1.07
2014.12.12 15:40:14.713,0.92212,0.92244,3.30,1.17
2014.12.12 15:40:14.763,0.92212,0.92244,3.22,3.07
2014.12.12 15:40:14.814,0.92212,0.92243,1.05,4.57
2014.12.12 15:40:16.080,0.92212,0.92242,1.05,1.90
2014.12.12 15:40:18.288,0.92211,0.92242,1.12,1.90
2014.12.12 15:40:18.493,0.9221,0.92242,1.87,2.40
2014.12.12 15:40:19.295,0.9221,0.92242,1.50,1.65
2014.12.12 15:40:19.813,0.92213,0.92242,1.45,1.55
2014.12.12 15:40:20.419,0.92213,0.92242,1.45,1.55
2014.12.12 15:40:21.140,0.92213,0.92242,1.45,1.55
2014.12.12 15:40:23.523,0.92215,0.92242,1.05,1.55
2014.12.12 15:40:23.926,0.92212,0.92242,1.12,2.40
2014.12.12 15:40:24.027,0.9221,0.92242,1.87,2.40
2014.12.12 15:40:24.241,0.9221,0.92242,1.87,2.02
2014.12.12 15:40:24.319,0.9221,0.92242,1.87,2.40
2014.12.12 15:40:24.655,0.9221,0.92241,1.87,1.90
2014.12.12 15:40:25.274,0.92213,0.92241,1.30,1.52
2014.12.12 15:40:25.476,0.92213,0.92241,1.30,1.90
2014.12.12 15:40:25.678,0.92212,0.92239,1.05,1.52
2014.12.12 15:40:26.082,0.9221,0.9224,1.45,1.90
2014.12.12 15:40:26.592,0.92209,0.92239,1.45,1.55
2014.12.12 15:40:28.773,0.92211,0.92241,1.50,1.55
2014.12.12 15:40:28.824,0.92217,0.92241,1.30,1.47
2014.12.12 15:40:29.026,0.92218,0.92247,1.05,1.52
2014.12.12 15:40:29.530,0.92215,0.92246,1.50,1.52
2014.12.12 15:40:30.375,0.92217,0.92246,1.12,1.45
2014.12.12 15:40:30.526,0.92217,0.92247,1.82,1.10
2014.12.12 15:40:30.576,0.92222,0.92247,1.37,1.00
2014.12.12 15:40:30.728,0.92219,0.9225,1.82,1.17
2014.12.12 15:40:31.078,0.92219,0.92249,1.82,1.07
2014.12.12 15:40:31.596,0.92216,0.92249,2.25,1.52
2014.12.12 15:40:32.311,0.92218,0.92249,1.82,1.15
2014.12.12 15:40:32.412,0.9222,0.9225,1.82,1.65
2014.12.12 15:40:32.916,0.92218,0.92251,3.82,1.52
2014.12.12 15:40:33.762,0.92218,0.9225,2.70,1.55
2014.12.12 15:40:33.863,0.92217,0.92245,2.32,1.47
2014.12.12 15:40:33.967,0.92214,0.92245,2.70,1.47
2014.12.12 15:40:34.168,0.92217,0.92245,2.32,1.12
2014.12.12 15:40:34.471,0.92213,0.92245,3.45,2.02
2014.12.12 15:40:34.522,0.92213,0.92245,1.52,1.52
2014.12.12 15:40:35.028,0.92211,0.92241,2.70,1.12
2014.12.12 15:40:35.671,0.92211,0.92245,3.67,1.52
2014.12.12 15:40:36.690,0.9221,0.92244,3.45,2.70
2014.12.12 15:40:36.741,0.9221,0.92244,1.52,3.67
2014.12.12 15:40:37.913,0.92207,0.92241,2.70,2.70
2014.12.12 15:40:37.990,0.92207,0.92241,1.52,4.20
2014.12.12 15:40:38.243,0.92207,0.92241,2.62,3.45
2014.12.12 15:40:38.344,0.9221,0.9224,1.52,1.10
2014.12.12 15:40:40.612,0.92209,0.9224,1.15,1.45
2014.12.12 15:40:40.662,0.92209,0.9224,1.15,1.52
2014.12.12 15:40:40.814,0.92205,0.92235,3.45,1.20
2014.12.12 15:40:40.864,0.92205,0.92235,1.52,1.27
2014.12.12 15:40:41.016,0.92204,0.92235,1.45,2.02
2014.12.12 15:40:41.522,0.92206,0.92234,1.45,1.47
2014.12.12 15:40:42.230,0.92204,0.92236,1.82,1.52
2014.12.12 15:40:43.819,0.92204,0.92235,1.50,1.55
2014.12.12 15:40:44.325,0.92204,0.92235,1.45,1.55
2014.12.12 15:40:44.848,0.92205,0.92235,1.82,1.55
2014.12.12 15:40:45.151,0.92207,0.92235,2.70,1.12
2014.12.12 15:40:46.634,0.92207,0.92237,3.67,1.47
2014.12.12 15:40:50.624,0.92207,0.92239,3.67,1.52
2014.12.12 15:40:56.556,0.92207,0.92238,2.32,1.55
2014.12.12 15:40:57.370,0.92207,0.92234,2.32,1.00
2014.12.12 15:40:57.471,0.92204,0.92234,1.50,1.10
2014.12.12 15:40:57.874,0.92206,0.92236,2.32,1.20
2014.12.12 15:40:59.494,0.92204,0.92237,1.82,1.52
2014.12.12 15:41:00.301,0.92207,0.92238,2.70,1.55
2014.12.12 15:41:00.963,0.92207,0.92238,3.67,1.55
2014.12.12 15:41:01.216,0.92201,0.92231,1.45,1.52
2014.12.12 15:41:05.644,0.92202,0.92228,1.12,1.37
2014.12.12 15:41:05.846,0.92197,0.92227,3.30,1.82
2014.12.12 15:41:05.897,0.92195,0.92227,1.15,1.90
2014.12.12 15:41:05.998,0.92197,0.92225,1.30,3.07
2014.12.12 15:41:06.099,0.92199,0.92226,1.30,1.65
2014.12.12 15:41:06.149,0.92199,0.92226,1.30,1.15
2014.12.12 15:41:06.351,0.92201,0.92227,1.30,1.15
2014.12.12 15:41:06.542,0.92198,0.92227,1.05,1.15
2014.12.12 15:41:06.750,0.92198,0.92226,1.30,2.32
2014.12.12 15:41:07.254,0.92197,0.92226,1.00,2.32
2014.12.12 15:41:07.578,0.92197,0.92226,1.00,3.07
2014.12.12 15:41:08.195,0.92197,0.92226,1.00,3.07
2014.12.12 15:41:08.730,0.92196,0.92226,1.00,3.07
2014.12.12 15:41:08.881,0.92195,0.92228,1.15,2.62
2014.12.12 15:41:09.690,0.92196,0.92229,2.32,2.62
2014.12.12 15:41:10.302,0.92196,0.92229,2.32,2.62
2014.12.12 15:41:14.687,0.92198,0.92227,1.45,1.57
2014.12.12 15:41:15.090,0.92195,0.92223,1.87,1.37
2014.12.12 15:41:15.141,0.92195,0.92223,1.07,1.57
2014.12.12 15:41:15.192,0.92195,0.92218,1.00,1.12
2014.12.12 15:41:15.242,0.92195,0.92218,1.00,1.45
2014.12.12 15:41:15.343,0.92189,0.92218,1.15,1.52
2014.12.12 15:41:15.847,0.92188,0.92216,1.82,1.10
2014.12.12 15:41:16.382,0.92188,0.92216,2.32,1.37
2014.12.12 15:41:16.483,0.92187,0.92216,1.50,1.47
2014.12.12 15:41:16.836,0.92187,0.92216,3.67,1.10
2014.12.12 15:41:17.128,0.92187,0.92216,1.50,1.47
2014.12.12 15:41:17.332,0.9219,0.92216,1.45,1.12
2014.12.12 15:41:17.665,0.92187,0.92216,2.32,1.37
2014.12.12 15:41:17.766,0.92189,0.92216,1.45,1.10
2014.12.12 15:41:17.973,0.9219,0.92217,2.25,1.00
2014.12.12 15:41:18.125,0.92195,0.92223,1.47,1.15
2014.12.12 15:41:18.293,0.92195,0.92224,1.45,1.27
2014.12.12 15:41:18.344,0.92194,0.92224,3.30,1.10
2014.12.12 15:41:18.596,0.92196,0.92224,2.32,1.00
2014.12.12 15:41:18.647,0.92196,0.92226,3.30,1.00
2014.12.12 15:41:19.151,0.92197,0.92227,1.45,1.10
2014.12.12 15:41:19.850,0.92196,0.92225,3.30,1.00
2014.12.12 15:41:20.810,0.92196,0.92227,2.70,1.47
2014.12.12 15:41:22.259,0.92196,0.92228,2.32,1.45
2014.12.12 15:41:22.792,0.92196,0.92223,2.32,1.37
2014.12.12 15:41:22.843,0.92194,0.92223,4.05,1.37
2014.12.12 15:41:23.246,0.92196,0.92224,1.45,1.10
2014.12.12 15:41:27.001,0.922,0.92226,1.00,1.15
2014.12.12 15:41:27.052,0.922,0.92226,1.55,1.00
2014.12.12 15:41:27.153,0.922,0.9223,1.52,1.20
2014.12.12 15:41:27.506,0.92202,0.92231,2.70,1.10
2014.12.12 15:41:27.557,0.92203,0.92233,1.82,1.10
2014.12.12 15:41:29.809,0.92202,0.92231,1.75,2.25
2014.12.12 15:41:29.860,0.92202,0.9223,1.35,1.27
2014.12.12 15:41:29.980,0.92198,0.92227,1.52,1.50
2014.12.12 15:41:30.131,0.92196,0.92227,1.15,1.50
2014.12.12 15:41:30.352,0.92194,0.92225,1.15,2.02
2014.12.12 15:41:30.554,0.92191,0.92223,1.52,2.25
2014.12.12 15:41:31.311,0.92191,0.92221,1.50,2.70
2014.12.12 15:41:31.362,0.92191,0.92221,1.05,3.45
2014.12.12 15:41:32.642,0.92187,0.92218,1.75,1.27
2014.12.12 15:41:33.146,0.92185,0.92214,2.25,1.47
2014.12.12 15:41:33.839,0.92186,0.92213,1.37,1.20
2014.12.12 15:41:33.940,0.92186,0.92213,1.05,1.27
2014.12.12 15:41:35.033,0.92182,0.92212,1.50,1.55
2014.12.12 15:41:36.798,0.92183,0.92212,1.45,1.65
2014.12.12 15:41:37.050,0.92177,0.92204,1.42,1.10
2014.12.12 15:41:37.353,0.92175,0.92205,1.45,1.57
2014.12.12 15:41:37.454,0.92173,0.92201,1.45,1.47
2014.12.12 15:41:37.769,0.92172,0.922,1.45,1.37
2014.12.12 15:41:37.870,0.92173,0.92202,1.45,1.17
2014.12.12 15:41:39.562,0.92174,0.92204,1.12,1.52
2014.12.12 15:41:39.663,0.9217,0.92201,4.05,1.42
2014.12.12 15:41:39.966,0.92172,0.92199,1.30,1.15
2014.12.12 15:41:40.067,0.92171,0.92199,2.70,1.00
2014.12.12 15:41:40.391,0.92183,0.9221,1.30,1.90
2014.12.12 15:41:40.744,0.92181,0.9221,1.45,1.10
2014.12.12 15:41:41.235,0.92181,0.9221,1.45,1.07
2014.12.12 15:41:41.789,0.92182,0.9221,1.05,1.90
2014.12.12 15:41:42.188,0.92179,0.9221,1.82,1.52
2014.12.12 15:41:42.750,0.92177,0.92209,3.67,1.52
2014.12.12 15:41:43.549,0.92177,0.92209,3.30,1.52
2014.12.12 15:41:43.851,0.92177,0.92207,2.32,1.47
2014.12.12 15:41:43.952,0.92175,0.92207,1.45,1.65
2014.12.12 15:41:44.061,0.92173,0.92206,4.50,1.90
2014.12.12 15:41:44.161,0.92171,0.92205,2.32,1.90
2014.12.12 15:41:44.363,0.92177,0.92202,1.30,1.55
2014.12.12 15:41:44.464,0.92179,0.92204,1.30,1.52
2014.12.12 15:41:44.667,0.92179,0.92207,1.30,1.52
2014.12.12 15:41:45.966,0.92179,0.92208,1.37,1.15
2014.12.12 15:41:46.286,0.9218,0.92208,1.45,1.00
2014.12.12 15:41:46.793,0.92184,0.9221,1.30,1.17
2014.12.12 15:41:47.297,0.92181,0.9221,1.45,1.17
2014.12.12 15:41:47.801,0.92176,0.92209,1.45,1.15
2014.12.12 15:41:48.103,0.92174,0.92208,1.45,3.07
2014.12.12 15:41:48.429,0.9218,0.92214,1.82,2.25
2014.12.12 15:41:48.731,0.92186,0.92211,1.12,1.00
2014.12.12 15:41:49.034,0.92191,0.92215,1.37,1.00
2014.12.12 15:41:49.084,0.92191,0.92217,1.37,1.12
2014.12.12 15:41:49.286,0.92191,0.92217,1.30,1.52
2014.12.12 15:41:49.337,0.92189,0.92217,1.05,1.52
2014.12.12 15:41:49.792,0.92188,0.92216,1.12,1.55
2014.12.12 15:41:50.298,0.92187,0.92216,1.30,1.52
2014.12.12 15:41:50.962,0.92188,0.92215,1.30,1.52
2014.12.12 15:41:52.290,0.9219,0.9222,1.05,1.52
2014.12.12 15:41:53.600,0.92188,0.92215,1.37,1.45
2014.12.12 15:41:53.802,0.92183,0.9221,1.12,1.17
2014.12.12 15:41:54.407,0.92185,0.92214,1.30,2.70
2014.12.12 15:41:54.958,0.9218,0.92214,2.62,3.07
2014.12.12 15:41:55.008,0.9218,0.92205,1.87,1.37
2014.12.12 15:41:55.462,0.92179,0.92209,1.05,3.45
2014.12.12 15:41:55.513,0.92179,0.92209,1.45,1.15
2014.12.12 15:41:55.816,0.92178,0.92209,1.12,1.15
2014.12.12 15:41:56.221,0.92181,0.92209,1.30,1.65
2014.12.12 15:41:56.848,0.92181,0.92209,1.30,1.52
2014.12.12 15:41:57.798,0.92181,0.92209,1.30,1.65
2014.12.12 15:41:58.174,0.92176,0.92203,1.80,1.45
2014.12.12 15:41:58.225,0.92173,0.922,1.05,1.55
2014.12.12 15:41:58.427,0.92177,0.92202,1.30,1.52
2014.12.12 15:41:58.528,0.92177,0.92202,1.30,1.27
2014.12.12 15:41:58.578,0.92179,0.92204,1.30,1.52
2014.12.12 15:41:58.780,0.92177,0.92205,1.30,1.15
2014.12.12 15:41:58.831,0.92177,0.92203,1.30,2.32
2014.12.12 15:41:59.150,0.92179,0.92205,1.30,2.32
2014.12.12 15:41:59.771,0.92178,0.92205,1.30,2.32
2014.12.12 15:41:59.822,0.92178,0.92206,1.30,1.15
2014.12.12 15:42:00.229,0.92186,0.92211,1.30,3.07
2014.12.12 15:42:00.442,0.92187,0.92211,1.30,1.15
2014.12.12 15:42:00.853,0.9218,0.92209,1.45,1.10
2014.12.12 15:42:00.904,0.9218,0.92209,1.37,1.17
2014.12.12 15:42:00.955,0.92177,0.92206,1.45,1.17
2014.12.12 15:42:01.468,0.92177,0.92206,1.45,1.55
2014.12.12 15:42:01.621,0.92176,0.92206,1.45,1.92
2014.12.12 15:42:01.722,0.92173,0.92205,1.45,2.40
2014.12.12 15:42:02.024,0.92172,0.92202,1.45,1.47
2014.12.12 15:42:02.574,0.92176,0.92205,1.05,2.02
2014.12.12 15:42:02.624,0.92177,0.92205,1.45,1.50
2014.12.12 15:42:03.128,0.92177,0.92207,1.82,1.17
2014.12.12 15:42:03.949,0.92175,0.92208,4.42,1.52
2014.12.12 15:42:04.262,0.92182,0.92207,1.30,2.32
2014.12.12 15:42:04.514,0.9218,0.92206,1.30,2.02
2014.12.12 15:42:05.050,0.92185,0.92205,1.30,1.10
2014.12.12 15:42:05.571,0.92184,0.92205,1.30,1.00
2014.12.12 15:42:06.272,0.92188,0.92208,1.30,1.10
2014.12.12 15:42:06.524,0.92192,0.92214,1.30,1.95
2014.12.12 15:42:06.625,0.92188,0.92214,1.12,1.10
2014.12.12 15:42:06.675,0.92193,0.92218,1.30,1.27
2014.12.12 15:42:06.928,0.92197,0.9222,1.30,1.10
2014.12.12 15:42:07.129,0.92194,0.92224,1.05,1.52
2014.12.12 15:42:07.331,0.92199,0.92222,1.30,1.47
2014.12.12 15:42:07.482,0.92196,0.92222,1.12,1.47
2014.12.12 15:42:07.785,0.92194,0.9222,1.30,1.27
2014.12.12 15:42:08.238,0.92192,0.9222,1.30,3.45
2014.12.12 15:42:08.994,0.92193,0.92219,1.30,1.52
2014.12.12 15:42:09.320,0.92186,0.92216,1.45,1.27
2014.12.12 15:42:09.421,0.92184,0.9221,3.30,1.00
2014.12.12 15:42:09.472,0.92184,0.9221,1.12,1.00
2014.12.12 15:42:09.573,0.92187,0.9221,1.30,1.12
2014.12.12 15:42:09.674,0.92185,0.92214,1.05,1.52
2014.12.12 15:42:09.775,0.92187,0.92211,1.30,1.52
2014.12.12 15:42:09.977,0.92189,0.92213,1.30,1.27
2014.12.12 15:42:10.330,0.92191,0.92216,1.30,1.15
2014.12.12 15:42:10.541,0.92193,0.92218,1.30,1.15
2014.12.12 15:42:11.063,0.92194,0.92218,1.30,1.15
2014.12.12 15:42:11.226,0.92192,0.92218,1.30,1.15
2014.12.12 15:42:11.327,0.92192,0.92218,1.30,3.07
2014.12.12 15:42:11.844,0.92191,0.92217,1.30,2.32
2014.12.12 15:42:12.760,0.92192,0.92217,1.30,2.32
2014.12.12 15:42:13.414,0.92191,0.92217,1.30,2.32
2014.12.12 15:42:13.929,0.9219,0.92217,1.30,2.32
2014.12.12 15:42:13.980,0.9219,0.92219,1.30,1.52
2014.12.12 15:42:14.506,0.92188,0.92219,1.50,1.52
2014.12.12 15:42:15.264,0.92185,0.92217,1.50,3.45
2014.12.12 15:42:15.567,0.92187,0.92217,1.67,3.07
2014.12.12 15:42:15.668,0.92186,0.92217,1.05,2.32
2014.12.12 15:42:15.921,0.92188,0.92217,1.30,2.32
2014.12.12 15:42:16.295,0.92189,0.9222,1.05,3.82
2014.12.12 15:42:16.736,0.92189,0.9222,1.42,4.20
2014.12.12 15:42:17.148,0.92189,0.9222,1.42,4.20
2014.12.12 15:42:17.675,0.92188,0.9222,1.50,4.20
2014.12.12 15:42:18.291,0.92189,0.9222,1.42,4.20
2014.12.12 15:42:18.794,0.92184,0.92219,3.07,1.27
2014.12.12 15:42:18.896,0.92184,0.9222,3.07,2.70
2014.12.12 15:42:19.098,0.92187,0.92223,4.05,2.70
2014.12.12 15:42:19.300,0.92191,0.92227,2.70,3.07
2014.12.12 15:42:20.662,0.92192,0.92223,1.20,2.70
2014.12.12 15:42:23.318,0.92186,0.9222,4.05,2.70
2014.12.12 15:42:23.470,0.92191,0.92223,1.82,2.02
2014.12.12 15:42:23.521,0.92193,0.92223,2.62,1.95
2014.12.12 15:42:23.723,0.92194,0.92223,2.70,1.57
2014.12.12 15:42:23.874,0.92192,0.92226,1.87,3.07
2014.12.12 15:42:23.925,0.92195,0.92227,2.62,3.07
2014.12.12 15:42:23.975,0.92198,0.92228,1.45,1.27
2014.12.12 15:42:24.026,0.92198,0.92228,1.45,1.27
2014.12.12 15:42:24.077,0.92199,0.92229,1.45,1.55
2014.12.12 15:42:24.933,0.92203,0.92234,2.25,2.32
2014.12.12 15:42:24.984,0.92203,0.92235,3.07,1.17
2014.12.12 15:42:25.034,0.9221,0.92238,1.00,2.40
2014.12.12 15:42:25.286,0.9221,0.9224,1.27,1.27
2014.12.12 15:42:25.387,0.9221,0.9224,1.87,1.55
2014.12.12 15:42:25.438,0.9221,0.9224,1.87,1.55
2014.12.12 15:42:25.791,0.92209,0.9224,1.12,1.15
2014.12.12 15:42:25.841,0.92207,0.9224,1.45,1.15
2014.12.12 15:42:26.295,0.92208,0.92241,1.45,3.07
2014.12.12 15:42:26.346,0.92208,0.9224,3.30,1.17
2014.12.12 15:42:26.519,0.92207,0.9224,1.87,1.15
2014.12.12 15:42:26.826,0.9221,0.9224,1.45,1.17
2014.12.12 15:42:27.597,0.92208,0.92242,4.05,1.45
2014.12.12 15:42:27.749,0.92211,0.92245,2.70,2.02
2014.12.12 15:42:28.001,0.92211,0.92245,2.70,1.90
2014.12.12 15:42:28.530,0.92211,0.9224,2.70,1.12
2014.12.12 15:42:29.322,0.92211,0.9224,2.70,1.67
2014.12.12 15:42:29.423,0.92208,0.92241,3.67,1.82
2014.12.12 15:42:29.630,0.92207,0.92237,3.60,2.62
2014.12.12 15:42:29.681,0.92202,0.92234,1.90,1.45
2014.12.12 15:42:29.732,0.922,0.92234,4.42,3.67
2014.12.12 15:42:30.260,0.922,0.92231,1.52,1.82
2014.12.12 15:42:31.857,0.922,0.92232,1.65,1.50
2014.12.12 15:42:32.160,0.922,0.92234,3.37,2.70
2014.12.12 15:42:32.463,0.92205,0.92239,1.90,3.67
2014.12.12 15:42:32.989,0.92206,0.92239,1.87,2.70
2014.12.12 15:42:33.140,0.92206,0.9224,4.80,1.50
2014.12.12 15:42:33.762,0.92206,0.92241,4.80,1.82
2014.12.12 15:42:34.267,0.9221,0.92242,1.17,2.70
2014.12.12 15:42:37.650,0.9221,0.92242,4.20,1.45
2014.12.12 15:42:38.173,0.92214,0.92244,1.57,1.12
2014.12.12 15:42:38.224,0.92214,0.92244,1.47,1.05
2014.12.12 15:42:38.729,0.9221,0.92245,1.52,2.25
2014.12.12 15:42:39.943,0.9221,0.92244,2.25,1.42
2014.12.12 15:42:39.994,0.9221,0.9224,1.82,1.00
2014.12.12 15:42:40.095,0.92208,0.9224,2.10,1.10
2014.12.12 15:42:40.448,0.92214,0.92245,1.42,1.15
2014.12.12 15:42:40.499,0.92214,0.92245,1.42,1.17
2014.12.12 15:42:40.549,0.92215,0.92248,1.45,1.50
2014.12.12 15:42:40.600,0.92215,0.92248,1.52,1.42
2014.12.12 15:42:41.104,0.92218,0.9225,1.55,1.15
2014.12.12 15:42:41.628,0.92218,0.9225,1.55,1.52
2014.12.12 15:42:41.986,0.92214,0.92245,3.07,1.00
2014.12.12 15:42:42.087,0.92215,0.9225,1.52,1.52
2014.12.12 15:42:42.954,0.92214,0.92251,4.42,2.25
2014.12.12 15:42:43.055,0.92217,0.92251,1.45,1.90
2014.12.12 15:42:43.206,0.92213,0.92245,1.82,1.47
2014.12.12 15:42:43.357,0.92211,0.92246,1.87,3.07
2014.12.12 15:42:43.458,0.92211,0.92246,1.87,2.32
2014.12.12 15:42:43.509,0.92211,0.92248,2.20,1.27
2014.12.12 15:42:43.610,0.92211,0.92245,1.80,1.15
2014.12.12 15:42:43.660,0.92209,0.92245,1.15,1.87
2014.12.12 15:42:43.913,0.92207,0.9224,1.17,1.15
2014.12.12 15:42:44.215,0.92209,0.92243,2.62,1.45
2014.12.12 15:42:44.724,0.9221,0.9224,1.15,1.00
2014.12.12 15:42:45.370,0.92209,0.92241,2.62,1.10
2014.12.12 15:42:45.926,0.9221,0.9224,1.87,1.00
2014.12.12 15:42:46.359,0.9221,0.9224,1.52,1.00
2014.12.12 15:42:46.862,0.92209,0.9224,1.52,1.12
2014.12.12 15:42:46.913,0.92206,0.92235,1.82,1.00
2014.12.12 15:42:47.563,0.92203,0.92235,4.05,1.00
2014.12.12 15:42:47.715,0.922,0.92235,3.37,1.27
2014.12.12 15:42:47.968,0.92201,0.92235,1.82,2.25
2014.12.12 15:42:48.069,0.922,0.92232,1.52,1.67
2014.12.12 15:42:48.220,0.92196,0.9223,2.47,1.20
2014.12.12 15:42:48.473,0.92205,0.92231,1.35,1.17
2014.12.12 15:42:48.627,0.9221,0.92243,1.00,3.30
2014.12.12 15:42:48.678,0.9221,0.92243,1.07,1.37
2014.12.12 15:42:48.728,0.92214,0.92247,1.30,1.45
2014.12.12 15:42:48.931,0.92214,0.9224,1.00,1.00
2014.12.12 15:42:49.463,0.92208,0.9224,5.47,1.00
2014.12.12 15:42:49.923,0.92209,0.9224,1.42,1.55
2014.12.12 15:42:50.904,0.92208,0.9224,1.50,1.55
2014.12.12 15:42:51.427,0.92206,0.9224,1.82,2.25
2014.12.12 15:42:51.578,0.92206,0.9224,1.50,2.62
2014.12.12 15:42:51.830,0.92205,0.92235,1.20,1.10
2014.12.12 15:42:51.982,0.92205,0.9224,3.00,1.87
2014.12.12 15:42:52.032,0.92207,0.9224,1.45,1.10
2014.12.12 15:42:52.536,0.92211,0.92245,1.35,4.05
2014.12.12 15:42:52.651,0.92212,0.92245,3.00,1.80
2014.12.12 15:42:52.702,0.92212,0.92248,3.30,1.50
2014.12.12 15:42:53.019,0.92214,0.9225,4.05,1.07
2014.12.12 15:42:53.070,0.92215,0.92251,3.67,1.12
2014.12.12 15:42:53.423,0.92217,0.92254,4.80,1.37
2014.12.12 15:42:53.474,0.92218,0.92254,2.32,1.30
2014.12.12 15:42:53.576,0.92218,0.92252,2.32,1.30
2014.12.12 15:42:53.990,0.92218,0.92254,2.32,1.30
2014.12.12 15:42:54.199,0.9222,0.92254,1.65,1.30
2014.12.12 15:42:54.502,0.92223,0.92257,3.82,1.05
2014.12.12 15:42:54.812,0.92226,0.92258,2.70,1.30
2014.12.12 15:42:55.329,0.92226,0.92257,2.70,1.30
2014.12.12 15:42:55.842,0.92226,0.92258,2.70,1.30
2014.12.12 15:42:56.820,0.92226,0.92255,2.70,1.00
2014.12.12 15:42:57.274,0.92223,0.92255,3.45,1.72
2014.12.12 15:42:57.426,0.92223,0.92253,2.70,1.30
2014.12.12 15:42:57.527,0.92223,0.92255,2.70,1.72
2014.12.12 15:42:58.348,0.92225,0.9226,1.27,2.25
2014.12.12 15:42:58.449,0.92226,0.92258,1.52,1.37
2014.12.12 15:42:58.500,0.92229,0.92263,1.50,1.82
2014.12.12 15:42:58.651,0.92229,0.92263,1.82,1.75
2014.12.12 15:42:58.953,0.9223,0.92265,3.67,1.75
2014.12.12 15:42:59.315,0.92233,0.92267,2.70,2.17
2014.12.12 15:42:59.365,0.92234,0.92267,2.70,1.35
2014.12.12 15:43:00.104,0.92234,0.92269,3.30,1.50
2014.12.12 15:43:00.408,0.92226,0.92255,2.70,1.00
2014.12.12 15:43:00.711,0.92234,0.92256,1.37,1.00
2014.12.12 15:43:00.918,0.92235,0.92264,2.25,1.75
2014.12.12 15:43:01.019,0.92233,0.92266,2.92,1.30
2014.12.12 15:43:01.322,0.92234,0.92268,1.45,1.05
2014.12.12 15:43:01.775,0.92233,0.92265,3.30,1.00
2014.12.12 15:43:02.027,0.92237,0.92271,3.30,2.47
2014.12.12 15:43:02.484,0.92235,0.92267,2.32,1.30
2014.12.12 15:43:02.635,0.92237,0.9227,2.32,1.72
2014.12.12 15:43:02.802,0.92237,0.92267,2.32,1.30
2014.12.12 15:43:02.954,0.92234,0.92268,1.50,1.30
2014.12.12 15:43:03.005,0.92233,0.92265,2.25,1.00
2014.12.12 15:43:03.530,0.92234,0.92266,1.50,1.00
2014.12.12 15:43:04.059,0.92234,0.92265,1.52,1.00
2014.12.12 15:43:04.467,0.92234,0.92265,1.65,1.00
2014.12.12 15:43:04.985,0.92232,0.92266,6.97,1.00
2014.12.12 15:43:05.229,0.92232,0.92266,6.97,1.00
2014.12.12 15:43:05.957,0.92232,0.92265,5.85,1.00
2014.12.12 15:43:06.008,0.92232,0.92263,4.87,1.30
2014.12.12 15:43:06.310,0.92224,0.92251,1.90,1.30
2014.12.12 15:43:06.562,0.92224,0.92253,1.27,1.30
2014.12.12 15:43:06.888,0.92223,0.92251,3.82,1.30
2014.12.12 15:43:07.311,0.92227,0.92256,1.17,1.30
2014.12.12 15:43:07.815,0.92227,0.92257,2.70,1.30
2014.12.12 15:43:08.218,0.9223,0.92259,2.02,1.30
2014.12.12 15:43:09.424,0.92227,0.92258,2.70,1.30
2014.12.12 15:43:09.525,0.92227,0.9226,2.70,1.30
2014.12.12 15:43:10.031,0.92229,0.92259,1.52,1.30
2014.12.12 15:43:10.081,0.9223,0.9226,2.70,1.72
2014.12.12 15:43:10.610,0.92231,0.9226,2.70,1.30
2014.12.12 15:43:10.957,0.92231,0.92257,2.32,1.30
2014.12.12 15:43:11.059,0.92227,0.92258,2.70,1.30
2014.12.12 15:43:11.733,0.92229,0.92262,1.45,1.42
2014.12.12 15:43:11.884,0.9223,0.92264,1.82,1.82
2014.12.12 15:43:13.667,0.92231,0.92255,3.30,1.37
2014.12.12 15:43:13.768,0.92223,0.9225,1.15,1.00
2014.12.12 15:43:13.870,0.92218,0.9225,1.27,1.00
2014.12.12 15:43:14.172,0.92217,0.92253,1.45,1.45
2014.12.12 15:43:14.756,0.92223,0.92256,2.25,3.22
2014.12.12 15:43:14.808,0.92224,0.92258,1.45,1.05
2014.12.12 15:43:16.639,0.92228,0.92263,1.37,1.87
2014.12.12 15:43:16.690,0.92228,0.92263,1.45,1.45
2014.12.12 15:43:17.196,0.92227,0.9226,2.32,1.72
2014.12.12 15:43:17.639,0.92226,0.92255,2.32,1.00
2014.12.12 15:43:17.689,0.92223,0.92255,4.05,1.00
2014.12.12 15:43:17.790,0.92222,0.92255,1.45,1.20
2014.12.12 15:43:18.244,0.92218,0.92251,2.92,1.07
2014.12.12 15:43:18.295,0.92216,0.9225,1.12,1.10
2014.12.12 15:43:18.346,0.92216,0.9225,1.12,1.07
2014.12.12 15:43:18.890,0.92217,0.9225,1.65,1.15
2014.12.12 15:43:19.409,0.92214,0.92246,1.45,1.47
2014.12.12 15:43:19.919,0.92212,0.9224,2.70,1.00
2014.12.12 15:43:19.969,0.9221,0.9224,1.87,1.00
2014.12.12 15:43:20.221,0.92209,0.9224,1.82,1.00
2014.12.12 15:43:21.089,0.92208,0.9224,2.20,1.00
2014.12.12 15:43:21.391,0.92211,0.9224,2.62,1.00
2014.12.12 15:43:21.492,0.92214,0.92245,2.20,1.00
2014.12.12 15:43:22.108,0.92215,0.92246,1.87,1.00
2014.12.12 15:43:22.456,0.92215,0.9225,2.62,2.25
2014.12.12 15:43:22.982,0.92216,0.9225,1.42,1.52
2014.12.12 15:43:23.287,0.92217,0.9225,1.67,1.52
2014.12.12 15:43:23.338,0.92217,0.92245,1.67,1.00
2014.12.12 15:43:23.640,0.9221,0.92241,1.52,1.35
2014.12.12 15:43:24.190,0.92209,0.9224,3.07,1.00
2014.12.12 15:43:24.595,0.92205,0.9224,3.82,1.20
2014.12.12 15:43:24.907,0.92205,0.92238,3.82,1.35
2014.12.12 15:43:25.209,0.92205,0.92237,2.20,1.17
2014.12.12 15:43:25.310,0.92209,0.9224,1.87,1.00
2014.12.12 15:43:26.395,0.92208,0.9224,1.82,1.00
2014.12.12 15:43:28.709,0.92207,0.92246,1.87,3.45
2014.12.12 15:43:29.399,0.92207,0.9224,1.87,1.00
2014.12.12 15:43:29.902,0.92207,0.92245,1.82,1.90
2014.12.12 15:43:30.154,0.92206,0.92235,2.70,1.00
2014.12.12 15:43:30.406,0.92203,0.92235,2.70,1.37
2014.12.12 15:43:30.709,0.92199,0.92234,4.05,1.20
2014.12.12 15:43:30.911,0.922,0.9223,1.82,1.00
2014.12.12 15:43:31.213,0.92199,0.9223,3.07,1.00
2014.12.12 15:43:31.264,0.922,0.92233,1.90,1.10
2014.12.12 15:43:31.314,0.92206,0.92233,1.37,1.10
2014.12.12 15:43:31.415,0.92207,0.92239,1.45,1.00
2014.12.12 15:43:31.935,0.92205,0.92241,5.47,1.72
2014.12.12 15:43:32.036,0.92205,0.92235,5.47,1.00
2014.12.12 15:43:32.608,0.92205,0.9224,4.50,1.00
2014.12.12 15:43:32.659,0.92205,0.9224,5.25,1.00
2014.12.12 15:43:33.162,0.92205,0.92241,6.22,1.00
2014.12.12 15:43:33.480,0.92211,0.9224,2.20,1.00
2014.12.12 15:43:33.581,0.92215,0.92248,1.42,1.65
2014.12.12 15:43:33.632,0.92215,0.92248,1.05,1.27
2014.12.12 15:43:35.168,0.92213,0.92245,2.32,1.10
2014.12.12 15:43:35.471,0.92221,0.92245,2.32,1.00
2014.12.12 15:43:35.527,0.92221,0.9225,2.32,1.50
2014.12.12 15:43:35.786,0.92217,0.92248,2.32,1.30
2014.12.12 15:43:35.887,0.92217,0.92245,2.32,1.00
2014.12.12 15:43:36.139,0.9222,0.92249,2.32,1.00
2014.12.12 15:43:36.291,0.92221,0.92259,3.07,1.52
2014.12.12 15:43:36.971,0.92224,0.9226,2.32,1.95
2014.12.12 15:43:37.022,0.92225,0.9226,2.32,1.95
2014.12.12 15:43:37.864,0.92225,0.92255,2.70,1.00
2014.12.12 15:43:37.965,0.92221,0.92255,1.50,1.47
2014.12.12 15:43:38.166,0.9222,0.92254,2.32,1.67
2014.12.12 15:43:38.267,0.92216,0.92254,1.65,1.82
2014.12.12 15:43:38.938,0.92214,0.9225,5.25,1.67
2014.12.12 15:43:39.039,0.92214,0.92251,5.25,1.50
2014.12.12 15:43:39.140,0.92215,0.92251,1.90,1.12
2014.12.12 15:43:39.462,0.92219,0.92253,2.70,1.42
2014.12.12 15:43:39.825,0.92219,0.9225,2.70,1.00
2014.12.12 15:43:39.976,0.92214,0.92245,1.27,1.00
2014.12.12 15:43:40.178,0.92209,0.92245,4.20,2.25
2014.12.12 15:43:40.385,0.92209,0.92245,4.20,2.25
2014.12.12 15:43:41.788,0.92209,0.92245,4.20,1.27
2014.12.12 15:43:42.298,0.92209,0.92245,3.82,1.17
2014.12.12 15:43:42.600,0.92209,0.9224,3.45,1.00
2014.12.12 15:43:43.117,0.92209,0.92244,3.07,1.42
2014.12.12 15:43:43.339,0.92209,0.9224,3.07,1.00
2014.12.12 15:43:43.578,0.92209,0.92245,3.07,2.25
2014.12.12 15:43:43.880,0.92209,0.92245,3.07,1.87
2014.12.12 15:43:44.132,0.92214,0.92246,1.52,1.35
2014.12.12 15:43:44.385,0.92214,0.92245,1.27,1.30
2014.12.12 15:43:44.486,0.92216,0.92251,4.05,1.05
2014.12.12 15:43:45.098,0.92217,0.92251,1.52,1.05
2014.12.12 15:43:45.604,0.9222,0.92252,3.00,1.30
2014.12.12 15:43:45.706,0.92223,0.92254,2.70,1.30
2014.12.12 15:43:45.809,0.92225,0.92256,1.52,1.30
2014.12.12 15:43:45.860,0.92229,0.92256,1.37,1.30
2014.12.12 15:43:45.911,0.92229,0.92258,1.37,1.30
2014.12.12 15:43:46.439,0.92225,0.92258,1.27,1.30
2014.12.12 15:43:46.976,0.92225,0.92258,2.02,1.30
2014.12.12 15:43:47.128,0.92226,0.92256,1.90,1.30
2014.12.12 15:43:47.179,0.92226,0.92256,1.52,1.30
2014.12.12 15:43:47.229,0.92226,0.92254,1.52,1.30
2014.12.12 15:43:47.734,0.92222,0.92254,1.90,1.30
2014.12.12 15:43:48.098,0.92222,0.92251,1.90,1.30
2014.12.12 15:43:48.199,0.92222,0.92251,1.52,1.30
2014.12.12 15:43:48.713,0.92222,0.9225,1.52,1.00
2014.12.12 15:43:49.266,0.92222,0.9225,1.65,1.00
2014.12.12 15:43:50.583,0.92222,0.9225,1.90,1.00
2014.12.12 15:43:50.683,0.92222,0.9225,1.65,1.00
2014.12.12 15:43:51.215,0.92222,0.9225,1.52,1.00
2014.12.12 15:43:51.680,0.92223,0.9225,1.50,1.00
2014.12.12 15:43:51.831,0.9223,0.92256,1.72,1.30
2014.12.12 15:43:51.882,0.92229,0.92258,2.07,1.05
2014.12.12 15:43:52.285,0.92232,0.92259,1.37,1.12
2014.12.12 15:43:52.437,0.92232,0.9226,1.55,1.00
2014.12.12 15:43:52.639,0.92232,0.92255,1.17,1.00
2014.12.12 15:43:53.150,0.92228,0.9226,2.32,1.72
2014.12.12 15:43:53.653,0.92228,0.9226,3.07,1.30
2014.12.12 15:43:53.754,0.92228,0.92258,3.07,1.30
2014.12.12 15:43:54.279,0.92228,0.92258,3.07,1.30
2014.12.12 15:43:54.829,0.92228,0.92259,3.07,1.30
2014.12.12 15:43:55.033,0.92232,0.92264,3.07,1.30
2014.12.12 15:43:55.084,0.92233,0.92264,1.75,1.30
2014.12.12 15:43:55.487,0.92237,0.92269,1.10,1.45
2014.12.12 15:43:55.537,0.92237,0.92269,1.15,1.30
2014.12.12 15:43:56.041,0.92237,0.92268,1.15,1.30
2014.12.12 15:43:56.495,0.92236,0.92266,1.15,1.30
2014.12.12 15:43:56.596,0.9224,0.92275,2.25,1.72
2014.12.12 15:43:58.740,0.92244,0.92275,1.20,1.37
2014.12.12 15:43:58.941,0.92242,0.92274,1.42,1.75
2014.12.12 15:43:59.043,0.92239,0.92274,2.62,1.82
2014.12.12 15:43:59.244,0.92239,0.9227,2.25,1.47
2014.12.12 15:43:59.749,0.92233,0.9227,1.82,2.25
2014.12.12 15:43:59.951,0.92231,0.92265,2.62,1.27
2014.12.12 15:44:00.052,0.92231,0.92265,2.62,1.20
2014.12.12 15:44:00.708,0.9223,0.92267,5.17,1.82
2014.12.12 15:44:00.809,0.9223,0.92267,4.80,2.20
2014.12.12 15:44:01.042,0.92226,0.9226,2.70,2.10
2014.12.12 15:44:01.348,0.92223,0.9226,1.82,3.45
2014.12.12 15:44:01.863,0.92221,0.92255,3.07,1.10
2014.12.12 15:44:01.964,0.92218,0.92255,1.82,1.15
2014.12.12 15:44:02.827,0.92217,0.9225,1.15,1.00
2014.12.12 15:44:03.593,0.9222,0.92255,1.17,1.87
2014.12.12 15:44:03.957,0.9222,0.92255,4.05,1.80
2014.12.12 15:44:04.358,0.92221,0.92251,1.87,1.00
2014.12.12 15:44:04.466,0.92221,0.92256,1.87,2.25
2014.12.12 15:44:04.908,0.92222,0.9225,1.82,1.00
2014.12.12 15:44:05.163,0.92222,0.92255,1.82,1.47
2014.12.12 15:44:05.679,0.92221,0.92255,1.82,2.17
2014.12.12 15:44:07.432,0.92221,0.92255,1.87,1.42
2014.12.12 15:44:07.658,0.92221,0.92251,1.87,1.00
2014.12.12 15:44:08.097,0.92221,0.92255,1.87,2.17
2014.12.12 15:44:08.961,0.92221,0.92255,1.82,2.17
2014.12.12 15:44:09.282,0.9222,0.92255,4.80,1.20
2014.12.12 15:44:09.600,0.92224,0.92255,2.70,1.00
2014.12.12 15:44:10.186,0.92224,0.92256,2.70,1.12
2014.12.12 15:44:10.881,0.92225,0.9226,1.52,2.25
2014.12.12 15:44:11.888,0.92225,0.9226,1.65,1.55
2014.12.12 15:44:12.197,0.9223,0.92263,1.52,1.47
2014.12.12 15:44:12.715,0.9223,0.92264,2.25,1.50
2014.12.12 15:44:13.285,0.92228,0.9226,4.05,1.00
2014.12.12 15:44:14.942,0.92228,0.9226,2.70,1.37
2014.12.12 15:44:15.348,0.92225,0.92255,1.87,1.00
2014.12.12 15:44:15.677,0.92225,0.92255,2.20,1.00
2014.12.12 15:44:15.828,0.92225,0.9226,3.37,1.17
2014.12.12 15:44:15.929,0.92227,0.9226,1.82,1.17
2014.12.12 15:44:16.282,0.92226,0.92255,2.20,1.00
2014.12.12 15:44:16.837,0.92227,0.92256,1.82,1.00
2014.12.12 15:44:17.039,0.92227,0.92261,1.82,2.25
2014.12.12 15:44:17.190,0.92228,0.92261,2.70,1.37
2014.12.12 15:44:17.694,0.92229,0.92261,1.82,1.00
2014.12.12 15:44:18.256,0.92228,0.9226,2.70,1.30
2014.12.12 15:44:19.048,0.92228,0.92259,2.70,1.30
2014.12.12 15:44:19.577,0.92228,0.9226,2.70,1.72
2014.12.12 15:44:20.379,0.92228,0.9226,3.07,1.00
2014.12.12 15:44:20.682,0.92234,0.92265,1.90,1.10
2014.12.12 15:44:21.192,0.92234,0.92265,1.65,1.80
2014.12.12 15:44:21.813,0.92234,0.92265,1.52,1.10
2014.12.12 15:44:22.326,0.92234,0.92266,3.07,1.00
2014.12.12 15:44:22.644,0.92234,0.92265,2.70,1.37
2014.12.12 15:44:25.788,0.92234,0.92265,4.05,1.00
2014.12.12 15:44:26.118,0.92234,0.92264,3.30,1.37
2014.12.12 15:44:26.219,0.92231,0.92262,2.70,1.67
2014.12.12 15:44:26.269,0.92231,0.92255,2.70,1.00
2014.12.12 15:44:26.320,0.92227,0.92255,1.82,1.00
2014.12.12 15:44:26.421,0.92226,0.92255,2.20,1.00
2014.12.12 15:44:26.932,0.92226,0.9226,2.20,1.80
2014.12.12 15:44:28.318,0.92227,0.9226,2.20,1.57
2014.12.12 15:44:28.369,0.92227,0.92255,2.20,1.00
2014.12.12 15:44:28.570,0.92226,0.9226,2.20,1.10
2014.12.12 15:44:28.621,0.92226,0.9226,1.87,1.10
2014.12.12 15:44:28.923,0.92226,0.92255,1.87,1.00
2014.12.12 15:44:29.127,0.92226,0.9226,1.87,1.10
2014.12.12 15:44:30.423,0.92226,0.9226,2.62,1.10
2014.12.12 15:44:31.338,0.92226,0.92255,2.62,1.00
2014.12.12 15:44:31.641,0.92221,0.92245,4.05,1.00
2014.12.12 15:44:31.792,0.92221,0.9225,3.07,1.00
2014.12.12 15:44:32.296,0.92221,0.9225,3.30,1.00
2014.12.12 15:44:32.347,0.9222,0.9225,1.45,1.00
2014.12.12 15:44:34.008,0.9222,0.9225,1.82,1.00
2014.12.12 15:44:34.709,0.9222,0.9225,1.87,1.00
2014.12.12 15:44:35.012,0.9222,0.9225,2.20,1.00
2014.12.12 15:44:35.415,0.92221,0.9225,3.07,1.00
2014.12.12 15:44:35.516,0.92224,0.92256,2.20,1.57
2014.12.12 15:44:35.718,0.92225,0.9226,1.87,1.15
2014.12.12 15:44:36.237,0.92226,0.92255,2.20,1.00
2014.12.12 15:44:36.367,0.92226,0.9226,2.20,1.10
2014.12.12 15:44:38.163,0.92226,0.9226,2.62,1.57
2014.12.12 15:44:38.466,0.92229,0.9226,1.87,1.10
2014.12.12 15:44:38.618,0.92232,0.92265,2.20,1.10
2014.12.12 15:44:39.144,0.92232,0.92265,2.62,1.10
2014.12.12 15:44:39.660,0.92232,0.92265,3.37,1.10
2014.12.12 15:44:40.135,0.92234,0.92268,3.07,1.20
2014.12.12 15:44:40.538,0.92234,0.9227,3.07,2.02
2014.12.12 15:44:40.841,0.92235,0.9227,1.90,1.52
2014.12.12 15:44:41.645,0.92235,0.9227,1.90,1.52
2014.12.12 15:44:43.275,0.92236,0.9227,2.20,1.27
2014.12.12 15:44:43.584,0.9224,0.9227,2.05,1.15
2014.12.12 15:44:43.685,0.92242,0.92275,1.87,1.27
2014.12.12 15:44:43.836,0.92242,0.92275,3.82,1.12
2014.12.12 15:44:45.125,0.92242,0.92275,2.70,1.37
2014.12.12 15:44:45.277,0.9224,0.9227,1.52,1.00
2014.12.12 15:44:45.797,0.92238,0.9227,3.82,1.00
2014.12.12 15:44:46.403,0.92238,0.9227,3.45,1.37
2014.12.12 15:44:47.112,0.92238,0.9227,2.70,1.37
2014.12.12 15:44:47.266,0.92237,0.9227,1.82,2.25
2014.12.12 15:44:47.905,0.92236,0.9227,2.25,2.25
2014.12.12 15:44:48.431,0.92236,0.9227,2.25,2.25
2014.12.12 15:44:48.737,0.92238,0.9227,1.82,1.17
2014.12.12 15:44:49.058,0.9224,0.9227,2.17,1.10
2014.12.12 15:44:49.834,0.92239,0.92275,2.70,2.02
2014.12.12 15:44:51.317,0.92239,0.92275,2.70,2.02
2014.12.12 15:44:51.986,0.92239,0.92275,3.07,1.55
2014.12.12 15:44:52.546,0.92239,0.92275,2.70,2.02
2014.12.12 15:45:03.302,0.9224,0.92274,1.95,2.62
2014.12.12 15:45:03.897,0.9224,0.92273,1.37,1.52
2014.12.12 15:45:04.415,0.9224,0.92273,1.00,2.25
2014.12.12 15:45:04.516,0.92237,0.92268,1.37,1.82
2014.12.12 15:45:04.819,0.92235,0.92266,1.85,1.17
2014.12.12 15:45:05.322,0.92237,0.9227,1.50,3.07
2014.12.12 15:45:06.217,0.92237,0.9227,1.37,3.67
2014.12.12 15:45:09.027,0.92237,0.9227,1.50,2.32
2014.12.12 15:45:09.540,0.92237,0.92267,1.37,1.45
2014.12.12 15:45:09.908,0.92235,0.9227,1.95,5.55
2014.12.12 15:45:10.643,0.92233,0.92265,2.62,1.10
2014.12.12 15:45:10.956,0.92235,0.9227,2.32,5.17
2014.12.12 15:45:11.820,0.92235,0.92269,1.95,1.82
2014.12.12 15:45:13.574,0.92235,0.92269,1.95,1.82
2014.12.12 15:45:16.279,0.92232,0.92265,2.25,1.47
2014.12.12 15:45:17.558,0.92233,0.92265,1.52,1.20
2014.12.12 15:45:18.508,0.92233,0.92265,1.52,1.47
2014.12.12 15:45:19.038,0.92233,0.92265,1.82,1.47
2014.12.12 15:45:19.806,0.92236,0.92265,1.30,1.47
2014.12.12 15:45:19.910,0.92234,0.92265,1.12,1.47
2014.12.12 15:45:20.117,0.92233,0.92265,1.50,1.47
2014.12.12 15:45:20.474,0.92233,0.92265,1.35,1.52
2014.12.12 15:45:20.625,0.92233,0.9226,1.35,1.00
2014.12.12 15:45:20.782,0.92229,0.9226,2.85,1.37
2014.12.12 15:45:21.235,0.9223,0.92262,1.37,1.52
2014.12.12 15:45:22.647,0.92227,0.92262,1.87,1.52
2014.12.12 15:45:23.257,0.92228,0.92262,1.90,1.10
2014.12.12 15:45:23.661,0.92233,0.92262,1.87,1.00
2014.12.12 15:45:23.712,0.92234,0.92265,1.52,1.00
2014.12.12 15:45:25.145,0.92235,0.92267,2.17,1.15
2014.12.12 15:45:25.662,0.92236,0.92268,2.27,1.15
2014.12.12 15:45:25.763,0.92238,0.9227,1.75,1.07
2014.12.12 15:45:26.275,0.92237,0.92269,1.12,1.05
2014.12.12 15:45:26.820,0.92237,0.92268,1.12,1.35
2014.12.12 15:45:27.818,0.92237,0.92267,1.12,1.30
2014.12.12 15:45:29.101,0.92237,0.92267,1.12,1.30
2014.12.12 15:45:29.151,0.92238,0.92269,1.75,1.10
2014.12.12 15:45:29.685,0.92243,0.92274,1.00,2.70
2014.12.12 15:45:30.217,0.92244,0.92274,1.00,3.67
2014.12.12 15:45:32.166,0.92242,0.92274,1.37,2.70
2014.12.12 15:45:34.441,0.92242,0.92274,1.12,2.70
2014.12.12 15:45:35.271,0.92242,0.92273,1.17,1.42
2014.12.12 15:45:35.574,0.92242,0.92274,1.55,1.50
2014.12.12 15:45:36.097,0.92244,0.92276,1.37,1.82
2014.12.12 15:45:36.871,0.92244,0.92275,1.00,2.25
2014.12.12 15:45:37.175,0.92243,0.92273,1.10,1.42
2014.12.12 15:45:37.781,0.92243,0.92265,1.00,1.00
2014.12.12 15:45:38.033,0.92235,0.92265,3.22,1.52
2014.12.12 15:45:38.134,0.92237,0.92266,1.05,1.30
2014.12.12 15:45:38.662,0.92235,0.92269,3.97,1.87
2014.12.12 15:45:39.208,0.92237,0.92268,1.60,2.32
2014.12.12 15:45:39.392,0.92236,0.92267,1.00,1.45
2014.12.12 15:45:39.443,0.92229,0.9226,3.60,1.00
2014.12.12 15:45:39.746,0.92226,0.92259,1.67,2.32
2014.12.12 15:45:39.796,0.92229,0.9226,1.15,1.10
2014.12.12 15:45:40.470,0.92233,0.92263,1.07,1.07
2014.12.12 15:45:40.520,0.92233,0.92263,1.17,1.00
2014.12.12 15:45:40.672,0.92236,0.9227,1.80,2.40
2014.12.12 15:45:40.723,0.92236,0.9227,1.87,2.40
2014.12.12 15:45:41.304,0.92236,0.92266,2.62,1.00
2014.12.12 15:45:41.817,0.92236,0.92265,1.45,1.00
2014.12.12 15:45:42.442,0.92236,0.92265,2.20,1.00
2014.12.12 15:45:42.593,0.9224,0.9227,1.65,1.00
2014.12.12 15:45:42.694,0.9224,0.9227,1.90,1.00
2014.12.12 15:45:43.212,0.92244,0.92276,1.37,4.42
2014.12.12 15:45:43.740,0.92242,0.9227,1.47,1.00
2014.12.12 15:45:44.619,0.92243,0.9227,1.37,1.00
2014.12.12 15:45:44.774,0.92243,0.9227,1.27,1.00
2014.12.12 15:45:44.926,0.92243,0.92275,1.52,1.20
2014.12.12 15:45:45.180,0.92244,0.92276,3.67,1.47
2014.12.12 15:45:45.822,0.92244,0.92276,4.05,1.12
2014.12.12 15:45:46.147,0.92245,0.92276,2.20,1.00
2014.12.12 15:45:46.349,0.92248,0.92279,1.50,1.27
2014.12.12 15:45:46.399,0.92248,0.9228,1.92,1.15
2014.12.12 15:45:46.500,0.92248,0.9228,3.45,1.00
2014.12.12 15:45:47.058,0.92251,0.9228,1.82,1.50
2014.12.12 15:45:47.360,0.92254,0.9228,1.52,1.00
2014.12.12 15:45:48.003,0.92254,0.9228,1.87,1.00
2014.12.12 15:45:48.606,0.92254,0.9228,1.82,1.00
2014.12.12 15:45:48.908,0.92249,0.92275,1.65,1.00
2014.12.12 15:45:50.885,0.92248,0.92275,2.70,1.00
2014.12.12 15:45:51.289,0.92244,0.92275,4.80,1.00
2014.12.12 15:45:51.390,0.92244,0.92275,4.80,1.00
2014.12.12 15:45:51.592,0.92244,0.92275,4.80,1.00
2014.12.12 15:45:52.096,0.92244,0.92275,4.05,1.00
2014.12.12 15:45:53.095,0.92245,0.92275,2.20,1.00
2014.12.12 15:45:53.398,0.92245,0.92275,1.82,1.12
2014.12.12 15:45:53.819,0.92244,0.9227,4.05,1.00
2014.12.12 15:45:54.029,0.92244,0.92275,3.45,1.50
2014.12.12 15:45:54.231,0.92246,0.92275,1.65,1.00
2014.12.12 15:45:54.433,0.92246,0.92275,1.90,1.00
2014.12.12 15:45:54.644,0.92246,0.92275,1.15,1.00
2014.12.12 15:45:54.845,0.92244,0.9227,4.42,1.00
2014.12.12 15:45:55.148,0.92244,0.92276,4.05,1.00
2014.12.12 15:45:55.856,0.92248,0.92276,1.92,1.00
2014.12.12 15:45:56.159,0.92252,0.92275,1.55,1.00
2014.12.12 15:45:56.708,0.92254,0.92275,1.37,1.00
2014.12.12 15:45:56.809,0.92254,0.9228,1.37,1.00
2014.12.12 15:45:57.219,0.92254,0.9228,1.37,1.00
2014.12.12 15:45:58.756,0.92254,0.92275,1.37,1.00
2014.12.12 15:45:59.286,0.92254,0.92276,1.87,1.00
2014.12.12 15:45:59.336,0.92256,0.9228,1.37,1.00
2014.12.12 15:45:59.689,0.92257,0.9228,1.37,1.00
2014.12.12 15:45:59.991,0.9225,0.9227,1.52,1.00
2014.12.12 15:46:00.042,0.9225,0.9227,1.37,1.00
2014.12.12 15:46:00.244,0.92245,0.9227,1.37,1.00
2014.12.12 15:46:00.295,0.92245,0.9227,1.37,1.00
2014.12.12 15:46:00.396,0.92246,0.92271,1.00,1.00
2014.12.12 15:46:00.648,0.92247,0.9227,1.17,1.00
2014.12.12 15:46:01.102,0.9225,0.9227,1.12,1.00
2014.12.12 15:46:01.606,0.92247,0.9227,1.55,1.00
2014.12.12 15:46:02.841,0.92247,0.9227,1.55,1.00
2014.12.12 15:46:03.295,0.92248,0.9227,1.47,1.00
2014.12.12 15:46:04.032,0.92249,0.9227,1.37,1.00
2014.12.12 15:46:04.187,0.92249,0.92275,1.37,1.00
2014.12.12 15:46:04.735,0.92249,0.9227,1.37,1.00
2014.12.12 15:46:04.806,0.92249,0.92275,1.37,1.00
2014.12.12 15:46:06.318,0.92247,0.92275,1.55,1.00
2014.12.12 15:46:08.985,0.92247,0.92278,1.55,1.42
2014.12.12 15:46:09.962,0.92247,0.92272,1.55,1.30
2014.12.12 15:46:10.265,0.92251,0.92277,1.55,1.30
2014.12.12 15:46:10.366,0.92251,0.92275,1.65,1.30
2014.12.12 15:46:10.467,0.92254,0.92279,1.15,1.30
2014.12.12 15:46:10.769,0.92255,0.92283,1.17,1.30
2014.12.12 15:46:10.870,0.92255,0.92283,1.15,1.30
2014.12.12 15:46:11.174,0.92256,0.92278,1.10,1.30
2014.12.12 15:46:11.692,0.92253,0.92275,1.15,1.30
2014.12.12 15:46:11.912,0.92256,0.92278,1.10,1.30
2014.12.12 15:46:12.013,0.92253,0.92276,1.15,1.30
2014.12.12 15:46:12.367,0.92252,0.92272,1.15,1.30
2014.12.12 15:46:12.687,0.92252,0.92272,1.17,1.30
2014.12.12 15:46:13.347,0.92252,0.92273,1.17,1.30
2014.12.12 15:46:13.873,0.92252,0.92274,1.17,1.30
2014.12.12 15:46:14.896,0.92252,0.92275,1.17,1.30
2014.12.12 15:46:15.444,0.92252,0.92276,1.27,1.30
2014.12.12 15:46:15.855,0.92252,0.92278,1.27,1.30
2014.12.12 15:46:16.693,0.92252,0.92278,1.17,1.67
2014.12.12 15:46:17.194,0.92252,0.92276,1.17,1.30
2014.12.12 15:46:17.625,0.92252,0.92272,1.17,1.30
2014.12.12 15:46:17.726,0.92252,0.92274,1.00,1.42
2014.12.12 15:46:17.827,0.9225,0.92274,1.00,1.42
2014.12.12 15:46:17.928,0.92248,0.92274,1.10,1.42
2014.12.12 15:46:18.080,0.9225,0.92275,1.00,1.45
2014.12.12 15:46:18.181,0.92247,0.92279,1.42,3.67
2014.12.12 15:46:18.512,0.9225,0.92277,1.00,1.82
2014.12.12 15:46:18.613,0.92248,0.92277,1.10,1.82
2014.12.12 15:46:18.714,0.9225,0.92275,1.00,1.45
2014.12.12 15:46:19.233,0.9225,0.92278,1.17,1.50
2014.12.12 15:46:20.152,0.92252,0.9228,1.00,1.87
2014.12.12 15:46:20.354,0.92249,0.92279,1.00,2.70
2014.12.12 15:46:20.925,0.9225,0.92279,1.00,2.70
2014.12.12 15:46:21.228,0.9225,0.9228,1.17,1.52
2014.12.12 15:46:21.380,0.9225,0.9228,1.27,1.55
2014.12.12 15:46:21.430,0.9225,0.9228,1.27,1.55
2014.12.12 15:46:22.272,0.9225,0.92281,1.87,1.52
2014.12.12 15:46:24.083,0.9225,0.92281,1.87,1.52
2014.12.12 15:46:25.000,0.9225,0.92281,2.25,1.52
2014.12.12 15:46:27.739,0.92252,0.92281,1.15,1.75
2014.12.12 15:46:28.142,0.92256,0.92284,1.80,1.50
2014.12.12 15:46:28.193,0.92258,0.92282,1.00,1.05
2014.12.12 15:46:28.496,0.92256,0.92284,1.05,1.50
2014.12.12 15:46:28.546,0.92255,0.92281,1.80,1.42
2014.12.12 15:46:29.127,0.92255,0.9228,1.60,1.50
2014.12.12 15:46:29.177,0.92254,0.92279,1.00,1.75
2014.12.12 15:46:29.278,0.92256,0.92281,1.00,2.70
2014.12.12 15:46:29.379,0.92256,0.92282,1.00,1.82
2014.12.12 15:46:29.480,0.92256,0.92284,1.00,1.82
2014.12.12 15:46:29.984,0.92257,0.92283,1.00,1.50
2014.12.12 15:46:30.136,0.92258,0.92286,1.47,3.30
2014.12.12 15:46:30.186,0.92259,0.92287,1.80,1.45
2014.12.12 15:46:30.237,0.92259,0.92287,1.87,1.37
2014.12.12 15:46:30.288,0.92265,0.92289,1.00,1.05
2014.12.12 15:46:30.741,0.92263,0.92287,1.07,1.30
2014.12.12 15:46:31.696,0.92263,0.92286,1.07,1.30
2014.12.12 15:46:32.064,0.92263,0.92288,1.07,1.30
2014.12.12 15:46:33.024,0.92263,0.92286,1.07,1.30
2014.12.12 15:46:34.350,0.92263,0.92287,1.07,1.30
2014.12.12 15:46:35.212,0.92263,0.92288,1.07,1.35
2014.12.12 15:46:35.588,0.92263,0.92287,1.00,1.12
2014.12.12 15:46:35.911,0.92263,0.92284,1.00,1.67
2014.12.12 15:46:36.063,0.92262,0.92285,1.00,1.00
2014.12.12 15:46:36.214,0.9226,0.92285,1.10,1.20
2014.12.12 15:46:36.718,0.9226,0.92289,1.00,1.87
2014.12.12 15:46:37.203,0.92262,0.92288,1.00,1.82
2014.12.12 15:46:37.304,0.9226,0.92285,1.00,1.47
2014.12.12 15:46:37.818,0.92261,0.92285,1.00,1.10
2014.12.12 15:46:38.020,0.92262,0.9229,1.10,1.52
2014.12.12 15:46:38.071,0.92264,0.9229,1.00,1.52
2014.12.12 15:46:38.405,0.92263,0.92284,1.00,1.35
2014.12.12 15:46:38.607,0.92258,0.92282,1.87,1.30
2014.12.12 15:46:38.863,0.92254,0.92281,1.15,1.67
2014.12.12 15:46:39.014,0.92249,0.92275,2.20,1.30
2014.12.12 15:46:39.166,0.92249,0.92275,3.67,1.30
2014.12.12 15:46:39.217,0.92249,0.9228,3.30,1.42
2014.12.12 15:46:39.677,0.92252,0.92282,2.70,1.42
2014.12.12 15:46:40.016,0.92252,0.92284,2.32,2.62
2014.12.12 15:46:40.218,0.9225,0.92284,3.45,2.25
2014.12.12 15:46:40.776,0.9225,0.92282,1.65,1.87
2014.12.12 15:46:40.826,0.92249,0.92279,1.45,1.50
2014.12.12 15:46:41.356,0.92249,0.92276,1.45,1.30
2014.12.12 15:46:41.889,0.92249,0.92279,1.45,1.50
2014.12.12 15:46:43.899,0.92247,0.92278,4.80,1.42
2014.12.12 15:46:44.425,0.92248,0.92278,1.12,1.42
2014.12.12 15:46:45.702,0.92248,0.92274,1.12,1.30
2014.12.12 15:46:45.753,0.92247,0.92274,2.62,1.30
2014.12.12 15:46:45.910,0.92244,0.92274,1.52,1.37
2014.12.12 15:46:46.213,0.92241,0.92269,2.32,1.42
2014.12.12 15:46:46.315,0.92239,0.92266,1.12,1.05
2014.12.12 15:46:46.416,0.92243,0.92266,1.45,1.30
2014.12.12 15:46:46.567,0.92242,0.9227,1.52,1.00
2014.12.12 15:46:46.719,0.92242,0.92275,1.52,1.52
2014.12.12 15:46:46.922,0.92243,0.92274,3.07,1.37
2014.12.12 15:46:47.074,0.92246,0.9228,2.70,2.25
2014.12.12 15:46:47.225,0.92249,0.9228,3.45,1.27
2014.12.12 15:46:47.276,0.92249,0.9228,3.45,1.20
2014.12.12 15:46:47.630,0.92253,0.92285,2.70,1.82
2014.12.12 15:46:47.680,0.92253,0.92285,2.70,1.50
2014.12.12 15:46:47.933,0.92253,0.92285,2.32,1.65
2014.12.12 15:46:48.034,0.92251,0.92285,3.67,1.52
2014.12.12 15:46:49.204,0.92251,0.92281,1.27,2.62
2014.12.12 15:46:49.255,0.92249,0.92281,1.15,3.07
2014.12.12 15:46:49.759,0.92246,0.92277,2.32,1.55
2014.12.12 15:46:51.086,0.92246,0.92279,2.32,1.65
2014.12.12 15:46:51.237,0.92245,0.92277,2.32,2.70
2014.12.12 15:46:51.287,0.92242,0.92277,4.05,2.70
2014.12.12 15:46:55.617,0.92244,0.92274,1.50,2.70
2014.12.12 15:46:55.667,0.92244,0.92274,1.42,2.70
2014.12.12 15:46:55.718,0.92241,0.92274,1.82,3.67
2014.12.12 15:46:55.920,0.92241,0.92274,1.12,3.67
2014.12.12 15:46:56.427,0.92241,0.92274,2.25,2.32
2014.12.12 15:46:56.630,0.92241,0.92274,1.87,2.70
2014.12.12 15:46:58.022,0.92243,0.92275,2.70,4.42
2014.12.12 15:46:58.073,0.92243,0.92275,2.70,1.82
2014.12.12 15:46:59.744,0.92243,0.92272,2.70,1.30
2014.12.12 15:47:00.292,0.92243,0.92274,2.70,1.50
2014.12.12 15:47:00.808,0.92243,0.92275,3.07,1.87
2014.12.12 15:47:00.909,0.92247,0.92275,2.70,1.00
2014.12.12 15:47:00.960,0.92251,0.92275,2.70,1.00
2014.12.12 15:47:01.111,0.92251,0.92283,2.70,1.55
2014.12.12 15:47:01.161,0.9225,0.92283,2.70,2.70
2014.12.12 15:47:01.212,0.92249,0.92283,1.52,3.67
2014.12.12 15:47:01.263,0.92254,0.92283,1.07,1.82
2014.12.12 15:47:01.313,0.92254,0.92283,1.15,1.82
2014.12.12 15:47:01.647,0.9225,0.9228,2.32,1.37
2014.12.12 15:47:01.697,0.92247,0.9228,1.15,1.45
2014.12.12 15:47:02.910,0.92246,0.9228,3.07,1.45
2014.12.12 15:47:05.185,0.92249,0.92282,2.70,1.82
2014.12.12 15:47:09.104,0.92248,0.92282,2.25,2.70
2014.12.12 15:47:10.877,0.92249,0.92282,1.52,2.70
2014.12.12 15:47:11.180,0.92247,0.92278,1.55,2.70
2014.12.12 15:47:12.318,0.92243,0.92276,2.25,2.70
2014.12.12 15:47:12.620,0.92248,0.92276,2.10,2.32
2014.12.12 15:47:12.721,0.92249,0.9228,1.95,2.70
2014.12.12 15:47:12.974,0.92245,0.92278,1.52,1.27
2014.12.12 15:47:13.226,0.92243,0.92274,1.82,1.27
2014.12.12 15:47:13.730,0.92244,0.92273,1.35,2.70
2014.12.12 15:47:14.254,0.92245,0.92273,1.00,3.45
2014.12.12 15:47:14.304,0.92245,0.92273,1.10,1.27
2014.12.12 15:47:15.564,0.92241,0.92272,1.45,1.55
2014.12.12 15:47:15.615,0.92241,0.92272,1.45,1.52
2014.12.12 15:47:15.817,0.92237,0.92269,1.82,1.52
2014.12.12 15:47:18.734,0.92236,0.92269,2.10,4.87
2014.12.12 15:47:19.107,0.92232,0.92267,1.52,1.65
2014.12.12 15:47:19.626,0.92231,0.92264,4.87,1.57
2014.12.12 15:47:21.519,0.92231,0.92264,4.87,1.57
2014.12.12 15:47:22.041,0.92231,0.92264,4.87,1.57
2014.12.12 15:47:22.394,0.92235,0.92269,1.52,5.62
2014.12.12 15:47:23.098,0.92234,0.92269,1.82,5.62
2014.12.12 15:47:24.853,0.92238,0.92269,1.35,4.87
2014.12.12 15:47:25.196,0.92237,0.92269,1.67,4.50
2014.12.12 15:47:25.347,0.92244,0.92272,1.52,1.00
2014.12.12 15:47:25.448,0.92247,0.92275,1.27,1.00
2014.12.12 15:47:25.600,0.9225,0.92281,1.82,1.52
2014.12.12 15:47:26.226,0.92248,0.92281,2.70,1.52
2014.12.12 15:47:26.276,0.92247,0.92281,1.82,3.45
2014.12.12 15:47:26.804,0.92248,0.92281,1.82,3.45
2014.12.12 15:47:27.457,0.92248,0.92281,1.50,3.45
2014.12.12 15:47:27.558,0.92244,0.92279,1.82,4.87
2014.12.12 15:47:28.479,0.92246,0.92277,1.27,1.52
2014.12.12 15:47:28.632,0.92243,0.92275,1.50,3.45
2014.12.12 15:47:28.682,0.92242,0.92274,1.82,2.70
2014.12.12 15:47:28.783,0.92244,0.92276,1.27,1.65
2014.12.12 15:47:29.035,0.92248,0.92277,1.30,2.70
2014.12.12 15:47:30.261,0.92245,0.92277,1.75,2.70
2014.12.12 15:47:31.343,0.92249,0.92277,1.30,2.70
2014.12.12 15:47:31.856,0.92248,0.92276,1.30,1.52
2014.12.12 15:47:32.289,0.92246,0.92274,1.12,1.55
2014.12.12 15:47:32.793,0.92246,0.92274,1.30,3.82
2014.12.12 15:47:33.954,0.92248,0.92274,1.30,3.45
2014.12.12 15:47:34.736,0.92249,0.92274,1.30,3.45
2014.12.12 15:47:35.247,0.92248,0.92274,1.30,3.45
2014.12.12 15:47:35.751,0.92247,0.92274,1.30,2.70
2014.12.12 15:47:35.953,0.92248,0.92275,1.30,1.52
2014.12.12 15:47:36.476,0.92247,0.92275,1.30,1.52
2014.12.12 15:47:36.527,0.92248,0.92275,1.30,1.52
2014.12.12 15:47:36.628,0.92245,0.92274,1.45,1.57
2014.12.12 15:47:37.155,0.92246,0.92274,1.30,1.52
2014.12.12 15:47:37.508,0.92244,0.92273,1.05,1.52
2014.12.12 15:47:38.085,0.92244,0.92273,1.05,1.52
2014.12.12 15:47:38.768,0.92244,0.92274,1.05,2.02
2014.12.12 15:47:38.819,0.92246,0.92274,1.30,2.02
2014.12.12 15:47:39.418,0.92247,0.92274,1.30,1.52
2014.12.12 15:47:39.945,0.92247,0.92274,1.05,1.55
2014.12.12 15:47:41.170,0.92244,0.92274,1.05,1.52
2014.12.12 15:47:43.185,0.92238,0.92272,2.25,2.70
2014.12.12 15:47:44.497,0.92238,0.92269,1.80,2.70
2014.12.12 15:47:44.699,0.92239,0.92267,1.45,1.47
2014.12.12 15:47:45.203,0.9224,0.92268,1.12,1.45
2014.12.12 15:47:45.484,0.9224,0.92268,1.12,1.45
2014.12.12 15:47:46.412,0.92242,0.9227,1.45,1.47
2014.12.12 15:47:47.402,0.92248,0.9227,1.37,1.00
2014.12.12 15:47:47.604,0.92247,0.92273,1.12,1.12
2014.12.12 15:47:47.806,0.92243,0.92275,1.82,1.52
2014.12.12 15:47:47.856,0.92249,0.92275,1.30,1.52
2014.12.12 15:47:47.907,0.92249,0.92275,1.05,1.47
2014.12.12 15:47:48.170,0.92248,0.92277,1.12,1.65
2014.12.12 15:47:48.272,0.92245,0.92274,1.42,1.52
2014.12.12 15:47:48.625,0.92247,0.92274,1.67,1.15
2014.12.12 15:47:48.827,0.92247,0.92278,1.50,1.27
2014.12.12 15:47:48.928,0.92253,0.9228,1.30,1.27
2014.12.12 15:47:49.387,0.92255,0.92282,1.30,1.52
2014.12.12 15:47:49.740,0.92252,0.92282,1.42,1.52
2014.12.12 15:47:49.951,0.92255,0.92282,1.30,1.52
2014.12.12 15:47:50.835,0.92254,0.92281,1.30,1.27
2014.12.12 15:47:51.564,0.92254,0.9228,1.30,1.52
2014.12.12 15:47:51.614,0.92251,0.9228,1.05,3.45
2014.12.12 15:47:51.715,0.92249,0.92275,1.05,1.47
2014.12.12 15:47:52.246,0.9225,0.92275,1.30,1.47
2014.12.12 15:47:52.995,0.9225,0.92278,1.30,1.52
2014.12.12 15:47:53.045,0.92252,0.9228,1.30,3.45
2014.12.12 15:47:53.147,0.92253,0.92279,1.30,1.27
2014.12.12 15:47:53.399,0.92253,0.9228,1.30,1.65
2014.12.12 15:47:53.450,0.92251,0.9228,1.30,5.32
2014.12.12 15:47:55.011,0.9225,0.92279,1.30,1.52
2014.12.12 15:47:56.874,0.92249,0.92279,1.05,1.52
2014.12.12 15:47:57.407,0.9225,0.92279,1.30,1.52
2014.12.12 15:47:57.943,0.92251,0.92279,1.30,1.52
2014.12.12 15:47:58.180,0.92249,0.92279,1.05,1.52
2014.12.12 15:47:59.186,0.9225,0.92279,1.30,1.52
2014.12.12 15:47:59.743,0.92251,0.92279,1.30,2.02
2014.12.12 15:48:00.230,0.9225,0.92279,1.50,1.07
2014.12.12 15:48:00.779,0.92253,0.92282,1.67,1.27
2014.12.12 15:48:01.283,0.92252,0.92282,1.42,1.52
2014.12.12 15:48:03.225,0.92256,0.92283,1.30,4.20
2014.12.12 15:48:03.803,0.92255,0.92282,1.30,1.52
2014.12.12 15:48:04.367,0.92256,0.92282,1.30,1.27
2014.12.12 15:48:04.670,0.92254,0.92282,1.50,1.15
2014.12.12 15:48:06.927,0.9225,0.92279,3.67,1.00
2014.12.12 15:48:07.079,0.92247,0.92279,4.42,1.55
2014.12.12 15:48:07.129,0.92247,0.92278,4.42,1.55
2014.12.12 15:48:07.180,0.92247,0.92276,1.50,1.27
2014.12.12 15:48:07.723,0.92249,0.92276,1.30,1.27
2014.12.12 15:48:07.861,0.92251,0.92276,1.35,1.15
2014.12.12 15:48:08.113,0.92249,0.9228,1.82,1.27
2014.12.12 15:48:08.621,0.92249,0.9228,1.82,1.15
2014.12.12 15:48:08.875,0.92249,0.92281,1.82,1.52
2014.12.12 15:48:09.650,0.9225,0.92282,1.82,1.52
2014.12.12 15:48:09.953,0.92255,0.92282,1.50,1.10
2014.12.12 15:48:10.282,0.9226,0.92285,1.00,1.47
2014.12.12 15:48:10.384,0.9226,0.92285,1.00,1.20
2014.12.12 15:48:10.485,0.92261,0.92285,1.00,1.47
2014.12.12 15:48:10.586,0.92259,0.92285,1.00,1.45
2014.12.12 15:48:11.180,0.92258,0.92284,1.00,1.55
2014.12.12 15:48:11.424,0.92258,0.92285,1.00,3.45
2014.12.12 15:48:11.526,0.92258,0.92284,1.00,1.52
2014.12.12 15:48:13.921,0.92258,0.92286,1.00,1.90
2014.12.12 15:48:14.073,0.92253,0.92283,1.80,1.90
2014.12.12 15:48:14.225,0.92251,0.92279,1.15,1.47
2014.12.12 15:48:14.325,0.92251,0.92279,1.00,1.52
2014.12.12 15:48:14.870,0.9225,0.92279,1.00,1.87
2014.12.12 15:48:15.436,0.92251,0.92278,1.00,1.52
2014.12.12 15:48:15.716,0.92251,0.92277,1.00,2.70
2014.12.12 15:48:17.585,0.9225,0.92277,1.00,3.82
2014.12.12 15:48:18.282,0.92248,0.92277,1.00,3.82
2014.12.12 15:48:18.333,0.92248,0.92269,1.00,1.55
2014.12.12 15:48:18.384,0.92242,0.92269,1.17,1.55
2014.12.12 15:48:18.434,0.92242,0.92266,1.00,1.47
2014.12.12 15:48:18.737,0.92241,0.92261,1.00,1.52
2014.12.12 15:48:19.040,0.92239,0.9226,1.00,2.70
2014.12.12 15:48:19.241,0.92239,0.92263,1.00,2.70
2014.12.12 15:48:19.751,0.9224,0.92263,1.00,3.45
2014.12.12 15:48:20.342,0.92238,0.92263,1.00,3.45
2014.12.12 15:48:20.851,0.92237,0.92263,1.00,2.70
2014.12.12 15:48:21.053,0.92238,0.92259,1.00,2.70
2014.12.12 15:48:21.584,0.92237,0.92259,1.00,2.70
2014.12.12 15:48:22.352,0.92238,0.92259,1.00,2.70
2014.12.12 15:48:23.422,0.92239,0.92259,1.00,2.32
2014.12.12 15:48:23.473,0.92239,0.92262,1.00,2.70
2014.12.12 15:48:27.510,0.92238,0.92262,1.00,2.70
2014.12.12 15:48:28.280,0.92239,0.92262,1.00,2.70
2014.12.12 15:48:28.943,0.92238,0.92262,1.00,2.70
2014.12.12 15:48:29.435,0.92238,0.92264,1.00,2.70
2014.12.12 15:48:29.586,0.9224,0.92265,1.00,2.70
2014.12.12 15:48:30.123,0.92242,0.92265,1.00,2.70
2014.12.12 15:48:30.224,0.92242,0.92267,1.00,2.70
2014.12.12 15:48:30.388,0.92244,0.92268,1.00,2.70
2014.12.12 15:48:30.801,0.92246,0.92268,1.00,2.32
2014.12.12 15:48:30.902,0.92249,0.92274,1.00,4.87
2014.12.12 15:48:31.053,0.92247,0.92274,1.00,4.87
2014.12.12 15:48:31.255,0.92254,0.92274,1.00,4.50
2014.12.12 15:48:31.958,0.92254,0.92276,1.00,2.70
2014.12.12 15:48:32.751,0.92254,0.92277,1.47,2.25
2014.12.12 15:48:32.802,0.92257,0.92285,1.00,3.45
2014.12.12 15:48:32.902,0.92257,0.92289,1.17,5.32
2014.12.12 15:48:33.003,0.92261,0.92289,1.00,4.57
2014.12.12 15:48:33.569,0.92262,0.92289,1.00,3.07
2014.12.12 15:48:33.963,0.92262,0.92286,1.00,2.70
2014.12.12 15:48:34.266,0.92262,0.92289,1.00,3.07
2014.12.12 15:48:34.870,0.92261,0.92289,1.00,3.07
2014.12.12 15:48:36.165,0.92261,0.92285,1.00,3.07
2014.12.12 15:48:36.672,0.9226,0.92286,1.00,3.07
2014.12.12 15:48:37.470,0.9226,0.92286,1.00,3.07
2014.12.12 15:48:40.344,0.9226,0.92287,1.10,3.67
2014.12.12 15:48:40.397,0.92262,0.92285,1.00,1.00
2014.12.12 15:48:40.499,0.92266,0.92285,1.00,1.00
2014.12.12 15:48:40.801,0.92267,0.9229,1.00,1.52
2014.12.12 15:48:40.852,0.92267,0.92289,1.00,2.70
2014.12.12 15:48:41.054,0.92261,0.92283,1.00,1.52
2014.12.12 15:48:41.155,0.92258,0.92281,1.00,2.70
2014.12.12 15:48:41.307,0.9226,0.92284,1.00,3.07
2014.12.12 15:48:41.408,0.92258,0.92284,1.00,3.07
2014.12.12 15:48:41.458,0.92258,0.92282,1.00,2.70
2014.12.12 15:48:42.351,0.92256,0.92281,1.00,1.27
2014.12.12 15:48:42.453,0.92253,0.92278,1.00,2.70
2014.12.12 15:48:42.808,0.92255,0.9228,1.00,1.52
2014.12.12 15:48:43.313,0.92256,0.92281,1.00,2.70
2014.12.12 15:48:44.345,0.92255,0.92281,1.00,2.70
2014.12.12 15:48:44.790,0.92257,0.92284,1.00,2.70
2014.12.12 15:48:45.309,0.92258,0.92284,1.00,2.70
2014.12.12 15:48:48.593,0.92258,0.92281,1.00,2.70
2014.12.12 15:48:48.745,0.92254,0.92275,1.00,1.17
2014.12.12 15:48:48.846,0.92251,0.92279,1.00,2.70
2014.12.12 15:48:49.048,0.92253,0.92279,1.00,2.70
2014.12.12 15:48:49.300,0.92254,0.9228,1.00,1.27
2014.12.12 15:48:49.351,0.92254,0.92278,1.00,2.32
2014.12.12 15:48:49.603,0.92252,0.92278,1.00,2.32
2014.12.12 15:48:49.952,0.92252,0.92276,1.00,2.32
2014.12.12 15:48:50.104,0.92251,0.92278,1.00,2.32
2014.12.12 15:48:50.155,0.92248,0.92275,1.00,2.32
2014.12.12 15:48:50.571,0.92245,0.9227,1.00,2.32
2014.12.12 15:48:51.177,0.92244,0.9227,1.00,3.07
2014.12.12 15:48:51.581,0.92246,0.92271,1.00,2.32
2014.12.12 15:48:51.631,0.92246,0.92273,1.00,1.15
2014.12.12 15:48:52.142,0.92247,0.92274,1.00,4.50
2014.12.12 15:48:58.285,0.92248,0.92274,1.00,4.87
2014.12.12 15:48:59.960,0.92246,0.92274,1.00,4.87
2014.12.12 15:49:00.112,0.92246,0.92272,1.00,2.20
2014.12.12 15:49:00.163,0.92243,0.9227,1.00,1.52
2014.12.12 15:49:00.264,0.92243,0.92268,1.00,2.70
2014.12.12 15:49:00.793,0.92243,0.92267,1.00,2.70
2014.12.12 15:49:00.995,0.92244,0.9227,1.00,1.52
2014.12.12 15:49:01.045,0.92246,0.92271,1.00,2.70
2014.12.12 15:49:02.123,0.92248,0.9227,1.30,1.15
2014.12.12 15:49:02.376,0.92256,0.92279,1.05,1.10
2014.12.12 15:49:02.427,0.92257,0.92279,2.47,1.00
2014.12.12 15:49:02.763,0.92273,0.9229,1.00,1.00
2014.12.12 15:49:02.814,0.92271,0.9229,1.00,1.00
2014.12.12 15:49:02.915,0.92274,0.923,1.00,3.45
2014.12.12 15:49:03.498,0.92276,0.923,1.00,3.45
2014.12.12 15:49:04.809,0.92274,0.923,1.00,3.45
2014.12.12 15:49:05.010,0.92278,0.923,1.00,1.52
2014.12.12 15:49:05.364,0.92275,0.923,1.00,1.52
2014.12.12 15:49:05.896,0.92276,0.923,1.00,1.52
2014.12.12 15:49:06.249,0.92278,0.923,1.00,1.52
2014.12.12 15:49:06.921,0.92278,0.923,1.00,1.52
2014.12.12 15:49:07.123,0.92276,0.92296,1.00,1.27
2014.12.12 15:49:07.426,0.92278,0.923,1.00,1.27
2014.12.12 15:49:07.527,0.92276,0.923,1.00,1.27
2014.12.12 15:49:08.004,0.92273,0.923,1.10,1.52
2014.12.12 15:49:08.055,0.92273,0.923,1.00,3.82
2014.12.12 15:49:08.156,0.92264,0.9229,3.45,1.00
2014.12.12 15:49:08.207,0.92261,0.9229,1.52,1.00
2014.12.12 15:49:08.257,0.92261,0.9229,1.07,1.07
2014.12.12 15:49:08.308,0.92261,0.9229,1.00,1.15
2014.12.12 15:49:08.534,0.92253,0.92285,1.52,1.15
2014.12.12 15:49:09.653,0.92255,0.92285,1.15,1.07
2014.12.12 15:49:10.743,0.92257,0.92285,1.27,1.00
2014.12.12 15:49:10.844,0.9226,0.92292,1.50,5.25
2014.12.12 15:49:10.946,0.92266,0.92294,1.00,3.45
2014.12.12 15:49:11.254,0.92269,0.92295,1.00,1.15
2014.12.12 15:49:11.557,0.92271,0.92297,1.00,2.70
2014.12.12 15:49:12.076,0.92272,0.92297,1.00,2.70
2014.12.12 15:49:12.914,0.92273,0.92297,1.00,2.32
2014.12.12 15:49:12.965,0.92273,0.92299,1.00,2.70
2014.12.12 15:49:13.368,0.92273,0.92302,1.00,2.70
2014.12.12 15:49:13.469,0.92278,0.92303,1.00,1.45
2014.12.12 15:49:13.730,0.92275,0.923,1.00,1.10
2014.12.12 15:49:14.244,0.92276,0.923,1.17,1.00
2014.12.12 15:49:14.566,0.92269,0.92297,1.12,1.67
2014.12.12 15:49:14.667,0.92268,0.92297,1.10,1.82
2014.12.12 15:49:15.072,0.92266,0.92296,1.12,2.70
2014.12.12 15:49:15.173,0.92266,0.92299,1.27,3.67
2014.12.12 15:49:15.375,0.92266,0.92299,3.45,1.82
2014.12.12 15:49:15.627,0.92269,0.923,2.32,1.80
2014.12.12 15:49:16.031,0.92269,0.923,2.32,2.17
2014.12.12 15:49:16.283,0.92268,0.923,1.27,2.25
2014.12.12 15:49:16.384,0.9227,0.923,1.15,2.17
2014.12.12 15:49:17.511,0.9227,0.923,1.15,2.17
2014.12.12 15:49:18.015,0.9227,0.923,1.15,1.57
2014.12.12 15:49:18.116,0.9227,0.923,1.15,1.47
2014.12.12 15:49:18.630,0.9227,0.923,1.15,1.47
2014.12.12 15:49:20.065,0.92269,0.923,3.07,1.57
2014.12.12 15:49:20.591,0.92275,0.92295,2.32,1.00
2014.12.12 15:49:20.642,0.92275,0.923,2.32,1.30
2014.12.12 15:49:21.166,0.92276,0.92301,1.15,1.12
2014.12.12 15:49:21.832,0.92276,0.923,1.15,1.00
2014.12.12 15:49:22.185,0.92275,0.923,1.15,1.37
2014.12.12 15:49:22.714,0.92274,0.923,1.15,1.00
2014.12.12 15:49:22.765,0.92275,0.923,2.32,1.00
2014.12.12 15:49:22.816,0.92278,0.92303,1.15,1.12
2014.12.12 15:49:22.917,0.92278,0.923,1.15,1.00
2014.12.12 15:49:23.170,0.92276,0.92303,1.15,1.00
2014.12.12 15:49:23.271,0.92276,0.923,1.15,1.00
2014.12.12 15:49:23.977,0.92277,0.923,3.07,1.00
2014.12.12 15:49:24.078,0.92277,0.923,1.15,1.00
2014.12.12 15:49:24.382,0.92276,0.92305,2.32,1.00
2014.12.12 15:49:24.484,0.92277,0.92305,1.17,1.07
2014.12.12 15:49:25.220,0.92276,0.92305,1.15,1.45
2014.12.12 15:49:25.948,0.92276,0.92305,1.52,1.07
2014.12.12 15:49:25.999,0.92276,0.92307,4.42,1.47
2014.12.12 15:49:26.301,0.92279,0.92314,3.45,4.05
2014.12.12 15:49:26.770,0.92282,0.9231,1.15,1.55
2014.12.12 15:49:26.823,0.92282,0.9231,1.15,1.55
2014.12.12 15:49:27.331,0.92281,0.9231,1.15,1.55
2014.12.12 15:49:27.530,0.92281,0.9231,1.15,1.55
2014.12.12 15:49:27.682,0.92278,0.92308,1.15,1.82
2014.12.12 15:49:27.984,0.92276,0.92305,2.32,2.10
2014.12.12 15:49:28.372,0.92276,0.923,2.32,1.00
2014.12.12 15:49:28.819,0.92276,0.92306,2.32,1.95
2014.12.12 15:49:28.920,0.92279,0.92306,2.32,1.87
2014.12.12 15:49:29.022,0.92281,0.9231,1.27,1.20
2014.12.12 15:49:30.079,0.92279,0.92311,2.32,2.25
2014.12.12 15:49:30.919,0.92278,0.92311,3.45,4.42
2014.12.12 15:49:30.970,0.92278,0.92311,1.27,4.42
2014.12.12 15:49:31.508,0.92278,0.92311,3.07,2.62
2014.12.12 15:49:32.584,0.92278,0.923,3.45,1.00
2014.12.12 15:49:32.790,0.92278,0.92305,3.07,1.00
2014.12.12 15:49:32.992,0.92278,0.923,3.07,1.00
2014.12.12 15:49:33.201,0.92278,0.92305,3.07,1.00
2014.12.12 15:49:33.493,0.9228,0.92309,1.17,2.12
2014.12.12 15:49:33.678,0.92279,0.92309,1.17,2.20
2014.12.12 15:49:33.729,0.92279,0.92313,1.15,2.62
2014.12.12 15:49:33.831,0.92279,0.92311,1.55,2.70
2014.12.12 15:49:33.932,0.92279,0.92314,1.65,1.82
2014.12.12 15:49:34.514,0.9228,0.92314,2.02,1.82
2014.12.12 15:49:34.716,0.92282,0.92315,2.32,3.37
2014.12.12 15:49:36.109,0.92283,0.92315,1.15,3.37
2014.12.12 15:49:36.210,0.92279,0.92314,1.52,3.07
2014.12.12 15:49:37.799,0.92283,0.92314,2.25,1.87
2014.12.12 15:49:37.950,0.92283,0.92315,2.70,2.02
2014.12.12 15:49:42.261,0.92286,0.92315,1.15,1.55
2014.12.12 15:49:44.864,0.92287,0.92315,1.17,1.55
2014.12.12 15:49:45.268,0.92287,0.92315,1.17,1.55
2014.12.12 15:49:45.419,0.92291,0.92315,2.25,1.10
2014.12.12 15:49:45.470,0.92291,0.92323,2.70,1.27
2014.12.12 15:49:45.578,0.92295,0.92324,2.70,1.00
2014.12.12 15:49:45.880,0.92297,0.9233,3.45,1.52
2014.12.12 15:49:46.192,0.92298,0.9233,1.15,1.15
2014.12.12 15:49:48.096,0.92299,0.92331,1.27,1.52
2014.12.12 15:49:49.152,0.92299,0.92325,1.65,1.00
2014.12.12 15:49:49.813,0.92299,0.9233,1.65,1.52
2014.12.12 15:49:50.833,0.92299,0.92325,1.27,1.00
2014.12.12 15:49:51.916,0.92297,0.9233,3.67,1.52
2014.12.12 15:49:52.342,0.92297,0.92325,2.70,1.00
2014.12.12 15:49:53.420,0.92298,0.9233,1.82,1.52
2014.12.12 15:49:54.153,0.92298,0.9233,1.82,1.52
2014.12.12 15:49:54.677,0.92299,0.92333,1.82,2.70
2014.12.12 15:49:55.289,0.92299,0.92331,1.50,1.52
2014.12.12 15:49:55.542,0.923,0.92333,2.70,1.52
2014.12.12 15:49:55.911,0.92301,0.92335,1.82,2.77
2014.12.12 15:49:56.467,0.923,0.92335,3.45,1.65
2014.12.12 15:49:56.618,0.923,0.92335,3.67,3.15
2014.12.12 15:49:57.021,0.923,0.92332,2.32,1.87
2014.12.12 15:49:57.122,0.92296,0.9233,1.82,2.70
2014.12.12 15:49:57.224,0.923,0.9233,1.42,2.70
2014.12.12 15:49:57.326,0.92301,0.92333,1.75,2.70
2014.12.12 15:49:58.758,0.923,0.92335,2.70,5.55
2014.12.12 15:49:59.161,0.92303,0.92335,2.70,1.52
2014.12.12 15:49:59.799,0.92303,0.92337,2.70,1.65
2014.12.12 15:50:00.302,0.92306,0.92338,1.50,2.70
2014.12.12 15:50:02.299,0.92303,0.92335,3.67,1.52
2014.12.12 15:50:05.814,0.92303,0.92335,3.67,1.52
2014.12.12 15:50:06.116,0.92303,0.9233,2.32,1.37
2014.12.12 15:50:06.217,0.92297,0.92331,2.70,1.90
2014.12.12 15:50:06.318,0.92295,0.92325,3.67,1.47
2014.12.12 15:50:07.057,0.92295,0.92325,2.32,1.47
2014.12.12 15:50:07.108,0.92294,0.92325,1.50,1.52
2014.12.12 15:50:07.411,0.92292,0.92323,1.50,2.70
2014.12.12 15:50:08.534,0.92288,0.9232,4.27,1.52
2014.12.12 15:50:09.473,0.92288,0.92321,2.92,2.40
2014.12.12 15:50:09.524,0.92287,0.9232,1.12,1.65
2014.12.12 15:50:09.986,0.92285,0.9232,5.55,2.40
2014.12.12 15:50:10.188,0.92283,0.92315,3.67,1.52
2014.12.12 15:50:10.290,0.92283,0.92315,2.70,2.02
2014.12.12 15:50:10.794,0.92283,0.92312,2.32,1.37
2014.12.12 15:50:10.895,0.92285,0.92315,2.70,1.45
2014.12.12 15:50:12.424,0.92285,0.92316,1.82,1.52
2014.12.12 15:50:12.626,0.92285,0.9231,1.50,1.00
2014.12.12 15:50:13.208,0.92282,0.92311,3.67,1.12
2014.12.12 15:50:14.334,0.92283,0.92311,1.12,1.27
2014.12.12 15:50:16.539,0.92283,0.92312,1.50,1.37
2014.12.12 15:50:16.842,0.92282,0.92308,1.45,1.37
2014.12.12 15:50:17.044,0.92279,0.92309,3.67,1.12
2014.12.12 15:50:17.562,0.92283,0.9231,1.12,1.95
2014.12.12 15:50:21.236,0.92281,0.92311,3.67,1.07
2014.12.12 15:50:21.967,0.92282,0.92311,1.82,1.00
2014.12.12 15:50:23.603,0.9229,0.92311,1.00,1.00
2014.12.12 15:50:23.718,0.9229,0.92316,1.12,1.15
2014.12.12 15:50:23.769,0.9229,0.92321,1.65,1.27
2014.12.12 15:50:23.870,0.92294,0.92326,1.82,1.52
2014.12.12 15:50:23.972,0.92294,0.92326,2.70,1.45
2014.12.12 15:50:24.073,0.92295,0.92325,1.50,1.27
2014.12.12 15:50:24.577,0.92293,0.92326,2.62,1.27
2014.12.12 15:50:24.678,0.92294,0.9233,6.22,1.52
2014.12.12 15:50:25.188,0.92295,0.9233,1.82,2.40
2014.12.12 15:50:25.391,0.92296,0.9233,1.82,2.02
2014.12.12 15:50:25.593,0.92298,0.9233,1.45,1.90
2014.12.12 15:50:25.795,0.92294,0.92325,1.82,1.52
2014.12.12 15:50:26.550,0.92295,0.92328,3.30,2.32
2014.12.12 15:50:26.600,0.92296,0.9233,3.30,1.65
2014.12.12 15:50:27.427,0.92297,0.9233,1.45,1.90
2014.12.12 15:50:27.528,0.92293,0.92327,1.52,2.70
2014.12.12 15:50:27.629,0.92292,0.92325,2.10,1.65
2014.12.12 15:50:27.788,0.92292,0.92324,1.12,2.70
2014.12.12 15:50:29.494,0.92292,0.92326,3.90,1.65
2014.12.12 15:50:29.696,0.92292,0.9232,2.47,1.55
2014.12.12 15:50:30.199,0.9229,0.9232,2.10,1.55
2014.12.12 15:50:30.704,0.9229,0.9232,1.45,2.02
2014.12.12 15:50:30.855,0.92302,0.92321,1.30,1.15
2014.12.12 15:50:30.906,0.92302,0.92328,1.30,3.45
2014.12.12 15:50:31.007,0.92303,0.9233,1.30,1.52
2014.12.12 15:50:31.108,0.92303,0.9233,1.05,1.55
2014.12.12 15:50:31.259,0.92303,0.9233,1.50,1.07
2014.12.12 15:50:31.430,0.92309,0.92335,1.30,1.52
2014.12.12 15:50:31.833,0.92309,0.92338,1.05,1.52
2014.12.12 15:50:31.985,0.92311,0.92338,1.30,1.52
2014.12.12 15:50:32.643,0.9231,0.92338,1.30,1.52
2014.12.12 15:50:33.308,0.9231,0.92337,1.30,2.70
2014.12.12 15:50:33.409,0.92307,0.92337,1.42,2.70
2014.12.12 15:50:36.059,0.92304,0.92335,1.42,3.45
2014.12.12 15:50:36.109,0.92304,0.92335,1.35,5.62
2014.12.12 15:50:36.688,0.92302,0.92335,1.12,6.00
2014.12.12 15:50:37.157,0.92303,0.92331,1.30,2.70
2014.12.12 15:50:37.560,0.923,0.9233,1.12,1.52
2014.12.12 15:50:37.661,0.92305,0.92329,1.30,2.70
2014.12.12 15:50:37.812,0.92305,0.92333,1.30,2.32
2014.12.12 15:50:37.983,0.9231,0.92335,1.30,1.65
2014.12.12 15:50:38.528,0.92311,0.92335,1.30,1.15
2014.12.12 15:50:40.191,0.92309,0.92337,1.30,2.70
2014.12.12 15:50:40.887,0.92307,0.92337,1.35,2.70
2014.12.12 15:50:40.988,0.9231,0.92338,1.30,1.52
2014.12.12 15:50:41.291,0.92312,0.9234,1.35,2.70
2014.12.12 15:50:42.053,0.92311,0.9234,1.30,2.70
2014.12.12 15:50:42.355,0.92308,0.92337,1.30,2.70
2014.12.12 15:50:42.904,0.92307,0.92337,1.30,2.70
2014.12.12 15:50:44.038,0.92308,0.92337,1.30,2.70
2014.12.12 15:50:44.352,0.92309,0.92337,1.67,2.32
2014.12.12 15:50:44.403,0.9231,0.92338,1.42,1.15
2014.12.12 15:50:44.941,0.92313,0.9234,1.30,2.70
2014.12.12 15:50:45.121,0.92313,0.92343,1.30,2.70
2014.12.12 15:50:45.624,0.92311,0.92342,1.50,1.52
2014.12.12 15:50:45.775,0.92311,0.92342,1.12,1.90
2014.12.12 15:50:45.935,0.92307,0.9234,1.82,3.45
2014.12.12 15:50:47.016,0.92312,0.9234,1.30,3.45
2014.12.12 15:50:47.117,0.92313,0.9234,1.30,1.27
2014.12.12 15:50:47.469,0.92315,0.92343,1.30,3.45
2014.12.12 15:50:47.520,0.92315,0.92343,1.05,1.55
2014.12.12 15:50:47.789,0.92317,0.92344,1.30,1.52
2014.12.12 15:50:49.433,0.92316,0.92344,1.35,1.27
2014.12.12 15:50:49.736,0.92313,0.92343,2.70,1.10
2014.12.12 15:50:50.052,0.92316,0.92346,1.67,2.70
2014.12.12 15:50:50.304,0.9232,0.92347,1.30,1.15
2014.12.12 15:50:50.406,0.9232,0.92352,1.12,1.15
2014.12.12 15:50:51.113,0.92316,0.92348,1.45,1.15
2014.12.12 15:50:51.618,0.92317,0.92347,1.30,2.32
2014.12.12 15:50:52.167,0.92316,0.92347,1.05,2.70
2014.12.12 15:50:58.667,0.92311,0.92345,2.32,1.90
2014.12.12 15:50:58.768,0.9231,0.92341,1.45,1.52
2014.12.12 15:50:58.988,0.92308,0.9234,1.50,2.02
2014.12.12 15:50:59.342,0.92309,0.92339,1.30,4.87
2014.12.12 15:50:59.628,0.9231,0.9234,1.05,1.52
2014.12.12 15:50:59.679,0.92312,0.9234,1.35,1.27
2014.12.12 15:50:59.830,0.92313,0.92342,1.30,1.52
2014.12.12 15:50:59.900,0.92311,0.9234,1.45,1.52
2014.12.12 15:51:00.205,0.92309,0.92339,1.50,1.52
2014.12.12 15:51:00.732,0.92311,0.92339,1.30,1.52
2014.12.12 15:51:01.035,0.92309,0.92337,1.12,1.65
2014.12.12 15:51:01.337,0.92301,0.92332,1.45,1.65
2014.12.12 15:51:02.061,0.92301,0.92331,1.45,1.55
2014.12.12 15:51:02.464,0.92301,0.92331,1.05,1.52
2014.12.12 15:51:05.652,0.92301,0.92329,1.30,2.70
2014.12.12 15:51:05.753,0.92295,0.92326,1.05,2.70
2014.12.12 15:51:05.934,0.92293,0.92325,1.45,2.40
2014.12.12 15:51:06.187,0.92292,0.92322,1.12,1.52
2014.12.12 15:51:06.590,0.9229,0.9232,1.30,1.52
2014.12.12 15:51:06.772,0.92288,0.92317,1.30,2.70
2014.12.12 15:51:06.873,0.92288,0.92318,1.50,1.52
2014.12.12 15:51:06.924,0.92292,0.92318,1.35,1.15
2014.12.12 15:51:06.974,0.92292,0.92318,1.42,1.10
2014.12.12 15:51:07.075,0.92292,0.9232,1.45,1.10
2014.12.12 15:51:07.674,0.92293,0.9232,1.37,1.17
2014.12.12 15:51:07.775,0.92293,0.92318,1.30,1.10
2014.12.12 15:51:08.042,0.92295,0.92319,1.30,1.17
2014.12.12 15:51:08.244,0.92293,0.9232,1.30,1.15
2014.12.12 15:51:08.295,0.92293,0.9232,1.45,1.00
2014.12.12 15:51:08.447,0.92293,0.92322,1.45,1.10
2014.12.12 15:51:08.498,0.92293,0.92322,1.12,1.15
2014.12.12 15:51:08.800,0.92295,0.92325,1.45,1.15
2014.12.12 15:51:09.002,0.92292,0.92322,1.30,2.32
2014.12.12 15:51:09.506,0.92293,0.92322,1.30,2.32
2014.12.12 15:51:10.151,0.92294,0.92322,1.30,2.70
2014.12.12 15:51:10.656,0.92292,0.92323,1.45,2.40
2014.12.12 15:51:10.960,0.92287,0.92318,2.70,1.55
2014.12.12 15:51:11.483,0.92291,0.92317,1.12,1.47
2014.12.12 15:51:12.642,0.92292,0.92317,1.05,1.10
2014.12.12 15:51:12.945,0.92296,0.92322,1.30,1.27
2014.12.12 15:51:13.197,0.9229,0.92324,1.52,1.52
2014.12.12 15:51:13.348,0.92293,0.92322,1.50,1.15
2014.12.12 15:51:13.550,0.92289,0.92321,2.70,1.17
2014.12.12 15:51:13.601,0.92287,0.92316,1.45,1.00
2014.12.12 15:51:13.903,0.92295,0.92322,1.30,1.15
2014.12.12 15:51:14.422,0.92297,0.92324,1.12,1.10
2014.12.12 15:51:14.652,0.923,0.92324,1.30,1.10
2014.12.12 15:51:14.753,0.92298,0.92324,1.05,1.10
2014.12.12 15:51:14.804,0.92298,0.92321,1.05,1.10
2014.12.12 15:51:14.956,0.92294,0.92318,1.05,1.00
2014.12.12 15:51:15.223,0.92293,0.92317,1.30,1.17
2014.12.12 15:51:15.736,0.92292,0.92318,1.30,1.15
2014.12.12 15:51:16.250,0.92293,0.92318,1.30,1.27
2014.12.12 15:51:16.453,0.92295,0.9232,1.30,1.47
2014.12.12 15:51:17.082,0.92293,0.9232,1.12,1.95
2014.12.12 15:51:17.714,0.92293,0.9232,1.37,2.02
2014.12.12 15:51:18.141,0.92291,0.92319,1.12,1.52
2014.12.12 15:51:18.494,0.92291,0.92319,1.30,3.45
2014.12.12 15:51:18.696,0.92287,0.92315,1.12,1.55
2014.12.12 15:51:18.999,0.92287,0.92315,1.30,2.02
2014.12.12 15:51:19.301,0.92285,0.9231,1.30,1.20
2014.12.12 15:51:19.604,0.92285,0.92314,1.30,1.90
2014.12.12 15:51:19.906,0.92281,0.9231,1.45,1.20
2014.12.12 15:51:20.007,0.92283,0.9231,1.12,1.57
2014.12.12 15:51:20.260,0.92281,0.92305,1.30,1.95
2014.12.12 15:51:21.218,0.92282,0.92304,1.30,1.00
2014.12.12 15:51:21.319,0.92282,0.92306,1.37,1.00
2014.12.12 15:51:21.521,0.92284,0.92308,1.30,1.10
2014.12.12 15:51:21.723,0.92283,0.92305,1.05,1.00
2014.12.12 15:51:22.730,0.92282,0.92306,1.37,1.00
2014.12.12 15:51:23.301,0.92282,0.92305,1.37,1.00
2014.12.12 15:51:23.805,0.92283,0.92306,1.05,1.00
2014.12.12 15:51:24.320,0.92282,0.92306,1.37,1.37
2014.12.12 15:51:24.623,0.92279,0.92304,1.30,1.47
2014.12.12 15:51:25.134,0.92279,0.92303,1.30,1.37
2014.12.12 15:51:25.588,0.92278,0.92305,1.12,1.20
2014.12.12 15:51:25.639,0.92283,0.92305,1.30,1.00
2014.12.12 15:51:26.178,0.92283,0.92306,1.30,1.10
2014.12.12 15:51:26.480,0.92287,0.92312,1.05,1.00
2014.12.12 15:51:26.744,0.92283,0.92312,1.37,1.47
2014.12.12 15:51:26.946,0.92281,0.92305,1.05,1.00
2014.12.12 15:51:27.463,0.92281,0.92306,1.05,1.00
2014.12.12 15:51:27.967,0.92282,0.92306,1.30,1.00
2014.12.12 15:51:28.493,0.92282,0.92305,1.30,1.12
2014.12.12 15:51:29.935,0.92278,0.92305,1.37,1.10
2014.12.12 15:51:29.986,0.92278,0.92304,1.37,1.37
2014.12.12 15:51:30.098,0.92281,0.92305,1.30,1.17
2014.12.12 15:51:30.350,0.92281,0.92306,1.05,1.10
2014.12.12 15:51:30.451,0.92281,0.92306,1.05,1.55
2014.12.12 15:51:30.653,0.92283,0.92305,1.30,1.12
2014.12.12 15:51:30.905,0.92281,0.92306,1.30,1.47
2014.12.12 15:51:31.006,0.92283,0.92306,1.30,1.20
2014.12.12 15:51:31.530,0.92283,0.92308,1.05,1.00
2014.12.12 15:51:31.581,0.92287,0.92308,1.30,1.00
2014.12.12 15:51:31.733,0.92288,0.92313,1.30,1.27
2014.12.12 15:51:32.266,0.92288,0.92313,1.12,1.12
2014.12.12 15:51:32.422,0.92287,0.92313,1.30,1.55
2014.12.12 15:51:33.334,0.92286,0.92312,1.05,1.20
2014.12.12 15:51:34.526,0.92287,0.92312,1.30,1.20
2014.12.12 15:51:35.760,0.92288,0.92312,1.30,1.10
2014.12.12 15:51:36.944,0.92287,0.92315,1.30,2.02
2014.12.12 15:51:37.096,0.92287,0.92315,1.45,1.95
2014.12.12 15:51:38.406,0.9229,0.92316,1.35,1.17
2014.12.12 15:51:38.607,0.92292,0.9232,1.35,3.45
2014.12.12 15:51:38.708,0.92292,0.9232,1.42,1.15
2014.12.12 15:51:38.860,0.92292,0.92321,1.75,1.17
2014.12.12 15:51:38.910,0.92292,0.92324,1.82,2.77
2014.12.12 15:51:38.961,0.92292,0.92323,1.82,2.70
2014.12.12 15:51:39.569,0.9229,0.92321,1.50,1.52
2014.12.12 15:51:40.679,0.92289,0.92318,1.45,1.47
2014.12.12 15:51:40.881,0.92287,0.92317,1.45,1.52
2014.12.12 15:51:45.091,0.92288,0.92317,1.37,4.20
2014.12.12 15:51:45.344,0.92287,0.92317,1.30,3.45
2014.12.12 15:51:45.632,0.92289,0.92317,1.30,2.70
2014.12.12 15:51:46.180,0.9229,0.92317,1.30,2.70
2014.12.12 15:51:46.754,0.92289,0.92317,1.30,2.70
2014.12.12 15:51:47.295,0.92288,0.92313,1.30,2.70
2014.12.12 15:51:47.396,0.92283,0.92312,1.30,1.52
2014.12.12 15:51:47.497,0.92283,0.92309,1.30,1.55
2014.12.12 15:51:47.987,0.92281,0.9231,1.30,3.45
2014.12.12 15:51:48.290,0.92285,0.9231,1.30,3.45
2014.12.12 15:51:48.796,0.92285,0.92314,1.05,1.52
2014.12.12 15:51:48.947,0.92289,0.92311,1.30,1.17
2014.12.12 15:51:49.200,0.92291,0.92315,1.30,1.17
2014.12.12 15:51:49.603,0.92286,0.92315,2.25,3.37
2014.12.12 15:51:49.654,0.92284,0.92315,1.12,3.45
2014.12.12 15:51:50.957,0.92286,0.92315,1.30,2.32
2014.12.12 15:51:51.159,0.9229,0.92315,1.30,1.27
2014.12.12 15:51:51.260,0.92282,0.92315,2.32,1.87
2014.12.12 15:51:51.311,0.92281,0.92315,3.07,4.05
2014.12.12 15:51:51.613,0.92277,0.92312,3.67,1.15
2014.12.12 15:51:51.764,0.92281,0.92313,1.15,3.30
2014.12.12 15:51:51.815,0.92281,0.92316,1.87,3.07
2014.12.12 15:51:52.349,0.92285,0.9231,1.05,1.00
2014.12.12 15:51:52.865,0.92286,0.92315,1.30,1.15
2014.12.12 15:51:53.401,0.92283,0.92315,1.45,2.02
2014.12.12 15:51:53.905,0.92286,0.92315,1.30,2.02
2014.12.12 15:51:54.335,0.92288,0.92315,1.30,1.52
2014.12.12 15:51:54.487,0.92289,0.92315,1.05,1.47
2014.12.12 15:51:54.739,0.92286,0.92318,1.45,1.15
2014.12.12 15:51:54.840,0.92285,0.9231,1.00,1.55
2014.12.12 15:51:54.891,0.92279,0.9231,1.82,2.02
2014.12.12 15:51:54.941,0.92279,0.92309,1.35,5.25
2014.12.12 15:51:55.042,0.92275,0.92309,2.20,5.25
2014.12.12 15:51:55.641,0.92278,0.92309,1.30,6.00
2014.12.12 15:51:55.950,0.92277,0.92307,1.12,1.90
2014.12.12 15:51:56.051,0.92272,0.92299,1.12,1.47
2014.12.12 15:51:56.152,0.92269,0.923,1.87,1.55
2014.12.12 15:51:56.253,0.92269,0.923,1.82,1.52
2014.12.12 15:51:56.782,0.92269,0.92301,1.82,2.70
2014.12.12 15:51:57.084,0.9227,0.92303,1.82,1.52
2014.12.12 15:51:57.561,0.9227,0.92301,1.42,2.70
2014.12.12 15:51:58.541,0.92268,0.92299,1.82,1.52
2014.12.12 15:51:58.843,0.92268,0.92295,2.32,1.00
2014.12.12 15:51:58.894,0.92266,0.92295,1.45,1.00
2014.12.12 15:51:58.995,0.92263,0.92296,2.32,1.15
2014.12.12 15:51:59.197,0.92262,0.92292,1.15,1.17
2014.12.12 15:51:59.298,0.9226,0.9229,1.45,1.15
2014.12.12 15:51:59.348,0.92264,0.9229,1.30,1.15
2014.12.12 15:51:59.600,0.92255,0.92282,1.10,1.65
2014.12.12 15:51:59.701,0.92256,0.92276,1.30,1.00
2014.12.12 15:52:00.003,0.9226,0.9228,1.30,1.15
2014.12.12 15:52:00.104,0.9226,0.9228,1.30,1.10
2014.12.12 15:52:00.363,0.9226,0.92283,1.30,1.10
2014.12.12 15:52:01.093,0.9226,0.92284,1.30,3.07
2014.12.12 15:52:01.245,0.92257,0.92283,1.30,1.15
2014.12.12 15:52:01.346,0.92259,0.92281,1.30,1.15
2014.12.12 15:52:01.650,0.92261,0.92283,1.30,1.15
2014.12.12 15:52:02.004,0.92262,0.92284,1.30,1.17
2014.12.12 15:52:02.461,0.92257,0.92283,1.12,1.00
2014.12.12 15:52:02.864,0.92257,0.92283,1.30,1.17
2014.12.12 15:52:03.410,0.92256,0.92284,1.05,1.52
2014.12.12 15:52:03.915,0.92257,0.92284,1.30,1.52
2014.12.12 15:52:04.117,0.92257,0.92283,1.30,3.45
2014.12.12 15:52:04.222,0.92255,0.92283,1.30,3.82
2014.12.12 15:52:04.323,0.92255,0.92279,1.30,1.55
2014.12.12 15:52:04.676,0.92256,0.92283,1.30,2.70
2014.12.12 15:52:05.331,0.92256,0.92282,1.30,1.55
2014.12.12 15:52:05.482,0.92256,0.92282,1.30,1.57
2014.12.12 15:52:05.991,0.92255,0.92282,1.30,1.57
2014.12.12 15:52:06.093,0.92252,0.92282,1.30,3.45
2014.12.12 15:52:06.194,0.92255,0.92282,1.30,2.70
2014.12.12 15:52:06.396,0.92256,0.92284,1.30,1.52
2014.12.12 15:52:06.899,0.92257,0.92284,1.30,1.52
2014.12.12 15:52:07.619,0.92259,0.92285,1.30,1.15
2014.12.12 15:52:07.720,0.92259,0.92287,1.30,1.52
2014.12.12 15:52:07.872,0.9226,0.92288,1.37,1.55
2014.12.12 15:52:08.305,0.92256,0.92288,1.45,1.65
2014.12.12 15:52:08.507,0.92257,0.92287,1.30,3.45
2014.12.12 15:52:09.146,0.92256,0.92285,1.05,1.52
2014.12.12 15:52:09.508,0.92253,0.92285,1.45,1.90
2014.12.12 15:52:10.027,0.92255,0.92285,1.12,1.65
2014.12.12 15:52:10.229,0.92252,0.92284,1.45,3.07
2014.12.12 15:52:10.482,0.9225,0.92284,1.45,3.07
2014.12.12 15:52:10.584,0.92247,0.92281,3.00,2.70
2014.12.12 15:52:10.685,0.92256,0.9228,1.30,1.15
2014.12.12 15:52:10.786,0.92255,0.92285,1.30,3.82
2014.12.12 15:52:10.837,0.92255,0.92285,1.37,1.65
2014.12.12 15:52:10.889,0.92255,0.92285,1.45,1.65
2014.12.12 15:52:11.418,0.92258,0.92285,1.30,1.15
2014.12.12 15:52:12.072,0.92255,0.92285,1.45,1.15
2014.12.12 15:52:12.123,0.92255,0.92285,1.82,1.15
2014.12.12 15:52:12.224,0.92257,0.92285,1.82,1.10
2014.12.12 15:52:12.324,0.92259,0.92285,1.50,1.10
2014.12.12 15:52:12.425,0.92259,0.92285,1.87,1.10
2014.12.12 15:52:12.476,0.92258,0.92285,2.70,1.00
2014.12.12 15:52:12.779,0.92265,0.92285,1.12,1.00
2014.12.12 15:52:13.132,0.92258,0.92285,3.67,1.00
2014.12.12 15:52:13.233,0.92258,0.92285,1.45,1.00
2014.12.12 15:52:13.435,0.92256,0.92285,1.45,1.17
2014.12.12 15:52:13.942,0.92259,0.92285,1.30,1.17
2014.12.12 15:52:14.446,0.9226,0.92285,1.37,1.10
2014.12.12 15:52:15.151,0.92256,0.92285,1.45,1.45
2014.12.12 15:52:15.320,0.92255,0.92285,1.15,1.52
2014.12.12 15:52:15.471,0.92254,0.92285,1.12,3.82
2014.12.12 15:52:15.522,0.92254,0.92285,1.05,3.82
2014.12.12 15:52:15.673,0.92255,0.92285,1.30,3.82
2014.12.12 15:52:15.774,0.92257,0.92285,1.37,1.52
2014.12.12 15:52:16.178,0.9226,0.92285,1.30,1.15
2014.12.12 15:52:16.642,0.9226,0.92286,1.05,1.10
2014.12.12 15:52:16.969,0.92254,0.92286,2.70,3.00
2014.12.12 15:52:17.020,0.92253,0.92285,1.15,1.52
2014.12.12 15:52:17.071,0.92253,0.92281,1.07,2.25
2014.12.12 15:52:17.121,0.9225,0.9228,1.10,1.15
2014.12.12 15:52:17.172,0.92252,0.9228,1.00,1.15
2014.12.12 15:52:17.324,0.92242,0.92278,2.32,2.32
2014.12.12 15:52:17.475,0.92244,0.92279,2.32,2.32
2014.12.12 15:52:17.526,0.92245,0.92282,1.45,4.50
2014.12.12 15:52:18.181,0.92246,0.92276,1.12,2.25
2014.12.12 15:52:18.231,0.92246,0.92275,1.05,1.15
2014.12.12 15:52:18.300,0.92246,0.92275,1.37,1.15
2014.12.12 15:52:18.350,0.92246,0.92278,1.45,1.65
2014.12.12 15:52:19.359,0.92246,0.92275,1.37,1.17
2014.12.12 15:52:19.409,0.92244,0.92275,1.12,1.15
2014.12.12 15:52:19.913,0.92246,0.92276,1.30,2.32
2014.12.12 15:52:20.425,0.92247,0.92276,1.30,2.70
2014.12.12 15:52:20.576,0.92247,0.92275,1.37,1.55
2014.12.12 15:52:20.627,0.92247,0.9228,1.45,3.07
2014.12.12 15:52:20.781,0.92246,0.92277,1.45,2.70
2014.12.12 15:52:21.285,0.92249,0.92277,1.30,2.70
2014.12.12 15:52:21.789,0.92248,0.92277,1.30,2.70
2014.12.12 15:52:22.163,0.92249,0.92278,1.37,2.70
2014.12.12 15:52:22.214,0.92249,0.92281,1.12,3.82
2014.12.12 15:52:22.720,0.92246,0.9228,1.45,1.90
2014.12.12 15:52:23.059,0.92247,0.92278,1.05,2.70
2014.12.12 15:52:23.311,0.92247,0.92279,1.37,2.70
2014.12.12 15:52:23.412,0.92247,0.9228,1.82,1.52
2014.12.12 15:52:23.513,0.92249,0.9228,3.67,1.47
2014.12.12 15:52:23.715,0.92252,0.92285,1.50,3.45
2014.12.12 15:52:23.917,0.92249,0.92285,2.32,3.82
2014.12.12 15:52:24.018,0.92247,0.92282,3.30,2.70
2014.12.12 15:52:24.119,0.92244,0.92279,4.42,2.32
2014.12.12 15:52:24.377,0.92244,0.92275,1.45,1.15
2014.12.12 15:52:24.478,0.92245,0.92275,1.12,1.15
2014.12.12 15:52:24.730,0.92246,0.9228,2.32,1.15
2014.12.12 15:52:28.126,0.92247,0.9228,1.82,1.52
2014.12.12 15:52:28.665,0.92246,0.92281,3.67,2.02
2014.12.12 15:52:29.702,0.92245,0.92279,3.67,2.70
2014.12.12 15:52:29.860,0.92244,0.92279,2.32,3.07
2014.12.12 15:52:29.961,0.92241,0.92275,1.90,2.70
2014.12.12 15:52:30.112,0.92242,0.92275,3.67,1.52
2014.12.12 15:52:30.163,0.92246,0.92275,1.50,1.52
2014.12.12 15:52:30.264,0.92247,0.92275,1.42,1.15
2014.12.12 15:52:30.365,0.92248,0.9228,1.82,1.52
2014.12.12 15:52:30.416,0.92248,0.92279,1.50,2.70
2014.12.12 15:52:30.568,0.92248,0.9228,1.82,1.52
2014.12.12 15:52:30.668,0.92251,0.9228,1.05,1.65
2014.12.12 15:52:30.971,0.92247,0.92279,1.45,1.90
2014.12.12 15:52:31.072,0.92247,0.92275,1.45,1.12
2014.12.12 15:52:31.425,0.92251,0.9228,1.42,1.52
2014.12.12 15:52:31.526,0.92251,0.9228,1.75,1.20
2014.12.12 15:52:31.577,0.92252,0.9228,1.50,1.12
2014.12.12 15:52:32.425,0.92255,0.92285,2.62,1.55
2014.12.12 15:52:32.577,0.9225,0.92283,1.50,3.07
2014.12.12 15:52:32.728,0.92252,0.92279,1.30,2.70
2014.12.12 15:52:32.879,0.92251,0.92282,1.42,2.70
2014.12.12 15:52:33.031,0.9225,0.92283,1.12,3.82
2014.12.12 15:52:33.542,0.9225,0.92283,1.45,1.90
2014.12.12 15:52:33.955,0.92249,0.92285,3.67,3.82
2014.12.12 15:52:34.005,0.92253,0.92285,1.45,1.65
2014.12.12 15:52:36.868,0.92253,0.92285,1.45,1.90
2014.12.12 15:52:40.200,0.92253,0.92285,1.45,1.65
2014.12.12 15:52:40.910,0.92253,0.92285,1.45,1.52
2014.12.12 15:52:41.079,0.92255,0.92288,2.32,2.20
2014.12.12 15:52:41.181,0.92252,0.92285,2.32,1.90
2014.12.12 15:52:41.282,0.9225,0.92285,1.45,3.67
2014.12.12 15:52:41.333,0.9225,0.92281,1.45,1.17
2014.12.12 15:52:41.384,0.92246,0.92279,2.32,1.45
2014.12.12 15:52:41.434,0.92245,0.92275,2.32,1.07
2014.12.12 15:52:41.485,0.92243,0.92275,3.30,1.17
2014.12.12 15:52:41.837,0.92248,0.92276,1.37,1.07
2014.12.12 15:52:41.888,0.92248,0.92281,1.45,1.15
2014.12.12 15:52:41.939,0.92254,0.92281,1.37,1.07
2014.12.12 15:52:41.989,0.92254,0.92281,1.45,1.00
2014.12.12 15:52:42.090,0.92257,0.92284,1.05,1.17
2014.12.12 15:52:42.141,0.92257,0.92287,1.37,2.02
2014.12.12 15:52:42.191,0.92257,0.92287,1.45,1.65
2014.12.12 15:52:42.242,0.92265,0.92287,1.37,1.10
2014.12.12 15:52:42.293,0.92265,0.92295,1.12,1.15
2014.12.12 15:52:42.673,0.92267,0.92294,1.37,1.07
2014.12.12 15:52:42.845,0.92267,0.92299,1.45,2.02
2014.12.12 15:52:43.359,0.92271,0.92299,1.30,2.02
2014.12.12 15:52:43.409,0.92271,0.92299,1.30,2.40
2014.12.12 15:52:43.615,0.92266,0.92296,1.82,1.55
2014.12.12 15:52:43.666,0.92266,0.92293,1.82,1.00
2014.12.12 15:52:43.767,0.92267,0.92297,1.50,1.52
2014.12.12 15:52:44.371,0.92268,0.923,1.50,2.02
2014.12.12 15:52:45.395,0.92268,0.923,1.45,1.90
2014.12.12 15:52:46.732,0.92268,0.923,1.45,1.90
2014.12.12 15:52:48.901,0.92268,0.923,1.45,1.90
2014.12.12 15:52:49.467,0.92267,0.923,1.45,3.82
2014.12.12 15:52:51.954,0.92268,0.923,1.45,3.82
2014.12.12 15:52:52.835,0.92266,0.92299,1.45,1.90
2014.12.12 15:52:53.311,0.92269,0.923,1.45,1.90
2014.12.12 15:52:53.462,0.92269,0.923,1.45,1.65
2014.12.12 15:52:53.967,0.92269,0.923,1.45,3.15
2014.12.12 15:52:54.650,0.92269,0.92299,1.45,1.55
2014.12.12 15:52:55.260,0.92275,0.92299,1.30,1.07
2014.12.12 15:52:55.311,0.92275,0.923,2.55,1.10
2014.12.12 15:52:55.361,0.92284,0.923,1.30,1.10
2014.12.12 15:52:55.412,0.92284,0.92305,1.30,1.37
2014.12.12 15:52:55.664,0.92286,0.92305,1.30,1.37
2014.12.12 15:52:55.765,0.92286,0.92305,1.30,1.12
2014.12.12 15:52:56.168,0.92285,0.9231,1.30,1.37
2014.12.12 15:52:56.269,0.92285,0.9231,1.30,2.25
2014.12.12 15:52:56.490,0.92285,0.9231,1.30,1.20
2014.12.12 15:52:56.541,0.92292,0.92315,1.30,1.45
2014.12.12 15:52:56.642,0.92292,0.92315,1.30,1.12
2014.12.12 15:52:57.194,0.92293,0.92315,1.30,1.12
2014.12.12 15:52:57.543,0.92293,0.92315,1.30,1.37
2014.12.12 15:52:57.647,0.9229,0.92315,1.30,1.37
2014.12.12 15:52:57.749,0.9229,0.92315,1.30,1.37
2014.12.12 15:52:57.799,0.92295,0.92315,1.30,1.37
2014.12.12 15:52:58.260,0.92294,0.92315,1.30,1.37
2014.12.12 15:52:58.310,0.92289,0.92315,1.45,1.37
2014.12.12 15:52:58.411,0.92289,0.92315,1.05,1.45
2014.12.12 15:52:58.462,0.92289,0.92315,1.30,1.52
2014.12.12 15:52:58.512,0.92289,0.92315,1.37,1.45
2014.12.12 15:52:58.817,0.92292,0.92315,1.30,1.45
2014.12.12 15:52:59.003,0.92289,0.92315,1.30,1.65
2014.12.12 15:52:59.535,0.92294,0.9231,1.30,1.00
2014.12.12 15:52:59.636,0.92294,0.92315,1.30,1.15
2014.12.12 15:52:59.737,0.92296,0.92315,1.30,1.07
2014.12.12 15:52:59.888,0.92288,0.92315,1.45,1.00
2014.12.12 15:52:59.939,0.92288,0.92315,1.37,1.07
2014.12.12 15:52:59.990,0.92287,0.92315,1.05,1.65
2014.12.12 15:53:00.041,0.92287,0.92315,1.30,3.82
2014.12.12 15:53:00.192,0.92285,0.9231,1.30,1.20
2014.12.12 15:53:00.242,0.92285,0.92305,1.30,1.00
2014.12.12 15:53:00.343,0.92285,0.9231,1.30,1.20
2014.12.12 15:53:00.612,0.92279,0.9231,1.45,1.17
2014.12.12 15:53:00.662,0.92279,0.92305,1.12,1.00
2014.12.12 15:53:00.713,0.92279,0.92305,1.05,1.07
2014.12.12 15:53:01.015,0.92284,0.92305,1.30,1.00
2014.12.12 15:53:01.217,0.92283,0.9231,1.30,1.15
2014.12.12 15:53:01.419,0.92281,0.9231,1.10,1.15
2014.12.12 15:53:02.022,0.9228,0.92308,1.10,2.32
2014.12.12 15:53:02.072,0.92278,0.92308,1.00,2.32
2014.12.12 15:53:02.759,0.92278,0.92308,1.30,3.07
2014.12.12 15:53:03.718,0.92278,0.92305,1.30,2.70
2014.12.12 15:53:04.257,0.92279,0.92306,1.30,3.07
2014.12.12 15:53:04.790,0.92278,0.92305,1.30,1.52
2014.12.12 15:53:05.253,0.92281,0.92305,1.30,1.52
2014.12.12 15:53:05.555,0.92281,0.92305,1.30,1.90
2014.12.12 15:53:05.706,0.92275,0.923,1.30,1.52
2014.12.12 15:53:05.857,0.92274,0.923,1.30,3.82
2014.12.12 15:53:05.908,0.9227,0.92297,1.30,1.12
2014.12.12 15:53:05.959,0.9227,0.92295,1.30,2.62
2014.12.12 15:53:06.110,0.9227,0.92295,1.30,1.52
2014.12.12 15:53:06.219,0.92266,0.92295,1.12,1.52
2014.12.12 15:53:06.270,0.92266,0.92295,1.05,3.82
2014.12.12 15:53:06.371,0.92263,0.9229,1.05,2.62
2014.12.12 15:53:06.802,0.9226,0.9229,1.05,3.82
2014.12.12 15:53:06.953,0.9226,0.92288,1.30,2.70
2014.12.12 15:53:07.004,0.92258,0.92288,1.30,2.70
2014.12.12 15:53:07.206,0.92258,0.9229,1.12,1.65
2014.12.12 15:53:07.508,0.92258,0.9229,1.12,1.90
2014.12.12 15:53:07.760,0.9226,0.9229,1.30,1.65
2014.12.12 15:53:08.214,0.92262,0.9229,1.30,1.52
2014.12.12 15:53:08.517,0.92261,0.92294,1.50,4.20
2014.12.12 15:53:08.618,0.92261,0.9229,1.35,1.52
2014.12.12 15:53:08.668,0.92261,0.9229,1.30,1.52
2014.12.12 15:53:08.978,0.92258,0.92289,1.45,3.07
2014.12.12 15:53:09.079,0.92258,0.92287,1.05,2.70
2014.12.12 15:53:09.230,0.92256,0.92287,1.05,2.70
2014.12.12 15:53:09.331,0.92257,0.92288,1.37,2.70
2014.12.12 15:53:09.835,0.92258,0.92285,1.05,1.17
2014.12.12 15:53:09.936,0.92255,0.92285,1.12,1.15
2014.12.12 15:53:10.963,0.92261,0.92286,1.30,1.65
2014.12.12 15:53:11.266,0.9226,0.92285,1.00,3.07
2014.12.12 15:53:11.317,0.92258,0.92285,1.30,3.07
2014.12.12 15:53:11.860,0.92257,0.92285,1.30,3.07
2014.12.12 15:53:12.365,0.92256,0.92285,1.30,2.32
2014.12.12 15:53:12.415,0.92258,0.92285,1.30,2.70
2014.12.12 15:53:12.731,0.9226,0.92285,1.30,2.70
2014.12.12 15:53:12.842,0.92258,0.92288,1.30,3.07
2014.12.12 15:53:13.196,0.92261,0.92285,1.30,1.52
2014.12.12 15:53:13.819,0.92261,0.92285,1.30,1.52
2014.12.12 15:53:14.277,0.92258,0.92285,1.30,1.52
2014.12.12 15:53:14.378,0.92258,0.92285,1.30,3.45
2014.12.12 15:53:17.244,0.92256,0.92285,1.30,3.82
2014.12.12 15:53:17.295,0.92256,0.9228,1.30,1.27
2014.12.12 15:53:17.447,0.92253,0.9228,1.30,1.52
2014.12.12 15:53:17.699,0.92255,0.9228,1.30,1.27
2014.12.12 15:53:18.456,0.92254,0.92281,1.30,1.15
2014.12.12 15:53:18.556,0.92254,0.9228,1.50,1.00
2014.12.12 15:53:18.607,0.9226,0.92286,1.00,3.45
2014.12.12 15:53:18.658,0.9226,0.92286,1.00,1.27
2014.12.12 15:53:18.860,0.92256,0.9229,1.50,5.62
2014.12.12 15:53:18.961,0.92257,0.9229,2.32,1.52
2014.12.12 15:53:19.062,0.92258,0.9229,1.12,3.45
2014.12.12 15:53:19.333,0.92258,0.9229,1.50,3.45
2014.12.12 15:53:19.596,0.92263,0.9229,1.30,1.52
2014.12.12 15:53:19.646,0.92263,0.9229,1.30,1.52
2014.12.12 15:53:19.948,0.92261,0.9229,1.50,1.52
2014.12.12 15:53:19.999,0.92264,0.9229,1.30,1.52
2014.12.12 15:53:20.100,0.92262,0.9229,1.50,1.12
2014.12.12 15:53:20.607,0.92264,0.92295,1.50,1.52
2014.12.12 15:53:21.262,0.92264,0.92295,1.12,1.90
2014.12.12 15:53:21.363,0.92262,0.9229,1.30,1.52
2014.12.12 15:53:21.464,0.92259,0.92288,1.67,2.32
2014.12.12 15:53:21.565,0.92261,0.92292,1.75,2.70
2014.12.12 15:53:22.069,0.92257,0.92289,1.50,2.70
2014.12.12 15:53:22.522,0.9226,0.92289,1.30,2.32
2014.12.12 15:53:22.573,0.9226,0.92291,1.12,2.92
2014.12.12 15:53:22.993,0.92263,0.92291,1.30,2.92
2014.12.12 15:53:23.096,0.92262,0.92294,1.12,4.42
2014.12.12 15:53:23.198,0.92261,0.92291,1.30,2.92
2014.12.12 15:53:23.710,0.9226,0.9229,1.05,1.12
2014.12.12 15:53:24.012,0.9226,0.9229,1.45,1.12
2014.12.12 15:53:24.550,0.92262,0.9229,1.12,1.87
2014.12.12 15:53:25.284,0.92261,0.9229,1.45,1.12
2014.12.12 15:53:25.791,0.92259,0.92292,1.45,3.07
2014.12.12 15:53:25.993,0.92254,0.9229,3.07,2.32
2014.12.12 15:53:26.742,0.92254,0.9229,2.32,3.07
2014.12.12 15:53:26.943,0.92254,0.9229,2.70,3.82
2014.12.12 15:53:27.196,0.92252,0.92287,2.25,2.70
2014.12.12 15:53:28.321,0.92256,0.92287,1.47,2.32
2014.12.12 15:53:28.523,0.92258,0.9229,1.52,1.15
2014.12.12 15:53:28.652,0.92262,0.92292,1.20,2.70
2014.12.12 15:53:28.703,0.92262,0.92295,1.27,1.52
2014.12.12 15:53:28.804,0.92262,0.92293,1.20,2.70
2014.12.12 15:53:29.106,0.92266,0.92295,1.30,1.15
2014.12.12 15:53:29.207,0.92266,0.92299,1.45,2.32
2014.12.12 15:53:29.823,0.92266,0.92295,1.37,2.32
2014.12.12 15:53:29.923,0.92266,0.92298,1.27,2.70
2014.12.12 15:53:30.427,0.92268,0.92298,1.00,2.70
2014.12.12 15:53:30.967,0.92267,0.92298,1.10,2.70
2014.12.12 15:53:31.323,0.92267,0.92301,1.82,2.70
2014.12.12 15:53:32.825,0.92266,0.923,1.50,1.65
2014.12.12 15:53:33.130,0.92263,0.92295,1.55,2.70
2014.12.12 15:53:33.231,0.92265,0.92298,1.82,2.70
2014.12.12 15:53:33.332,0.92269,0.92298,1.30,2.70
2014.12.12 15:53:33.433,0.92271,0.923,1.05,1.27
2014.12.12 15:53:33.534,0.92274,0.923,1.05,1.17
2014.12.12 15:53:33.736,0.92275,0.92305,1.12,1.17
2014.12.12 15:53:34.431,0.92273,0.92305,1.12,3.07
2014.12.12 15:53:35.572,0.92273,0.92305,1.50,3.45
2014.12.12 15:53:35.774,0.92273,0.92305,1.50,2.32
2014.12.12 15:53:36.277,0.92273,0.92305,1.50,2.70
2014.12.12 15:53:36.428,0.92273,0.92303,1.42,2.32
2014.12.12 15:53:36.479,0.9227,0.92303,1.52,2.70
2014.12.12 15:53:37.011,0.92269,0.92303,1.82,3.45
2014.12.12 15:53:37.334,0.92269,0.92303,2.20,3.45
2014.12.12 15:53:37.636,0.92273,0.92305,1.87,1.15
2014.12.12 15:53:37.938,0.92274,0.92305,1.50,2.70
2014.12.12 15:53:38.039,0.92272,0.92305,1.50,4.20
2014.12.12 15:53:38.547,0.92272,0.92306,3.07,1.65
2014.12.12 15:53:39.049,0.92274,0.92307,1.82,2.70
2014.12.12 15:53:39.251,0.92271,0.92304,1.52,2.70
2014.12.12 15:53:41.005,0.92274,0.92304,1.00,2.70
2014.12.12 15:53:41.358,0.92272,0.92304,1.65,2.70
2014.12.12 15:53:41.560,0.92277,0.92305,1.00,1.52
2014.12.12 15:53:41.712,0.92274,0.92305,1.50,1.52
2014.12.12 15:53:42.070,0.92273,0.92302,1.35,2.70
2014.12.12 15:53:42.566,0.92274,0.92305,1.42,3.45
2014.12.12 15:53:43.328,0.9227,0.92302,1.80,2.70
2014.12.12 15:53:43.379,0.9227,0.92301,1.80,2.70
2014.12.12 15:53:43.883,0.9227,0.92301,2.77,2.70
2014.12.12 15:53:43.984,0.92274,0.92301,1.35,2.32
2014.12.12 15:53:44.135,0.92274,0.92304,1.35,2.70
2014.12.12 15:53:44.525,0.9227,0.92301,1.12,2.70
2014.12.12 15:53:46.197,0.92271,0.92301,1.30,2.70
2014.12.12 15:53:46.298,0.9227,0.92298,1.30,2.70
2014.12.12 15:53:46.449,0.9227,0.923,2.02,1.52
2014.12.12 15:53:46.500,0.92274,0.923,1.30,1.52
2014.12.12 15:53:46.601,0.9227,0.923,2.02,1.52
2014.12.12 15:53:46.761,0.92275,0.923,1.30,1.52
2014.12.12 15:53:46.865,0.9227,0.92301,1.65,2.70
2014.12.12 15:53:46.966,0.92269,0.92298,1.67,2.70
2014.12.12 15:53:47.483,0.92267,0.92297,1.42,2.70
2014.12.12 15:53:47.533,0.92267,0.92295,1.37,1.27
2014.12.12 15:53:47.584,0.92267,0.92295,1.45,1.20
2014.12.12 15:53:47.634,0.92266,0.92297,1.50,2.70
2014.12.12 15:53:47.685,0.92266,0.92297,1.42,2.70
2014.12.12 15:53:48.283,0.92268,0.92297,1.30,2.70
2014.12.12 15:53:48.585,0.92264,0.92297,1.50,2.70
2014.12.12 15:53:48.636,0.92264,0.92294,1.12,2.70
2014.12.12 15:53:48.952,0.92263,0.92292,1.30,4.87
2014.12.12 15:53:49.255,0.92265,0.92295,1.30,2.40
2014.12.12 15:53:49.507,0.92262,0.92291,1.30,1.47
2014.12.12 15:53:49.558,0.92262,0.92292,1.30,3.07
2014.12.12 15:53:50.066,0.92261,0.92292,1.30,3.82
2014.12.12 15:53:50.580,0.9226,0.92291,1.30,1.65
2014.12.12 15:53:50.681,0.92254,0.92287,1.52,1.47
2014.12.12 15:53:50.732,0.92251,0.92287,2.32,1.45
2014.12.12 15:53:51.035,0.92242,0.92269,1.30,1.00
2014.12.12 15:53:51.337,0.92233,0.9226,1.30,1.17
2014.12.12 15:53:51.641,0.9223,0.9226,1.00,2.32
2014.12.12 15:53:51.842,0.92234,0.92267,1.00,4.87
2014.12.12 15:53:51.893,0.92245,0.92267,1.30,4.87
2014.12.12 15:53:52.246,0.92237,0.92267,1.30,4.87
2014.12.12 15:53:52.768,0.92237,0.92267,1.30,5.25
2014.12.12 15:53:53.651,0.92237,0.92266,1.30,1.27
2014.12.12 15:53:53.954,0.92237,0.92261,1.30,3.07
2014.12.12 15:53:54.005,0.92231,0.92261,1.30,3.07
2014.12.12 15:53:54.160,0.92237,0.92261,1.30,3.45
2014.12.12 15:53:54.318,0.92235,0.92261,1.30,2.32
2014.12.12 15:53:54.743,0.92237,0.92261,1.30,2.32
2014.12.12 15:53:55.197,0.92236,0.92265,1.30,2.70
2014.12.12 15:53:55.298,0.92239,0.92265,1.30,2.32
2014.12.12 15:53:55.399,0.92239,0.9227,1.30,3.07
2014.12.12 15:53:55.450,0.92244,0.9227,1.30,3.07
2014.12.12 15:53:55.601,0.92244,0.92274,1.30,2.32
2014.12.12 15:53:55.865,0.92242,0.92273,1.30,1.15
2014.12.12 15:53:56.017,0.92243,0.92277,1.05,1.15
2014.12.12 15:53:56.067,0.92246,0.92277,1.30,1.15
2014.12.12 15:53:56.370,0.92247,0.92273,1.30,2.32
2014.12.12 15:53:56.895,0.92246,0.92273,1.30,2.32
2014.12.12 15:53:57.399,0.92247,0.92273,1.30,3.07
2014.12.12 15:53:57.941,0.92248,0.92273,1.30,3.07
2014.12.12 15:53:58.400,0.92249,0.92275,1.30,1.52
2014.12.12 15:53:58.702,0.92247,0.92276,1.30,1.27
2014.12.12 15:53:59.245,0.92247,0.92276,1.30,1.52
2014.12.12 15:53:59.598,0.92249,0.92276,1.30,1.27
2014.12.12 15:53:59.900,0.92251,0.92276,1.30,1.27
2014.12.12 15:54:00.052,0.92248,0.92273,1.30,1.82
2014.12.12 15:54:00.584,0.92248,0.92271,1.30,1.52
2014.12.12 15:54:01.245,0.92251,0.92273,1.30,2.70
2014.12.12 15:54:01.447,0.92251,0.92277,1.30,3.45
2014.12.12 15:54:01.713,0.92253,0.92277,1.30,3.45
2014.12.12 15:54:01.915,0.9225,0.92276,1.72,1.47
2014.12.12 15:54:02.016,0.92253,0.92276,1.30,2.32
2014.12.12 15:54:02.117,0.92255,0.9228,1.30,3.07
2014.12.12 15:54:02.218,0.92253,0.92275,1.30,1.10
2014.12.12 15:54:02.438,0.92255,0.92275,1.30,1.10
2014.12.12 15:54:02.748,0.92266,0.9228,1.30,1.00
2014.12.12 15:54:02.822,0.92263,0.9228,1.30,1.00
2014.12.12 15:54:03.024,0.92261,0.9228,1.30,1.00
2014.12.12 15:54:03.125,0.92258,0.9228,1.30,1.00
2014.12.12 15:54:03.327,0.92256,0.9228,1.30,1.17
2014.12.12 15:54:03.579,0.92258,0.9228,1.30,1.17
2014.12.12 15:54:04.084,0.92259,0.92283,1.30,1.15
2014.12.12 15:54:04.135,0.92257,0.92283,1.30,1.15
2014.12.12 15:54:04.539,0.92248,0.9228,1.80,3.07
2014.12.12 15:54:04.590,0.92248,0.9227,1.80,1.00
2014.12.12 15:54:04.640,0.92248,0.9227,1.00,1.00
2014.12.12 15:54:04.691,0.92248,0.92268,1.00,1.00
2014.12.12 15:54:04.742,0.92237,0.92268,1.15,1.00
2014.12.12 15:54:04.843,0.92237,0.92265,1.30,2.32
2014.12.12 15:54:05.044,0.92238,0.92269,1.72,2.32
2014.12.12 15:54:05.095,0.92243,0.92269,1.30,2.32
2014.12.12 15:54:05.449,0.92245,0.92269,1.30,2.32
2014.12.12 15:54:05.550,0.92244,0.9227,1.30,1.17
2014.12.12 15:54:05.601,0.92244,0.92265,1.30,1.00
2014.12.12 15:54:06.004,0.92239,0.92269,1.30,4.50
2014.12.12 15:54:06.105,0.92246,0.92269,1.30,4.50
2014.12.12 15:54:06.206,0.92244,0.92265,1.30,1.15
2014.12.12 15:54:06.357,0.92244,0.9227,1.30,1.15
2014.12.12 15:54:06.408,0.92246,0.9227,1.30,1.15
2014.12.12 15:54:06.559,0.92246,0.9227,1.30,1.00
2014.12.12 15:54:06.660,0.92248,0.9227,1.30,1.00
2014.12.12 15:54:06.761,0.92242,0.9227,1.30,1.00
2014.12.12 15:54:07.266,0.92238,0.92272,1.30,4.50
2014.12.12 15:54:07.417,0.92235,0.92272,1.87,4.50
2014.12.12 15:54:07.518,0.92239,0.92272,1.30,4.50
2014.12.12 15:54:07.770,0.9224,0.92274,1.05,2.32
2014.12.12 15:54:08.301,0.92242,0.92274,1.30,2.32
2014.12.12 15:54:09.258,0.92243,0.92274,1.30,2.70
2014.12.12 15:54:10.294,0.92244,0.92274,1.30,2.70
2014.12.12 15:54:10.819,0.92248,0.92274,1.30,2.32
2014.12.12 15:54:10.870,0.92248,0.92279,1.30,2.70
2014.12.12 15:54:11.074,0.92246,0.92278,1.30,2.70
2014.12.12 15:54:11.275,0.92244,0.92278,1.05,2.70
2014.12.12 15:54:11.527,0.92245,0.92278,1.37,2.70
2014.12.12 15:54:11.579,0.9225,0.92282,1.30,3.07
2014.12.12 15:54:11.681,0.92254,0.92282,1.30,2.32
2014.12.12 15:54:11.782,0.92254,0.92286,1.30,6.00
2014.12.12 15:54:11.933,0.92251,0.92286,1.30,4.50
2014.12.12 15:54:12.438,0.9225,0.92286,1.87,4.50
2014.12.12 15:54:12.589,0.92252,0.92285,1.30,1.15
2014.12.12 15:54:12.929,0.9225,0.92285,1.12,1.15
2014.12.12 15:54:13.232,0.92256,0.92285,1.30,1.15
2014.12.12 15:54:13.283,0.92256,0.9229,1.30,3.45
2014.12.12 15:54:13.586,0.9226,0.9229,1.30,3.45
2014.12.12 15:54:13.690,0.92257,0.9229,1.30,3.45
2014.12.12 15:54:13.792,0.92259,0.9229,1.30,3.45
2014.12.12 15:54:14.144,0.92261,0.92285,1.30,1.10
2014.12.12 15:54:14.245,0.92251,0.92284,1.80,1.07
2014.12.12 15:54:14.296,0.92251,0.9228,1.30,1.10
2014.12.12 15:54:14.346,0.9225,0.92279,1.30,2.25
2014.12.12 15:54:14.448,0.92247,0.92279,1.30,2.32
2014.12.12 15:54:14.761,0.92249,0.92279,1.30,2.32
2014.12.12 15:54:14.981,0.92251,0.9228,1.30,1.15
2014.12.12 15:54:15.233,0.92255,0.92283,1.30,2.32
2014.12.12 15:54:15.537,0.92253,0.92283,1.30,2.32
2014.12.12 15:54:16.067,0.92252,0.9228,1.30,1.15
2014.12.12 15:54:16.578,0.92252,0.92283,1.30,3.07
2014.12.12 15:54:17.157,0.92252,0.92283,1.30,2.70
2014.12.12 15:54:17.208,0.92254,0.92283,1.30,2.70
2014.12.12 15:54:17.309,0.92252,0.92283,1.30,3.07
2014.12.12 15:54:17.410,0.9225,0.92282,1.30,1.65
2014.12.12 15:54:17.511,0.92253,0.92282,1.30,1.52
2014.12.12 15:54:17.975,0.92255,0.92285,1.30,1.52
2014.12.12 15:54:18.179,0.92257,0.92285,1.30,1.52
2014.12.12 15:54:18.280,0.92253,0.92285,1.05,1.52
2014.12.12 15:54:18.582,0.92252,0.9228,1.12,1.00
2014.12.12 15:54:18.683,0.92251,0.9228,1.30,1.17
2014.12.12 15:54:18.784,0.92245,0.9228,1.87,3.07
2014.12.12 15:54:19.000,0.9224,0.92275,2.47,2.32
2014.12.12 15:54:19.303,0.92244,0.92276,1.10,1.15
2014.12.12 15:54:19.505,0.92246,0.92276,1.30,1.15
2014.12.12 15:54:19.606,0.92244,0.92276,1.05,1.15
2014.12.12 15:54:19.707,0.92244,0.92271,1.30,1.15
2014.12.12 15:54:19.757,0.92235,0.92271,3.07,1.15
2014.12.12 15:54:19.808,0.92235,0.92269,1.17,1.15
2014.12.12 15:54:19.909,0.9223,0.92267,1.87,2.32
2014.12.12 15:54:20.410,0.92234,0.92267,1.30,2.32
2014.12.12 15:54:20.967,0.92235,0.92267,1.30,2.70
2014.12.12 15:54:21.401,0.92238,0.92267,1.30,2.32
2014.12.12 15:54:21.502,0.92238,0.92271,1.30,3.82
2014.12.12 15:54:21.653,0.92233,0.9227,1.45,1.15
2014.12.12 15:54:21.704,0.92233,0.92266,1.30,2.32
2014.12.12 15:54:22.207,0.92234,0.92266,1.30,3.45
2014.12.12 15:54:22.308,0.92236,0.92266,1.30,1.17
2014.12.12 15:54:22.678,0.92236,0.92265,1.30,3.00
2014.12.12 15:54:22.728,0.92233,0.92265,1.30,3.07
2014.12.12 15:54:22.829,0.92231,0.92265,1.05,2.32
2014.12.12 15:54:23.384,0.92225,0.9226,3.30,2.25
2014.12.12 15:54:23.434,0.92225,0.9226,1.12,2.32
2014.12.12 15:54:24.170,0.92227,0.9226,1.30,2.32
2014.12.12 15:54:25.571,0.92227,0.9226,1.67,2.70
2014.12.12 15:54:26.187,0.92228,0.9226,1.67,2.32
2014.12.12 15:54:26.288,0.92233,0.92265,1.30,2.70
2014.12.12 15:54:26.909,0.92232,0.92265,1.30,2.70
2014.12.12 15:54:27.716,0.92231,0.92265,1.05,3.82
2014.12.12 15:54:27.918,0.92225,0.92261,1.50,3.07
2014.12.12 15:54:28.119,0.92225,0.92257,1.35,2.70
2014.12.12 15:54:28.634,0.92226,0.92257,1.35,2.70
2014.12.12 15:54:29.171,0.92227,0.92257,1.30,2.32
2014.12.12 15:54:29.423,0.92227,0.92261,1.30,2.32
2014.12.12 15:54:29.969,0.92228,0.92261,1.30,2.32
2014.12.12 15:54:30.422,0.9223,0.92261,1.30,2.70
2014.12.12 15:54:30.932,0.92229,0.92261,1.35,2.70
2014.12.12 15:54:31.234,0.92233,0.92264,1.30,2.70
2014.12.12 15:54:31.436,0.92231,0.92264,1.30,2.70
2014.12.12 15:54:34.075,0.92229,0.92264,1.12,3.07
2014.12.12 15:54:34.530,0.92227,0.92264,1.45,4.57
2014.12.12 15:54:34.832,0.92221,0.92261,3.67,4.80
2014.12.12 15:54:35.135,0.92226,0.92262,1.37,3.07
2014.12.12 15:54:35.650,0.92225,0.92263,3.30,1.90
2014.12.12 15:54:35.852,0.92222,0.9226,1.50,3.82
2014.12.12 15:54:35.954,0.92226,0.9226,1.05,3.82
2014.12.12 15:54:36.055,0.92225,0.9226,1.12,3.82
2014.12.12 15:54:36.715,0.92225,0.9226,1.50,3.07
2014.12.12 15:54:37.339,0.92225,0.9226,1.50,2.70
2014.12.12 15:54:37.916,0.92227,0.9226,1.67,2.70
2014.12.12 15:54:38.520,0.92227,0.92265,2.20,2.77
2014.12.12 15:54:38.621,0.9223,0.92266,1.50,4.57
2014.12.12 15:54:39.125,0.92228,0.92265,1.50,1.90
2014.12.12 15:54:39.226,0.92228,0.92262,1.35,3.07
2014.12.12 15:54:40.175,0.92228,0.92262,1.67,2.70
2014.12.12 15:54:41.251,0.92228,0.92262,1.67,2.70
2014.12.12 15:54:41.781,0.9223,0.92262,1.12,2.70
2014.12.12 15:54:43.540,0.92226,0.92258,1.42,2.70
2014.12.12 15:54:43.663,0.92226,0.92258,1.67,2.70
2014.12.12 15:54:43.915,0.92227,0.92258,1.67,2.70
2014.12.12 15:54:44.278,0.92228,0.92258,1.30,2.70
2014.12.12 15:54:44.631,0.92222,0.92258,1.75,3.07
2014.12.12 15:54:44.681,0.92222,0.92255,1.42,1.92
2014.12.12 15:54:45.260,0.92221,0.92254,1.67,3.07
2014.12.12 15:54:45.885,0.92222,0.92254,1.67,2.70
2014.12.12 15:54:46.088,0.92224,0.92258,1.67,3.07
2014.12.12 15:54:46.630,0.92224,0.92258,1.67,3.07
2014.12.12 15:54:46.832,0.92226,0.92257,1.37,1.17
2014.12.12 15:54:46.882,0.92226,0.92257,1.12,1.10
2014.12.12 15:54:47.235,0.92225,0.92258,1.37,2.32
2014.12.12 15:54:47.493,0.92223,0.92258,1.05,2.32
2014.12.12 15:54:47.811,0.92225,0.92258,1.30,2.32
2014.12.12 15:54:47.912,0.92226,0.92261,1.12,1.15
2014.12.12 15:54:48.013,0.92226,0.92255,1.12,1.00
2014.12.12 15:54:48.165,0.92217,0.92251,1.72,2.32
2014.12.12 15:54:48.266,0.92213,0.92249,1.37,2.32
2014.12.12 15:54:48.316,0.92213,0.92249,1.30,4.50
2014.12.12 15:54:48.367,0.92211,0.92249,1.12,4.50
2014.12.12 15:54:48.468,0.92211,0.92243,1.05,2.25
2014.12.12 15:54:48.822,0.92213,0.92243,1.30,2.32
2014.12.12 15:54:49.225,0.92214,0.92246,1.30,2.32
2014.12.12 15:54:49.478,0.92217,0.92246,1.30,2.32
2014.12.12 15:54:49.579,0.92217,0.9225,1.35,3.07
2014.12.12 15:54:50.258,0.92216,0.9225,1.67,3.82
2014.12.12 15:54:50.460,0.92216,0.9225,1.35,3.82
2014.12.12 15:54:51.072,0.92216,0.9225,1.30,4.57
2014.12.12 15:54:51.173,0.92214,0.92246,1.30,2.70
2014.12.12 15:54:51.576,0.92214,0.92246,1.67,2.70
2014.12.12 15:54:52.248,0.92216,0.92246,1.67,2.70
2014.12.12 15:54:52.793,0.92216,0.92246,1.30,2.70
2014.12.12 15:54:53.172,0.92215,0.9225,1.20,3.07
2014.12.12 15:54:53.223,0.92218,0.9225,1.30,3.07
2014.12.12 15:54:54.008,0.92219,0.9225,1.30,3.07
2014.12.12 15:54:54.425,0.92221,0.9225,1.30,2.70
2014.12.12 15:54:54.577,0.92222,0.92252,1.30,1.27
2014.12.12 15:54:54.930,0.92221,0.92253,1.30,1.90
2014.12.12 15:54:55.081,0.92216,0.92249,1.30,3.45
2014.12.12 15:54:55.283,0.92218,0.92249,1.30,2.70
2014.12.12 15:54:56.391,0.92217,0.92249,1.30,2.70
2014.12.12 15:54:56.915,0.92216,0.92249,1.30,3.07
2014.12.12 15:54:57.218,0.92215,0.92245,1.05,1.55
2014.12.12 15:54:57.621,0.92215,0.92248,1.05,2.40
2014.12.12 15:54:57.722,0.9221,0.92245,1.05,4.57
2014.12.12 15:54:58.550,0.92209,0.92241,1.30,2.70
2014.12.12 15:54:58.908,0.92211,0.92241,1.30,3.07
2014.12.12 15:54:59.436,0.92212,0.92241,1.30,2.70
2014.12.12 15:55:00.447,0.92213,0.92241,1.30,2.70
2014.12.12 15:55:00.970,0.92212,0.92241,1.30,2.70
2014.12.12 15:55:01.491,0.92211,0.92241,1.30,2.70
2014.12.12 15:55:01.880,0.92207,0.92241,1.30,2.70
2014.12.12 15:55:02.642,0.9221,0.92241,1.30,3.82
2014.12.12 15:55:02.944,0.92212,0.92241,1.30,3.07
2014.12.12 15:55:02.995,0.92209,0.9224,1.30,1.65
2014.12.12 15:55:03.499,0.92209,0.9224,1.30,2.02
2014.12.12 15:55:04.031,0.92209,0.9224,1.30,2.40
2014.12.12 15:55:04.239,0.92209,0.9224,1.30,2.40
2014.12.12 15:55:04.290,0.92207,0.92237,1.30,3.07
2014.12.12 15:55:04.844,0.92207,0.92237,1.30,3.07
2014.12.12 15:55:05.046,0.92209,0.92235,1.30,1.52
2014.12.12 15:55:05.550,0.92208,0.92237,1.30,3.45
2014.12.12 15:55:06.156,0.92209,0.92237,1.30,2.70
2014.12.12 15:55:06.358,0.92209,0.92241,1.30,2.70
2014.12.12 15:55:06.879,0.92209,0.9224,1.30,1.65
2014.12.12 15:55:06.980,0.92205,0.9224,1.12,2.40
2014.12.12 15:55:07.507,0.92205,0.92237,1.30,1.27
2014.12.12 15:55:08.088,0.92205,0.92238,1.35,6.37
2014.12.12 15:55:08.392,0.92209,0.92239,1.30,1.52
2014.12.12 15:55:09.489,0.92209,0.9224,1.67,3.45
2014.12.12 15:55:09.693,0.92208,0.9224,1.35,3.45
2014.12.12 15:55:10.446,0.92209,0.9224,1.30,3.45
2014.12.12 15:55:10.900,0.92207,0.9224,1.35,3.45
2014.12.12 15:55:11.419,0.92207,0.9224,1.67,3.45
2014.12.12 15:55:11.721,0.92207,0.9224,1.30,3.82
2014.12.12 15:55:12.181,0.92205,0.92238,1.50,1.52
2014.12.12 15:55:12.484,0.92207,0.9224,1.67,2.70
2014.12.12 15:55:13.399,0.92211,0.9224,1.30,2.70
2014.12.12 15:55:13.601,0.9221,0.92241,1.67,1.52
2014.12.12 15:55:14.104,0.92213,0.92244,1.35,2.70
2014.12.12 15:55:14.745,0.92211,0.92242,1.30,1.52
2014.12.12 15:55:16.171,0.9221,0.92241,1.35,1.52
2014.12.12 15:55:17.595,0.92212,0.9224,1.30,1.55
2014.12.12 15:55:18.238,0.92213,0.92244,1.30,3.45
2014.12.12 15:55:19.641,0.92213,0.92244,1.42,1.52
2014.12.12 15:55:19.944,0.92215,0.92245,1.30,1.52
2014.12.12 15:55:20.358,0.92217,0.92245,1.30,1.52
2014.12.12 15:55:21.227,0.92218,0.92246,1.30,1.65
2014.12.12 15:55:21.580,0.92224,0.92247,1.30,1.17
2014.12.12 15:55:21.631,0.92224,0.92247,1.30,1.10
2014.12.12 15:55:21.783,0.92222,0.9225,1.30,1.37
2014.12.12 15:55:22.237,0.92222,0.92249,1.30,1.50
2014.12.12 15:55:22.540,0.92223,0.92249,1.30,1.65
2014.12.12 15:55:23.045,0.92222,0.92251,1.30,1.15
2014.12.12 15:55:23.095,0.9222,0.92251,1.30,1.15
2014.12.12 15:55:23.563,0.92222,0.92251,1.30,1.15
2014.12.12 15:55:23.992,0.92219,0.92247,1.30,1.57
2014.12.12 15:55:24.043,0.92219,0.92243,1.30,1.00
2014.12.12 15:55:24.295,0.92223,0.9225,1.05,1.00
2014.12.12 15:55:24.447,0.92221,0.9225,1.30,1.17
2014.12.12 15:55:24.548,0.92219,0.9225,1.05,2.40
2014.12.12 15:55:24.851,0.92217,0.92244,1.30,1.00
2014.12.12 15:55:25.221,0.92216,0.92244,1.30,1.07
2014.12.12 15:55:25.423,0.92218,0.92247,1.30,1.65
2014.12.12 15:55:25.524,0.9222,0.92247,1.30,1.15
2014.12.12 15:55:25.726,0.92221,0.92249,1.30,1.10
2014.12.12 15:55:26.473,0.92221,0.92249,1.30,1.47
2014.12.12 15:55:27.194,0.92223,0.92249,1.67,1.10
2014.12.12 15:55:27.295,0.92229,0.92249,1.30,1.10
2014.12.12 15:55:27.396,0.92227,0.92254,1.30,1.00
2014.12.12 15:55:27.497,0.92225,0.9225,1.05,1.00
2014.12.12 15:55:27.598,0.92221,0.92253,1.45,1.50
2014.12.12 15:55:27.649,0.92221,0.9225,1.05,1.00
2014.12.12 15:55:27.699,0.92223,0.9225,1.30,1.00
2014.12.12 15:55:28.009,0.92222,0.9225,1.30,1.15
2014.12.12 15:55:28.060,0.92222,0.9225,1.30,1.00
2014.12.12 15:55:28.161,0.92224,0.92253,1.30,1.52
2014.12.12 15:55:28.463,0.92225,0.92255,1.12,1.00
2014.12.12 15:55:28.514,0.92232,0.92256,1.30,2.32
2014.12.12 15:55:28.719,0.92229,0.9226,1.30,1.65
2014.12.12 15:55:28.820,0.9224,0.9226,1.30,1.15
2014.12.12 15:55:28.921,0.9224,0.9226,1.30,1.10
2014.12.12 15:55:29.224,0.92239,0.92265,1.30,1.10
2014.12.12 15:55:29.526,0.9224,0.92261,1.30,1.00
2014.12.12 15:55:30.073,0.92241,0.92261,1.30,1.00
2014.12.12 15:55:30.581,0.92238,0.9226,1.30,1.07
2014.12.12 15:55:31.128,0.92239,0.9226,1.30,1.00
2014.12.12 15:55:31.229,0.92243,0.9226,1.30,1.00
2014.12.12 15:55:31.381,0.92243,0.92265,1.30,1.15
2014.12.12 15:55:31.532,0.92243,0.92265,1.30,1.00
2014.12.12 15:55:32.081,0.92242,0.92269,1.30,3.45
2014.12.12 15:55:32.268,0.92244,0.92269,1.30,3.45
2014.12.12 15:55:32.572,0.92242,0.92269,1.30,3.07
2014.12.12 15:55:32.774,0.9224,0.92269,1.30,3.82
2014.12.12 15:55:33.293,0.92241,0.92267,1.30,1.52
2014.12.12 15:55:33.752,0.92241,0.92267,1.30,1.90
2014.12.12 15:55:34.117,0.92237,0.92264,1.30,1.52
2014.12.12 15:55:34.218,0.92235,0.92265,1.30,2.70
2014.12.12 15:55:34.772,0.9224,0.92265,1.30,3.07
2014.12.12 15:55:36.062,0.92241,0.92265,1.30,2.70
2014.12.12 15:55:36.565,0.9224,0.92265,1.30,2.70
2014.12.12 15:55:37.379,0.92239,0.92265,1.30,2.70
2014.12.12 15:55:37.752,0.92237,0.92265,1.30,4.20
2014.12.12 15:55:37.958,0.92239,0.92265,1.30,3.45
2014.12.12 15:55:38.059,0.92241,0.92266,1.30,1.52
2014.12.12 15:55:38.412,0.92243,0.92265,1.30,1.17
2014.12.12 15:55:38.957,0.92242,0.92269,1.30,3.45
2014.12.12 15:55:39.158,0.9224,0.92265,1.30,1.17
2014.12.12 15:55:39.698,0.92239,0.92265,1.30,1.27
2014.12.12 15:55:40.173,0.92243,0.92265,1.30,1.17
2014.12.12 15:55:40.421,0.92243,0.92269,1.30,1.52
2014.12.12 15:55:40.623,0.92245,0.92265,1.30,1.00
2014.12.12 15:55:40.838,0.92242,0.92265,1.30,1.07
2014.12.12 15:55:41.900,0.92243,0.92265,1.30,1.07
2014.12.12 15:55:42.405,0.92243,0.92265,1.30,1.00
2014.12.12 15:55:43.261,0.92241,0.92265,1.30,1.00
2014.12.12 15:55:43.513,0.92242,0.92265,1.30,1.20
2014.12.12 15:55:43.564,0.92237,0.92265,1.30,1.27
2014.12.12 15:55:43.665,0.92239,0.92265,1.30,1.15
2014.12.12 15:55:43.989,0.9224,0.9226,1.30,1.00
2014.12.12 15:55:44.241,0.9224,0.92265,1.30,1.15
2014.12.12 15:55:44.347,0.92238,0.92265,1.30,1.15
2014.12.12 15:55:44.498,0.92237,0.9226,1.30,1.00
2014.12.12 15:55:44.599,0.92237,0.92265,1.30,1.52
2014.12.12 15:55:44.901,0.92239,0.9226,1.30,1.00
2014.12.12 15:55:45.422,0.92241,0.9226,1.30,1.00
2014.12.12 15:55:45.756,0.92237,0.9226,1.30,1.00
2014.12.12 15:55:46.109,0.92238,0.92266,1.30,1.52
2014.12.12 15:55:46.210,0.9224,0.92266,1.30,1.52
2014.12.12 15:55:46.513,0.92239,0.9226,1.30,1.00
2014.12.12 15:55:46.563,0.92239,0.92265,1.30,1.52
2014.12.12 15:55:46.765,0.92236,0.92265,1.30,1.52
2014.12.12 15:55:47.092,0.92238,0.92265,1.30,1.52
2014.12.12 15:55:47.398,0.9224,0.92265,1.30,1.52
2014.12.12 15:55:47.781,0.92238,0.9226,1.30,1.00
2014.12.12 15:55:47.831,0.92236,0.9226,1.30,1.00
2014.12.12 15:55:48.356,0.92237,0.9226,1.30,1.00
2014.12.12 15:55:48.560,0.92237,0.92255,1.30,1.00
2014.12.12 15:55:48.661,0.92237,0.9226,1.30,1.00
2014.12.12 15:55:48.983,0.92239,0.9226,1.30,1.00
2014.12.12 15:55:49.533,0.92238,0.9226,1.30,1.00
2014.12.12 15:55:50.037,0.92238,0.92261,1.30,1.00
2014.12.12 15:55:50.341,0.92237,0.92261,1.30,1.15
2014.12.12 15:55:50.894,0.92238,0.9226,1.30,1.17
2014.12.12 15:55:51.618,0.92239,0.9226,1.30,1.17
2014.12.12 15:55:52.800,0.92238,0.9226,1.30,1.17
2014.12.12 15:55:53.366,0.92237,0.9226,1.30,1.17
2014.12.12 15:55:53.719,0.92241,0.92264,1.30,2.32
2014.12.12 15:55:53.820,0.9224,0.92266,1.30,1.52
2014.12.12 15:55:53.921,0.92238,0.92265,1.30,1.52
2014.12.12 15:55:54.875,0.92238,0.92265,1.30,1.52
2014.12.12 15:55:55.234,0.92236,0.92265,1.30,1.52
2014.12.12 15:55:56.148,0.92236,0.9226,1.30,1.00
2014.12.12 15:55:56.690,0.92235,0.9226,1.30,1.00
2014.12.12 15:55:57.879,0.92235,0.92255,1.30,1.00
2014.12.12 15:55:58.318,0.92235,0.9226,1.30,1.17
2014.12.12 15:55:58.520,0.92231,0.9226,1.30,1.55
2014.12.12 15:55:58.841,0.92233,0.9226,1.30,1.55
2014.12.12 15:55:59.160,0.92233,0.92255,1.30,1.00
2014.12.12 15:55:59.528,0.92233,0.9226,1.30,1.27
2014.12.12 15:55:59.729,0.92237,0.9226,1.30,1.17
2014.12.12 15:55:59.881,0.92239,0.92265,1.30,1.15
2014.12.12 15:56:00.301,0.92237,0.92265,1.35,1.52
2014.12.12 15:56:00.352,0.92237,0.92265,1.35,3.45
2014.12.12 15:56:00.402,0.92235,0.92265,1.35,5.62
2014.12.12 15:56:00.920,0.92236,0.9226,1.30,1.20
2014.12.12 15:56:01.390,0.92234,0.92261,1.30,1.52
2014.12.12 15:56:01.440,0.92234,0.9226,1.30,1.57
2014.12.12 15:56:01.844,0.92237,0.9226,1.30,1.57
2014.12.12 15:56:02.389,0.92237,0.92264,1.30,2.40
2014.12.12 15:56:02.490,0.92235,0.92264,1.30,2.40
2014.12.12 15:56:02.642,0.92235,0.92261,1.72,1.45
2014.12.12 15:56:02.692,0.92237,0.92264,1.30,1.65
2014.12.12 15:56:03.149,0.92237,0.92264,1.30,1.27
2014.12.12 15:56:03.300,0.92237,0.92268,1.35,1.55
2014.12.12 15:56:03.351,0.9224,0.92268,1.30,1.17
2014.12.12 15:56:03.589,0.92238,0.92265,1.30,1.00
2014.12.12 15:56:03.690,0.9224,0.92265,1.30,1.00
2014.12.12 15:56:04.192,0.92241,0.9227,1.30,1.15
2014.12.12 15:56:04.723,0.92242,0.9227,1.30,1.15
2014.12.12 15:56:05.339,0.9224,0.9227,1.30,1.65
2014.12.12 15:56:05.440,0.92239,0.92268,1.30,3.82
2014.12.12 15:56:05.742,0.9224,0.92268,1.30,1.52
2014.12.12 15:56:06.003,0.92242,0.92268,1.30,1.52
2014.12.12 15:56:06.561,0.92241,0.92265,1.30,1.12
2014.12.12 15:56:06.865,0.9224,0.92266,1.30,1.17
2014.12.12 15:56:07.332,0.92235,0.92266,1.30,1.15
2014.12.12 15:56:08.062,0.92235,0.92266,2.10,1.27
2014.12.12 15:56:09.727,0.92245,0.92266,1.30,1.27
2014.12.12 15:56:09.984,0.92236,0.92267,1.30,4.20
2014.12.12 15:56:10.136,0.9224,0.92267,1.00,3.45
2014.12.12 15:56:11.128,0.9224,0.92264,1.00,1.00
2014.12.12 15:56:11.229,0.9224,0.92267,1.00,1.10
2014.12.12 15:56:13.387,0.92239,0.92267,1.35,1.10
2014.12.12 15:56:15.717,0.92239,0.92264,1.30,1.00
2014.12.12 15:56:15.818,0.92239,0.92267,1.30,1.20
2014.12.12 15:56:16.331,0.92239,0.92267,1.67,1.10
2014.12.12 15:56:16.646,0.92243,0.9227,1.67,1.00
2014.12.12 15:56:16.949,0.92248,0.92276,1.30,2.70
2014.12.12 15:56:18.278,0.92247,0.92276,1.35,2.70
2014.12.12 15:56:18.435,0.92244,0.92275,1.35,1.52
2014.12.12 15:56:18.486,0.92244,0.92271,1.30,1.95
2014.12.12 15:56:18.795,0.92242,0.92265,1.30,1.00
2014.12.12 15:56:18.902,0.9224,0.92265,1.30,1.00
2014.12.12 15:56:18.953,0.9224,0.92265,1.30,1.15
2014.12.12 15:56:19.054,0.9224,0.92265,1.30,1.10
2014.12.12 15:56:19.760,0.9224,0.92265,1.30,1.15
2014.12.12 15:56:20.547,0.92238,0.92265,1.35,1.52
2014.12.12 15:56:20.995,0.9224,0.92265,1.30,1.15
2014.12.12 15:56:21.146,0.92239,0.92265,1.30,1.10
2014.12.12 15:56:21.297,0.92241,0.92265,1.30,1.10
2014.12.12 15:56:21.753,0.92242,0.92265,1.67,1.10
2014.12.12 15:56:22.006,0.92246,0.92275,1.30,1.15
2014.12.12 15:56:22.433,0.92247,0.9227,1.30,1.00
2014.12.12 15:56:22.955,0.92248,0.9227,1.30,1.00
2014.12.12 15:56:23.743,0.92249,0.92275,1.30,1.52
2014.12.12 15:56:24.065,0.92251,0.92275,1.30,1.00
2014.12.12 15:56:25.018,0.92253,0.92275,1.30,1.00
2014.12.12 15:56:25.322,0.92251,0.92271,1.30,1.00
2014.12.12 15:56:25.524,0.9225,0.92275,1.30,1.15
2014.12.12 15:56:26.047,0.92251,0.92275,1.30,1.15
2014.12.12 15:56:26.258,0.92251,0.92271,1.30,1.00
2014.12.12 15:56:26.515,0.92249,0.9227,1.30,1.00
2014.12.12 15:56:26.620,0.92247,0.92271,1.30,1.00
2014.12.12 15:56:27.123,0.92247,0.92271,1.30,1.17
2014.12.12 15:56:27.397,0.92245,0.92271,1.30,1.17
2014.12.12 15:56:28.271,0.92246,0.92275,1.30,4.20
2014.12.12 15:56:28.674,0.92245,0.92275,1.50,1.50
2014.12.12 15:56:28.725,0.92249,0.92279,1.30,1.52
2014.12.12 15:56:29.233,0.92249,0.92274,1.30,1.00
2014.12.12 15:56:29.738,0.92249,0.92275,1.30,1.00
2014.12.12 15:56:30.668,0.92247,0.92275,1.30,1.00
2014.12.12 15:56:30.769,0.92247,0.92275,1.30,1.15
2014.12.12 15:56:31.783,0.92247,0.92274,1.30,1.52
2014.12.12 15:56:31.885,0.9224,0.92274,1.67,3.45
2014.12.12 15:56:33.204,0.9224,0.92272,1.67,1.52
2014.12.12 15:56:33.355,0.92243,0.9227,1.30,1.17
2014.12.12 15:56:33.863,0.92238,0.9227,1.80,2.32
2014.12.12 15:56:34.115,0.9224,0.9227,1.30,2.70
2014.12.12 15:56:34.396,0.92241,0.92275,1.42,4.95
2014.12.12 15:56:35.041,0.92244,0.92273,1.30,1.52
2014.12.12 15:56:36.277,0.92241,0.92273,1.42,1.52
2014.12.12 15:56:36.328,0.92241,0.92273,1.80,1.15
2014.12.12 15:56:36.530,0.92248,0.92279,1.30,2.32
2014.12.12 15:56:36.631,0.92249,0.92283,1.10,1.15
2014.12.12 15:56:36.732,0.92251,0.9228,1.30,3.07
2014.12.12 15:56:36.834,0.92252,0.92283,1.30,1.15
2014.12.12 15:56:36.985,0.92252,0.92275,1.30,1.00
2014.12.12 15:56:37.087,0.9225,0.9228,1.30,1.17
2014.12.12 15:56:37.239,0.92248,0.92278,1.30,2.32
2014.12.12 15:56:37.439,0.92251,0.92281,1.30,1.15
2014.12.12 15:56:37.492,0.92249,0.92281,1.05,1.15
2014.12.12 15:56:38.403,0.92249,0.92284,1.42,3.82
2014.12.12 15:56:38.923,0.92246,0.92281,1.82,1.65
2014.12.12 15:56:39.304,0.92247,0.9228,1.75,4.20
2014.12.12 15:56:40.841,0.92247,0.9228,1.87,1.20
2014.12.12 15:56:40.942,0.92249,0.92284,1.72,2.02
2014.12.12 15:56:41.144,0.92251,0.92285,1.82,1.52
2014.12.12 15:56:41.346,0.92251,0.92281,1.67,2.70
2014.12.12 15:56:41.447,0.92251,0.92285,1.67,3.45
2014.12.12 15:56:41.498,0.92254,0.92285,1.30,3.45
2014.12.12 15:56:41.549,0.92254,0.92285,1.42,1.52
2014.12.12 15:56:41.599,0.92261,0.92287,1.30,1.90
2014.12.12 15:56:41.907,0.92258,0.92288,1.30,2.70
2014.12.12 15:56:42.588,0.92259,0.92285,1.30,1.15
2014.12.12 15:56:43.092,0.92258,0.92288,1.35,3.45
2014.12.12 15:56:43.671,0.92259,0.9229,1.30,1.52
2014.12.12 15:56:43.926,0.92256,0.92291,1.12,2.77
2014.12.12 15:56:44.243,0.92254,0.92288,1.67,2.70
2014.12.12 15:56:44.804,0.92255,0.92288,1.67,2.70
2014.12.12 15:56:45.125,0.92254,0.92288,1.72,2.70
2014.12.12 15:56:45.579,0.92255,0.92289,1.82,1.52
2014.12.12 15:56:45.630,0.92254,0.92289,1.82,1.52
2014.12.12 15:56:46.163,0.92253,0.92285,2.20,1.00
2014.12.12 15:56:46.264,0.92256,0.92285,1.50,1.37
2014.12.12 15:56:47.772,0.92258,0.92285,1.67,1.12
2014.12.12 15:56:48.953,0.92257,0.92285,1.67,1.45
2014.12.12 15:56:51.942,0.92256,0.92285,1.67,1.52
2014.12.12 15:56:52.244,0.92256,0.9228,1.67,1.00
2014.12.12 15:56:52.647,0.92255,0.9228,1.30,1.00
2014.12.12 15:56:52.698,0.92254,0.9228,1.30,1.15
2014.12.12 15:56:52.900,0.92254,0.9228,1.30,1.00
2014.12.12 15:56:53.438,0.92255,0.92285,1.30,1.15
2014.12.12 15:56:53.951,0.92254,0.9228,1.67,1.00
2014.12.12 15:56:54.567,0.92254,0.92285,1.67,1.52
2014.12.12 15:56:54.775,0.92257,0.92285,1.67,1.20
2014.12.12 15:56:55.287,0.9226,0.9229,1.30,3.82
2014.12.12 15:56:55.388,0.9226,0.9229,1.67,1.45
2014.12.12 15:56:55.752,0.92261,0.9229,1.30,1.07
2014.12.12 15:56:55.803,0.92261,0.9229,1.30,3.07
2014.12.12 15:56:55.904,0.92258,0.92285,1.30,1.10
2014.12.12 15:56:56.363,0.92258,0.92285,1.67,1.10
2014.12.12 15:56:56.676,0.92256,0.9228,1.42,1.00
2014.12.12 15:56:56.777,0.92256,0.92285,1.42,1.47
2014.12.12 15:56:57.053,0.92257,0.92285,1.67,1.10
2014.12.12 15:56:57.457,0.92258,0.9229,1.35,4.57
2014.12.12 15:56:57.963,0.92255,0.92285,1.72,1.10
2014.12.12 15:56:58.116,0.92255,0.9228,1.77,1.00
2014.12.12 15:56:58.420,0.92258,0.9228,1.15,1.00
2014.12.12 15:56:58.672,0.92264,0.92291,1.45,1.12
2014.12.12 15:56:58.977,0.92262,0.9229,1.30,1.00
2014.12.12 15:56:59.984,0.92262,0.9229,1.67,1.00
2014.12.12 15:57:00.279,0.9226,0.9229,2.25,1.37
2014.12.12 15:57:00.986,0.9226,0.9229,1.00,1.52
2014.12.12 15:57:01.288,0.92258,0.92288,1.37,2.70
2014.12.12 15:57:01.793,0.9226,0.92288,1.30,2.70
2014.12.12 15:57:02.127,0.92258,0.92288,1.12,2.70
2014.12.12 15:57:02.278,0.92258,0.92288,1.37,2.32
2014.12.12 15:57:03.184,0.92259,0.92288,1.72,2.70
2014.12.12 15:57:03.235,0.92255,0.92288,2.70,2.70
2014.12.12 15:57:03.387,0.92259,0.92286,1.30,1.52
2014.12.12 15:57:03.447,0.92257,0.92286,1.30,1.52
2014.12.12 15:57:03.983,0.92256,0.92286,1.57,1.52
2014.12.12 15:57:04.239,0.92258,0.92286,1.30,1.52
2014.12.12 15:57:04.530,0.92258,0.9229,1.30,1.52
2014.12.12 15:57:04.581,0.9226,0.92285,1.30,1.00
2014.12.12 15:57:04.813,0.9226,0.9229,1.30,1.52
2014.12.12 15:57:05.015,0.92263,0.9229,1.30,1.15
2014.12.12 15:57:05.554,0.92262,0.9229,1.30,1.15
2014.12.12 15:57:06.058,0.9226,0.9229,1.67,1.27
2014.12.12 15:57:06.209,0.92258,0.9229,1.00,1.52
2014.12.12 15:57:06.310,0.92254,0.9229,1.45,2.40
2014.12.12 15:57:06.562,0.92253,0.9228,1.30,1.37
2014.12.12 15:57:06.936,0.92254,0.92285,1.30,1.52
2014.12.12 15:57:07.239,0.92255,0.9228,1.30,1.00
2014.12.12 15:57:07.642,0.92253,0.9228,1.30,1.00
2014.12.12 15:57:08.146,0.92254,0.92284,1.30,1.52
2014.12.12 15:57:08.197,0.92254,0.92284,1.30,1.52
2014.12.12 15:57:08.449,0.92253,0.9228,1.30,1.00
2014.12.12 15:57:09.147,0.92253,0.9228,1.30,1.37
2014.12.12 15:57:09.248,0.92249,0.9228,1.30,1.55
2014.12.12 15:57:09.349,0.92248,0.9228,1.05,1.65
2014.12.12 15:57:09.651,0.92251,0.92275,1.30,1.37
2014.12.12 15:57:09.853,0.92249,0.92275,1.30,1.37
2014.12.12 15:57:10.383,0.9225,0.9228,1.30,2.40
2014.12.12 15:57:11.262,0.92248,0.92275,1.05,1.37
2014.12.12 15:57:11.785,0.92247,0.92277,1.30,1.52
2014.12.12 15:57:12.553,0.92248,0.92275,1.30,1.55
2014.12.12 15:57:12.604,0.92246,0.92275,1.30,1.55
2014.12.12 15:57:12.756,0.92245,0.92275,1.05,1.55
2014.12.12 15:57:13.058,0.92248,0.92275,1.30,1.55
2014.12.12 15:57:13.361,0.92246,0.92275,1.30,1.55
2014.12.12 15:57:13.914,0.92248,0.92275,1.30,1.55
2014.12.12 15:57:14.267,0.92245,0.92275,1.05,1.55
2014.12.12 15:57:14.734,0.92245,0.92275,1.42,1.17
2014.12.12 15:57:15.137,0.92246,0.92275,1.30,3.07
2014.12.12 15:57:15.238,0.92244,0.92273,1.30,1.15
2014.12.12 15:57:15.289,0.92244,0.92265,1.30,1.00
2014.12.12 15:57:15.389,0.92243,0.9227,1.30,1.10
2014.12.12 15:57:15.440,0.92239,0.9227,1.45,1.10
2014.12.12 15:57:15.642,0.92239,0.9227,1.30,1.15
2014.12.12 15:57:15.945,0.92235,0.9226,1.30,1.00
2014.12.12 15:57:15.995,0.92228,0.9226,1.45,1.00
2014.12.12 15:57:16.046,0.92228,0.9226,1.37,1.07
2014.12.12 15:57:16.348,0.9223,0.9226,1.12,1.00
2014.12.12 15:57:17.264,0.92228,0.9226,1.50,1.87
2014.12.12 15:57:17.847,0.92228,0.9226,1.82,1.87
2014.12.12 15:57:18.366,0.92232,0.92265,1.30,1.90
2014.12.12 15:57:18.997,0.92231,0.92265,1.05,1.90
2014.12.12 15:57:19.461,0.92231,0.92265,1.42,1.52
2014.12.12 15:57:19.612,0.92236,0.92265,1.05,1.37
2014.12.12 15:57:19.663,0.92231,0.92266,4.42,1.47
2014.12.12 15:57:19.892,0.92233,0.92265,1.30,1.65
2014.12.12 15:57:20.411,0.92227,0.9226,5.02,1.37
2014.12.12 15:57:20.512,0.92227,0.9226,2.85,1.52
2014.12.12 15:57:20.663,0.92227,0.9226,2.47,1.65
2014.12.12 15:57:20.966,0.92226,0.92255,1.90,1.57
2014.12.12 15:57:21.382,0.92226,0.92255,1.30,1.27
2014.12.12 15:57:21.584,0.92225,0.92255,1.67,1.57
2014.12.12 15:57:21.955,0.92225,0.92255,1.67,1.57
2014.12.12 15:57:22.056,0.92224,0.92255,1.30,1.65
2014.12.12 15:57:22.208,0.92221,0.9225,1.05,1.47
2014.12.12 15:57:22.731,0.92218,0.9225,1.50,1.47
2014.12.12 15:57:23.357,0.92221,0.92255,1.05,3.82
2014.12.12 15:57:23.662,0.92221,0.92255,1.42,3.82
2014.12.12 15:57:24.365,0.92223,0.92255,1.75,1.55
2014.12.12 15:57:24.432,0.92223,0.92255,1.82,1.47
2014.12.12 15:57:24.945,0.92225,0.92255,1.05,1.47
2014.12.12 15:57:25.097,0.92225,0.92255,1.42,1.10
2014.12.12 15:57:25.299,0.92226,0.9226,1.87,1.55
2014.12.12 15:57:25.399,0.92229,0.9226,1.05,1.55
2014.12.12 15:57:25.702,0.92224,0.9226,2.70,1.92
2014.12.12 15:57:25.803,0.92221,0.92258,1.82,3.07
2014.12.12 15:57:26.307,0.92223,0.92258,1.87,2.32
2014.12.12 15:57:26.408,0.92229,0.9226,1.67,1.15
2014.12.12 15:57:26.509,0.9223,0.9226,1.82,1.00
2014.12.12 15:57:26.611,0.9223,0.92265,1.82,1.52
2014.12.12 15:57:26.712,0.92234,0.92265,1.67,1.52
2014.12.12 15:57:27.051,0.92234,0.92265,1.82,1.12
2014.12.12 15:57:27.558,0.92232,0.92265,1.50,1.57
2014.12.12 15:57:27.609,0.92232,0.92265,1.50,1.52
2014.12.12 15:57:27.710,0.92232,0.92265,1.12,1.90
2014.12.12 15:57:28.213,0.92228,0.92264,2.70,1.92
2014.12.12 15:57:28.481,0.92228,0.92265,2.70,2.40
2014.12.12 15:57:29.785,0.92228,0.92264,3.67,1.92
2014.12.12 15:57:30.297,0.92226,0.92264,1.82,3.82
2014.12.12 15:57:30.819,0.92226,0.92264,1.82,3.82
2014.12.12 15:57:32.921,0.92228,0.9226,1.50,1.55
2014.12.12 15:57:33.425,0.92227,0.92261,1.37,3.07
2014.12.12 15:57:33.476,0.92227,0.9226,1.30,3.07
2014.12.12 15:57:33.627,0.92228,0.9226,1.75,3.45
2014.12.12 15:57:33.678,0.92228,0.9226,1.82,1.55
2014.12.12 15:57:34.182,0.9223,0.92264,1.05,2.32
2014.12.12 15:57:34.434,0.9223,0.92264,1.87,2.32
2014.12.12 15:57:34.485,0.92231,0.92265,1.45,1.15
2014.12.12 15:57:35.746,0.92229,0.92262,2.25,1.07
2014.12.12 15:57:35.797,0.92225,0.92262,1.45,1.15
2014.12.12 15:57:36.946,0.92224,0.9226,2.70,2.40
2014.12.12 15:57:36.996,0.92222,0.92259,1.82,1.90
2014.12.12 15:57:37.148,0.92222,0.92258,2.20,1.52
2014.12.12 15:57:38.055,0.92222,0.92258,1.87,1.52
2014.12.12 15:57:38.574,0.92229,0.9226,1.30,3.45
2014.12.12 15:57:39.094,0.92226,0.9226,1.67,3.45
2014.12.12 15:57:40.427,0.92226,0.9226,1.30,4.57
2014.12.12 15:57:42.170,0.92225,0.92255,1.42,1.47
2014.12.12 15:57:42.472,0.92222,0.92259,1.87,1.52
2014.12.12 15:57:42.776,0.92221,0.9225,1.37,1.20
2014.12.12 15:57:42.878,0.9222,0.92253,1.10,1.15
2014.12.12 15:57:43.181,0.92223,0.92255,1.30,3.07
2014.12.12 15:57:43.383,0.92225,0.92255,1.30,1.15
2014.12.12 15:57:43.921,0.92221,0.92255,1.45,1.15
2014.12.12 15:57:44.122,0.92218,0.9225,1.72,2.32
2014.12.12 15:57:44.425,0.92204,0.92234,1.00,1.15
2014.12.12 15:57:44.476,0.922,0.92231,1.47,1.17
2014.12.12 15:57:44.629,0.92204,0.92232,1.00,1.15
2014.12.12 15:57:44.830,0.92205,0.92233,1.10,1.00
2014.12.12 15:57:45.420,0.92205,0.92235,1.10,1.17
2014.12.12 15:57:45.625,0.92206,0.92235,2.10,1.17
2014.12.12 15:57:45.827,0.92209,0.9224,1.12,1.47
2014.12.12 15:57:46.352,0.92209,0.92244,1.12,4.12
2014.12.12 15:57:46.403,0.9221,0.9224,1.27,1.37
2014.12.12 15:57:46.706,0.92207,0.9224,1.82,1.55
2014.12.12 15:57:46.857,0.92207,0.92235,1.82,1.00
2014.12.12 15:57:47.228,0.92205,0.9224,1.50,3.82
2014.12.12 15:57:47.694,0.92204,0.92235,1.50,1.47
2014.12.12 15:57:47.896,0.92199,0.92235,1.87,1.65
2014.12.12 15:57:48.206,0.92197,0.92233,2.70,1.87
2014.12.12 15:57:48.724,0.92197,0.9223,2.70,1.67
2014.12.12 15:57:49.237,0.92197,0.9223,2.70,1.67
2014.12.12 15:57:49.494,0.92197,0.9223,2.70,1.00
2014.12.12 15:57:49.898,0.92198,0.9223,2.20,1.00
2014.12.12 15:57:51.422,0.92197,0.9223,4.05,1.00
2014.12.12 15:57:51.966,0.92197,0.9223,4.05,1.00
2014.12.12 15:57:52.118,0.92198,0.9223,1.82,1.37
2014.12.12 15:57:52.996,0.92197,0.9223,3.67,1.00
2014.12.12 15:57:53.097,0.92199,0.92235,1.45,1.15
2014.12.12 15:57:53.148,0.92201,0.92235,2.32,1.10
2014.12.12 15:57:53.932,0.92201,0.92238,4.05,1.82
2014.12.12 15:57:56.514,0.92201,0.92237,3.07,1.82
2014.12.12 15:57:57.116,0.92201,0.92235,2.70,1.47
2014.12.12 15:57:57.268,0.92196,0.92226,1.55,1.42
2014.12.12 15:57:57.369,0.92196,0.92226,1.47,1.42
2014.12.12 15:57:57.520,0.92195,0.92227,1.27,1.50
2014.12.12 15:57:57.626,0.92192,0.92227,1.90,1.50
2014.12.12 15:57:58.439,0.92191,0.92226,3.07,1.42
2014.12.12 15:57:58.651,0.92192,0.92228,1.90,1.45
2014.12.12 15:57:58.752,0.92199,0.92231,1.00,3.67
2014.12.12 15:57:58.853,0.92204,0.92231,2.10,1.30
2014.12.12 15:57:58.954,0.92204,0.92239,2.25,2.40
2014.12.12 15:57:59.055,0.92205,0.92238,2.32,1.30
2014.12.12 15:57:59.559,0.92205,0.9224,2.32,1.87
2014.12.12 15:58:00.233,0.92204,0.9224,2.70,2.25
2014.12.12 15:58:00.283,0.922,0.9224,6.97,2.25
2014.12.12 15:58:00.614,0.92201,0.9223,1.82,1.00
2014.12.12 15:58:00.922,0.92201,0.92237,2.20,1.20
2014.12.12 15:58:01.023,0.92201,0.92238,2.62,1.82
2014.12.12 15:58:01.225,0.92201,0.92238,2.20,1.82
2014.12.12 15:58:01.427,0.92204,0.92241,1.82,2.62
2014.12.12 15:58:01.629,0.922,0.92236,4.87,2.05
2014.12.12 15:58:01.932,0.92201,0.92235,2.20,1.00
2014.12.12 15:58:02.133,0.92211,0.9224,1.30,1.17
2014.12.12 15:58:02.184,0.92205,0.9224,3.07,1.80
2014.12.12 15:58:02.285,0.92205,0.92238,3.07,1.30
2014.12.12 15:58:02.386,0.92202,0.92238,4.05,1.45
2014.12.12 15:58:02.991,0.92202,0.92235,2.32,1.00
2014.12.12 15:58:04.581,0.92202,0.92235,2.70,1.37
2014.12.12 15:58:05.151,0.92202,0.92235,2.70,1.37
2014.12.12 15:58:05.302,0.92198,0.92233,3.07,1.42
2014.12.12 15:58:05.454,0.92197,0.92233,2.70,1.80
2014.12.12 15:58:05.505,0.92195,0.92229,3.82,1.42
2014.12.12 15:58:05.656,0.92195,0.92229,3.45,1.42
2014.12.12 15:58:06.314,0.92195,0.92225,2.70,1.00
2014.12.12 15:58:06.848,0.92195,0.92228,2.70,1.67
2014.12.12 15:58:07.151,0.92194,0.92226,2.32,1.80
2014.12.12 15:58:07.201,0.92192,0.92226,1.27,1.87
2014.12.12 15:58:07.352,0.9219,0.9222,1.90,1.30
2014.12.12 15:58:07.504,0.92201,0.9223,1.82,1.00
2014.12.12 15:58:07.656,0.92201,0.9223,2.62,1.00
2014.12.12 15:58:07.911,0.92202,0.92235,3.07,1.00
2014.12.12 15:58:08.595,0.92203,0.92235,1.82,1.00
2014.12.12 15:58:12.009,0.92203,0.92235,1.82,1.37
2014.12.12 15:58:12.160,0.92206,0.92235,1.30,3.45
2014.12.12 15:58:12.211,0.92199,0.92235,1.17,3.82
2014.12.12 15:58:12.262,0.92198,0.92235,1.82,6.00
2014.12.12 15:58:12.312,0.92197,0.92234,1.45,2.20
2014.12.12 15:58:12.463,0.92195,0.92224,1.10,1.37
2014.12.12 15:58:12.514,0.92195,0.9222,1.00,1.30
2014.12.12 15:58:12.615,0.92192,0.92226,1.45,1.10
2014.12.12 15:58:12.718,0.92195,0.92228,2.32,1.67
2014.12.12 15:58:12.769,0.92195,0.92228,2.32,1.30
2014.12.12 15:58:12.870,0.92198,0.92232,1.45,1.52
2014.12.12 15:58:12.971,0.92209,0.92232,1.30,1.45
2014.12.12 15:58:13.122,0.92211,0.92235,1.30,1.17
2014.12.12 15:58:13.173,0.92213,0.92235,1.30,1.17
2014.12.12 15:58:13.374,0.92215,0.92238,1.30,1.00
2014.12.12 15:58:13.425,0.92215,0.92234,1.37,1.00
2014.12.12 15:58:13.526,0.92222,0.92246,1.30,2.32
2014.12.12 15:58:13.728,0.92216,0.92246,1.12,1.10
2014.12.12 15:58:13.929,0.92216,0.92248,1.45,1.15
2014.12.12 15:58:14.433,0.92218,0.92245,1.37,1.17
2014.12.12 15:58:14.483,0.92217,0.92245,1.05,1.15
2014.12.12 15:58:15.344,0.92214,0.92245,3.30,1.45
2014.12.12 15:58:15.741,0.92212,0.9224,2.32,1.00
2014.12.12 15:58:15.792,0.92209,0.9224,1.82,1.55
2014.12.12 15:58:16.044,0.92208,0.9224,3.67,1.52
2014.12.12 15:58:16.094,0.92208,0.92235,1.50,1.10
2014.12.12 15:58:16.598,0.92205,0.92235,2.70,1.47
2014.12.12 15:58:16.699,0.92204,0.92237,1.65,2.70
2014.12.12 15:58:16.951,0.92205,0.92235,2.25,1.15
2014.12.12 15:58:17.052,0.92206,0.92235,1.82,1.07
2014.12.12 15:58:17.103,0.92206,0.92235,1.82,1.10
2014.12.12 15:58:17.305,0.92209,0.9224,1.45,2.02
2014.12.12 15:58:17.657,0.92208,0.92235,1.50,1.00
2014.12.12 15:58:17.708,0.92207,0.92235,1.82,1.10
2014.12.12 15:58:18.420,0.92205,0.92235,1.82,1.47
2014.12.12 15:58:18.521,0.92205,0.92235,1.82,1.45
2014.12.12 15:58:18.571,0.92203,0.92235,1.82,1.52
2014.12.12 15:58:18.899,0.92201,0.92234,1.65,2.70
2014.12.12 15:58:18.950,0.92201,0.92234,1.27,4.87
2014.12.12 15:58:19.051,0.92199,0.92234,1.82,6.60
2014.12.12 15:58:19.353,0.92206,0.92235,1.45,1.37
2014.12.12 15:58:19.605,0.92201,0.92234,2.92,1.15
2014.12.12 15:58:19.656,0.92205,0.92234,1.30,3.07
2014.12.12 15:58:19.757,0.92205,0.92235,1.12,1.15
2014.12.12 15:58:19.932,0.92205,0.92235,1.12,1.17
2014.12.12 15:58:19.982,0.92205,0.92235,1.45,1.10
2014.12.12 15:58:20.610,0.92204,0.9223,3.30,1.00
2014.12.12 15:58:20.762,0.92203,0.9223,1.82,1.00
2014.12.12 15:58:21.438,0.92205,0.9223,1.50,1.00
2014.12.12 15:58:21.594,0.92205,0.92235,1.50,1.15
2014.12.12 15:58:21.947,0.92201,0.92234,2.10,2.70
2014.12.12 15:58:22.249,0.92197,0.9223,1.82,3.45
2014.12.12 15:58:22.576,0.92197,0.9223,1.87,3.07
2014.12.12 15:58:23.095,0.92198,0.9223,1.82,3.45
2014.12.12 15:58:23.389,0.92197,0.9223,5.85,1.52
2014.12.12 15:58:24.227,0.92197,0.92231,5.85,1.52
2014.12.12 15:58:25.143,0.92201,0.92225,1.45,1.00
2014.12.12 15:58:25.344,0.92202,0.9223,1.12,1.15
2014.12.12 15:58:26.072,0.92201,0.9223,1.37,1.15
2014.12.12 15:58:26.173,0.92199,0.9223,1.50,2.02
2014.12.12 15:58:26.223,0.92199,0.9222,1.50,1.00
2014.12.12 15:58:26.324,0.92199,0.92225,1.50,1.00
2014.12.12 15:58:26.839,0.92201,0.92231,1.30,3.45
2014.12.12 15:58:27.192,0.92197,0.92227,1.12,1.52
2014.12.12 15:58:27.394,0.92193,0.92223,1.05,2.70
2014.12.12 15:58:27.596,0.92187,0.9222,3.67,3.45
2014.12.12 15:58:27.697,0.92186,0.92215,1.45,1.17
2014.12.12 15:58:28.201,0.92183,0.92216,2.32,3.07
2014.12.12 15:58:28.302,0.92182,0.92215,1.45,2.32
2014.12.12 15:58:29.303,0.92179,0.9221,3.67,1.55
2014.12.12 15:58:29.404,0.92178,0.92211,1.82,1.52
2014.12.12 15:58:29.909,0.9218,0.92212,1.82,2.32
2014.12.12 15:58:29.960,0.9218,0.92215,1.82,3.45
2014.12.12 15:58:30.526,0.92179,0.92215,3.07,3.45
2014.12.12 15:58:31.135,0.9218,0.92215,1.82,3.45
2014.12.12 15:58:31.439,0.92179,0.9221,2.70,1.47
2014.12.12 15:58:31.692,0.92176,0.9221,2.70,1.52
2014.12.12 15:58:32.235,0.92176,0.92203,2.32,1.67
2014.12.12 15:58:32.336,0.92171,0.92198,2.32,1.67
2014.12.12 15:58:32.437,0.92167,0.92198,2.70,1.05
2014.12.12 15:58:33.109,0.92167,0.92202,2.70,1.87
2014.12.12 15:58:33.210,0.92167,0.92203,4.05,2.32
2014.12.12 15:58:33.311,0.9217,0.92205,3.07,1.52
2014.12.12 15:58:33.412,0.92173,0.92205,2.70,1.52
2014.12.12 15:58:33.715,0.92175,0.92205,2.70,1.00
2014.12.12 15:58:34.169,0.92174,0.92208,2.70,2.70
2014.12.12 15:58:34.219,0.92172,0.92208,3.67,3.07
2014.12.12 15:58:34.370,0.92172,0.92205,1.50,3.45
2014.12.12 15:58:34.829,0.92178,0.9221,2.32,1.87
2014.12.12 15:58:34.879,0.92177,0.9221,2.32,4.05
2014.12.12 15:58:34.930,0.92175,0.9221,2.32,4.05
2014.12.12 15:58:35.585,0.92174,0.92207,2.32,2.32
2014.12.12 15:58:35.636,0.92172,0.92207,2.32,2.32
2014.12.12 15:58:36.089,0.92175,0.92209,2.32,2.32
2014.12.12 15:58:36.140,0.92175,0.92211,3.30,2.70
2014.12.12 15:58:36.190,0.92175,0.92208,1.45,2.32
2014.12.12 15:58:36.241,0.92174,0.92208,1.45,2.32
2014.12.12 15:58:36.745,0.92172,0.92211,1.45,1.50
2014.12.12 15:58:37.098,0.92172,0.92208,1.45,2.32
2014.12.12 15:58:37.149,0.92172,0.92208,1.50,3.07
2014.12.12 15:58:37.200,0.92172,0.92203,1.42,2.62
2014.12.12 15:58:37.453,0.92168,0.92205,1.87,2.25
2014.12.12 15:58:37.554,0.92167,0.92205,1.82,1.52
2014.12.12 15:58:38.160,0.92166,0.92205,5.85,2.62
2014.12.12 15:58:38.210,0.92165,0.92199,1.52,1.50
2014.12.12 15:58:38.261,0.92165,0.92199,1.52,1.50
2014.12.12 15:58:38.806,0.92162,0.92201,2.70,4.05
2014.12.12 15:58:40.659,0.92162,0.92199,2.70,1.87
2014.12.12 15:58:40.760,0.92157,0.92198,5.17,1.82
2014.12.12 15:58:40.811,0.92159,0.92198,1.52,1.82
2014.12.12 15:58:41.165,0.9216,0.92196,1.15,1.50
2014.12.12 15:58:41.418,0.9216,0.92192,1.00,1.45
2014.12.12 15:58:41.929,0.92155,0.92192,1.15,1.45
2014.12.12 15:58:42.279,0.9216,0.92198,1.87,2.20
2014.12.12 15:58:42.783,0.92161,0.92198,1.82,1.87
2014.12.12 15:58:43.369,0.92159,0.92197,5.17,1.82
2014.12.12 15:58:43.900,0.9216,0.92198,1.82,1.87
2014.12.12 15:58:44.206,0.92159,0.92195,1.87,3.82
2014.12.12 15:58:44.257,0.9216,0.92191,1.10,1.75
2014.12.12 15:58:44.784,0.92156,0.92188,1.12,1.67
2014.12.12 15:58:44.875,0.92156,0.92188,1.45,1.67
2014.12.12 15:58:44.926,0.92156,0.92188,1.05,1.82
2014.12.12 15:58:45.078,0.92155,0.92186,1.55,1.05
2014.12.12 15:58:45.380,0.92151,0.92188,3.67,1.82
2014.12.12 15:58:46.534,0.92152,0.92189,1.82,1.82
2014.12.12 15:58:46.864,0.92159,0.9219,1.05,2.17
2014.12.12 15:58:46.914,0.9216,0.9219,2.77,1.10
2014.12.12 15:58:47.015,0.92161,0.9219,1.95,1.10
2014.12.12 15:58:47.116,0.92164,0.92197,1.20,2.20
2014.12.12 15:58:47.167,0.92161,0.92195,2.02,2.70
2014.12.12 15:58:47.217,0.92161,0.92194,1.57,3.07
2014.12.12 15:58:47.419,0.92155,0.92194,2.62,4.05
2014.12.12 15:58:47.621,0.92155,0.92192,2.25,1.82
2014.12.12 15:58:48.428,0.92155,0.92191,1.52,1.87
2014.12.12 15:58:48.957,0.92155,0.9219,1.52,1.50
2014.12.12 15:58:49.455,0.9216,0.92193,1.37,1.82
2014.12.12 15:58:49.757,0.9216,0.92191,1.12,4.87
2014.12.12 15:58:50.267,0.9216,0.92193,1.47,1.82
2014.12.12 15:58:50.780,0.92158,0.92191,1.12,1.50
2014.12.12 15:58:51.038,0.9216,0.9219,1.00,1.82
2014.12.12 15:58:51.563,0.9216,0.92191,1.37,2.70
2014.12.12 15:58:51.765,0.9216,0.92192,1.47,1.82
2014.12.12 15:58:52.184,0.9216,0.92189,1.10,1.67
2014.12.12 15:58:52.487,0.92155,0.92179,1.00,1.30
2014.12.12 15:58:52.538,0.9215,0.92179,1.27,1.30
2014.12.12 15:58:52.645,0.9215,0.92179,1.12,1.45
2014.12.12 15:58:54.205,0.9215,0.92176,1.00,1.42
2014.12.12 15:58:54.508,0.92145,0.92176,1.72,3.30
2014.12.12 15:58:55.034,0.92145,0.92176,1.00,2.70
2014.12.12 15:58:55.085,0.92145,0.92176,1.10,1.50
2014.12.12 15:58:56.275,0.92146,0.92183,1.45,2.40
2014.12.12 15:58:56.376,0.92145,0.92179,1.52,1.50
2014.12.12 15:58:56.477,0.9215,0.9218,1.00,1.82
2014.12.12 15:58:56.578,0.92145,0.9218,1.52,1.82
2014.12.12 15:58:56.889,0.92145,0.92178,1.00,3.07
2014.12.12 15:58:57.393,0.92144,0.92173,1.00,1.05
2014.12.12 15:58:58.163,0.92144,0.92172,1.00,1.30
2014.12.12 15:58:58.678,0.92145,0.92174,1.00,1.12
2014.12.12 15:58:59.896,0.92145,0.92172,1.00,1.30
2014.12.12 15:59:00.356,0.92145,0.9217,1.00,1.30
2014.12.12 15:59:01.116,0.92145,0.92173,1.00,1.05
2014.12.12 15:59:01.514,0.9215,0.92173,1.00,1.42
2014.12.12 15:59:01.615,0.92145,0.92172,1.00,1.82
2014.12.12 15:59:01.767,0.92135,0.92168,1.42,1.12
2014.12.12 15:59:01.868,0.9214,0.92167,1.00,1.37
2014.12.12 15:59:02.190,0.92145,0.92171,1.00,3.67
2014.12.12 15:59:02.291,0.9214,0.9217,1.00,1.15
2014.12.12 15:59:02.392,0.92145,0.92171,1.00,1.05
2014.12.12 15:59:02.972,0.92145,0.92175,1.17,1.37
2014.12.12 15:59:03.073,0.92149,0.92177,1.00,1.50
2014.12.12 15:59:03.123,0.92149,0.92177,1.00,1.12
2014.12.12 15:59:03.174,0.92144,0.92179,1.15,1.45
2014.12.12 15:59:03.275,0.9215,0.92179,1.00,1.45
2014.12.12 15:59:03.376,0.92145,0.9218,1.17,1.65
2014.12.12 15:59:04.065,0.9215,0.92181,1.00,3.30
2014.12.12 15:59:04.116,0.9215,0.92181,1.10,1.45
2014.12.12 15:59:04.583,0.9215,0.92181,1.10,1.82
2014.12.12 15:59:05.386,0.9215,0.9218,1.10,1.50
2014.12.12 15:59:05.859,0.9215,0.92176,1.10,1.72
2014.12.12 15:59:05.910,0.92145,0.92176,1.20,1.72
2014.12.12 15:59:06.162,0.9214,0.92173,3.00,1.50
2014.12.12 15:59:06.364,0.92145,0.92173,1.00,1.50
2014.12.12 15:59:06.575,0.9214,0.92173,1.15,1.50
2014.12.12 15:59:06.777,0.9214,0.92168,1.00,1.80
2014.12.12 15:59:06.828,0.92137,0.92164,1.17,1.67
2014.12.12 15:59:06.879,0.92137,0.92164,1.00,3.67
2014.12.12 15:59:06.940,0.9213,0.92164,1.95,3.67
2014.12.12 15:59:06.991,0.9213,0.92165,1.15,1.15
2014.12.12 15:59:07.041,0.92135,0.92166,1.00,1.87
2014.12.12 15:59:07.344,0.92145,0.92172,1.00,1.45
2014.12.12 15:59:07.596,0.92139,0.92173,1.00,3.30
2014.12.12 15:59:08.963,0.92139,0.92172,1.37,1.45
2014.12.12 15:59:09.014,0.9214,0.92176,1.27,2.62
2014.12.12 15:59:09.217,0.92139,0.92174,1.20,2.70
2014.12.12 15:59:09.772,0.9214,0.92174,1.00,4.20
2014.12.12 15:59:10.281,0.92135,0.92172,1.87,1.45
2014.12.12 15:59:10.382,0.92138,0.92173,2.32,1.12
2014.12.12 15:59:10.433,0.92138,0.92173,2.32,1.05
2014.12.12 15:59:10.965,0.92138,0.92172,2.32,1.30
2014.12.12 15:59:11.233,0.92138,0.92171,2.32,1.67
2014.12.12 15:59:11.335,0.92135,0.92171,1.15,2.25
2014.12.12 15:59:12.070,0.9214,0.92169,1.00,1.50
2014.12.12 15:59:12.578,0.9214,0.92167,1.00,1.67
2014.12.12 15:59:12.729,0.92135,0.92169,1.10,4.05
2014.12.12 15:59:12.881,0.9214,0.92168,1.00,1.82
2014.12.12 15:59:13.187,0.92145,0.92169,1.00,2.32
2014.12.12 15:59:13.390,0.9214,0.92169,1.00,2.32
2014.12.12 15:59:13.845,0.92145,0.92169,1.00,2.32
2014.12.12 15:59:13.946,0.92139,0.92169,1.00,2.32
2014.12.12 15:59:14.456,0.9214,0.92169,1.00,2.32
2014.12.12 15:59:14.708,0.92135,0.92166,1.00,2.32
2014.12.12 15:59:14.980,0.9214,0.92166,1.00,2.32
2014.12.12 15:59:15.395,0.9214,0.92167,1.00,2.25
2014.12.12 15:59:15.496,0.92135,0.92165,1.10,1.50
2014.12.12 15:59:15.597,0.92135,0.92165,1.10,1.50
2014.12.12 15:59:15.935,0.92135,0.92163,1.00,1.52
2014.12.12 15:59:16.237,0.9214,0.92165,1.00,2.70
2014.12.12 15:59:16.338,0.9214,0.92168,1.00,1.52
2014.12.12 15:59:16.389,0.92135,0.92168,1.00,2.25
2014.12.12 15:59:16.439,0.92135,0.92168,1.00,2.20
2014.12.12 15:59:16.944,0.92135,0.92165,1.00,2.32
2014.12.12 15:59:17.549,0.92135,0.92168,1.00,2.32
2014.12.12 15:59:17.852,0.92134,0.92165,1.10,2.32
2014.12.12 15:59:18.155,0.9213,0.9216,1.00,2.70
2014.12.12 15:59:18.205,0.9213,0.92165,1.00,6.97
2014.12.12 15:59:18.357,0.92135,0.92165,1.30,3.07
2014.12.12 15:59:18.407,0.92135,0.92167,1.30,2.32
2014.12.12 15:59:18.508,0.92133,0.92167,1.05,2.32
2014.12.12 15:59:18.559,0.92135,0.92167,1.00,2.32
2014.12.12 15:59:18.815,0.92131,0.92165,1.45,1.15
2014.12.12 15:59:18.866,0.92131,0.92165,1.37,2.32
2014.12.12 15:59:18.916,0.9213,0.92164,1.30,3.07
2014.12.12 15:59:18.967,0.9213,0.92161,1.30,2.32
2014.12.12 15:59:19.270,0.92129,0.92155,1.00,2.32
2014.12.12 15:59:19.472,0.92127,0.92155,1.30,2.32
2014.12.12 15:59:19.573,0.92125,0.92155,1.00,2.32
2014.12.12 15:59:20.030,0.92125,0.9216,1.00,2.32
2014.12.12 15:59:20.130,0.9213,0.9216,1.00,2.32
2014.12.12 15:59:20.231,0.9213,0.92162,1.72,2.70
2014.12.12 15:59:20.282,0.9213,0.92162,1.80,2.25
2014.12.12 15:59:20.333,0.92135,0.92165,1.00,1.15
2014.12.12 15:59:20.383,0.92135,0.92163,1.00,1.45
2014.12.12 15:59:20.635,0.9213,0.92162,1.00,3.30
2014.12.12 15:59:20.787,0.92125,0.92161,1.50,1.45
2014.12.12 15:59:21.110,0.92125,0.92158,1.07,3.30
2014.12.12 15:59:21.160,0.92125,0.92157,1.00,2.32
2014.12.12 15:59:21.312,0.9212,0.92157,1.15,2.32
2014.12.12 15:59:21.564,0.92125,0.92157,1.00,3.30
2014.12.12 15:59:21.665,0.9212,0.92153,1.00,2.32
2014.12.12 15:59:21.716,0.9212,0.92153,1.07,2.32
2014.12.12 15:59:21.766,0.92125,0.92157,1.00,4.05
2014.12.12 15:59:21.867,0.92129,0.92157,1.00,3.30
2014.12.12 15:59:22.031,0.9213,0.9216,1.00,1.45
2014.12.12 15:59:22.132,0.92125,0.92161,1.17,2.32
2014.12.12 15:59:22.233,0.9213,0.92161,1.10,1.45
2014.12.12 15:59:22.536,0.92124,0.92157,1.27,1.12
2014.12.12 15:59:22.687,0.92125,0.92154,1.17,1.30
2014.12.12 15:59:22.989,0.92125,0.92157,1.17,1.12
2014.12.12 15:59:23.493,0.92121,0.92155,2.32,1.30
2014.12.12 15:59:23.946,0.92125,0.92156,1.00,1.45
2014.12.12 15:59:24.250,0.92125,0.92155,1.15,1.30
2014.12.12 15:59:24.767,0.92125,0.92156,1.15,1.05
2014.12.12 15:59:25.076,0.92126,0.92159,1.12,1.45
2014.12.12 15:59:25.743,0.92126,0.92159,1.12,1.45
2014.12.12 15:59:26.046,0.92124,0.92161,3.37,3.67
2014.12.12 15:59:26.248,0.92125,0.92161,1.90,3.30
2014.12.12 15:59:26.349,0.9213,0.92165,1.80,2.32
2014.12.12 15:59:26.450,0.9213,0.92168,4.05,1.45
2014.12.12 15:59:28.547,0.92135,0.92167,1.52,1.30
2014.12.12 15:59:29.033,0.9214,0.92166,1.00,1.30
2014.12.12 15:59:29.170,0.92135,0.92166,1.87,1.30
2014.12.12 15:59:29.373,0.9214,0.92171,1.00,1.87
2014.12.12 15:59:29.694,0.9214,0.92168,1.00,1.82
2014.12.12 15:59:29.745,0.9214,0.92168,1.00,1.42
2014.12.12 15:59:29.796,0.9214,0.92165,1.00,1.30
2014.12.12 15:59:29.897,0.92135,0.92165,1.75,1.30
2014.12.12 15:59:30.049,0.92135,0.92164,1.70,1.05
2014.12.12 15:59:30.149,0.9214,0.92164,1.00,1.05
2014.12.12 15:59:30.752,0.9214,0.92166,1.00,3.30
2014.12.12 15:59:30.903,0.92135,0.92164,1.00,1.45
2014.12.12 15:59:31.005,0.9214,0.92166,1.00,2.32
2014.12.12 15:59:31.055,0.9214,0.9217,1.00,3.30
2014.12.12 15:59:31.106,0.92136,0.9217,1.00,3.30
2014.12.12 15:59:31.156,0.92136,0.92169,1.15,1.30
2014.12.12 15:59:31.459,0.92145,0.92172,1.00,1.45
2014.12.12 15:59:31.682,0.9214,0.9217,1.10,1.05
2014.12.12 15:59:31.733,0.9214,0.9217,1.10,1.12
2014.12.12 15:59:31.784,0.92135,0.92171,1.17,3.30
2014.12.12 15:59:31.835,0.92135,0.92171,1.15,3.30
2014.12.12 15:59:31.886,0.92135,0.92171,2.32,1.12
2014.12.12 15:59:31.937,0.92135,0.92171,2.32,1.45
2014.12.12 15:59:31.988,0.92135,0.92171,1.17,3.30
2014.12.12 15:59:32.240,0.92135,0.92168,1.07,2.32
2014.12.12 15:59:32.391,0.92139,0.92171,1.00,1.45
2014.12.12 15:59:32.915,0.92135,0.92169,1.07,2.32
2014.12.12 15:59:32.966,0.92133,0.92169,1.07,2.32
2014.12.12 15:59:33.218,0.92135,0.92164,1.00,2.25
2014.12.12 15:59:33.319,0.9213,0.92164,1.10,3.30
2014.12.12 15:59:33.643,0.9213,0.92161,1.00,2.32
2014.12.12 15:59:33.946,0.9213,0.92157,1.00,4.50
2014.12.12 15:59:34.098,0.92121,0.92155,1.50,1.15
2014.12.12 15:59:34.249,0.92119,0.92157,3.07,2.70
2014.12.12 15:59:34.350,0.92125,0.92158,1.10,1.45
2014.12.12 15:59:34.451,0.92125,0.92159,1.17,2.32
2014.12.12 15:59:34.552,0.92124,0.9216,2.32,1.15
2014.12.12 15:59:34.653,0.92125,0.9216,1.80,2.32
2014.12.12 15:59:35.056,0.92123,0.92155,2.25,2.32
2014.12.12 15:59:35.157,0.92125,0.92153,1.00,2.32
2014.12.12 15:59:35.208,0.9212,0.92151,1.15,1.15
2014.12.12 15:59:35.373,0.9212,0.92153,3.07,2.32
2014.12.12 15:59:35.423,0.92125,0.92156,1.17,2.32
2014.12.12 15:59:35.524,0.92125,0.92157,1.17,2.32
2014.12.12 15:59:35.599,0.92125,0.92159,1.15,2.32
2014.12.12 15:59:36.357,0.92127,0.9216,2.32,1.45
2014.12.12 15:59:36.458,0.92122,0.92155,2.32,1.15
2014.12.12 15:59:36.559,0.9212,0.92153,1.15,2.32
2014.12.12 15:59:36.970,0.9212,0.92152,1.00,4.50
2014.12.12 15:59:37.328,0.9212,0.92148,1.00,2.32
2014.12.12 15:59:37.480,0.92115,0.92148,1.15,3.30
2014.12.12 15:59:37.530,0.92115,0.92145,1.07,2.32
2014.12.12 15:59:37.833,0.92115,0.92143,1.10,2.32
2014.12.12 15:59:37.884,0.92115,0.92146,1.10,3.30
2014.12.12 15:59:38.035,0.9212,0.92146,1.00,4.05
2014.12.12 15:59:38.136,0.92115,0.92146,1.10,4.05
2014.12.12 15:59:38.237,0.92115,0.92143,1.00,2.32
2014.12.12 15:59:38.489,0.9211,0.92142,1.15,1.15
2014.12.12 15:59:38.540,0.9211,0.92141,1.07,2.32
2014.12.12 15:59:39.064,0.9211,0.92136,1.00,2.32
2014.12.12 15:59:39.416,0.9211,0.92139,1.00,2.32
2014.12.12 15:59:39.467,0.92105,0.92139,1.15,2.32
2014.12.12 15:59:39.669,0.92105,0.92136,1.07,2.32
2014.12.12 15:59:39.720,0.921,0.92135,2.62,1.15
2014.12.12 15:59:39.972,0.921,0.92132,1.27,2.32
2014.12.12 15:59:40.275,0.92099,0.9213,1.27,2.32
2014.12.12 15:59:40.326,0.92099,0.9213,1.10,2.32
2014.12.12 15:59:41.138,0.921,0.92128,1.00,1.82
2014.12.12 15:59:41.324,0.921,0.92128,1.00,2.70
2014.12.12 15:59:41.476,0.921,0.92129,1.10,1.45
2014.12.12 15:59:41.728,0.92099,0.92128,1.07,2.32
2014.12.12 15:59:41.980,0.92099,0.92129,1.17,1.45
2014.12.12 15:59:42.132,0.921,0.92129,1.10,3.30
2014.12.12 15:59:42.233,0.92095,0.92128,1.15,3.07
2014.12.12 15:59:42.334,0.921,0.92128,1.00,2.32
2014.12.12 15:59:42.435,0.92095,0.92125,1.15,1.65
2014.12.12 15:59:42.940,0.92095,0.92125,1.07,1.65
2014.12.12 15:59:42.990,0.92095,0.92125,1.00,3.82
2014.12.12 15:59:43.192,0.92095,0.92123,1.00,2.32
2014.12.12 15:59:43.343,0.92091,0.92122,1.12,3.07
2014.12.12 15:59:43.394,0.92091,0.92122,1.45,1.15
2014.12.12 15:59:43.445,0.921,0.92124,1.00,2.32
2014.12.12 15:59:43.545,0.921,0.92126,1.00,1.15
2014.12.12 15:59:43.646,0.92105,0.92131,1.00,1.50
2014.12.12 15:59:43.747,0.921,0.92129,1.00,2.32
2014.12.12 15:59:43.848,0.921,0.92132,1.17,2.32
2014.12.12 15:59:44.204,0.92105,0.92132,1.00,2.32
2014.12.12 15:59:44.254,0.92105,0.92135,1.10,3.07
2014.12.12 15:59:44.930,0.921,0.92134,3.07,2.32
2014.12.12 15:59:45.081,0.92099,0.92133,1.15,2.32
2014.12.12 15:59:45.285,0.92095,0.92125,1.15,1.10
2014.12.12 15:59:45.588,0.92092,0.92125,2.32,1.15
2014.12.12 15:59:45.803,0.92094,0.9213,3.07,4.05
2014.12.12 15:59:45.955,0.921,0.9213,1.07,1.45
2014.12.12 15:59:46.468,0.921,0.9213,1.15,1.45
2014.12.12 15:59:47.623,0.921,0.92132,1.15,1.87
2014.12.12 15:59:48.128,0.92097,0.9213,2.70,1.52
2014.12.12 15:59:48.506,0.921,0.92134,3.45,1.82
2014.12.12 15:59:48.809,0.92097,0.9213,2.70,1.52
2014.12.12 15:59:49.480,0.921,0.92129,1.07,3.67
2014.12.12 15:59:49.582,0.92096,0.92124,1.52,1.05
2014.12.12 15:59:50.089,0.921,0.92127,1.07,1.12
2014.12.12 15:59:50.139,0.921,0.92127,1.15,1.05
2014.12.12 15:59:50.694,0.92096,0.92129,2.70,1.82
2014.12.12 15:59:50.744,0.92094,0.92128,2.70,1.50
2014.12.12 15:59:51.200,0.92096,0.92128,3.07,1.37
2014.12.12 15:59:51.251,0.92096,0.92128,5.25,1.30
2014.12.12 15:59:51.301,0.92096,0.9213,2.70,2.70
2014.12.12 15:59:51.503,0.92094,0.92128,1.15,2.32
2014.12.12 15:59:51.604,0.92095,0.92131,2.32,3.30
2014.12.12 15:59:51.934,0.92101,0.9213,2.32,1.00
2014.12.12 15:59:52.035,0.92101,0.92135,2.32,1.27
2014.12.12 15:59:52.407,0.92102,0.92134,1.15,2.32
2014.12.12 15:59:52.659,0.92096,0.92123,1.35,1.80
2014.12.12 15:59:52.709,0.92095,0.92117,1.00,2.32
2014.12.12 15:59:52.810,0.9209,0.92117,1.00,2.32
2014.12.12 15:59:52.911,0.92089,0.9212,1.00,1.87
2014.12.12 15:59:53.113,0.92095,0.92121,1.00,3.07
2014.12.12 15:59:53.214,0.92095,0.92123,1.00,1.45
2014.12.12 15:59:53.416,0.92095,0.92128,1.10,1.45
2014.12.12 15:59:53.567,0.921,0.92128,1.00,1.45
2014.12.12 15:59:53.688,0.92095,0.92128,1.10,1.45
2014.12.12 15:59:54.016,0.92095,0.92125,1.00,1.45
2014.12.12 15:59:54.118,0.9209,0.92125,1.27,1.87
2014.12.12 15:59:54.326,0.92091,0.92125,1.45,1.10
2014.12.12 15:59:54.811,0.92092,0.92125,1.82,1.47
2014.12.12 15:59:54.912,0.92093,0.92125,1.35,1.52
2014.12.12 15:59:55.013,0.92095,0.92126,1.67,3.45
2014.12.12 15:59:55.114,0.92092,0.9212,1.42,1.00
2014.12.12 15:59:55.215,0.9209,0.92117,1.07,1.30
2014.12.12 15:59:55.316,0.92089,0.92117,1.00,1.30
2014.12.12 15:59:55.518,0.9209,0.92121,1.15,1.30
2014.12.12 15:59:55.669,0.92094,0.92126,1.00,1.15
2014.12.12 15:59:55.820,0.92094,0.92127,1.15,1.65
2014.12.12 15:59:55.972,0.92099,0.9213,1.00,2.70
2014.12.12 15:59:56.431,0.92095,0.92125,1.17,1.10
2014.12.12 15:59:56.734,0.92095,0.92125,1.00,1.15
2014.12.12 15:59:56.785,0.92091,0.9212,1.05,1.00
2014.12.12 15:59:57.115,0.92095,0.92125,1.00,1.15
2014.12.12 15:59:57.380,0.92087,0.92119,1.50,1.30
2014.12.12 15:59:57.431,0.92087,0.92119,1.35,1.45
2014.12.12 15:59:57.582,0.9208,0.92114,1.20,3.30
2014.12.12 15:59:57.784,0.92085,0.92114,1.00,2.32
2014.12.12 15:59:57.835,0.92085,0.92118,1.00,1.45
2014.12.12 15:59:57.936,0.92085,0.9212,1.87,1.15
2014.12.12 15:59:58.036,0.92088,0.92123,2.32,1.10
2014.12.12 15:59:58.339,0.92089,0.92122,1.00,1.87
2014.12.12 15:59:58.742,0.9209,0.92126,1.15,1.15
2014.12.12 15:59:59.045,0.92095,0.92127,1.00,2.32
2014.12.12 15:59:59.356,0.9209,0.92121,1.00,1.45
2014.12.12 15:59:59.744,0.92095,0.92122,1.00,2.32
2014.12.12 15:59:59.952,0.92095,0.92127,1.00,4.05
