2014.12.31 21:00:00.422,0.93407,0.93445,0.75,0.75
2014.12.31 21:00:00.758,0.93415,0.9345,0.75,0.75
2014.12.31 21:00:02.023,0.93415,0.93452,0.75,1.12
2014.12.31 21:00:02.573,0.93415,0.9345,0.75,0.75
2014.12.31 21:00:02.794,0.93415,0.93452,0.75,1.12
2014.12.31 21:00:02.945,0.93415,0.9345,0.75,0.75
2014.12.31 21:00:04.222,0.93415,0.93452,0.75,1.12
2014.12.31 21:00:06.699,0.93414,0.93454,0.75,0.75
2014.12.31 21:00:06.800,0.93419,0.93458,0.75,0.97
2014.12.31 21:00:07.102,0.93421,0.93458,0.75,0.60
2014.12.31 21:00:07.153,0.93421,0.93461,0.75,0.75
2014.12.31 21:00:07.654,0.93422,0.93462,0.75,0.75
2014.12.31 21:00:07.915,0.93424,0.93465,0.75,1.12
2014.12.31 21:00:09.257,0.93426,0.93465,0.75,1.50
2014.12.31 21:00:09.652,0.93423,0.93463,0.75,0.75
2014.12.31 21:00:10.223,0.93426,0.93465,0.75,1.50
2014.12.31 21:00:10.665,0.93428,0.93465,0.75,0.75
2014.12.31 21:00:10.766,0.93426,0.93465,0.75,1.12
2014.12.31 21:00:12.731,0.93425,0.93465,0.75,1.50
2014.12.31 21:00:14.627,0.93423,0.93462,0.75,0.75
2014.12.31 21:00:15.028,0.93423,0.93459,0.75,0.37
2014.12.31 21:00:15.180,0.93419,0.93459,0.75,1.12
2014.12.31 21:00:15.230,0.93419,0.93452,0.75,0.37
2014.12.31 21:00:15.281,0.93417,0.93452,0.75,0.37
2014.12.31 21:00:15.483,0.93412,0.93452,0.75,0.75
2014.12.31 21:00:15.634,0.93416,0.93452,0.75,0.37
2014.12.31 21:00:16.037,0.93414,0.93453,0.75,0.37
2014.12.31 21:00:16.289,0.93417,0.93453,0.75,0.37
2014.12.31 21:00:21.113,0.93413,0.93453,0.75,0.37
2014.12.31 21:00:21.214,0.9341,0.9345,0.75,0.75
2014.12.31 21:00:21.653,0.93413,0.93452,0.75,0.75
2014.12.31 21:00:21.959,0.93409,0.93444,0.75,0.37
2014.12.31 21:00:22.010,0.93407,0.93444,0.75,0.37
2014.12.31 21:00:26.592,0.93405,0.93444,0.75,1.12
2014.12.31 21:00:26.743,0.93403,0.93443,0.75,0.75
2014.12.31 21:00:26.964,0.93401,0.93443,0.75,0.75
2014.12.31 21:00:27.065,0.93399,0.93441,0.75,0.75
2014.12.31 21:00:28.481,0.93401,0.93443,0.75,0.75
2014.12.31 21:00:28.784,0.93403,0.93444,0.75,0.37
2014.12.31 21:00:29.141,0.93404,0.93446,0.75,0.75
2014.12.31 21:00:29.648,0.93403,0.93445,0.75,0.75
2014.12.31 21:00:29.890,0.93403,0.93447,0.75,0.75
2014.12.31 21:00:31.871,0.93404,0.93446,0.75,0.75
2014.12.31 21:00:36.313,0.93405,0.93447,0.75,1.12
2014.12.31 21:00:36.910,0.93406,0.93448,0.75,1.12
2014.12.31 21:00:37.621,0.93407,0.93448,0.75,0.37
2014.12.31 21:00:40.563,0.93407,0.93445,0.75,0.37
2014.12.31 21:00:40.873,0.93397,0.93434,0.75,0.37
2014.12.31 21:00:41.283,0.93395,0.93434,0.75,0.37
2014.12.31 21:00:41.384,0.93391,0.93433,0.75,0.75
2014.12.31 21:00:41.434,0.93393,0.93433,0.75,0.75
2014.12.31 21:00:41.737,0.93391,0.93422,0.75,0.37
2014.12.31 21:00:41.787,0.93388,0.93422,0.75,0.37
2014.12.31 21:00:41.888,0.93386,0.93422,0.75,0.37
2014.12.31 21:00:42.040,0.93383,0.93422,0.75,0.37
2014.12.31 21:00:42.451,0.93385,0.93422,0.75,0.37
2014.12.31 21:00:44.251,0.93385,0.93421,0.75,0.37
2014.12.31 21:00:47.616,0.93383,0.93421,0.75,0.37
2014.12.31 21:00:48.040,0.93385,0.93421,0.75,0.37
2014.12.31 21:00:48.816,0.93386,0.93421,0.75,0.37
2014.12.31 21:00:49.301,0.93387,0.93425,0.75,0.37
2014.12.31 21:00:49.488,0.93387,0.93427,0.75,0.37
2014.12.31 21:00:51.892,0.93385,0.93427,0.75,1.12
2014.12.31 21:00:52.479,0.93388,0.93427,0.75,0.37
2014.12.31 21:00:55.467,0.93388,0.9343,1.12,0.75
2014.12.31 21:00:55.669,0.93394,0.93435,0.75,0.37
2014.12.31 21:00:55.990,0.93397,0.93436,0.75,0.37
2014.12.31 21:00:58.818,0.93397,0.93439,0.75,0.75
2014.12.31 21:00:58.919,0.93397,0.93436,0.75,0.37
2014.12.31 21:00:58.970,0.93395,0.93436,0.75,0.37
2014.12.31 21:00:59.480,0.93397,0.93436,0.75,0.37
2014.12.31 21:01:01.850,0.93394,0.93434,0.75,0.37
2014.12.31 21:01:04.003,0.93394,0.93435,0.75,0.37
2014.12.31 21:01:05.302,0.93394,0.93436,0.75,0.75
2014.12.31 21:01:05.453,0.93395,0.93438,0.75,0.37
2014.12.31 21:01:06.088,0.93395,0.93439,0.75,0.75
2014.12.31 21:01:06.211,0.93397,0.93439,0.75,0.75
2014.12.31 21:01:11.473,0.93396,0.93437,0.75,0.75
2014.12.31 21:01:38.841,0.93396,0.93435,0.75,0.37
2014.12.31 21:01:39.370,0.93395,0.93435,0.75,0.37
2014.12.31 21:01:55.468,0.93395,0.93436,0.75,0.75
2014.12.31 21:01:55.771,0.93399,0.93438,1.12,0.37
2014.12.31 21:01:55.872,0.934,0.93441,0.75,1.12
2014.12.31 21:01:56.485,0.93401,0.93441,0.75,0.37
2014.12.31 21:01:57.318,0.93401,0.93443,0.75,0.75
2014.12.31 21:01:57.470,0.93405,0.93447,0.75,0.75
2014.12.31 21:02:00.711,0.93405,0.93446,0.75,0.37
2014.12.31 21:02:03.630,0.93406,0.93446,0.75,0.37
2014.12.31 21:02:19.829,0.93406,0.93447,0.75,0.75
2014.12.31 21:02:23.454,0.9341,0.93451,0.75,0.37
2014.12.31 21:02:23.555,0.93408,0.9345,0.75,0.75
2014.12.31 21:02:23.656,0.93406,0.93448,0.75,0.75
2014.12.31 21:02:30.888,0.93406,0.93447,0.75,0.75
2014.12.31 21:03:19.073,0.93404,0.93446,0.75,0.75
2014.12.31 21:03:19.537,0.93406,0.93448,0.75,0.75
2014.12.31 21:03:21.310,0.93405,0.93447,0.75,0.75
2014.12.31 21:04:21.297,0.934,0.93454,1.37,1.67
2014.12.31 21:04:24.494,0.934,0.93454,1.37,1.72
2014.12.31 21:04:43.167,0.93397,0.93455,1.75,1.67
2014.12.31 21:04:43.217,0.93406,0.93448,1.00,1.00
2014.12.31 21:04:43.520,0.93413,0.93455,1.37,1.12
2014.12.31 21:04:43.571,0.93415,0.93458,1.00,1.00
2014.12.31 21:04:43.672,0.93416,0.9346,1.00,1.12
2014.12.31 21:04:43.876,0.93415,0.93458,1.00,1.00
2014.12.31 21:04:45.567,0.93416,0.9346,1.00,1.37
2014.12.31 21:04:50.333,0.93416,0.9346,1.00,1.37
2014.12.31 21:04:51.067,0.93417,0.93459,1.00,1.37
2014.12.31 21:04:52.386,0.93416,0.93458,1.00,1.12
2014.12.31 21:04:56.434,0.93415,0.93457,1.00,1.00
2014.12.31 21:04:57.850,0.93417,0.93459,1.00,1.37
2014.12.31 21:05:01.750,0.93417,0.93459,1.00,1.00
2014.12.31 21:05:02.056,0.93421,0.93462,1.50,1.30
2014.12.31 21:05:02.158,0.93423,0.93462,1.12,1.30
2014.12.31 21:05:02.209,0.93423,0.93465,1.12,1.00
2014.12.31 21:05:02.259,0.93425,0.93467,1.00,1.00
2014.12.31 21:05:02.797,0.93426,0.93468,1.00,1.00
2014.12.31 21:05:09.542,0.93425,0.93467,1.00,1.00
2014.12.31 21:05:25.786,0.93426,0.93468,1.00,1.12
2014.12.31 21:05:26.469,0.93427,0.93468,1.00,1.12
2014.12.31 21:05:33.417,0.93425,0.93467,1.00,1.00
2014.12.31 21:05:33.926,0.93424,0.93466,1.00,1.00
2014.12.31 21:05:46.246,0.93426,0.93468,1.00,1.12
2014.12.31 21:05:58.751,0.93426,0.93468,1.00,1.37
2014.12.31 21:05:59.362,0.93426,0.93468,1.00,1.37
2014.12.31 21:06:32.055,0.93426,0.93468,1.00,1.50
2014.12.31 21:06:32.325,0.93423,0.93465,1.00,1.37
2014.12.31 21:06:32.502,0.93423,0.93465,1.00,1.75
2014.12.31 21:06:33.209,0.93423,0.93465,1.00,1.75
2014.12.31 21:07:00.351,0.93423,0.93465,1.00,1.00
2014.12.31 21:07:00.654,0.93429,0.93471,1.00,2.10
2014.12.31 21:07:00.755,0.93426,0.9347,1.00,1.12
2014.12.31 21:07:35.599,0.93426,0.9347,1.00,1.37
2014.12.31 21:07:42.765,0.93427,0.93468,1.00,1.12
2014.12.31 21:08:00.349,0.93427,0.93468,1.00,1.37
2014.12.31 21:08:00.400,0.93425,0.93467,1.00,1.37
2014.12.31 21:08:00.450,0.93425,0.93467,1.00,2.47
2014.12.31 21:08:00.652,0.93423,0.93465,1.00,1.50
2014.12.31 21:08:00.703,0.93418,0.9346,1.00,1.12
2014.12.31 21:08:01.204,0.93418,0.93459,1.00,1.12
2014.12.31 21:08:01.353,0.93416,0.93458,1.00,1.00
2014.12.31 21:08:11.404,0.93418,0.9346,1.00,1.00
2014.12.31 21:08:12.091,0.93419,0.93461,1.00,1.00
2014.12.31 21:08:19.410,0.93419,0.93463,1.00,1.00
2014.12.31 21:08:23.506,0.93419,0.93463,1.00,1.37
2014.12.31 21:08:25.008,0.93419,0.93463,1.00,1.00
2014.12.31 21:08:25.159,0.93421,0.93462,1.00,1.00
2014.12.31 21:08:33.032,0.93414,0.93467,1.00,1.67
2014.12.31 21:08:47.399,0.93414,0.93467,1.00,2.05
2014.12.31 21:08:51.959,0.9341,0.93464,1.67,1.75
2014.12.31 21:09:52.542,0.93411,0.93463,1.37,1.50
2014.12.31 21:10:01.032,0.93418,0.9346,1.00,1.37
2014.12.31 21:10:01.757,0.93418,0.9346,1.00,1.00
2014.12.31 21:10:01.960,0.93422,0.93464,1.00,1.12
2014.12.31 21:10:03.015,0.93426,0.93468,1.00,1.37
2014.12.31 21:10:06.564,0.93426,0.93468,1.00,1.12
2014.12.31 21:10:07.123,0.93427,0.93469,1.00,1.37
2014.12.31 21:10:16.979,0.93427,0.93469,1.00,1.00
2014.12.31 21:10:17.641,0.93428,0.9347,1.00,1.12
2014.12.31 21:10:17.881,0.93428,0.9347,1.00,1.37
2014.12.31 21:10:25.096,0.93428,0.9347,1.00,1.12
2014.12.31 21:10:28.215,0.93428,0.9347,1.00,1.75
2014.12.31 21:10:28.316,0.93423,0.93465,1.00,1.37
2014.12.31 21:10:28.467,0.93421,0.93462,1.00,1.12
2014.12.31 21:10:33.165,0.93418,0.9346,1.37,1.00
2014.12.31 21:10:33.618,0.93418,0.9346,1.00,1.00
2014.12.31 21:10:35.164,0.93418,0.9346,1.00,1.37
2014.12.31 21:10:36.048,0.93418,0.9346,1.00,1.12
2014.12.31 21:10:36.554,0.93418,0.9346,1.00,1.37
2014.12.31 21:10:41.112,0.93417,0.93459,1.12,1.12
2014.12.31 21:10:48.552,0.93417,0.93459,1.00,1.37
2014.12.31 21:10:51.557,0.93417,0.93458,1.00,1.37
2014.12.31 21:10:57.289,0.93417,0.93458,1.00,1.75
2014.12.31 21:10:57.390,0.93413,0.93455,1.00,1.75
2014.12.31 21:10:57.716,0.93411,0.93453,1.00,1.75
2014.12.31 21:11:00.114,0.93411,0.93453,1.00,1.75
2014.12.31 21:11:00.216,0.93404,0.93448,1.00,1.75
2014.12.31 21:11:00.417,0.93404,0.93444,1.00,2.05
2014.12.31 21:11:00.468,0.93397,0.93441,1.00,1.37
2014.12.31 21:11:00.569,0.93395,0.93436,1.00,1.00
2014.12.31 21:11:00.671,0.93393,0.93435,1.00,1.00
2014.12.31 21:11:00.772,0.93395,0.93438,1.00,1.00
2014.12.31 21:11:06.192,0.93396,0.93438,1.00,1.00
2014.12.31 21:11:06.701,0.93395,0.93437,1.00,1.00
2014.12.31 21:11:21.114,0.93396,0.93437,1.30,1.00
2014.12.31 21:11:21.266,0.93401,0.93445,1.00,1.00
2014.12.31 21:11:21.367,0.93401,0.93442,1.00,1.00
2014.12.31 21:11:22.054,0.934,0.93442,1.00,1.00
2014.12.31 21:11:25.336,0.93401,0.93443,1.00,1.00
2014.12.31 21:11:30.722,0.93403,0.93445,1.00,1.00
2014.12.31 21:11:38.973,0.93405,0.93446,1.00,1.00
2014.12.31 21:11:43.581,0.93409,0.93451,1.00,1.00
2014.12.31 21:11:48.846,0.93409,0.93451,1.37,1.00
2014.12.31 21:11:49.097,0.93414,0.93455,1.00,1.00
2014.12.31 21:11:49.198,0.93409,0.93451,1.00,1.00
2014.12.31 21:11:49.796,0.9341,0.93451,1.30,1.00
2014.12.31 21:11:49.847,0.93411,0.93453,1.00,1.00
2014.12.31 21:11:49.948,0.93413,0.93456,1.00,1.00
2014.12.31 21:11:50.049,0.93411,0.93452,1.00,1.00
2014.12.31 21:11:51.058,0.93409,0.93453,1.00,1.00
2014.12.31 21:11:53.952,0.93409,0.93453,1.00,1.37
2014.12.31 21:11:54.255,0.93404,0.93446,1.12,1.00
2014.12.31 21:11:56.505,0.93403,0.93446,1.00,1.00
2014.12.31 21:11:58.772,0.93403,0.93445,1.00,1.00
2014.12.31 21:11:59.129,0.93401,0.93443,1.00,1.00
2014.12.31 21:12:08.893,0.93405,0.93449,1.00,1.00
2014.12.31 21:12:08.993,0.93407,0.93448,1.00,1.00
2014.12.31 21:12:10.219,0.93407,0.93449,1.00,1.00
2014.12.31 21:12:30.451,0.93405,0.93447,1.00,1.00
2014.12.31 21:12:31.047,0.93406,0.93447,1.00,1.00
2014.12.31 21:12:35.391,0.93407,0.93448,1.00,1.00
2014.12.31 21:12:35.492,0.93409,0.93451,1.00,1.00
2014.12.31 21:12:38.671,0.93408,0.9345,1.00,1.00
2014.12.31 21:13:13.263,0.93408,0.9345,1.37,1.00
2014.12.31 21:13:13.314,0.93412,0.93454,1.00,1.00
2014.12.31 21:13:13.465,0.93412,0.93456,1.00,1.00
2014.12.31 21:13:13.566,0.93409,0.93451,1.00,1.00
2014.12.31 21:13:42.723,0.93408,0.9345,1.00,1.00
2014.12.31 21:13:43.889,0.93409,0.93451,1.00,1.00
2014.12.31 21:13:45.553,0.93409,0.93453,1.00,1.00
2014.12.31 21:13:52.052,0.93409,0.93451,1.00,1.00
2014.12.31 21:13:53.386,0.93414,0.93456,1.00,1.00
2014.12.31 21:13:53.790,0.9341,0.93452,1.00,1.00
2014.12.31 21:13:54.328,0.93411,0.93452,1.30,1.00
2014.12.31 21:13:54.480,0.93414,0.93456,1.00,1.00
2014.12.31 21:13:54.784,0.93406,0.93448,1.00,1.00
2014.12.31 21:13:55.086,0.93409,0.9345,1.00,1.00
2014.12.31 21:13:55.137,0.93411,0.93453,1.00,1.00
2014.12.31 21:13:55.238,0.93409,0.93451,1.00,1.00
2014.12.31 21:13:55.540,0.93414,0.93456,1.00,1.00
2014.12.31 21:13:55.893,0.93413,0.93454,1.00,1.00
2014.12.31 21:14:13.960,0.93413,0.93455,1.00,1.00
2014.12.31 21:14:17.128,0.93416,0.93458,1.00,1.00
2014.12.31 21:14:17.436,0.93426,0.93468,1.00,1.00
2014.12.31 21:14:17.588,0.93431,0.93475,1.00,1.00
2014.12.31 21:14:17.689,0.93425,0.93467,1.00,1.00
2014.12.31 21:14:18.193,0.93424,0.93466,1.00,1.00
2014.12.31 21:14:18.720,0.93424,0.93466,1.37,1.00
2014.12.31 21:14:18.770,0.93427,0.93469,1.00,1.00
2014.12.31 21:14:18.872,0.93432,0.93476,1.00,1.00
2014.12.31 21:14:19.023,0.93434,0.93476,1.00,1.00
2014.12.31 21:14:19.799,0.93432,0.93473,1.00,1.00
2014.12.31 21:14:19.858,0.93428,0.9347,1.00,1.00
2014.12.31 21:14:20.009,0.93431,0.93473,1.00,1.00
2014.12.31 21:14:21.227,0.93428,0.9347,1.00,1.00
2014.12.31 21:14:21.558,0.93427,0.93468,1.00,1.00
2014.12.31 21:14:25.718,0.93425,0.93467,1.00,1.00
2014.12.31 21:14:27.021,0.93425,0.93467,1.00,1.75
2014.12.31 21:14:27.123,0.93419,0.93461,1.00,1.37
2014.12.31 21:14:27.274,0.93413,0.93455,1.00,1.00
2014.12.31 21:14:27.375,0.93411,0.93453,1.00,1.00
2014.12.31 21:14:54.288,0.9341,0.93452,1.00,1.00
2014.12.31 21:14:56.906,0.9341,0.93452,1.00,1.37
2014.12.31 21:14:56.957,0.93406,0.93448,1.00,1.00
2014.12.31 21:14:57.058,0.93404,0.93446,1.50,1.00
2014.12.31 21:14:58.808,0.93404,0.93448,1.50,1.00
2014.12.31 21:15:01.783,0.93405,0.93448,1.00,1.00
2014.12.31 21:15:35.986,0.93405,0.93446,1.00,1.00
2014.12.31 21:15:42.164,0.93411,0.93453,1.00,1.00
2014.12.31 21:16:29.468,0.93409,0.93451,1.00,1.00
2014.12.31 21:16:58.177,0.93408,0.9345,1.00,1.00
2014.12.31 21:17:06.505,0.93409,0.93451,1.00,1.00
2014.12.31 21:17:09.699,0.9341,0.93452,1.00,1.00
2014.12.31 21:17:11.711,0.93409,0.93451,1.00,1.00
2014.12.31 21:17:12.219,0.93408,0.9345,1.00,1.00
2014.12.31 21:17:18.617,0.93408,0.93452,1.00,1.00
2014.12.31 21:17:18.718,0.93411,0.93453,1.00,1.00
2014.12.31 21:17:19.414,0.9341,0.93452,1.00,1.00
2014.12.31 21:17:19.814,0.93408,0.9345,1.00,1.00
2014.12.31 21:17:38.444,0.93407,0.93448,1.00,1.00
2014.12.31 21:17:38.958,0.93407,0.93449,1.00,1.00
2014.12.31 21:17:43.244,0.93408,0.9345,1.00,1.00
2014.12.31 21:17:56.775,0.93409,0.93451,1.00,1.00
2014.12.31 21:17:57.586,0.93408,0.9345,1.00,1.00
2014.12.31 21:17:58.754,0.93409,0.93451,1.00,1.00
2014.12.31 21:18:11.130,0.93409,0.93451,1.00,1.37
2014.12.31 21:18:11.413,0.93403,0.93445,1.00,1.00
2014.12.31 21:18:11.665,0.93399,0.9344,1.00,1.00
2014.12.31 21:18:13.936,0.934,0.93442,1.00,1.00
2014.12.31 21:18:21.007,0.93399,0.93441,1.00,1.00
2014.12.31 21:18:22.228,0.934,0.93442,1.00,1.00
2014.12.31 21:18:22.329,0.934,0.93444,1.00,1.00
2014.12.31 21:18:24.311,0.93402,0.93444,1.00,1.00
2014.12.31 21:19:01.265,0.93402,0.93444,1.75,1.00
2014.12.31 21:19:01.316,0.93406,0.93448,1.67,1.00
2014.12.31 21:19:01.367,0.93406,0.93448,1.35,1.00
2014.12.31 21:19:01.418,0.93409,0.93451,1.00,1.00
2014.12.31 21:19:01.720,0.93412,0.93454,1.00,1.00
2014.12.31 21:19:21.021,0.93413,0.93454,1.00,1.00
2014.12.31 21:19:25.871,0.9341,0.93452,1.00,1.00
2014.12.31 21:19:30.882,0.9341,0.93451,1.00,1.00
2014.12.31 21:19:55.231,0.93414,0.93456,1.00,1.00
2014.12.31 21:19:55.332,0.93411,0.93455,1.00,1.00
2014.12.31 21:20:19.192,0.93405,0.93449,1.00,1.00
2014.12.31 21:20:19.697,0.93406,0.93448,1.00,1.00
2014.12.31 21:20:23.046,0.93406,0.93448,1.00,1.37
2014.12.31 21:20:23.148,0.93401,0.93443,1.00,1.00
2014.12.31 21:20:23.249,0.93393,0.93434,1.00,1.00
2014.12.31 21:20:23.819,0.93392,0.93434,1.00,1.00
2014.12.31 21:20:26.693,0.93391,0.93434,1.00,1.00
2014.12.31 21:20:27.452,0.93392,0.93434,1.00,1.00
2014.12.31 21:20:32.934,0.93393,0.93438,1.00,1.00
2014.12.31 21:20:33.186,0.93395,0.93438,1.00,1.00
2014.12.31 21:20:33.524,0.93397,0.9344,1.00,1.00
2014.12.31 21:20:35.342,0.93399,0.93442,1.00,1.00
2014.12.31 21:20:47.229,0.93398,0.93441,1.00,1.00
2014.12.31 21:20:54.851,0.93395,0.93438,1.00,1.00
2014.12.31 21:20:55.153,0.93397,0.9344,1.00,1.00
2014.12.31 21:20:55.510,0.93395,0.93438,1.00,1.00
2014.12.31 21:20:56.572,0.93397,0.9344,1.00,1.00
2014.12.31 21:21:00.972,0.93396,0.93441,1.00,1.00
2014.12.31 21:21:13.737,0.93401,0.93444,1.00,1.00
2014.12.31 21:21:14.190,0.9339,0.93458,1.30,1.30
2014.12.31 21:21:14.291,0.93369,0.93467,2.70,1.37
2014.12.31 21:21:14.392,0.93369,0.93471,2.70,1.10
2014.12.31 21:21:14.593,0.93373,0.93467,1.17,1.00
2014.12.31 21:21:15.239,0.93373,0.93467,1.17,1.75
2014.12.31 21:21:19.686,0.93373,0.93467,1.17,1.75
2014.12.31 21:21:23.529,0.93377,0.93471,1.00,1.85
2014.12.31 21:21:35.930,0.93368,0.93476,2.32,3.07
2014.12.31 21:21:36.031,0.93376,0.93472,1.00,1.90
2014.12.31 21:21:38.774,0.93377,0.93471,1.00,1.92
2014.12.31 21:21:46.636,0.93376,0.93472,1.00,1.90
2014.12.31 21:21:46.687,0.93376,0.93472,1.00,1.90
2014.12.31 21:21:47.193,0.93368,0.93471,3.07,1.65
2014.12.31 21:21:47.244,0.93381,0.93471,1.00,1.65
2014.12.31 21:21:49.163,0.9338,0.93472,1.00,1.90
2014.12.31 21:21:50.262,0.93381,0.93476,1.00,3.07
2014.12.31 21:21:50.911,0.9338,0.93472,1.00,1.90
2014.12.31 21:21:52.292,0.93381,0.93471,1.00,1.65
2014.12.31 21:22:01.705,0.93381,0.93471,1.00,1.55
2014.12.31 21:22:10.330,0.93381,0.93471,1.12,1.00
2014.12.31 21:22:10.430,0.93373,0.93482,3.07,2.70
2014.12.31 21:22:10.531,0.93373,0.93471,3.07,1.00
2014.12.31 21:22:11.754,0.93373,0.93482,2.32,3.07
2014.12.31 21:22:12.083,0.93381,0.93471,1.00,1.75
2014.12.31 21:22:16.657,0.93373,0.93482,2.32,3.07
2014.12.31 21:22:16.758,0.93381,0.93471,1.00,1.75
2014.12.31 21:22:18.841,0.93381,0.93471,1.00,1.00
2014.12.31 21:22:18.993,0.93373,0.93482,3.07,3.07
2014.12.31 21:22:19.093,0.93381,0.93471,1.00,1.00
2014.12.31 21:22:32.371,0.93381,0.93471,1.00,1.75
2014.12.31 21:22:32.572,0.93371,0.93471,2.32,1.75
2014.12.31 21:22:32.774,0.93381,0.93471,1.00,1.75
2014.12.31 21:22:47.094,0.9338,0.93472,1.00,1.75
2014.12.31 21:22:56.679,0.93381,0.93471,1.00,1.75
2014.12.31 21:23:05.829,0.93371,0.9348,2.32,3.07
2014.12.31 21:23:06.044,0.93381,0.93471,1.00,1.75
2014.12.31 21:23:12.880,0.93384,0.93472,1.00,1.75
2014.12.31 21:23:20.893,0.93385,0.9348,1.00,3.07
2014.12.31 21:23:21.495,0.93384,0.93472,1.00,1.75
2014.12.31 21:23:33.199,0.93356,0.93493,1.12,1.12
2014.12.31 21:23:33.370,0.93385,0.93471,1.00,1.75
2014.12.31 21:23:37.742,0.93354,0.93471,1.87,1.75
2014.12.31 21:23:37.844,0.93381,0.93471,1.00,1.75
2014.12.31 21:24:06.080,0.9337,0.93472,2.32,1.85
2014.12.31 21:24:06.586,0.93377,0.93475,1.00,1.90
2014.12.31 21:24:27.548,0.93377,0.93475,1.10,1.90
2014.12.31 21:24:28.050,0.93372,0.93468,1.15,1.75
2014.12.31 21:24:31.118,0.93373,0.93467,1.07,1.85
2014.12.31 21:24:31.201,0.93373,0.93467,1.00,1.85
2014.12.31 21:24:33.521,0.93372,0.93468,1.00,1.92
2014.12.31 21:24:34.237,0.93373,0.93467,1.00,1.85
2014.12.31 21:24:35.659,0.93365,0.93467,2.70,1.47
2014.12.31 21:24:35.761,0.93365,0.93473,2.32,3.07
2014.12.31 21:24:52.047,0.93369,0.9347,1.07,3.07
2014.12.31 21:24:52.763,0.93369,0.9347,1.00,3.07
2014.12.31 21:24:55.257,0.93369,0.9347,1.00,3.07
2014.12.31 21:25:02.468,0.93369,0.93467,1.37,1.15
2014.12.31 21:25:02.568,0.93369,0.93467,1.37,1.15
2014.12.31 21:25:03.971,0.93373,0.9347,1.00,3.07
2014.12.31 21:25:04.072,0.93373,0.9347,1.00,2.32
2014.12.31 21:25:04.173,0.93362,0.9347,2.70,3.07
2014.12.31 21:25:06.709,0.93369,0.9347,1.00,3.07
2014.12.31 21:25:12.150,0.93369,0.9347,1.07,3.07
2014.12.31 21:25:12.786,0.93369,0.93471,1.15,1.90
2014.12.31 21:25:19.692,0.93369,0.93471,1.52,1.27
2014.12.31 21:25:20.360,0.93373,0.93471,1.00,1.27
2014.12.31 21:25:20.694,0.93373,0.93471,1.00,1.90
2014.12.31 21:25:20.795,0.93373,0.93471,1.00,1.27
2014.12.31 21:25:21.482,0.93369,0.93471,1.27,1.27
2014.12.31 21:25:31.596,0.93369,0.93467,1.15,1.00
2014.12.31 21:25:32.244,0.93369,0.93474,1.15,3.07
2014.12.31 21:25:33.106,0.93371,0.93472,2.32,1.45
2014.12.31 21:26:31.998,0.93371,0.93471,2.32,1.00
2014.12.31 21:26:32.131,0.93371,0.9348,2.32,3.07
2014.12.31 21:26:32.232,0.93371,0.93471,2.32,1.00
2014.12.31 21:26:33.232,0.93369,0.93471,1.00,1.00
2014.12.31 21:26:35.923,0.93355,0.93492,1.75,1.12
2014.12.31 21:26:36.043,0.93355,0.93471,1.75,1.00
2014.12.31 21:26:36.533,0.93369,0.93471,1.00,1.00
2014.12.31 21:26:44.790,0.93356,0.93471,1.12,1.00
2014.12.31 21:26:44.992,0.93369,0.93471,1.00,1.00
2014.12.31 21:26:45.827,0.93369,0.93492,1.00,1.12
2014.12.31 21:26:45.879,0.93369,0.93467,1.00,1.00
2014.12.31 21:26:46.727,0.93369,0.93492,1.00,1.12
2014.12.31 21:26:46.827,0.93355,0.93497,1.75,1.75
2014.12.31 21:26:47.100,0.93369,0.93471,1.00,1.00
2014.12.31 21:26:50.936,0.93355,0.93497,1.75,1.75
2014.12.31 21:26:51.037,0.93369,0.93471,1.00,1.00
2014.12.31 21:26:55.107,0.93371,0.93471,2.25,1.00
2014.12.31 21:26:56.329,0.93371,0.93479,2.32,2.70
2014.12.31 21:26:56.530,0.93373,0.93471,1.15,1.00
2014.12.31 21:26:58.048,0.93371,0.93479,2.32,2.70
2014.12.31 21:26:58.651,0.93371,0.93472,2.32,1.00
2014.12.31 21:26:59.226,0.93371,0.93471,2.32,1.00
2014.12.31 21:26:59.649,0.93371,0.93479,2.32,2.32
2014.12.31 21:27:07.393,0.93371,0.93479,3.07,2.32
2014.12.31 21:27:07.899,0.93373,0.93479,1.90,2.32
2014.12.31 21:27:08.898,0.93371,0.93479,3.07,2.32
2014.12.31 21:27:16.129,0.93378,0.93475,3.00,1.07
2014.12.31 21:27:16.398,0.93378,0.93476,3.07,1.00
2014.12.31 21:27:18.041,0.93378,0.93486,3.07,2.70
2014.12.31 21:27:18.314,0.93378,0.93463,3.07,1.00
2014.12.31 21:27:20.965,0.93378,0.93486,3.07,2.70
2014.12.31 21:27:21.066,0.93378,0.93463,3.07,1.00
2014.12.31 21:27:27.545,0.93378,0.93464,3.07,1.00
2014.12.31 21:27:28.055,0.93378,0.93463,3.07,1.00
2014.12.31 21:27:28.593,0.93378,0.93486,3.07,2.70
2014.12.31 21:27:28.643,0.93378,0.93475,3.07,1.00
2014.12.31 21:27:28.744,0.93378,0.93486,3.07,2.70
2014.12.31 21:27:28.904,0.93378,0.93486,3.07,3.07
2014.12.31 21:27:29.155,0.93378,0.93471,3.07,1.00
2014.12.31 21:27:29.256,0.93378,0.93486,3.07,3.07
2014.12.31 21:27:29.357,0.93378,0.93468,3.07,1.00
2014.12.31 21:27:30.429,0.93378,0.93467,3.07,1.00
2014.12.31 21:27:31.037,0.93378,0.93468,3.07,1.00
2014.12.31 21:27:32.360,0.93378,0.93467,3.07,1.00
2014.12.31 21:27:33.197,0.93378,0.93471,3.07,1.00
2014.12.31 21:27:42.929,0.93376,0.93472,1.92,1.00
2014.12.31 21:27:44.157,0.93377,0.93471,1.82,1.00
2014.12.31 21:27:50.898,0.93372,0.9348,3.07,2.70
2014.12.31 21:27:50.999,0.93376,0.93472,1.92,1.00
2014.12.31 21:27:51.317,0.93392,0.93451,1.00,1.00
2014.12.31 21:28:13.528,0.93372,0.93471,2.32,1.37
2014.12.31 21:28:18.206,0.93373,0.93471,1.20,1.57
2014.12.31 21:28:22.536,0.93373,0.93471,1.95,1.20
2014.12.31 21:28:34.490,0.93377,0.93471,1.12,1.20
2014.12.31 21:28:34.691,0.93367,0.93477,5.25,5.25
2014.12.31 21:28:34.892,0.93367,0.93477,5.25,5.25
2014.12.31 21:28:34.993,0.93367,0.93459,5.25,1.00
2014.12.31 21:28:35.093,0.93367,0.93477,5.25,5.25
2014.12.31 21:28:35.194,0.93367,0.93459,5.25,1.00
2014.12.31 21:28:36.505,0.93367,0.93459,5.25,1.00
2014.12.31 21:28:36.606,0.93367,0.93477,5.25,5.25
2014.12.31 21:28:36.807,0.93367,0.93455,5.25,1.00
2014.12.31 21:28:37.982,0.93367,0.93477,5.25,5.25
2014.12.31 21:28:38.082,0.93367,0.93455,5.25,1.00
2014.12.31 21:28:44.475,0.93365,0.93468,1.92,3.07
2014.12.31 21:28:44.676,0.93365,0.93459,1.92,1.00
2014.12.31 21:28:46.269,0.93369,0.93459,1.00,1.00
2014.12.31 21:28:46.406,0.9336,0.93468,2.32,3.07
2014.12.31 21:28:46.506,0.9336,0.93459,2.32,1.00
2014.12.31 21:28:46.820,0.93369,0.93459,1.00,1.00
2014.12.31 21:28:49.300,0.9336,0.93459,2.32,1.00
2014.12.31 21:28:50.121,0.93361,0.93459,1.15,1.37
2014.12.31 21:28:52.166,0.93361,0.93468,1.15,3.07
2014.12.31 21:28:59.118,0.93362,0.93459,2.32,1.12
2014.12.31 21:28:59.643,0.93363,0.93459,2.32,1.12
2014.12.31 21:29:20.230,0.93361,0.93459,1.17,1.12
2014.12.31 21:29:39.396,0.93356,0.93474,2.32,3.07
2014.12.31 21:29:39.497,0.93356,0.93459,2.32,1.00
2014.12.31 21:29:40.196,0.93369,0.93459,1.00,1.00
2014.12.31 21:29:41.013,0.93356,0.93459,2.32,1.00
2014.12.31 21:29:41.064,0.9336,0.93459,2.32,1.00
2014.12.31 21:29:41.589,0.93361,0.93459,2.32,1.00
2014.12.31 21:29:42.062,0.93369,0.93459,1.00,1.00
2014.12.31 21:29:43.003,0.93361,0.93459,2.32,1.00
2014.12.31 21:29:43.154,0.93361,0.93478,3.07,3.07
2014.12.31 21:29:43.318,0.93361,0.93459,2.32,1.00
2014.12.31 21:29:43.971,0.93364,0.9346,1.15,1.00
2014.12.31 21:29:44.496,0.93361,0.93459,2.32,1.00
2014.12.31 21:29:46.193,0.93361,0.9346,2.32,1.00
2014.12.31 21:29:46.782,0.93365,0.93459,1.15,1.00
2014.12.31 21:29:47.654,0.93361,0.93478,2.32,3.07
2014.12.31 21:29:47.906,0.93365,0.93459,1.15,1.00
2014.12.31 21:29:48.809,0.93361,0.93478,2.32,3.07
2014.12.31 21:29:49.011,0.93365,0.93459,1.15,1.00
2014.12.31 21:29:51.107,0.93361,0.93478,3.07,3.07
2014.12.31 21:29:51.208,0.93361,0.9346,2.32,1.00
2014.12.31 21:29:52.842,0.93361,0.93459,3.07,1.00
2014.12.31 21:29:54.344,0.93361,0.9346,2.32,1.00
2014.12.31 21:29:54.920,0.93361,0.93478,2.32,3.07
2014.12.31 21:29:55.071,0.93364,0.9346,1.15,1.00
2014.12.31 21:29:56.571,0.93361,0.93459,2.32,1.00
2014.12.31 21:29:57.165,0.93361,0.9346,2.32,1.00
2014.12.31 21:29:57.674,0.93361,0.93459,3.07,1.00
2014.12.31 21:29:58.098,0.93361,0.93459,3.82,1.00
2014.12.31 21:30:05.828,0.93362,0.93479,3.07,3.07
2014.12.31 21:30:05.929,0.93362,0.93459,3.07,1.00
2014.12.31 21:30:11.899,0.93362,0.93479,3.07,3.07
2014.12.31 21:30:12.001,0.93362,0.9346,3.07,1.00
2014.12.31 21:30:12.904,0.93362,0.93479,3.07,3.07
2014.12.31 21:30:13.105,0.93362,0.93459,3.07,1.00
2014.12.31 21:30:14.914,0.93362,0.93479,3.07,3.07
2014.12.31 21:30:15.065,0.93362,0.93459,3.07,1.00
2014.12.31 21:30:15.828,0.93364,0.9346,1.90,1.00
2014.12.31 21:30:16.360,0.93362,0.93459,3.07,1.00
2014.12.31 21:30:17.384,0.93362,0.93479,3.07,3.07
2014.12.31 21:30:17.484,0.93362,0.93459,3.07,1.00
2014.12.31 21:30:17.585,0.93362,0.93479,3.07,3.07
2014.12.31 21:30:17.686,0.93362,0.93459,3.07,1.00
2014.12.31 21:30:20.872,0.93362,0.93479,3.07,3.07
2014.12.31 21:30:20.977,0.93362,0.93459,3.07,1.00
2014.12.31 21:30:21.769,0.93364,0.9346,1.90,1.00
2014.12.31 21:30:23.298,0.93362,0.93459,3.07,1.00
2014.12.31 21:30:23.399,0.93362,0.93479,3.07,3.07
2014.12.31 21:30:23.570,0.93362,0.93459,3.07,1.00
2014.12.31 21:30:35.906,0.93362,0.93479,3.07,3.07
2014.12.31 21:30:36.006,0.93362,0.93459,3.07,1.00
2014.12.31 21:30:41.245,0.93362,0.93479,3.07,3.07
2014.12.31 21:30:41.346,0.93362,0.93459,3.07,1.00
2014.12.31 21:30:43.246,0.93361,0.93478,3.07,3.07
2014.12.31 21:30:43.461,0.93361,0.93459,3.82,1.00
2014.12.31 21:30:44.346,0.93361,0.93459,3.07,1.00
2014.12.31 21:30:44.497,0.93361,0.93478,2.32,3.07
2014.12.31 21:30:44.598,0.93361,0.93459,3.07,1.00
2014.12.31 21:30:47.611,0.93361,0.93478,2.32,3.07
2014.12.31 21:30:47.712,0.93361,0.93459,2.32,1.00
2014.12.31 21:30:48.301,0.93361,0.9346,2.32,1.00
2014.12.31 21:30:48.884,0.93365,0.93459,1.15,1.00
2014.12.31 21:30:49.502,0.93361,0.93478,3.07,3.07
2014.12.31 21:30:49.610,0.93361,0.93459,3.07,1.00
2014.12.31 21:30:50.911,0.93361,0.9346,3.07,1.00
2014.12.31 21:30:51.629,0.93365,0.93459,1.90,1.00
2014.12.31 21:30:56.558,0.93364,0.9346,1.90,1.00
2014.12.31 21:31:01.502,0.93365,0.93459,1.90,1.00
2014.12.31 21:31:06.860,0.93361,0.93479,3.07,3.07
2014.12.31 21:31:06.919,0.93361,0.93464,3.07,1.00
2014.12.31 21:31:07.931,0.93361,0.93463,3.82,1.00
2014.12.31 21:31:09.295,0.93361,0.93479,3.82,3.07
2014.12.31 21:31:09.352,0.93361,0.9346,3.07,1.00
2014.12.31 21:31:10.110,0.93361,0.93459,3.82,1.00
2014.12.31 21:31:14.992,0.93361,0.93479,3.82,3.07
2014.12.31 21:31:15.093,0.93361,0.93459,3.82,1.00
2014.12.31 21:31:20.452,0.93361,0.9346,3.07,1.00
2014.12.31 21:31:20.955,0.93361,0.93459,3.07,1.00
2014.12.31 21:31:31.648,0.93361,0.93459,3.07,1.00
2014.12.31 21:31:31.709,0.93361,0.93479,2.32,3.07
2014.12.31 21:31:31.760,0.93347,0.93464,2.32,3.07
2014.12.31 21:31:32.062,0.93353,0.93455,1.10,1.00
2014.12.31 21:31:32.268,0.93347,0.93464,2.32,2.32
2014.12.31 21:31:32.521,0.93347,0.93447,2.32,1.00
2014.12.31 21:31:43.704,0.93347,0.93464,2.32,2.32
2014.12.31 21:31:44.008,0.93347,0.93443,2.32,1.00
2014.12.31 21:31:45.122,0.93347,0.93464,2.32,3.07
2014.12.31 21:31:45.325,0.93347,0.93443,2.32,1.00
2014.12.31 21:31:47.139,0.93347,0.93444,2.32,1.00
2014.12.31 21:31:47.657,0.93349,0.93443,1.15,1.00
2014.12.31 21:31:50.163,0.93347,0.93464,2.32,3.07
2014.12.31 21:31:50.415,0.93347,0.93464,2.32,3.07
2014.12.31 21:31:50.566,0.93332,0.9345,2.70,3.07
2014.12.31 21:31:50.717,0.93333,0.93435,1.15,1.00
2014.12.31 21:31:51.697,0.93332,0.9345,3.45,3.07
2014.12.31 21:31:51.898,0.93337,0.93435,1.17,1.00
2014.12.31 21:31:52.309,0.93332,0.9345,2.32,3.07
2014.12.31 21:31:52.410,0.93345,0.9345,1.00,3.07
2014.12.31 21:31:52.512,0.93332,0.93443,2.32,1.00
2014.12.31 21:31:52.614,0.93332,0.93443,3.07,1.75
2014.12.31 21:31:52.982,0.93345,0.93443,1.00,1.75
2014.12.31 21:31:57.963,0.93332,0.9345,3.07,3.07
2014.12.31 21:31:58.064,0.93345,0.93443,1.00,1.75
2014.12.31 21:31:59.579,0.93332,0.9345,3.07,3.07
2014.12.31 21:31:59.780,0.93345,0.93443,1.00,1.75
2014.12.31 21:32:32.135,0.93345,0.93443,1.07,1.75
2014.12.31 21:32:35.973,0.9334,0.93457,2.70,3.07
2014.12.31 21:32:36.124,0.93349,0.93443,1.00,1.37
2014.12.31 21:32:36.358,0.93349,0.93443,1.00,1.37
2014.12.31 21:32:36.459,0.9334,0.93443,2.70,1.37
2014.12.31 21:32:38.059,0.93345,0.93443,1.07,1.00
2014.12.31 21:32:38.261,0.9334,0.93457,3.07,3.07
2014.12.31 21:32:38.855,0.93349,0.93443,1.00,1.75
2014.12.31 21:32:38.956,0.9334,0.93443,2.70,1.75
2014.12.31 21:32:48.992,0.93345,0.93443,1.07,1.37
2014.12.31 21:32:49.093,0.9334,0.93457,2.70,3.07
2014.12.31 21:32:49.194,0.9334,0.93457,2.70,3.07
2014.12.31 21:32:49.295,0.93341,0.93457,1.15,3.07
2014.12.31 21:32:49.797,0.9334,0.93443,2.32,1.00
2014.12.31 21:32:49.898,0.9334,0.93457,2.32,3.07
2014.12.31 21:32:50.000,0.93345,0.93439,1.07,1.00
2014.12.31 21:32:50.709,0.93345,0.93443,1.07,1.00
2014.12.31 21:32:50.810,0.93345,0.93457,1.07,3.07
2014.12.31 21:32:51.012,0.93345,0.93439,1.07,1.00
2014.12.31 21:32:51.275,0.93345,0.93457,1.07,3.07
2014.12.31 21:32:51.426,0.9334,0.93443,2.32,1.00
2014.12.31 21:32:51.690,0.93345,0.93457,1.07,3.07
2014.12.31 21:32:51.799,0.93345,0.93439,1.07,1.00
2014.12.31 21:32:53.091,0.93345,0.93439,1.00,1.00
2014.12.31 21:32:54.044,0.93345,0.93453,1.00,3.07
2014.12.31 21:32:54.144,0.93345,0.93443,1.00,1.00
2014.12.31 21:32:54.439,0.93345,0.93453,1.00,3.07
2014.12.31 21:32:54.540,0.93345,0.93439,1.00,1.00
2014.12.31 21:32:56.583,0.93345,0.93453,1.00,3.07
2014.12.31 21:32:56.684,0.93345,0.93443,1.00,1.00
2014.12.31 21:32:56.846,0.93345,0.93453,1.00,3.07
2014.12.31 21:32:57.080,0.93345,0.93443,1.00,1.00
2014.12.31 21:32:57.490,0.93345,0.93453,1.00,3.07
2014.12.31 21:32:57.680,0.93345,0.93439,1.00,1.00
2014.12.31 21:33:00.101,0.93345,0.93453,1.00,3.07
2014.12.31 21:33:00.303,0.93345,0.93443,1.00,1.00
2014.12.31 21:33:00.398,0.93345,0.93453,1.00,3.07
2014.12.31 21:33:00.601,0.93345,0.93443,1.00,1.00
2014.12.31 21:33:00.942,0.93335,0.93453,2.32,3.07
2014.12.31 21:33:01.371,0.93337,0.93431,1.15,1.00
2014.12.31 21:33:03.950,0.93335,0.93453,2.32,3.07
2014.12.31 21:33:04.462,0.93335,0.93431,2.32,1.00
2014.12.31 21:33:11.845,0.93335,0.93432,2.32,1.12
2014.12.31 21:33:13.116,0.93335,0.93431,2.32,1.00
2014.12.31 21:33:13.914,0.93335,0.93432,2.32,1.12
2014.12.31 21:33:14.107,0.93332,0.93432,1.10,1.12
2014.12.31 21:33:14.636,0.93333,0.93431,1.00,1.00
2014.12.31 21:33:20.864,0.93326,0.93444,2.70,3.07
2014.12.31 21:33:21.648,0.93333,0.93431,1.00,1.00
2014.12.31 21:33:29.335,0.93326,0.93444,3.07,2.70
2014.12.31 21:33:29.486,0.93326,0.93431,3.07,1.00
2014.12.31 21:33:29.989,0.93326,0.93431,3.07,1.12
2014.12.31 21:33:30.561,0.93337,0.93431,1.00,1.12
2014.12.31 21:33:33.747,0.93337,0.93431,1.00,1.37
2014.12.31 21:33:33.848,0.93326,0.93444,2.70,3.07
2014.12.31 21:33:34.473,0.93333,0.93431,1.00,1.37
2014.12.31 21:33:36.258,0.93333,0.93431,1.00,1.00
2014.12.31 21:33:40.926,0.93326,0.93443,2.70,3.07
2014.12.31 21:33:41.486,0.93333,0.93431,1.00,1.00
2014.12.31 21:33:44.379,0.93333,0.93431,1.00,1.37
2014.12.31 21:33:44.882,0.93329,0.93427,1.15,1.12
2014.12.31 21:33:47.251,0.93333,0.93427,1.00,1.12
2014.12.31 21:33:49.518,0.93326,0.93428,2.32,1.37
2014.12.31 21:33:55.073,0.93329,0.93427,1.15,1.12
2014.12.31 21:33:55.683,0.93329,0.93427,1.15,1.12
2014.12.31 21:34:27.588,0.93329,0.93423,1.15,1.00
2014.12.31 21:34:28.784,0.93329,0.93443,1.15,5.25
2014.12.31 21:34:37.264,0.93329,0.93427,1.20,1.12
2014.12.31 21:34:41.469,0.93329,0.93427,1.57,1.00
2014.12.31 21:34:41.570,0.93323,0.93443,5.25,5.25
2014.12.31 21:34:41.620,0.93323,0.93431,5.25,1.00
2014.12.31 21:34:41.721,0.93323,0.93435,5.25,1.12
2014.12.31 21:34:42.226,0.93329,0.93435,1.27,1.00
2014.12.31 21:34:50.928,0.93323,0.93443,5.25,4.87
2014.12.31 21:34:50.979,0.93323,0.93435,5.25,1.00
2014.12.31 21:34:58.128,0.93329,0.93435,1.27,1.00
2014.12.31 21:34:58.676,0.93329,0.93435,3.45,1.00
2014.12.31 21:34:59.268,0.93329,0.93446,2.32,3.07
2014.12.31 21:34:59.369,0.93329,0.93435,3.07,1.00
2014.12.31 21:35:01.478,0.93329,0.93436,2.32,1.00
2014.12.31 21:35:03.179,0.93329,0.93435,2.32,1.00
2014.12.31 21:35:10.164,0.93329,0.93436,2.32,1.12
2014.12.31 21:35:10.670,0.93329,0.93435,3.07,1.00
2014.12.31 21:35:12.309,0.93329,0.93446,2.32,3.07
2014.12.31 21:35:12.739,0.93329,0.93431,3.07,1.00
2014.12.31 21:35:14.139,0.93329,0.93446,2.32,3.07
2014.12.31 21:35:14.666,0.93329,0.93435,3.07,1.00
2014.12.31 21:35:18.170,0.93329,0.93435,1.15,1.00
2014.12.31 21:35:29.557,0.93328,0.93445,2.70,2.70
2014.12.31 21:35:29.610,0.93329,0.93435,1.15,1.00
2014.12.31 21:35:35.857,0.93328,0.93445,2.70,2.70
2014.12.31 21:35:35.958,0.93328,0.93435,2.70,1.00
2014.12.31 21:35:39.132,0.93333,0.93435,3.07,1.00
2014.12.31 21:35:39.660,0.93334,0.93435,2.32,1.00
2014.12.31 21:35:41.199,0.93334,0.93436,2.32,1.00
2014.12.31 21:35:41.987,0.93334,0.93435,2.32,1.00
2014.12.31 21:35:42.931,0.93334,0.93451,2.32,3.07
2014.12.31 21:35:43.032,0.93334,0.93435,2.32,1.00
2014.12.31 21:35:50.663,0.93334,0.93451,2.32,3.07
2014.12.31 21:35:50.764,0.93334,0.93435,2.32,1.00
2014.12.31 21:35:52.510,0.93334,0.93451,2.32,3.07
2014.12.31 21:35:52.611,0.93334,0.93435,2.32,1.00
2014.12.31 21:35:54.577,0.93334,0.93435,3.07,1.00
2014.12.31 21:35:54.628,0.9333,0.93469,3.07,2.70
2014.12.31 21:35:54.728,0.9333,0.93469,2.32,2.70
2014.12.31 21:35:54.779,0.9333,0.93469,3.07,3.07
2014.12.31 21:35:55.081,0.93348,0.93448,1.00,1.00
2014.12.31 21:35:55.131,0.9333,0.93469,3.07,2.32
2014.12.31 21:35:55.232,0.93353,0.93469,1.00,2.32
2014.12.31 21:35:55.718,0.93353,0.93459,1.00,1.00
2014.12.31 21:35:56.020,0.93353,0.93451,1.50,1.00
2014.12.31 21:35:58.183,0.93353,0.93451,1.75,1.00
2014.12.31 21:35:58.234,0.9333,0.93469,3.07,3.07
2014.12.31 21:35:58.485,0.93353,0.93451,1.75,1.00
2014.12.31 21:36:00.149,0.93352,0.93452,1.75,1.00
2014.12.31 21:36:01.861,0.93352,0.93452,1.00,1.00
2014.12.31 21:36:01.988,0.9333,0.93469,3.07,2.70
2014.12.31 21:36:02.089,0.9333,0.93451,3.07,1.00
2014.12.31 21:36:02.450,0.93352,0.93452,1.00,1.00
2014.12.31 21:36:05.820,0.93353,0.93469,1.00,2.32
2014.12.31 21:36:05.921,0.9333,0.93469,3.07,2.32
2014.12.31 21:36:06.021,0.93357,0.93463,1.00,1.10
2014.12.31 21:36:06.718,0.93357,0.93459,1.00,1.00
2014.12.31 21:36:16.898,0.93356,0.9346,1.00,1.00
2014.12.31 21:36:17.677,0.93357,0.93459,1.00,1.00
2014.12.31 21:36:20.837,0.93341,0.9348,3.07,3.07
2014.12.31 21:36:20.938,0.93341,0.93459,3.07,1.00
2014.12.31 21:36:21.397,0.93357,0.93459,1.00,1.00
2014.12.31 21:36:37.823,0.93356,0.9346,1.00,1.00
2014.12.31 21:36:41.192,0.93357,0.93459,1.00,1.00
2014.12.31 21:36:45.325,0.93356,0.9346,1.00,1.00
2014.12.31 21:36:48.893,0.93357,0.93459,1.00,1.00
2014.12.31 21:36:50.873,0.93341,0.93459,3.07,1.00
2014.12.31 21:36:51.075,0.93357,0.93459,1.00,1.00
2014.12.31 21:37:19.363,0.93356,0.9346,1.00,1.00
2014.12.31 21:37:20.967,0.93342,0.9346,3.07,1.00
2014.12.31 21:37:21.068,0.93357,0.93459,1.00,1.00
2014.12.31 21:37:21.807,0.93356,0.9346,1.00,1.00
2014.12.31 21:37:22.360,0.93357,0.93459,1.00,1.00
2014.12.31 21:37:23.647,0.93356,0.9346,1.00,1.00
2014.12.31 21:37:32.127,0.93357,0.93459,1.00,1.00
2014.12.31 21:37:41.462,0.93357,0.93481,1.00,2.32
2014.12.31 21:37:41.513,0.93357,0.93481,1.00,3.07
2014.12.31 21:37:41.563,0.93342,0.93481,3.07,3.07
2014.12.31 21:37:41.664,0.93356,0.93472,1.00,1.12
2014.12.31 21:37:41.966,0.93357,0.93463,1.00,1.00
2014.12.31 21:37:46.473,0.93357,0.93481,1.00,3.07
2014.12.31 21:37:46.582,0.93342,0.93481,3.07,3.07
2014.12.31 21:37:46.685,0.93342,0.9346,3.07,1.00
2014.12.31 21:37:47.032,0.93357,0.93459,1.00,1.00
2014.12.31 21:38:00.124,0.93342,0.93481,3.07,3.07
2014.12.31 21:38:00.225,0.93342,0.93459,3.07,1.00
2014.12.31 21:38:00.563,0.93357,0.93459,1.00,1.00
2014.12.31 21:38:18.300,0.93342,0.93483,3.00,2.25
2014.12.31 21:38:18.451,0.93343,0.93482,3.07,2.70
2014.12.31 21:38:18.767,0.93365,0.93482,1.00,2.70
2014.12.31 21:38:19.096,0.93364,0.93472,1.00,1.00
2014.12.31 21:38:19.900,0.93365,0.93471,1.00,1.00
2014.12.31 21:38:25.453,0.93344,0.93482,1.90,2.70
2014.12.31 21:38:25.554,0.93362,0.93501,2.32,2.32
2014.12.31 21:38:25.605,0.93362,0.93501,3.07,3.07
2014.12.31 21:38:25.907,0.93372,0.93501,1.00,3.07
2014.12.31 21:38:26.008,0.93373,0.93501,1.00,3.07
2014.12.31 21:38:26.109,0.93373,0.93483,1.00,1.00
2014.12.31 21:38:27.675,0.93372,0.93484,1.00,1.12
2014.12.31 21:38:31.097,0.93373,0.93483,1.00,1.00
2014.12.31 21:38:47.316,0.93385,0.93483,1.00,1.00
2014.12.31 21:38:47.477,0.93409,0.93521,1.00,1.12
2014.12.31 21:38:47.528,0.93409,0.93529,1.00,2.32
2014.12.31 21:38:47.729,0.93409,0.93495,1.00,1.00
2014.12.31 21:38:47.997,0.93409,0.93529,1.00,2.32
2014.12.31 21:38:48.047,0.93409,0.93499,1.00,1.00
2014.12.31 21:38:48.357,0.93409,0.93495,1.00,1.00
2014.12.31 21:38:48.659,0.93409,0.93529,1.00,3.45
2014.12.31 21:38:48.760,0.93409,0.93529,1.00,3.07
2014.12.31 21:38:49.264,0.93409,0.93495,1.00,1.00
2014.12.31 21:38:58.282,0.93409,0.93522,1.00,1.12
2014.12.31 21:38:58.383,0.93409,0.93495,1.00,1.00
2014.12.31 21:38:59.916,0.93409,0.93496,1.00,1.00
2014.12.31 21:39:00.608,0.93409,0.93495,1.00,1.00
2014.12.31 21:39:07.557,0.93409,0.93516,1.00,1.12
2014.12.31 21:39:07.666,0.93409,0.93495,1.00,1.00
2014.12.31 21:39:13.097,0.93409,0.93496,1.00,1.00
2014.12.31 21:39:13.690,0.93408,0.93496,1.00,1.00
2014.12.31 21:39:14.450,0.93408,0.93495,1.00,1.00
2014.12.31 21:39:20.851,0.93408,0.93524,1.00,3.07
2014.12.31 21:39:21.064,0.93408,0.93495,1.00,1.00
2014.12.31 21:39:33.525,0.93408,0.93524,1.00,3.07
2014.12.31 21:39:33.837,0.93407,0.93491,1.00,1.00
2014.12.31 21:39:50.874,0.93407,0.93523,1.00,1.27
2014.12.31 21:39:51.080,0.93407,0.93491,1.00,1.00
2014.12.31 21:40:00.171,0.93407,0.93523,1.00,1.27
2014.12.31 21:40:00.272,0.93407,0.93491,1.00,1.00
2014.12.31 21:40:10.840,0.93407,0.93492,1.00,1.00
2014.12.31 21:40:13.157,0.93407,0.93491,1.00,1.00
2014.12.31 21:40:13.912,0.93406,0.93491,1.00,1.00
2014.12.31 21:40:33.191,0.93405,0.93491,1.00,1.00
2014.12.31 21:40:42.105,0.93405,0.93491,1.00,1.37
2014.12.31 21:40:42.206,0.93403,0.93522,1.00,3.07
2014.12.31 21:40:42.380,0.93403,0.93475,1.00,1.00
2014.12.31 21:40:42.482,0.93403,0.93516,1.00,1.20
2014.12.31 21:40:42.582,0.93403,0.93471,1.00,1.00
2014.12.31 21:40:51.020,0.93396,0.93471,1.00,1.00
2014.12.31 21:40:53.645,0.93395,0.93471,1.00,1.00
2014.12.31 21:41:05.858,0.93395,0.93506,1.50,1.27
2014.12.31 21:41:05.959,0.93395,0.93471,1.50,1.00
2014.12.31 21:41:06.483,0.93395,0.93472,1.50,1.00
2014.12.31 21:41:11.730,0.93395,0.93471,1.50,1.00
2014.12.31 21:41:12.425,0.93396,0.93471,1.00,1.00
2014.12.31 21:41:13.085,0.93396,0.93472,1.00,1.00
2014.12.31 21:41:14.276,0.93396,0.93502,1.00,1.12
2014.12.31 21:41:14.377,0.93395,0.93471,1.50,1.00
2014.12.31 21:41:34.524,0.93395,0.93472,1.00,1.00
2014.12.31 21:41:35.263,0.93395,0.93471,1.00,1.00
2014.12.31 21:41:44.597,0.93395,0.93502,1.00,1.12
2014.12.31 21:41:44.698,0.93399,0.93509,1.00,3.07
2014.12.31 21:41:45.000,0.934,0.93484,1.00,1.00
2014.12.31 21:41:45.886,0.934,0.93483,1.00,1.00
2014.12.31 21:41:46.328,0.93402,0.93483,1.00,1.00
2014.12.31 21:41:52.294,0.93402,0.93484,1.00,1.00
2014.12.31 21:41:53.091,0.93402,0.93483,1.00,1.00
2014.12.31 21:42:05.881,0.93402,0.93513,1.00,1.27
2014.12.31 21:42:05.982,0.93402,0.93483,1.00,1.00
2014.12.31 21:42:25.624,0.93402,0.93513,1.00,1.27
2014.12.31 21:42:26.027,0.93402,0.93475,1.00,1.00
2014.12.31 21:42:26.530,0.93401,0.93475,1.00,1.00
2014.12.31 21:42:27.814,0.93402,0.93475,1.00,1.00
2014.12.31 21:42:29.043,0.93402,0.93476,1.00,1.00
2014.12.31 21:42:31.655,0.93402,0.93475,1.00,1.00
2014.12.31 21:42:35.874,0.93402,0.9351,1.00,1.27
2014.12.31 21:42:36.025,0.93402,0.93475,1.00,1.00
2014.12.31 21:42:37.189,0.93402,0.93476,1.00,1.00
2014.12.31 21:42:37.748,0.93402,0.93475,1.00,1.00
2014.12.31 21:43:20.931,0.93402,0.93476,1.00,1.00
2014.12.31 21:43:21.650,0.93402,0.93475,1.00,1.00
2014.12.31 21:43:22.535,0.93402,0.9351,1.00,1.27
2014.12.31 21:43:22.585,0.93402,0.9351,1.00,1.27
2014.12.31 21:43:22.787,0.93399,0.93513,1.00,3.07
2014.12.31 21:43:22.837,0.93399,0.93467,1.00,1.00
2014.12.31 21:43:23.039,0.93396,0.93467,1.00,1.00
2014.12.31 21:43:23.782,0.93396,0.93468,1.00,1.00
2014.12.31 21:43:24.669,0.93397,0.93467,1.00,1.00
2014.12.31 21:43:26.702,0.93397,0.93501,1.00,1.12
2014.12.31 21:43:26.803,0.93397,0.93467,1.00,1.00
2014.12.31 21:43:27.416,0.93397,0.93468,1.00,1.00
2014.12.31 21:43:27.964,0.93397,0.93467,1.00,1.00
2014.12.31 21:43:28.513,0.93397,0.93501,1.00,1.12
2014.12.31 21:43:28.614,0.93394,0.93513,1.00,3.07
2014.12.31 21:43:28.715,0.93394,0.93471,1.00,1.00
2014.12.31 21:43:28.816,0.93394,0.93513,1.00,3.07
2014.12.31 21:43:28.866,0.93398,0.93513,1.00,3.07
2014.12.31 21:43:29.018,0.93398,0.93513,1.00,3.07
2014.12.31 21:43:29.118,0.93398,0.93475,1.00,1.00
2014.12.31 21:43:29.294,0.93398,0.93513,1.00,3.07
2014.12.31 21:43:29.396,0.93398,0.93471,1.00,1.00
2014.12.31 21:43:30.611,0.93398,0.93513,1.00,3.07
2014.12.31 21:43:30.814,0.93397,0.93464,1.00,1.00
2014.12.31 21:43:31.551,0.93397,0.93463,1.00,1.00
2014.12.31 21:43:35.562,0.93397,0.93464,1.00,1.00
2014.12.31 21:43:37.410,0.93397,0.93463,1.00,1.00
2014.12.31 21:43:41.064,0.93395,0.93463,1.00,1.00
2014.12.31 21:43:42.756,0.93395,0.93464,1.00,1.00
2014.12.31 21:43:43.433,0.93395,0.93463,1.00,1.00
2014.12.31 21:43:50.914,0.93395,0.935,1.00,1.27
2014.12.31 21:43:51.024,0.93395,0.93463,1.00,1.00
2014.12.31 21:44:02.590,0.93385,0.93463,1.50,1.00
2014.12.31 21:44:09.353,0.93395,0.93463,1.00,1.00
2014.12.31 21:44:09.404,0.93395,0.935,1.00,1.27
2014.12.31 21:44:09.455,0.93435,0.935,0.75,1.27
2014.12.31 21:44:09.556,0.93397,0.93493,1.00,1.75
2014.12.31 21:44:09.723,0.93397,0.93468,1.00,1.00
2014.12.31 21:44:09.941,0.93397,0.93493,1.50,1.75
2014.12.31 21:44:10.054,0.93397,0.93463,1.50,1.00
2014.12.31 21:44:18.368,0.93396,0.93464,1.00,1.00
2014.12.31 21:44:19.182,0.93397,0.93463,1.00,1.00
2014.12.31 21:44:20.551,0.934,0.93463,1.00,1.00
2014.12.31 21:44:21.331,0.93397,0.93463,1.00,1.00
2014.12.31 21:44:22.455,0.934,0.93463,1.00,1.00
2014.12.31 21:44:27.609,0.93397,0.93463,1.00,1.00
2014.12.31 21:44:27.660,0.93395,0.93463,1.50,1.00
2014.12.31 21:44:27.761,0.93395,0.935,1.00,1.12
2014.12.31 21:44:27.984,0.93395,0.93463,1.00,1.00
2014.12.31 21:44:28.951,0.93395,0.93464,1.00,1.00
2014.12.31 21:44:30.896,0.93395,0.93463,1.00,1.00
2014.12.31 21:44:35.933,0.93395,0.93513,1.00,3.07
2014.12.31 21:44:36.034,0.93395,0.93463,1.00,1.00
2014.12.31 21:44:40.699,0.93393,0.93463,1.00,1.00
2014.12.31 21:44:45.080,0.93394,0.93463,1.00,1.00
2014.12.31 21:44:48.381,0.93393,0.93463,1.00,1.00
2014.12.31 21:44:50.863,0.93393,0.93499,1.00,1.20
2014.12.31 21:44:51.030,0.93396,0.93505,1.00,3.07
2014.12.31 21:44:51.627,0.93396,0.93463,1.00,1.00
2014.12.31 21:44:52.544,0.93396,0.93504,1.00,1.27
2014.12.31 21:44:52.645,0.93396,0.93463,1.00,1.00
2014.12.31 21:44:56.067,0.93396,0.93464,1.00,1.00
2014.12.31 21:44:57.881,0.93396,0.93463,1.00,1.00
2014.12.31 21:45:03.734,0.93396,0.93504,1.00,1.12
2014.12.31 21:45:03.835,0.93396,0.93471,1.00,1.00
2014.12.31 21:45:04.162,0.93396,0.93504,1.00,1.12
2014.12.31 21:45:04.263,0.93396,0.93463,1.00,1.00
2014.12.31 21:45:07.626,0.93396,0.93484,1.00,0.75
2014.12.31 21:45:07.682,0.93397,0.93467,1.00,1.00
2014.12.31 21:45:08.492,0.93397,0.93516,1.00,1.12
2014.12.31 21:45:08.593,0.93398,0.93521,1.00,1.27
2014.12.31 21:45:08.694,0.93398,0.93483,1.00,1.00
2014.12.31 21:45:08.794,0.93398,0.93521,1.00,1.27
2014.12.31 21:45:08.845,0.93402,0.93521,1.00,1.27
2014.12.31 21:45:09.147,0.93402,0.93487,1.00,1.00
2014.12.31 21:45:09.704,0.93402,0.93488,1.00,1.00
2014.12.31 21:45:10.268,0.93402,0.93487,1.00,1.00
2014.12.31 21:45:19.028,0.93402,0.93488,1.00,1.00
2014.12.31 21:45:20.338,0.93402,0.93487,1.00,1.00
2014.12.31 21:45:30.945,0.93404,0.93487,1.00,1.00
2014.12.31 21:45:34.558,0.93404,0.93488,1.00,1.00
2014.12.31 21:45:35.855,0.93404,0.93519,1.00,1.12
2014.12.31 21:45:35.965,0.93404,0.93487,1.00,1.00
2014.12.31 21:45:36.167,0.93404,0.93519,1.00,1.12
2014.12.31 21:45:36.270,0.93404,0.93483,1.00,1.00
2014.12.31 21:45:37.180,0.93404,0.93484,1.00,1.00
2014.12.31 21:45:38.176,0.93404,0.93483,1.00,1.00
2014.12.31 21:45:41.136,0.93404,0.93484,1.00,1.00
2014.12.31 21:45:41.697,0.93404,0.93483,1.00,1.00
2014.12.31 21:45:48.151,0.93404,0.93484,1.00,1.00
2014.12.31 21:45:50.973,0.93404,0.93483,1.00,1.00
2014.12.31 21:45:53.182,0.93404,0.93484,1.00,1.00
2014.12.31 21:45:55.508,0.93404,0.93483,1.00,1.00
2014.12.31 21:45:57.853,0.93404,0.93519,1.00,1.12
2014.12.31 21:45:57.954,0.93404,0.93476,1.00,1.00
2014.12.31 21:45:58.156,0.93403,0.93526,1.00,1.12
2014.12.31 21:45:58.257,0.93401,0.93475,1.00,1.00
2014.12.31 21:45:58.863,0.934,0.93475,1.00,1.00
2014.12.31 21:45:59.570,0.93402,0.93475,1.00,1.00
2014.12.31 21:46:04.906,0.93402,0.93521,1.00,1.12
2014.12.31 21:46:05.100,0.93402,0.93475,1.00,1.00
2014.12.31 21:46:13.648,0.93402,0.93476,1.00,1.00
2014.12.31 21:46:14.195,0.93402,0.93475,1.00,1.00
2014.12.31 21:46:15.453,0.93402,0.93476,1.00,1.00
2014.12.31 21:46:16.082,0.93402,0.93475,1.00,1.00
2014.12.31 21:46:17.914,0.93402,0.93476,1.00,1.00
2014.12.31 21:46:18.485,0.93402,0.93475,1.00,1.00
2014.12.31 21:46:20.918,0.93402,0.9351,1.00,1.12
2014.12.31 21:46:21.019,0.93402,0.93475,1.00,1.00
2014.12.31 21:46:25.472,0.93402,0.93476,1.00,1.00
2014.12.31 21:46:26.355,0.93402,0.93475,1.00,1.00
2014.12.31 21:46:32.007,0.93402,0.93476,1.00,1.00
2014.12.31 21:46:34.382,0.93402,0.93475,1.00,1.00
2014.12.31 21:46:37.160,0.93402,0.93476,1.00,1.00
2014.12.31 21:46:37.709,0.93402,0.93475,1.00,1.00
2014.12.31 21:46:38.292,0.93401,0.93475,1.00,1.00
2014.12.31 21:46:38.918,0.93401,0.93476,1.00,1.00
2014.12.31 21:46:39.423,0.93401,0.93475,1.00,1.00
2014.12.31 21:46:41.692,0.93401,0.9351,1.00,1.12
2014.12.31 21:46:41.793,0.93401,0.93471,1.00,1.00
2014.12.31 21:46:41.894,0.93401,0.93521,1.00,1.75
2014.12.31 21:46:41.995,0.93401,0.93472,1.00,1.00
2014.12.31 21:46:43.012,0.93401,0.93471,1.00,1.00
2014.12.31 21:46:43.555,0.93401,0.93472,1.00,1.00
2014.12.31 21:46:44.307,0.93401,0.93471,1.00,1.00
2014.12.31 21:46:46.926,0.93401,0.93507,1.00,1.12
2014.12.31 21:46:47.026,0.93399,0.93471,1.00,1.00
2014.12.31 21:46:50.762,0.93399,0.93472,1.00,1.00
2014.12.31 21:46:50.964,0.93399,0.93506,1.00,1.12
2014.12.31 21:46:51.064,0.93399,0.93471,1.00,1.00
2014.12.31 21:46:51.702,0.93399,0.93472,1.00,1.00
2014.12.31 21:46:52.254,0.93399,0.93471,1.00,1.00
2014.12.31 21:47:00.456,0.93399,0.93472,1.00,1.00
2014.12.31 21:47:04.748,0.93399,0.93471,1.00,1.00
2014.12.31 21:47:09.061,0.93399,0.93472,1.00,1.00
2014.12.31 21:47:09.870,0.93399,0.93471,1.00,1.00
2014.12.31 21:47:18.381,0.93399,0.93506,1.00,1.12
2014.12.31 21:47:18.690,0.934,0.93475,1.00,1.00
2014.12.31 21:47:20.921,0.93401,0.9351,1.00,1.12
2014.12.31 21:47:21.022,0.93401,0.93475,1.00,1.00
2014.12.31 21:47:21.123,0.93401,0.93521,1.00,1.12
2014.12.31 21:47:21.179,0.93401,0.93475,1.00,1.00
2014.12.31 21:47:23.611,0.93401,0.93517,1.00,1.12
2014.12.31 21:47:23.812,0.93403,0.93475,1.00,1.00
2014.12.31 21:47:26.332,0.93403,0.93476,1.00,1.00
2014.12.31 21:47:27.148,0.93403,0.93475,1.00,1.00
2014.12.31 21:47:35.313,0.93403,0.93476,1.00,1.00
2014.12.31 21:47:35.853,0.93403,0.93475,1.00,1.00
2014.12.31 21:47:46.516,0.93403,0.93476,1.00,1.00
2014.12.31 21:47:47.142,0.93403,0.93475,1.00,1.00
2014.12.31 21:47:53.398,0.93403,0.93476,1.00,1.00
2014.12.31 21:47:54.208,0.93403,0.93475,1.00,1.00
2014.12.31 21:48:05.892,0.93403,0.93513,1.00,1.12
2014.12.31 21:48:06.049,0.93403,0.93475,1.00,1.00
2014.12.31 21:48:06.858,0.93403,0.93476,1.00,1.00
2014.12.31 21:48:06.908,0.93401,0.93476,1.00,1.00
2014.12.31 21:48:07.434,0.93401,0.93475,1.00,1.00
2014.12.31 21:48:07.976,0.93401,0.93476,1.00,1.00
2014.12.31 21:48:08.732,0.93401,0.93475,1.00,1.00
2014.12.31 21:48:14.252,0.93401,0.93476,1.00,1.00
2014.12.31 21:48:15.352,0.93401,0.93475,1.00,1.00
2014.12.31 21:48:21.792,0.93401,0.93476,1.00,1.00
2014.12.31 21:48:22.502,0.93401,0.93475,1.00,1.00
2014.12.31 21:48:23.005,0.93401,0.93476,1.00,1.00
2014.12.31 21:48:27.139,0.93401,0.93475,1.00,1.00
2014.12.31 21:48:35.139,0.93401,0.9351,1.00,1.12
2014.12.31 21:48:35.190,0.93398,0.9351,1.00,1.12
2014.12.31 21:48:35.296,0.93398,0.93475,1.00,1.00
2014.12.31 21:48:36.082,0.934,0.93475,1.00,1.00
2014.12.31 21:48:36.912,0.934,0.93476,1.00,1.00
2014.12.31 21:48:37.013,0.934,0.93536,1.00,3.07
2014.12.31 21:48:37.114,0.93399,0.93525,1.00,1.75
2014.12.31 21:48:37.165,0.93346,0.93509,1.32,3.07
2014.12.31 21:48:37.215,0.93346,0.93496,1.32,1.12
2014.12.31 21:48:37.266,0.93318,0.93455,2.32,1.00
2014.12.31 21:48:37.367,0.93299,0.93484,1.00,5.25
2014.12.31 21:48:37.467,0.93291,0.93484,4.50,5.25
2014.12.31 21:48:37.521,0.93291,0.93439,4.50,0.75
2014.12.31 21:48:37.933,0.93345,0.93439,0.75,0.75
2014.12.31 21:48:38.170,0.93345,0.9348,0.75,1.27
2014.12.31 21:48:38.221,0.93345,0.93478,1.00,1.27
2014.12.31 21:48:38.472,0.93291,0.93439,5.25,1.00
2014.12.31 21:48:38.573,0.93341,0.93439,1.00,1.00
2014.12.31 21:48:38.782,0.93291,0.9344,5.25,1.00
2014.12.31 21:48:38.946,0.93349,0.93439,0.75,1.00
2014.12.31 21:48:39.491,0.93291,0.93439,5.25,1.00
2014.12.31 21:48:39.591,0.93341,0.93439,1.00,1.00
2014.12.31 21:48:40.079,0.93297,0.93471,1.27,1.12
2014.12.31 21:48:40.281,0.93341,0.93439,1.00,1.00
2014.12.31 21:48:41.801,0.93295,0.93439,1.27,1.00
2014.12.31 21:48:41.902,0.93337,0.93439,1.00,1.00
2014.12.31 21:48:42.082,0.93295,0.93439,1.27,1.00
2014.12.31 21:48:42.183,0.93345,0.93439,1.00,1.00
2014.12.31 21:48:44.836,0.93291,0.93484,4.87,4.87
2014.12.31 21:48:44.942,0.93329,0.93484,0.75,5.25
2014.12.31 21:48:45.260,0.93349,0.93447,0.75,1.00
2014.12.31 21:48:45.311,0.93349,0.93484,0.75,5.25
2014.12.31 21:48:45.412,0.93349,0.93451,0.75,1.00
2014.12.31 21:48:45.714,0.9333,0.93451,0.75,1.00
2014.12.31 21:48:45.917,0.93303,0.93479,1.12,1.27
2014.12.31 21:48:46.168,0.93357,0.93451,1.00,1.00
2014.12.31 21:48:50.551,0.933,0.93484,1.12,5.25
2014.12.31 21:48:50.651,0.933,0.93484,1.12,4.50
2014.12.31 21:48:50.702,0.93308,0.93484,1.12,5.25
2014.12.31 21:48:51.054,0.93361,0.93463,1.00,1.00
2014.12.31 21:48:51.104,0.93361,0.93484,1.00,5.25
2014.12.31 21:48:51.261,0.93361,0.93467,1.00,1.00
2014.12.31 21:48:51.677,0.93361,0.93484,1.00,5.25
2014.12.31 21:48:51.727,0.93361,0.93484,1.00,5.25
2014.12.31 21:48:51.778,0.93308,0.93484,1.12,5.25
2014.12.31 21:48:51.878,0.93361,0.93463,1.00,1.00
2014.12.31 21:48:53.137,0.9337,0.93463,1.00,1.00
2014.12.31 21:48:53.187,0.9337,0.93484,1.00,4.50
2014.12.31 21:48:53.238,0.93377,0.93484,1.00,4.50
2014.12.31 21:48:53.738,0.93381,0.93479,1.00,1.00
2014.12.31 21:48:54.295,0.93377,0.93479,1.00,1.00
2014.12.31 21:48:54.735,0.93385,0.93479,1.00,1.00
2014.12.31 21:48:55.354,0.93377,0.9351,1.00,2.32
2014.12.31 21:48:55.404,0.93377,0.9351,1.37,3.07
2014.12.31 21:48:55.710,0.93393,0.93479,1.00,1.00
2014.12.31 21:48:56.349,0.93385,0.93479,1.00,1.00
2014.12.31 21:48:56.518,0.93377,0.93479,1.37,1.00
2014.12.31 21:48:56.619,0.93393,0.93479,1.00,1.00
2014.12.31 21:48:56.850,0.93377,0.9351,1.37,3.07
2014.12.31 21:48:56.919,0.93377,0.93479,1.37,1.00
2014.12.31 21:48:57.323,0.93393,0.93479,1.00,1.00
2014.12.31 21:48:59.238,0.93392,0.9348,1.00,1.00
2014.12.31 21:48:59.389,0.93377,0.9351,1.37,3.07
2014.12.31 21:48:59.490,0.93393,0.93479,1.00,1.00
2014.12.31 21:49:00.262,0.93347,0.93479,1.27,0.75
2014.12.31 21:49:00.363,0.93401,0.93479,1.00,0.75
2014.12.31 21:49:00.663,0.93362,0.93522,1.12,1.12
2014.12.31 21:49:00.856,0.93401,0.93479,1.00,0.75
2014.12.31 21:49:01.158,0.93344,0.93479,3.45,0.75
2014.12.31 21:49:01.381,0.93389,0.93479,1.00,0.75
2014.12.31 21:49:01.711,0.93344,0.93479,3.45,0.75
2014.12.31 21:49:01.762,0.93401,0.93479,1.00,0.75
2014.12.31 21:49:02.368,0.93344,0.93479,3.45,0.75
2014.12.31 21:49:02.469,0.93389,0.93479,1.00,0.75
2014.12.31 21:49:02.699,0.93344,0.93479,3.45,0.75
2014.12.31 21:49:02.800,0.93401,0.93479,1.00,0.75
2014.12.31 21:49:03.311,0.93344,0.93479,3.45,0.75
2014.12.31 21:49:03.412,0.93389,0.93479,1.00,0.75
2014.12.31 21:49:03.582,0.93344,0.93479,3.45,0.75
2014.12.31 21:49:03.733,0.93401,0.93479,1.00,0.75
2014.12.31 21:49:04.896,0.93344,0.93479,3.45,0.75
2014.12.31 21:49:05.047,0.93393,0.93479,1.00,0.75
2014.12.31 21:49:05.201,0.93344,0.93479,3.45,0.75
2014.12.31 21:49:05.352,0.93401,0.93479,1.00,0.75
2014.12.31 21:49:05.720,0.93344,0.93479,3.45,0.75
2014.12.31 21:49:05.820,0.93344,0.93479,2.70,0.75
2014.12.31 21:49:05.921,0.93344,0.93525,2.32,1.12
2014.12.31 21:49:06.022,0.93373,0.93535,1.00,3.07
2014.12.31 21:49:06.323,0.93344,0.93479,3.07,0.75
2014.12.31 21:49:06.941,0.93365,0.93479,1.00,0.75
2014.12.31 21:49:08.480,0.93344,0.93479,3.07,0.75
2014.12.31 21:49:08.581,0.93369,0.93479,1.00,0.75
2014.12.31 21:49:10.241,0.93344,0.9348,3.07,0.75
2014.12.31 21:49:10.342,0.93365,0.93479,1.00,0.75
2014.12.31 21:49:12.217,0.93355,0.93479,0.75,1.00
2014.12.31 21:49:12.268,0.93316,0.93459,2.25,2.25
2014.12.31 21:49:12.369,0.93267,0.93459,3.07,3.07
2014.12.31 21:49:12.419,0.93267,0.93431,3.07,1.00
2014.12.31 21:49:12.770,0.93266,0.93431,2.25,1.45
2014.12.31 21:49:12.821,0.93238,0.93432,5.25,5.62
2014.12.31 21:49:12.921,0.93238,0.93432,4.50,5.25
2014.12.31 21:49:13.072,0.93285,0.93431,0.75,1.15
2014.12.31 21:49:13.573,0.93238,0.93432,5.25,4.50
2014.12.31 21:49:13.674,0.93238,0.93383,5.25,0.75
2014.12.31 21:49:13.976,0.93276,0.93432,0.75,5.25
2014.12.31 21:49:14.397,0.93285,0.93387,1.00,1.00
2014.12.31 21:49:14.447,0.93285,0.93432,1.00,5.25
2014.12.31 21:49:14.548,0.93238,0.93432,5.25,4.87
2014.12.31 21:49:14.649,0.93293,0.93432,1.00,4.87
2014.12.31 21:49:15.141,0.93293,0.93395,1.00,1.00
2014.12.31 21:49:15.191,0.93263,0.93395,1.12,1.00
2014.12.31 21:49:15.293,0.93249,0.93395,1.12,1.00
2014.12.31 21:49:15.394,0.93293,0.93395,1.00,1.00
2014.12.31 21:49:15.762,0.93249,0.93395,1.12,1.00
2014.12.31 21:49:15.902,0.933,0.93396,0.75,1.00
2014.12.31 21:49:16.668,0.93301,0.93395,1.00,1.00
2014.12.31 21:49:18.098,0.93301,0.93432,1.00,4.50
2014.12.31 21:49:18.198,0.93243,0.93432,1.27,4.50
2014.12.31 21:49:18.299,0.93301,0.93415,0.75,1.00
2014.12.31 21:49:20.391,0.93263,0.93432,1.12,5.25
2014.12.31 21:49:20.492,0.93238,0.93432,5.25,4.50
2014.12.31 21:49:20.593,0.933,0.93428,0.75,1.15
2014.12.31 21:49:21.106,0.93301,0.93427,0.75,1.15
2014.12.31 21:49:21.687,0.933,0.93428,0.75,1.15
2014.12.31 21:49:21.845,0.93246,0.93432,1.00,4.50
2014.12.31 21:49:21.946,0.93238,0.93423,5.25,1.00
2014.12.31 21:49:22.454,0.93301,0.93423,0.75,1.00
2014.12.31 21:49:26.897,0.933,0.93424,0.75,1.00
2014.12.31 21:49:27.890,0.93301,0.93423,0.75,1.00
2014.12.31 21:49:35.870,0.93246,0.93495,1.00,1.12
2014.12.31 21:49:35.971,0.93237,0.93423,1.12,0.75
2014.12.31 21:49:36.319,0.93301,0.93423,0.75,0.75
2014.12.31 21:49:40.928,0.933,0.93424,0.75,0.75
2014.12.31 21:49:42.361,0.93301,0.93423,0.75,0.75
2014.12.31 21:49:53.470,0.93236,0.93495,1.12,1.12
2014.12.31 21:49:53.571,0.93301,0.93423,0.75,0.75
2014.12.31 21:49:55.631,0.93301,0.9341,1.37,1.00
2014.12.31 21:49:56.127,0.93301,0.93393,1.37,1.00
2014.12.31 21:50:00.301,0.93301,0.93393,0.75,1.00
2014.12.31 21:50:00.352,0.93256,0.93393,1.12,1.00
2014.12.31 21:50:00.452,0.93321,0.93394,0.75,1.00
2014.12.31 21:50:01.406,0.93262,0.93394,1.12,1.00
2014.12.31 21:50:01.507,0.93321,0.93394,0.75,1.00
2014.12.31 21:50:01.823,0.93327,0.93395,0.75,1.00
2014.12.31 21:50:02.514,0.93329,0.93396,1.37,1.00
2014.12.31 21:50:02.833,0.93327,0.93398,0.75,1.00
2014.12.31 21:50:03.786,0.93329,0.93396,1.37,1.00
2014.12.31 21:50:04.905,0.93297,0.93398,1.12,1.00
2014.12.31 21:50:06.016,0.93297,0.93397,1.12,1.00
2014.12.31 21:50:07.440,0.93297,0.93398,1.12,1.00
2014.12.31 21:50:07.795,0.93329,0.93396,1.37,1.00
2014.12.31 21:50:08.506,0.93329,0.93396,1.00,1.75
2014.12.31 21:50:08.557,0.93271,0.93394,1.12,1.75
2014.12.31 21:50:08.607,0.93291,0.93394,0.75,1.75
2014.12.31 21:50:09.010,0.93245,0.93371,1.12,1.00
2014.12.31 21:50:09.110,0.93249,0.93393,1.12,1.75
2014.12.31 21:50:09.422,0.93285,0.93371,1.00,1.00
2014.12.31 21:50:10.181,0.93259,0.93392,1.12,1.00
2014.12.31 21:50:10.282,0.93247,0.93392,1.12,1.00
2014.12.31 21:50:10.433,0.93289,0.93392,0.75,0.75
2014.12.31 21:50:10.534,0.93245,0.93499,0.75,1.12
2014.12.31 21:50:10.634,0.93289,0.93415,0.75,0.75
2014.12.31 21:50:10.735,0.93203,0.93501,1.12,1.00
2014.12.31 21:50:10.785,0.93246,0.93501,0.75,1.75
2014.12.31 21:50:11.096,0.93301,0.93431,0.75,0.75
2014.12.31 21:50:11.197,0.93301,0.93501,0.75,1.75
2014.12.31 21:50:11.297,0.93301,0.93427,0.75,0.75
2014.12.31 21:50:11.900,0.93226,0.93501,1.12,1.75
2014.12.31 21:50:12.000,0.93305,0.93501,0.75,1.75
2014.12.31 21:50:12.417,0.93305,0.93427,0.75,0.75
2014.12.31 21:50:13.934,0.93246,0.93489,1.12,1.12
2014.12.31 21:50:14.084,0.93305,0.93501,0.75,1.87
2014.12.31 21:50:14.399,0.93305,0.93427,0.75,0.75
2014.12.31 21:50:15.160,0.93305,0.93489,0.75,1.12
2014.12.31 21:50:15.260,0.93304,0.93502,0.75,1.12
2014.12.31 21:50:15.361,0.93305,0.93427,0.75,0.75
2014.12.31 21:50:16.768,0.93246,0.93489,1.12,1.12
2014.12.31 21:50:17.019,0.93305,0.93427,0.75,0.75
2014.12.31 21:50:17.119,0.93305,0.93501,0.75,1.12
2014.12.31 21:50:17.220,0.93305,0.93427,0.75,0.75
2014.12.31 21:50:20.100,0.93305,0.93489,0.75,1.12
2014.12.31 21:50:20.201,0.93226,0.93511,1.12,1.50
2014.12.31 21:50:20.251,0.93254,0.93499,1.12,1.12
2014.12.31 21:50:20.591,0.93313,0.93435,0.75,0.75
2014.12.31 21:50:20.692,0.93313,0.93475,1.00,0.75
2014.12.31 21:50:20.743,0.93313,0.93452,1.00,0.75
2014.12.31 21:50:21.272,0.93325,0.93443,1.12,1.00
2014.12.31 21:50:21.927,0.9332,0.93472,0.75,1.12
2014.12.31 21:50:22.028,0.93328,0.93444,1.00,1.00
2014.12.31 21:50:22.129,0.93329,0.93451,1.00,0.75
2014.12.31 21:50:22.230,0.93328,0.93444,1.00,1.00
2014.12.31 21:50:22.979,0.93329,0.93443,1.00,1.00
2014.12.31 21:50:25.662,0.93271,0.93451,1.12,0.75
2014.12.31 21:50:25.763,0.9324,0.93479,1.12,1.12
2014.12.31 21:50:25.813,0.9329,0.9339,0.75,0.75
2014.12.31 21:50:26.141,0.9329,0.93379,0.75,0.75
2014.12.31 21:50:26.242,0.93288,0.93379,0.75,1.00
2014.12.31 21:50:27.278,0.93293,0.93388,1.12,0.75
2014.12.31 21:50:27.329,0.93293,0.93427,1.00,1.12
2014.12.31 21:50:27.430,0.93293,0.93434,1.00,1.12
2014.12.31 21:50:27.546,0.93283,0.93434,0.75,0.75
2014.12.31 21:50:27.596,0.93283,0.93411,0.75,1.00
2014.12.31 21:50:27.866,0.93241,0.93489,1.12,1.37
2014.12.31 21:50:28.104,0.93301,0.93431,0.75,0.75
2014.12.31 21:50:28.412,0.93301,0.93503,0.75,1.12
2014.12.31 21:50:28.513,0.93301,0.93427,0.75,0.75
2014.12.31 21:50:30.303,0.9328,0.93428,0.75,1.00
2014.12.31 21:50:30.408,0.93301,0.93427,1.00,1.00
2014.12.31 21:50:30.695,0.9328,0.93427,0.75,1.00
2014.12.31 21:50:30.847,0.9329,0.93427,0.75,1.00
2014.12.31 21:50:31.290,0.93309,0.93427,1.00,1.00
2014.12.31 21:50:35.366,0.93247,0.93427,0.37,0.75
2014.12.31 21:50:35.466,0.9321,0.93514,1.75,1.50
2014.12.31 21:50:35.539,0.9321,0.93514,1.75,1.50
2014.12.31 21:50:35.640,0.93304,0.93428,0.75,0.75
2014.12.31 21:50:36.666,0.93305,0.93427,0.75,0.75
2014.12.31 21:50:36.953,0.9321,0.93427,1.75,0.75
2014.12.31 21:50:37.054,0.93297,0.93427,0.75,0.75
2014.12.31 21:50:37.154,0.9321,0.93427,1.75,0.75
2014.12.31 21:50:37.255,0.93301,0.93427,0.75,0.75
2014.12.31 21:50:40.203,0.9321,0.93427,1.75,0.75
2014.12.31 21:50:40.303,0.9321,0.93514,1.75,1.50
2014.12.31 21:50:40.378,0.93305,0.93427,0.75,0.75
2014.12.31 21:50:40.479,0.93305,0.93514,0.75,1.50
2014.12.31 21:50:40.580,0.93305,0.93427,0.75,0.75
2014.12.31 21:50:41.568,0.93305,0.93427,1.00,1.50
2014.12.31 21:50:41.869,0.93305,0.93381,1.50,1.00
2014.12.31 21:50:42.515,0.93305,0.93382,1.50,1.00
2014.12.31 21:50:45.964,0.933,0.93382,0.75,1.00
2014.12.31 21:50:46.065,0.93259,0.93378,1.12,1.00
2014.12.31 21:50:46.367,0.93285,0.93374,1.50,1.00
2014.12.31 21:50:46.675,0.93293,0.93374,0.75,1.00
2014.12.31 21:50:47.134,0.93289,0.93371,1.50,1.00
2014.12.31 21:50:54.317,0.93289,0.93368,1.50,1.00
2014.12.31 21:50:55.170,0.93289,0.93368,1.50,1.00
2014.12.31 21:50:55.271,0.93284,0.93367,0.75,1.00
2014.12.31 21:50:55.422,0.93277,0.93355,1.50,1.00
2014.12.31 21:50:55.473,0.93277,0.93355,1.50,1.00
2014.12.31 21:50:55.573,0.93277,0.93355,1.50,0.75
2014.12.31 21:50:56.008,0.93289,0.93355,0.75,0.75
2014.12.31 21:50:56.058,0.93289,0.93363,0.75,1.00
2014.12.31 21:50:56.410,0.93288,0.93365,0.75,1.00
2014.12.31 21:50:56.715,0.93276,0.93367,1.50,1.00
2014.12.31 21:50:57.167,0.93281,0.93365,1.50,1.00
2014.12.31 21:50:57.356,0.93287,0.93367,0.75,1.00
2014.12.31 21:50:57.607,0.93277,0.93363,1.50,1.00
2014.12.31 21:50:58.356,0.93281,0.93364,1.50,1.00
2014.12.31 21:50:59.018,0.93281,0.93365,1.50,1.00
2014.12.31 21:50:59.343,0.93281,0.93364,1.50,1.00
2014.12.31 21:50:59.924,0.93281,0.93364,1.50,1.00
2014.12.31 21:51:01.211,0.93281,0.93359,1.50,1.00
2014.12.31 21:51:03.455,0.93281,0.93357,1.50,1.00
2014.12.31 21:51:03.960,0.93288,0.93356,0.75,1.00
2014.12.31 21:51:04.946,0.93281,0.93354,1.50,1.00
2014.12.31 21:51:12.611,0.93281,0.93354,1.50,1.00
2014.12.31 21:51:15.021,0.93277,0.93354,1.50,1.00
2014.12.31 21:51:15.531,0.93277,0.93355,1.50,1.00
2014.12.31 21:51:16.055,0.93276,0.93352,1.50,1.00
2014.12.31 21:51:20.539,0.93277,0.93352,0.75,1.00
2014.12.31 21:51:20.639,0.93228,0.93352,1.12,1.00
2014.12.31 21:51:20.690,0.93228,0.9336,1.12,1.00
2014.12.31 21:51:20.841,0.93289,0.9336,0.75,1.00
2014.12.31 21:51:20.941,0.93222,0.9336,1.12,1.00
2014.12.31 21:51:21.042,0.9321,0.9336,1.75,1.00
2014.12.31 21:51:21.466,0.93285,0.9336,0.75,1.00
2014.12.31 21:51:21.666,0.93285,0.93366,0.75,1.00
2014.12.31 21:51:21.725,0.9321,0.93366,1.75,1.00
2014.12.31 21:51:21.775,0.93296,0.93366,0.75,1.00
2014.12.31 21:51:22.080,0.93231,0.93366,1.12,1.00
2014.12.31 21:51:22.181,0.93296,0.93366,0.75,1.00
2014.12.31 21:51:22.876,0.93293,0.93364,1.50,1.00
2014.12.31 21:51:23.168,0.93272,0.93364,0.37,1.00
2014.12.31 21:51:23.269,0.93296,0.93364,0.75,1.00
2014.12.31 21:51:26.243,0.93293,0.93364,0.75,1.00
2014.12.31 21:51:26.294,0.93231,0.93364,1.12,1.00
2014.12.31 21:51:26.344,0.93296,0.93364,0.75,1.00
2014.12.31 21:51:29.667,0.93293,0.93364,1.50,1.00
2014.12.31 21:51:30.173,0.9323,0.93363,1.12,1.00
2014.12.31 21:51:30.274,0.933,0.93364,0.75,1.00
2014.12.31 21:51:30.832,0.93301,0.93363,0.75,1.00
2014.12.31 21:51:30.933,0.93228,0.93368,1.12,1.00
2014.12.31 21:51:31.035,0.93228,0.93363,1.12,1.00
2014.12.31 21:51:31.186,0.93301,0.93363,0.75,1.00
2014.12.31 21:51:31.667,0.93301,0.93368,0.75,1.00
2014.12.31 21:51:31.869,0.93301,0.93363,0.75,1.00
2014.12.31 21:51:36.205,0.933,0.93364,0.75,1.00
2014.12.31 21:51:38.209,0.93301,0.93363,0.75,1.00
2014.12.31 21:51:39.661,0.93229,0.93363,1.12,1.00
2014.12.31 21:51:39.762,0.93301,0.93363,0.75,1.00
2014.12.31 21:51:43.679,0.9323,0.93367,1.12,1.00
2014.12.31 21:51:43.971,0.93301,0.93363,0.75,1.00
2014.12.31 21:51:49.813,0.933,0.93364,0.75,1.00
2014.12.31 21:51:50.818,0.9323,0.93363,1.12,1.00
2014.12.31 21:51:50.919,0.9323,0.93367,1.12,1.00
2014.12.31 21:51:51.026,0.93301,0.93363,0.75,1.00
2014.12.31 21:51:55.262,0.933,0.93364,0.75,1.00
2014.12.31 21:51:56.371,0.93301,0.93363,0.75,1.00
2014.12.31 21:51:58.390,0.93301,0.93365,0.75,1.50
2014.12.31 21:51:58.492,0.933,0.9336,0.75,1.00
2014.12.31 21:51:58.887,0.9323,0.93365,1.12,1.50
2014.12.31 21:51:59.038,0.93236,0.93359,1.12,1.00
2014.12.31 21:51:59.138,0.93301,0.93359,0.75,1.00
2014.12.31 21:51:59.930,0.93301,0.93362,0.75,1.00
2014.12.31 21:52:03.160,0.93236,0.93362,1.12,1.00
2014.12.31 21:52:03.261,0.93236,0.93362,1.12,1.00
2014.12.31 21:52:03.361,0.93301,0.93362,0.75,1.00
2014.12.31 21:52:04.434,0.93291,0.93362,0.75,1.75
2014.12.31 21:52:04.535,0.93288,0.93356,1.00,1.37
2014.12.31 21:52:05.138,0.93289,0.93355,1.00,1.12
2014.12.31 21:52:06.282,0.93277,0.93355,0.75,1.12
2014.12.31 21:52:06.333,0.93243,0.93355,1.12,1.75
2014.12.31 21:52:06.384,0.93243,0.93341,1.12,1.00
2014.12.31 21:52:06.435,0.93243,0.93338,1.12,1.00
2014.12.31 21:52:06.636,0.93211,0.93338,1.12,1.00
2014.12.31 21:52:06.686,0.93206,0.93334,1.12,1.00
2014.12.31 21:52:06.996,0.93257,0.93343,1.00,1.00
2014.12.31 21:52:07.320,0.93257,0.93339,1.00,1.00
2014.12.31 21:52:07.627,0.93257,0.93339,1.00,1.75
2014.12.31 21:52:07.932,0.93257,0.93325,1.00,1.00
2014.12.31 21:52:07.982,0.93241,0.93325,0.75,1.00
2014.12.31 21:52:08.133,0.93241,0.93323,0.75,1.00
2014.12.31 21:52:08.184,0.93185,0.93323,1.12,1.00
2014.12.31 21:52:08.284,0.93185,0.93329,1.12,1.00
2014.12.31 21:52:08.385,0.93257,0.93329,0.75,1.00
2014.12.31 21:52:08.888,0.93257,0.93332,0.75,1.00
2014.12.31 21:52:08.988,0.93191,0.93332,1.12,1.00
2014.12.31 21:52:09.039,0.93261,0.93332,0.75,1.00
2014.12.31 21:52:09.240,0.93196,0.93332,1.12,1.00
2014.12.31 21:52:09.391,0.93196,0.93332,0.37,1.00
2014.12.31 21:52:09.441,0.93261,0.93317,0.75,1.00
2014.12.31 21:52:09.542,0.93233,0.93317,0.75,1.00
2014.12.31 21:52:09.643,0.93253,0.93327,1.00,1.00
2014.12.31 21:52:09.944,0.93233,0.93328,0.75,1.00
2014.12.31 21:52:09.995,0.93207,0.93328,0.75,1.00
2014.12.31 21:52:10.045,0.93249,0.93328,0.75,1.00
2014.12.31 21:52:10.548,0.93207,0.93327,0.75,1.00
2014.12.31 21:52:10.649,0.93252,0.93327,0.75,1.00
2014.12.31 21:52:10.866,0.93228,0.93327,0.75,1.00
2014.12.31 21:52:10.967,0.93253,0.93327,1.00,1.00
2014.12.31 21:52:14.583,0.93228,0.93327,0.75,1.00
2014.12.31 21:52:14.684,0.93253,0.93327,1.00,1.00
2014.12.31 21:52:15.394,0.93252,0.93327,1.00,1.00
2014.12.31 21:52:15.899,0.93253,0.93327,1.00,1.00
2014.12.31 21:52:17.545,0.93253,0.9333,1.00,1.00
2014.12.31 21:52:18.765,0.93253,0.93331,1.00,1.00
2014.12.31 21:52:18.816,0.93253,0.93335,1.00,1.00
2014.12.31 21:52:18.985,0.93253,0.93339,1.00,1.00
2014.12.31 21:52:19.136,0.93253,0.93335,1.00,1.00
2014.12.31 21:52:19.239,0.93234,0.93339,0.75,1.00
2014.12.31 21:52:19.339,0.93253,0.9334,1.00,1.50
2014.12.31 21:52:19.893,0.93253,0.93339,1.00,1.00
2014.12.31 21:52:20.372,0.93234,0.93339,0.75,1.00
2014.12.31 21:52:20.473,0.93253,0.93339,1.00,1.00
2014.12.31 21:52:21.987,0.93252,0.9334,1.00,1.50
2014.12.31 21:52:22.727,0.93253,0.93335,1.00,1.12
2014.12.31 21:52:26.404,0.93252,0.93336,1.00,1.37
2014.12.31 21:52:27.728,0.93253,0.93335,1.00,1.12
2014.12.31 21:52:28.824,0.93253,0.93335,1.00,1.37
2014.12.31 21:52:29.704,0.93253,0.93335,1.00,1.12
2014.12.31 21:52:33.593,0.93252,0.93336,1.00,1.37
2014.12.31 21:52:33.694,0.93236,0.93335,0.75,1.12
2014.12.31 21:52:33.998,0.93261,0.93335,1.00,1.12
2014.12.31 21:52:34.549,0.9326,0.93335,1.00,1.12
2014.12.31 21:52:35.107,0.93261,0.93335,1.00,1.87
2014.12.31 21:52:36.793,0.93261,0.93335,1.00,1.87
2014.12.31 21:52:37.253,0.9326,0.93325,1.00,1.00
2014.12.31 21:52:38.530,0.9326,0.9333,1.00,1.00
2014.12.31 21:52:38.839,0.93229,0.9333,0.75,1.00
2014.12.31 21:52:38.939,0.93257,0.9333,1.00,1.00
2014.12.31 21:52:39.040,0.93229,0.9333,0.75,1.00
2014.12.31 21:52:39.141,0.93253,0.9333,1.00,1.00
2014.12.31 21:52:40.104,0.93253,0.93325,1.00,1.00
2014.12.31 21:52:42.473,0.93252,0.93325,1.00,1.00
2014.12.31 21:52:42.975,0.93253,0.93325,1.00,1.00
2014.12.31 21:52:53.473,0.93202,0.93325,1.12,1.00
2014.12.31 21:52:53.574,0.93231,0.93325,0.75,1.00
2014.12.31 21:52:53.674,0.93249,0.9332,1.00,1.00
2014.12.31 21:52:53.875,0.93231,0.9332,0.75,1.00
2014.12.31 21:52:53.979,0.93249,0.9332,1.00,1.00
2014.12.31 21:52:54.198,0.93231,0.9332,0.75,1.00
2014.12.31 21:52:54.300,0.93253,0.9332,1.00,1.00
2014.12.31 21:52:57.484,0.93253,0.93325,1.00,1.00
2014.12.31 21:52:58.399,0.93233,0.93325,0.75,1.00
2014.12.31 21:52:58.500,0.93253,0.93325,1.00,1.00
2014.12.31 21:52:59.094,0.93233,0.93325,0.75,1.00
2014.12.31 21:52:59.195,0.93257,0.93325,1.00,1.00
2014.12.31 21:53:00.736,0.93238,0.93325,0.75,1.00
2014.12.31 21:53:00.938,0.93253,0.93325,1.00,1.00
2014.12.31 21:53:01.245,0.93257,0.93325,1.00,1.00
2014.12.31 21:53:01.373,0.93257,0.93335,1.00,2.25
2014.12.31 21:53:01.424,0.93238,0.93335,0.75,2.25
2014.12.31 21:53:01.625,0.93265,0.93335,1.00,2.25
2014.12.31 21:53:01.949,0.93238,0.93335,0.75,1.50
2014.12.31 21:53:02.000,0.93263,0.93335,1.00,1.50
2014.12.31 21:53:02.337,0.93265,0.93335,1.00,2.25
2014.12.31 21:53:03.358,0.93264,0.93335,1.00,1.50
2014.12.31 21:53:03.983,0.93265,0.93335,1.00,2.25
2014.12.31 21:53:04.870,0.93263,0.93335,1.00,2.25
2014.12.31 21:53:05.513,0.93264,0.93336,1.00,1.75
2014.12.31 21:53:06.298,0.93265,0.93335,1.00,1.50
2014.12.31 21:53:08.894,0.93264,0.93336,1.00,1.75
2014.12.31 21:53:11.464,0.93264,0.93336,1.00,1.00
2014.12.31 21:53:11.680,0.93263,0.93335,1.00,1.37
2014.12.31 21:53:11.831,0.93263,0.93335,1.00,1.50
2014.12.31 21:53:12.194,0.93264,0.93335,1.00,1.37
2014.12.31 21:53:12.900,0.93265,0.93335,1.00,1.87
2014.12.31 21:53:13.229,0.93265,0.9333,1.00,1.00
2014.12.31 21:53:15.479,0.93263,0.9333,1.00,1.00
2014.12.31 21:53:15.580,0.93265,0.9333,1.00,1.00
2014.12.31 21:53:17.833,0.93265,0.93325,1.00,1.00
2014.12.31 21:53:18.722,0.93263,0.93325,1.00,1.00
2014.12.31 21:53:18.928,0.93257,0.93325,1.00,1.00
2014.12.31 21:53:26.098,0.93257,0.9333,1.50,1.00
2014.12.31 21:53:26.985,0.9326,0.9333,1.00,1.00
2014.12.31 21:53:27.586,0.93261,0.9333,1.00,1.00
2014.12.31 21:53:27.920,0.93257,0.9333,1.00,1.00
2014.12.31 21:53:28.317,0.9326,0.9333,1.00,1.00
2014.12.31 21:53:29.287,0.93261,0.9333,1.00,1.00
2014.12.31 21:53:31.648,0.93257,0.9333,1.00,1.00
2014.12.31 21:53:32.053,0.93261,0.9333,1.00,1.00
2014.12.31 21:53:32.450,0.93257,0.9333,1.00,1.00
2014.12.31 21:53:32.651,0.93261,0.9333,1.00,1.00
2014.12.31 21:53:35.989,0.93257,0.9333,1.00,1.00
2014.12.31 21:53:36.089,0.9326,0.9333,1.00,1.00
2014.12.31 21:53:36.191,0.93257,0.9333,1.00,1.00
2014.12.31 21:53:36.392,0.93261,0.9333,1.00,1.00
2014.12.31 21:53:48.264,0.93257,0.9333,1.00,1.00
2014.12.31 21:53:48.364,0.93261,0.9333,1.00,1.00
2014.12.31 21:53:48.979,0.93257,0.9333,1.00,1.00
2014.12.31 21:53:49.089,0.93265,0.9333,1.00,1.00
2014.12.31 21:53:50.079,0.93257,0.9333,1.00,1.00
2014.12.31 21:53:50.303,0.93265,0.9333,1.00,1.00
2014.12.31 21:53:52.014,0.93258,0.9333,0.75,1.00
2014.12.31 21:53:52.165,0.93256,0.9333,1.00,1.00
2014.12.31 21:53:52.669,0.93257,0.9333,1.00,1.00
2014.12.31 21:53:55.849,0.93255,0.9333,1.00,1.00
2014.12.31 21:53:55.950,0.93257,0.9333,1.00,1.00
2014.12.31 21:53:56.479,0.93257,0.9333,1.37,1.00
2014.12.31 21:53:58.579,0.93257,0.93325,1.37,1.00
2014.12.31 21:54:04.032,0.93256,0.93325,1.00,1.00
2014.12.31 21:54:04.083,0.93256,0.93328,1.00,1.00
2014.12.31 21:54:04.183,0.93224,0.93328,1.75,1.00
2014.12.31 21:54:04.284,0.93244,0.93326,1.00,1.00
2014.12.31 21:54:04.818,0.93243,0.93325,1.00,1.00
2014.12.31 21:54:06.816,0.93245,0.93325,1.00,1.00
2014.12.31 21:54:11.061,0.93245,0.93326,1.00,1.00
2014.12.31 21:54:11.306,0.93242,0.93326,1.00,1.00
2014.12.31 21:54:11.419,0.93244,0.93326,1.00,1.00
2014.12.31 21:54:13.262,0.93242,0.93326,1.12,1.00
2014.12.31 21:54:13.465,0.93245,0.93326,1.00,1.00
2014.12.31 21:54:14.888,0.93242,0.93326,1.00,1.00
2014.12.31 21:54:15.489,0.93243,0.93325,1.00,1.00
2014.12.31 21:54:15.595,0.93243,0.93319,1.00,1.00
2014.12.31 21:54:16.050,0.9324,0.93319,1.00,1.00
2014.12.31 21:54:16.551,0.9324,0.9332,1.00,1.00
2014.12.31 21:54:17.109,0.9324,0.93319,1.00,1.00
2014.12.31 21:54:17.819,0.9324,0.93324,1.00,1.00
2014.12.31 21:54:17.920,0.93243,0.93325,1.00,1.00
2014.12.31 21:54:18.221,0.93237,0.93319,1.00,1.00
2014.12.31 21:54:18.846,0.93237,0.93315,1.00,1.00
2014.12.31 21:54:20.023,0.93237,0.93319,1.00,1.00
2014.12.31 21:54:20.325,0.9324,0.93321,1.00,1.00
2014.12.31 21:54:20.411,0.93243,0.93325,1.00,1.00
2014.12.31 21:54:23.653,0.93243,0.93325,1.00,1.37
2014.12.31 21:54:24.457,0.93243,0.93325,1.00,1.50
2014.12.31 21:54:30.861,0.93242,0.93324,1.00,1.37
2014.12.31 21:54:41.016,0.9324,0.93324,1.00,1.37
2014.12.31 21:54:52.761,0.93241,0.93315,1.00,1.00
2014.12.31 21:54:53.171,0.93241,0.9331,1.50,1.00
2014.12.31 21:54:53.559,0.93245,0.9331,1.00,1.00
2014.12.31 21:55:00.261,0.93241,0.9331,1.00,1.00
2014.12.31 21:55:00.361,0.93244,0.9331,1.00,1.00
2014.12.31 21:55:01.302,0.93245,0.9331,1.00,1.00
2014.12.31 21:55:02.431,0.93245,0.93316,1.00,1.00
2014.12.31 21:55:02.777,0.93245,0.9332,1.00,1.00
2014.12.31 21:55:02.828,0.93243,0.9332,1.00,1.00
2014.12.31 21:55:02.985,0.93245,0.9332,1.00,1.00
2014.12.31 21:55:05.972,0.93245,0.9331,1.00,1.00
2014.12.31 21:55:08.142,0.93241,0.9331,1.00,1.00
2014.12.31 21:55:08.344,0.93245,0.9331,1.00,1.00
2014.12.31 21:55:09.672,0.93245,0.93315,1.00,1.00
2014.12.31 21:55:11.323,0.93245,0.9331,1.00,1.00
2014.12.31 21:55:12.183,0.93241,0.9331,1.00,1.00
2014.12.31 21:55:12.288,0.93249,0.9331,1.00,1.00
2014.12.31 21:55:14.212,0.93241,0.9331,1.00,1.00
2014.12.31 21:55:14.313,0.93248,0.9331,1.00,1.00
2014.12.31 21:55:15.314,0.93249,0.9331,1.00,1.00
2014.12.31 21:55:18.129,0.93241,0.9331,1.00,1.00
2014.12.31 21:55:18.242,0.93249,0.9331,1.00,1.00
2014.12.31 21:55:20.962,0.93241,0.9331,1.00,1.00
2014.12.31 21:55:21.062,0.93248,0.9331,1.00,1.00
2014.12.31 21:55:21.163,0.93241,0.9331,1.00,1.00
2014.12.31 21:55:21.269,0.93249,0.9331,1.00,1.00
2014.12.31 21:55:24.299,0.93241,0.9331,1.00,1.00
2014.12.31 21:55:24.400,0.93249,0.9331,1.00,1.00
2014.12.31 21:55:27.744,0.93249,0.93315,1.00,1.00
2014.12.31 21:55:44.186,0.93248,0.93315,1.00,1.00
2014.12.31 21:55:49.235,0.93243,0.93315,1.00,1.00
2014.12.31 21:55:49.335,0.93249,0.93315,1.00,1.00
2014.12.31 21:55:50.124,0.93243,0.93315,1.00,1.00
2014.12.31 21:55:50.243,0.93249,0.93315,1.00,1.00
2014.12.31 21:55:54.001,0.93249,0.93325,1.00,1.87
2014.12.31 21:55:54.152,0.93249,0.9332,1.00,1.00
2014.12.31 21:55:56.114,0.93248,0.9332,1.00,1.00
2014.12.31 21:55:57.122,0.93249,0.9332,1.00,1.00
2014.12.31 21:56:03.901,0.93249,0.93315,1.00,1.00
2014.12.31 21:56:03.951,0.93245,0.93315,1.00,1.00
2014.12.31 21:56:04.153,0.93249,0.93315,1.00,1.00
2014.12.31 21:56:05.045,0.93249,0.9331,1.00,1.00
2014.12.31 21:56:06.010,0.93245,0.9331,1.37,1.00
2014.12.31 21:56:06.541,0.93245,0.93315,1.37,1.00
2014.12.31 21:56:07.437,0.93249,0.93315,1.00,1.00
2014.12.31 21:56:09.992,0.93249,0.93323,1.00,1.00
2014.12.31 21:56:10.092,0.93249,0.9332,1.00,1.00
2014.12.31 21:56:10.143,0.93247,0.9332,1.00,1.00
2014.12.31 21:56:10.243,0.93244,0.9332,1.50,1.00
2014.12.31 21:56:10.430,0.93244,0.9332,1.87,1.37
2014.12.31 21:56:15.431,0.93244,0.93323,1.37,1.00
2014.12.31 21:56:15.532,0.93247,0.93325,1.00,1.00
2014.12.31 21:56:15.632,0.93255,0.93325,1.00,1.00
2014.12.31 21:56:15.683,0.93255,0.93335,1.00,1.50
2014.12.31 21:56:17.051,0.93256,0.93335,1.00,1.50
2014.12.31 21:56:17.101,0.93256,0.9333,1.00,1.00
2014.12.31 21:56:17.321,0.93255,0.93335,1.00,1.50
2014.12.31 21:56:19.081,0.93255,0.93325,1.00,1.00
2014.12.31 21:56:19.620,0.93256,0.93325,1.00,1.00
2014.12.31 21:56:20.126,0.93257,0.93325,1.00,1.00
2014.12.31 21:56:20.873,0.93257,0.93335,1.00,1.50
2014.12.31 21:56:21.290,0.93254,0.93335,1.00,1.50
2014.12.31 21:56:21.541,0.93257,0.93335,1.00,1.50
2014.12.31 21:56:26.154,0.93257,0.93325,1.00,1.00
2014.12.31 21:56:27.359,0.93255,0.93325,1.00,1.00
2014.12.31 21:56:27.460,0.93257,0.93325,1.00,1.00
2014.12.31 21:56:28.772,0.93257,0.9333,1.00,1.00
2014.12.31 21:56:29.572,0.93257,0.93335,1.00,1.00
2014.12.31 21:56:29.677,0.93256,0.93338,1.00,1.00
2014.12.31 21:56:29.777,0.93227,0.9337,0.75,0.75
2014.12.31 21:56:29.984,0.93256,0.93364,1.00,1.00
2014.12.31 21:56:30.582,0.93257,0.93363,1.00,1.00
2014.12.31 21:56:30.691,0.93227,0.93363,0.75,1.00
2014.12.31 21:56:30.892,0.93257,0.93363,1.00,1.00
2014.12.31 21:56:31.196,0.93227,0.9337,0.75,0.75
2014.12.31 21:56:31.297,0.93257,0.93363,1.00,1.00
2014.12.31 21:56:38.050,0.93209,0.93363,1.12,1.00
2014.12.31 21:56:38.264,0.93257,0.93363,1.00,1.00
2014.12.31 21:56:44.011,0.93219,0.93363,1.12,1.00
2014.12.31 21:56:44.316,0.93257,0.93363,1.00,1.00
2014.12.31 21:56:46.017,0.9321,0.93373,1.12,0.75
2014.12.31 21:56:46.068,0.9321,0.93406,1.12,1.12
2014.12.31 21:56:46.118,0.93238,0.93367,0.75,1.00
2014.12.31 21:56:46.641,0.93265,0.93367,1.00,1.00
2014.12.31 21:56:46.951,0.93199,0.93368,1.12,1.00
2014.12.31 21:56:47.119,0.93261,0.93367,1.00,1.00
2014.12.31 21:56:47.549,0.93237,0.93367,0.75,1.00
2014.12.31 21:56:47.664,0.93265,0.93367,1.00,1.00
2014.12.31 21:56:50.892,0.93214,0.93367,1.12,1.00
2014.12.31 21:56:51.095,0.93265,0.93367,1.00,1.00
2014.12.31 21:56:52.511,0.93264,0.93368,1.00,1.00
2014.12.31 21:56:53.227,0.93215,0.93367,1.12,1.00
2014.12.31 21:56:53.428,0.93265,0.93367,1.00,1.00
2014.12.31 21:57:08.014,0.93237,0.93363,0.75,1.00
2014.12.31 21:57:08.114,0.93257,0.93363,1.00,1.00
2014.12.31 21:57:08.416,0.93257,0.93371,1.00,0.75
2014.12.31 21:57:13.186,0.93256,0.93368,1.00,1.37
2014.12.31 21:57:15.213,0.93257,0.93367,1.00,1.37
2014.12.31 21:57:17.128,0.93213,0.93371,1.12,0.75
2014.12.31 21:57:17.329,0.93256,0.93368,1.00,1.37
2014.12.31 21:57:19.623,0.93257,0.93367,1.00,1.37
2014.12.31 21:57:22.997,0.9321,0.93367,1.12,1.37
2014.12.31 21:57:23.203,0.93257,0.93367,1.00,1.37
2014.12.31 21:57:23.760,0.93257,0.93367,1.00,1.37
2014.12.31 21:57:24.111,0.9323,0.93367,0.75,1.37
2014.12.31 21:57:24.516,0.93249,0.93367,1.00,1.37
2014.12.31 21:57:24.687,0.9323,0.93367,0.75,1.37
2014.12.31 21:57:24.797,0.93253,0.93367,1.00,1.37
2014.12.31 21:57:26.332,0.93211,0.93367,1.12,1.37
2014.12.31 21:57:26.534,0.93253,0.93367,1.00,1.37
2014.12.31 21:57:26.638,0.93238,0.93367,0.75,1.37
2014.12.31 21:57:26.738,0.93257,0.93367,1.00,1.37
2014.12.31 21:57:26.940,0.93238,0.93367,0.75,1.37
2014.12.31 21:57:27.040,0.93253,0.93367,1.00,1.37
2014.12.31 21:57:27.345,0.93257,0.93367,1.00,1.37
2014.12.31 21:57:29.748,0.93238,0.93367,0.75,1.37
2014.12.31 21:57:29.848,0.93249,0.93367,1.00,1.37
2014.12.31 21:57:30.271,0.93257,0.93367,1.00,1.37
2014.12.31 21:57:30.854,0.93238,0.93368,0.75,1.37
2014.12.31 21:57:30.977,0.93257,0.93367,1.00,1.37
2014.12.31 21:57:35.957,0.93238,0.93367,0.75,1.37
2014.12.31 21:57:36.058,0.93257,0.93367,1.00,1.37
2014.12.31 21:57:59.007,0.93244,0.93367,0.75,1.00
2014.12.31 21:57:59.209,0.93265,0.93367,1.00,1.37
2014.12.31 21:57:59.544,0.93249,0.93367,0.75,1.37
2014.12.31 21:57:59.645,0.93269,0.93367,1.00,1.37
2014.12.31 21:58:02.593,0.93269,0.93367,1.00,1.00
2014.12.31 21:58:02.644,0.93214,0.93368,1.12,1.00
2014.12.31 21:58:02.957,0.93269,0.93367,1.00,1.00
2014.12.31 21:58:05.882,0.93214,0.93374,1.12,0.75
2014.12.31 21:58:05.983,0.93241,0.93367,0.75,1.00
2014.12.31 21:58:06.492,0.93269,0.93367,1.00,1.00
2014.12.31 21:58:09.506,0.93244,0.93414,0.75,1.12
2014.12.31 21:58:09.843,0.93256,0.93388,1.00,1.50
2014.12.31 21:58:10.158,0.93269,0.93414,1.00,1.12
2014.12.31 21:58:10.309,0.93244,0.93387,0.75,1.37
2014.12.31 21:58:10.547,0.93264,0.93388,1.00,1.50
2014.12.31 21:58:10.761,0.93244,0.93387,0.75,1.37
2014.12.31 21:58:11.165,0.93265,0.93371,1.00,1.00
2014.12.31 21:58:19.738,0.93202,0.93371,1.12,0.75
2014.12.31 21:58:20.040,0.93245,0.93367,1.00,1.37
2014.12.31 21:58:20.688,0.93245,0.93367,1.00,1.37
2014.12.31 21:58:20.961,0.93225,0.93367,0.75,1.37
2014.12.31 21:58:21.062,0.93245,0.93367,1.00,1.37
2014.12.31 21:58:21.231,0.93245,0.93367,1.00,1.00
2014.12.31 21:58:22.278,0.93244,0.93368,1.00,1.37
2014.12.31 21:58:22.392,0.93231,0.93367,0.75,1.12
2014.12.31 21:58:22.443,0.93245,0.93367,1.00,1.12
2014.12.31 21:58:27.783,0.93217,0.93369,0.75,0.75
2014.12.31 21:58:27.884,0.93237,0.93403,1.00,1.12
2014.12.31 21:58:28.188,0.93241,0.93367,1.00,1.00
2014.12.31 21:58:28.497,0.93244,0.93368,1.00,1.12
2014.12.31 21:58:30.425,0.93245,0.93367,1.00,1.00
2014.12.31 21:58:35.724,0.93224,0.93367,0.75,1.00
2014.12.31 21:58:35.824,0.93241,0.93367,1.00,1.00
2014.12.31 21:58:40.636,0.93183,0.935,0.37,1.42
2014.12.31 21:58:40.737,0.93141,0.93498,1.05,1.12
2014.12.31 21:58:40.787,0.93205,0.93416,0.75,0.75
2014.12.31 21:58:41.267,0.93241,0.93407,0.75,0.75
2014.12.31 21:58:41.844,0.93179,0.93446,1.12,1.12
2014.12.31 21:58:41.995,0.93241,0.93379,1.00,0.75
2014.12.31 21:58:42.899,0.93241,0.93402,1.00,0.75
2014.12.31 21:58:43.000,0.93205,0.93415,1.12,1.12
2014.12.31 21:58:43.201,0.93241,0.93402,1.00,0.75
2014.12.31 21:58:43.502,0.93241,0.93375,1.00,1.00
2014.12.31 21:58:44.199,0.93183,0.93431,1.12,1.12
2014.12.31 21:58:44.250,0.93205,0.93383,1.12,0.75
2014.12.31 21:58:44.570,0.93241,0.93375,1.00,1.00
2014.12.31 21:58:44.817,0.93241,0.93383,1.00,0.75
2014.12.31 21:58:44.918,0.93241,0.93371,1.00,1.00
2014.12.31 21:58:45.806,0.93241,0.93383,1.00,0.75
2014.12.31 21:58:45.907,0.93241,0.93367,1.00,1.00
2014.12.31 21:58:46.008,0.93183,0.93374,1.12,0.75
2014.12.31 21:58:46.109,0.93183,0.93367,1.12,1.00
2014.12.31 21:58:46.415,0.93241,0.93382,1.00,0.75
2014.12.31 21:58:46.716,0.93233,0.93367,1.00,1.00
2014.12.31 21:58:46.955,0.93183,0.93367,1.12,1.00
2014.12.31 21:58:47.055,0.93236,0.93368,1.00,1.00
2014.12.31 21:58:47.574,0.93183,0.93373,1.12,0.75
2014.12.31 21:58:47.886,0.93233,0.93373,1.00,0.75
2014.12.31 21:58:47.937,0.93233,0.93415,1.00,1.12
2014.12.31 21:58:48.037,0.93182,0.93382,1.12,0.75
2014.12.31 21:58:48.088,0.93182,0.93375,1.12,1.00
2014.12.31 21:58:48.553,0.93237,0.93375,1.00,1.00
2014.12.31 21:58:48.654,0.93182,0.93375,1.12,1.00
2014.12.31 21:58:48.756,0.93241,0.93375,1.00,1.00
2014.12.31 21:58:48.857,0.93182,0.93375,1.12,1.00
2014.12.31 21:58:48.958,0.93237,0.93375,1.00,1.00
2014.12.31 21:58:49.162,0.93182,0.93375,1.12,1.00
2014.12.31 21:58:49.312,0.93241,0.93375,1.00,1.00
2014.12.31 21:58:49.413,0.93241,0.93382,1.00,0.75
2014.12.31 21:58:49.513,0.93213,0.93372,0.75,1.00
2014.12.31 21:58:49.614,0.93197,0.93382,1.12,0.75
2014.12.31 21:58:49.717,0.93213,0.93371,0.75,1.00
2014.12.31 21:58:50.037,0.93233,0.93371,1.00,1.00
2014.12.31 21:58:50.088,0.93213,0.93371,0.75,1.00
2014.12.31 21:58:50.188,0.93237,0.93371,1.00,1.00
2014.12.31 21:58:50.483,0.93213,0.93371,0.75,1.00
2014.12.31 21:58:50.634,0.93237,0.93371,1.00,1.00
2014.12.31 21:58:50.787,0.93213,0.93372,0.75,1.00
2014.12.31 21:58:51.139,0.93237,0.93371,1.00,1.00
2014.12.31 21:58:51.293,0.93213,0.93371,0.75,1.00
2014.12.31 21:58:51.394,0.93241,0.93371,1.00,1.00
2014.12.31 21:58:51.498,0.93213,0.93371,0.75,1.00
2014.12.31 21:58:51.548,0.93221,0.93371,0.75,1.00
2014.12.31 21:58:51.598,0.93197,0.93385,1.12,0.75
2014.12.31 21:58:51.850,0.93245,0.93379,1.00,1.00
2014.12.31 21:58:51.951,0.93221,0.93379,0.75,1.00
2014.12.31 21:58:52.109,0.93249,0.93379,1.00,1.00
2014.12.31 21:58:52.416,0.93253,0.93379,1.00,1.00
2014.12.31 21:58:52.947,0.93191,0.93379,1.12,1.00
2014.12.31 21:58:53.048,0.93252,0.93385,1.00,0.75
2014.12.31 21:58:53.264,0.9319,0.9338,1.12,1.12
2014.12.31 21:58:53.364,0.93257,0.93379,1.00,1.00
2014.12.31 21:59:00.209,0.93164,0.93456,1.12,1.12
2014.12.31 21:59:00.309,0.93164,0.93456,1.12,1.12
2014.12.31 21:59:00.360,0.93177,0.93438,1.12,1.12
2014.12.31 21:59:02.468,0.93241,0.93374,0.37,0.37
