2010.05.18 06:00:00.037,0.64555,0.6459,4.80,6.00
2010.05.18 06:00:02.986,0.64555,0.6458,4.00,1.00
2010.05.18 06:00:03.329,0.64555,0.6458,1.60,4.00
2010.05.18 06:00:03.666,0.6455,0.64585,3.20,7.50
2010.05.18 06:00:09.586,0.6455,0.64575,2.40,1.00
2010.05.18 06:00:09.826,0.64545,0.64575,1.00,2.40
2010.05.18 06:00:10.739,0.6454,0.64575,6.40,2.40
2010.05.18 06:00:11.068,0.6454,0.64575,5.60,2.40
2010.05.18 06:00:11.397,0.6454,0.6457,4.00,1.00
2010.05.18 06:00:11.730,0.64535,0.64565,2.40,1.00
2010.05.18 06:00:12.585,0.64535,0.6457,4.00,6.40
2010.05.18 06:00:12.930,0.64535,0.64565,6.60,1.00
2010.05.18 06:00:13.136,0.64535,0.64565,3.20,1.00
2010.05.18 06:00:13.535,0.64535,0.64565,3.40,1.00
2010.05.18 06:00:14.521,0.64535,0.64565,3.20,1.00
2010.05.18 06:00:14.732,0.64535,0.6456,2.40,3.20
2010.05.18 06:00:14.947,0.64535,0.6456,2.40,3.60
2010.05.18 06:00:15.830,0.6453,0.64565,3.20,1.00
2010.05.18 06:00:17.974,0.6453,0.64565,3.40,1.00
2010.05.18 06:00:18.274,0.6453,0.64565,3.20,1.00
2010.05.18 06:00:21.470,0.6453,0.64565,3.40,1.00
2010.05.18 06:00:21.784,0.6453,0.64565,3.20,1.00
2010.05.18 06:00:23.387,0.6453,0.6456,2.40,1.00
2010.05.18 06:00:23.525,0.6453,0.6456,1.00,2.40
2010.05.18 06:00:23.664,0.64525,0.6456,4.80,2.40
2010.05.18 06:00:28.506,0.64525,0.6456,5.00,2.40
2010.05.18 06:00:28.788,0.64525,0.6456,4.80,2.40
2010.05.18 06:00:29.064,0.64525,0.6456,5.00,2.40
2010.05.18 06:00:33.507,0.64525,0.6456,4.80,2.40
2010.05.18 06:00:33.739,0.64525,0.6456,5.00,2.40
2010.05.18 06:00:34.642,0.64525,0.6456,4.90,2.40
2010.05.18 06:00:34.991,0.6452,0.64555,3.20,1.00
2010.05.18 06:00:35.634,0.6452,0.64555,1.60,1.00
2010.05.18 06:00:36.355,0.6452,0.64555,1.00,1.00
2010.05.18 06:00:36.581,0.6452,0.64555,3.20,1.00
2010.05.18 06:00:37.918,0.6452,0.64555,6.40,1.00
2010.05.18 06:00:38.207,0.6452,0.64555,3.20,1.00
2010.05.18 06:00:39.657,0.6452,0.64555,3.20,1.00
2010.05.18 06:00:40.003,0.64515,0.64545,6.40,1.00
2010.05.18 06:00:40.368,0.64515,0.64545,2.40,1.00
2010.05.18 06:00:41.446,0.64515,0.64545,3.20,1.00
2010.05.18 06:00:42.645,0.64525,0.64555,1.00,7.20
2010.05.18 06:00:42.937,0.6452,0.64555,6.40,1.00
2010.05.18 06:00:43.658,0.6452,0.64555,3.20,1.00
2010.05.18 06:00:43.863,0.6452,0.64555,2.40,1.00
2010.05.18 06:00:44.056,0.6452,0.6455,1.60,1.00
2010.05.18 06:00:45.009,0.6452,0.64545,2.40,1.00
2010.05.18 06:00:45.666,0.6452,0.6455,2.40,1.00
2010.05.18 06:00:46.847,0.6452,0.64545,1.00,1.00
2010.05.18 06:00:47.074,0.6452,0.64545,1.00,1.00
2010.05.18 06:00:47.385,0.6452,0.6455,1.00,3.60
2010.05.18 06:00:48.115,0.64515,0.6455,4.00,3.60
2010.05.18 06:00:48.142,0.64515,0.6455,4.00,6.80
2010.05.18 06:00:48.460,0.6452,0.64555,3.20,4.00
2010.05.18 06:00:48.776,0.6452,0.64555,3.20,1.00
2010.05.18 06:00:49.098,0.6452,0.6455,3.20,6.40
2010.05.18 06:00:49.769,0.6452,0.6455,3.20,6.40
2010.05.18 06:00:50.091,0.64515,0.64545,3.20,1.00
2010.05.18 06:00:54.686,0.64515,0.6455,4.40,1.00
2010.05.18 06:00:57.954,0.64515,0.64545,2.40,1.00
2010.05.18 06:00:58.054,0.64515,0.64545,3.20,1.00
2010.05.18 06:01:00.396,0.64515,0.6455,4.00,1.20
2010.05.18 06:01:00.687,0.64515,0.6455,4.40,1.00
2010.05.18 06:01:01.481,0.6452,0.6455,1.60,1.00
2010.05.18 06:01:01.640,0.64525,0.64555,1.00,1.00
2010.05.18 06:01:03.607,0.64525,0.6456,1.00,9.90
2010.05.18 06:01:04.556,0.6454,0.6457,2.40,9.10
2010.05.18 06:01:04.767,0.6454,0.6457,2.40,1.00
2010.05.18 06:01:06.693,0.64545,0.64575,1.00,4.00
2010.05.18 06:01:06.811,0.6455,0.64575,2.40,1.00
2010.05.18 06:01:06.925,0.6454,0.64575,9.60,1.00
2010.05.18 06:01:07.035,0.6454,0.64575,6.40,1.00
2010.05.18 06:01:07.793,0.64545,0.6458,1.00,9.10
2010.05.18 06:01:08.127,0.6454,0.64575,6.40,1.00
2010.05.18 06:01:08.487,0.64545,0.6458,1.00,9.10
2010.05.18 06:01:08.827,0.6455,0.64575,2.40,1.00
2010.05.18 06:01:09.025,0.64545,0.64575,2.40,1.00
2010.05.18 06:01:09.226,0.6455,0.6458,2.40,7.20
2010.05.18 06:01:09.426,0.6455,0.6458,2.40,1.00
2010.05.18 06:01:10.313,0.6455,0.64575,2.40,1.00
2010.05.18 06:01:10.531,0.64545,0.64575,1.00,1.00
2010.05.18 06:01:13.034,0.64545,0.64575,1.00,1.20
2010.05.18 06:01:13.106,0.64545,0.6457,1.00,1.00
2010.05.18 06:01:13.238,0.6454,0.6457,6.40,1.00
2010.05.18 06:01:13.508,0.6454,0.6457,5.60,1.00
2010.05.18 06:01:15.498,0.6454,0.6457,5.70,1.00
2010.05.18 06:01:15.674,0.6454,0.6457,5.60,1.00
2010.05.18 06:01:15.886,0.6454,0.64575,5.60,1.20
2010.05.18 06:01:15.975,0.6454,0.64575,5.70,1.00
2010.05.18 06:01:16.996,0.6455,0.6458,2.40,1.60
2010.05.18 06:01:17.080,0.6455,0.64575,2.40,1.00
2010.05.18 06:01:17.156,0.64545,0.64575,1.00,1.00
2010.05.18 06:01:18.846,0.6455,0.6458,3.20,1.00
2010.05.18 06:01:19.118,0.6455,0.6458,1.00,1.00
2010.05.18 06:01:19.386,0.6455,0.6458,3.20,4.00
2010.05.18 06:01:19.657,0.6455,0.6458,3.20,1.00
2010.05.18 06:01:21.624,0.6455,0.6458,2.40,1.00
2010.05.18 06:01:24.015,0.64555,0.64585,1.00,8.40
2010.05.18 06:01:24.864,0.6456,0.64585,2.40,6.40
2010.05.18 06:01:25.036,0.6456,0.6459,2.40,7.50
2010.05.18 06:01:27.047,0.64565,0.6459,1.00,5.90
2010.05.18 06:01:27.314,0.6456,0.6459,3.20,2.70
2010.05.18 06:01:28.043,0.6456,0.64595,4.00,9.60
2010.05.18 06:01:28.298,0.6456,0.64595,4.00,3.60
2010.05.18 06:01:34.238,0.6456,0.64595,4.80,2.80
2010.05.18 06:01:34.364,0.6456,0.64595,4.80,1.00
2010.05.18 06:01:34.485,0.64565,0.64595,1.00,1.00
2010.05.18 06:01:36.445,0.6457,0.64595,1.00,3.20
2010.05.18 06:01:36.605,0.6457,0.646,3.20,3.60
2010.05.18 06:01:37.487,0.6457,0.64605,6.40,1.00
2010.05.18 06:01:37.825,0.6458,0.6461,2.40,12.70
2010.05.18 06:01:38.167,0.6458,0.64615,3.20,11.10
2010.05.18 06:01:39.182,0.6458,0.64615,4.00,7.90
2010.05.18 06:01:39.528,0.6458,0.64615,4.00,4.90
2010.05.18 06:01:40.164,0.6458,0.64615,4.00,4.70
2010.05.18 06:01:40.973,0.6458,0.64615,4.00,2.30
2010.05.18 06:01:41.246,0.6458,0.64615,4.00,2.50
2010.05.18 06:01:42.801,0.6458,0.64615,4.00,4.10
2010.05.18 06:01:43.161,0.6458,0.6461,3.20,1.00
2010.05.18 06:01:45.597,0.6458,0.64615,4.00,3.30
2010.05.18 06:01:46.465,0.6458,0.6461,3.20,1.00
2010.05.18 06:01:47.144,0.6458,0.64615,4.00,9.70
2010.05.18 06:01:48.220,0.6458,0.6461,3.20,1.00
2010.05.18 06:01:53.108,0.6458,0.64615,4.00,8.30
2010.05.18 06:01:53.206,0.6458,0.6461,3.20,1.00
2010.05.18 06:01:56.741,0.6458,0.64615,4.80,1.00
2010.05.18 06:01:57.035,0.6458,0.64615,4.40,1.00
2010.05.18 06:01:58.138,0.6459,0.6462,3.20,4.70
2010.05.18 06:01:58.349,0.6459,0.6462,3.20,1.60
2010.05.18 06:01:58.558,0.6459,0.6462,2.80,1.00
2010.05.18 06:02:07.117,0.64605,0.64625,1.00,5.90
2010.05.18 06:02:07.348,0.6461,0.64625,2.40,1.00
2010.05.18 06:02:07.666,0.64595,0.6463,1.60,11.10
2010.05.18 06:02:07.986,0.646,0.64625,2.40,3.90
2010.05.18 06:02:08.950,0.646,0.64625,3.20,3.90
2010.05.18 06:02:09.090,0.646,0.6463,3.20,4.70
2010.05.18 06:02:13.273,0.646,0.6463,3.20,7.90
2010.05.18 06:02:13.494,0.646,0.6463,3.20,11.10
2010.05.18 06:02:18.350,0.646,0.6463,4.00,1.00
2010.05.18 06:02:18.500,0.646,0.64635,4.20,11.90
2010.05.18 06:02:18.646,0.64605,0.64635,1.60,11.10
2010.05.18 06:02:18.787,0.64605,0.64635,1.00,8.70
2010.05.18 06:02:18.928,0.64605,0.64635,1.00,11.90
2010.05.18 06:02:19.864,0.646,0.64635,4.40,12.90
2010.05.18 06:02:20.007,0.646,0.6463,4.00,1.50
2010.05.18 06:02:25.046,0.646,0.6463,4.10,1.50
2010.05.18 06:02:25.385,0.646,0.6463,7.20,1.50
2010.05.18 06:02:26.105,0.646,0.64635,7.20,5.90
2010.05.18 06:02:26.386,0.64605,0.64635,1.00,5.10
2010.05.18 06:02:26.666,0.64605,0.64635,1.60,1.50
2010.05.18 06:02:26.946,0.6461,0.6464,2.40,4.70
2010.05.18 06:02:27.504,0.64605,0.6464,1.70,4.70
2010.05.18 06:02:28.806,0.64605,0.64635,1.70,1.00
2010.05.18 06:02:28.895,0.64605,0.64635,1.60,1.00
2010.05.18 06:02:34.485,0.64605,0.6464,1.70,9.10
2010.05.18 06:02:35.275,0.6461,0.6464,1.00,4.30
2010.05.18 06:02:35.538,0.6461,0.6464,4.00,3.90
2010.05.18 06:02:36.318,0.64605,0.6464,10.40,4.70
2010.05.18 06:02:37.156,0.64605,0.6464,8.80,4.70
2010.05.18 06:02:37.495,0.64605,0.6464,1.60,4.70
2010.05.18 06:02:39.249,0.64605,0.6464,4.90,4.70
2010.05.18 06:02:39.425,0.64605,0.6464,1.70,4.70
2010.05.18 06:02:40.267,0.64605,0.6464,3.20,4.70
2010.05.18 06:02:40.600,0.6461,0.6464,4.00,3.90
2010.05.18 06:02:41.249,0.64605,0.6464,8.50,4.70
2010.05.18 06:02:42.219,0.64605,0.6464,1.70,4.70
2010.05.18 06:02:43.356,0.64605,0.6464,1.60,4.70
2010.05.18 06:02:44.307,0.6461,0.6464,1.00,3.90
2010.05.18 06:02:45.113,0.6461,0.6464,1.60,3.90
2010.05.18 06:02:45.207,0.6461,0.6464,5.60,3.90
2010.05.18 06:02:48.878,0.6461,0.6464,4.80,4.70
2010.05.18 06:02:49.820,0.64615,0.6464,1.60,3.90
2010.05.18 06:02:52.092,0.6462,0.64645,2.40,3.90
2010.05.18 06:02:53.434,0.6461,0.6464,4.00,3.20
2010.05.18 06:02:53.685,0.6461,0.6464,4.00,6.40
2010.05.18 06:02:53.934,0.6461,0.6464,4.00,3.20
2010.05.18 06:02:54.184,0.6461,0.64645,4.00,12.70
2010.05.18 06:02:55.186,0.64615,0.64645,1.00,11.10
2010.05.18 06:02:55.525,0.64615,0.64645,1.60,7.90
2010.05.18 06:02:55.647,0.64615,0.64645,1.60,4.70
2010.05.18 06:02:55.765,0.6461,0.64645,4.40,4.70
2010.05.18 06:02:56.486,0.64615,0.64645,1.60,3.90
2010.05.18 06:02:56.782,0.6462,0.6465,3.20,2.30
2010.05.18 06:02:57.626,0.6461,0.64645,13.00,2.40
2010.05.18 06:02:58.319,0.6461,0.64645,13.00,2.40
2010.05.18 06:02:58.657,0.6461,0.64645,4.00,6.30
2010.05.18 06:02:58.827,0.64605,0.6464,10.20,1.00
2010.05.18 06:02:58.994,0.64605,0.6464,2.20,1.00
2010.05.18 06:02:59.979,0.64605,0.6464,1.60,3.90
2010.05.18 06:03:00.546,0.6461,0.6464,1.60,3.10
2010.05.18 06:03:00.836,0.6461,0.6464,5.60,3.10
2010.05.18 06:03:01.848,0.6461,0.64645,6.20,5.50
2010.05.18 06:03:02.025,0.6461,0.64645,5.60,5.50
2010.05.18 06:03:02.196,0.6461,0.64645,5.60,6.30
2010.05.18 06:03:02.375,0.6461,0.64645,5.60,6.50
2010.05.18 06:03:03.150,0.6461,0.64645,5.60,6.30
2010.05.18 06:03:03.766,0.6461,0.64645,5.60,6.30
2010.05.18 06:03:04.080,0.6462,0.6465,3.20,14.30
2010.05.18 06:03:05.086,0.64625,0.64655,1.00,6.30
2010.05.18 06:03:06.963,0.64625,0.64655,1.00,5.50
2010.05.18 06:03:07.403,0.64625,0.6465,1.00,1.50
2010.05.18 06:03:07.524,0.6462,0.6465,2.40,3.50
2010.05.18 06:03:08.304,0.6462,0.6465,2.40,5.10
2010.05.18 06:03:12.806,0.6462,0.6465,3.20,3.50
2010.05.18 06:03:13.518,0.6462,0.6465,4.80,1.50
2010.05.18 06:03:13.648,0.6463,0.64655,2.40,1.00
2010.05.18 06:03:13.984,0.6463,0.6466,2.40,4.70
2010.05.18 06:03:14.716,0.6463,0.6466,2.40,6.30
2010.05.18 06:03:14.992,0.6462,0.6465,4.50,1.00
2010.05.18 06:03:15.257,0.6462,0.6465,4.40,1.00
2010.05.18 06:03:16.300,0.6463,0.64655,1.00,11.20
2010.05.18 06:03:16.631,0.6464,0.6467,2.40,4.70
2010.05.18 06:03:18.293,0.64645,0.64675,2.00,6.40
2010.05.18 06:03:18.386,0.64645,0.64675,2.00,1.60
2010.05.18 06:03:18.485,0.64645,0.64675,2.50,1.00
2010.05.18 06:03:19.376,0.64645,0.64675,1.00,2.00
2010.05.18 06:03:19.716,0.64645,0.64675,1.00,2.40
2010.05.18 06:03:20.056,0.6464,0.64675,11.50,1.20
2010.05.18 06:03:20.995,0.64645,0.64675,1.00,1.00
2010.05.18 06:03:21.654,0.64645,0.64675,2.60,1.00
2010.05.18 06:03:22.951,0.64645,0.64675,1.00,1.00
2010.05.18 06:03:23.635,0.64645,0.64675,1.00,2.00
2010.05.18 06:03:24.642,0.6464,0.64675,6.70,2.80
2010.05.18 06:03:25.892,0.6464,0.6467,1.00,4.00
2010.05.18 06:03:26.170,0.6464,0.6467,1.00,4.00
2010.05.18 06:03:26.496,0.6464,0.6467,1.00,4.00
2010.05.18 06:03:29.439,0.6464,0.6467,1.30,3.20
2010.05.18 06:03:29.667,0.6464,0.64675,1.30,5.90
2010.05.18 06:03:30.114,0.6464,0.64675,1.30,10.70
2010.05.18 06:03:30.336,0.6464,0.6467,1.00,1.60
2010.05.18 06:03:31.229,0.6464,0.6467,1.00,3.20
2010.05.18 06:03:31.572,0.64635,0.6467,3.70,4.00
2010.05.18 06:03:31.778,0.64635,0.6467,3.80,4.00
2010.05.18 06:03:32.976,0.6464,0.6467,1.00,4.00
2010.05.18 06:03:34.374,0.6463,0.64665,3.30,1.00
2010.05.18 06:03:34.655,0.6464,0.6467,1.00,16.30
2010.05.18 06:03:35.369,0.6464,0.6467,1.00,11.50
2010.05.18 06:03:35.679,0.6464,0.64675,4.00,10.70
2010.05.18 06:03:35.987,0.6464,0.64675,4.00,5.90
2010.05.18 06:03:36.951,0.6464,0.64675,4.00,10.70
2010.05.18 06:03:37.293,0.64635,0.6466,1.00,1.00
2010.05.18 06:03:37.627,0.6463,0.64665,4.00,2.00
2010.05.18 06:03:37.969,0.6463,0.6466,3.20,1.00
2010.05.18 06:03:38.309,0.6463,0.64665,4.00,13.50
2010.05.18 06:03:38.984,0.64635,0.64665,1.00,11.90
2010.05.18 06:03:39.197,0.64635,0.6467,1.80,7.50
2010.05.18 06:03:40.439,0.64635,0.6467,2.00,7.50
2010.05.18 06:03:40.689,0.64635,0.6467,2.00,3.60
2010.05.18 06:03:40.937,0.64635,0.64665,1.20,2.40
2010.05.18 06:03:41.189,0.64635,0.64665,1.00,2.40
2010.05.18 06:03:43.715,0.64635,0.64665,1.00,2.40
2010.05.18 06:03:46.489,0.64635,0.64665,1.00,2.40
2010.05.18 06:03:47.997,0.6463,0.64665,5.00,2.40
2010.05.18 06:03:50.547,0.6463,0.64665,4.80,2.40
2010.05.18 06:03:51.435,0.6463,0.64665,5.00,2.40
2010.05.18 06:03:53.573,0.6463,0.64665,4.90,3.90
2010.05.18 06:03:53.681,0.6463,0.6466,2.40,2.40
2010.05.18 06:03:55.476,0.64635,0.64665,1.60,5.50
2010.05.18 06:03:55.756,0.64635,0.64665,1.00,6.30
2010.05.18 06:03:56.067,0.6463,0.6466,7.20,1.00
2010.05.18 06:03:56.852,0.64625,0.6466,12.90,6.30
2010.05.18 06:03:58.538,0.6463,0.6466,5.60,4.70
2010.05.18 06:03:59.110,0.6463,0.6466,5.60,3.10
2010.05.18 06:03:59.444,0.6463,0.6466,5.60,2.30
2010.05.18 06:04:02.657,0.6463,0.6466,1.00,3.90
2010.05.18 06:04:02.944,0.64625,0.6466,3.30,3.90
2010.05.18 06:04:04.616,0.64625,0.6466,3.20,3.90
2010.05.18 06:04:04.764,0.64625,0.6466,3.30,3.90
2010.05.18 06:04:05.156,0.64625,0.6466,3.20,3.90
2010.05.18 06:04:06.316,0.64625,0.6466,3.20,3.90
2010.05.18 06:04:06.535,0.64625,0.6466,3.20,3.90
2010.05.18 06:04:06.768,0.64625,0.6466,1.60,3.90
2010.05.18 06:04:06.985,0.64625,0.64655,1.00,1.00
2010.05.18 06:04:07.195,0.64625,0.64655,1.00,2.40
2010.05.18 06:04:08.216,0.6462,0.64655,4.80,2.40
2010.05.18 06:04:08.631,0.6462,0.64655,5.00,2.40
2010.05.18 06:04:08.852,0.6462,0.64655,5.00,1.00
2010.05.18 06:04:09.014,0.6462,0.6465,4.20,1.00
2010.05.18 06:04:09.175,0.6462,0.6465,3.20,1.00
2010.05.18 06:04:09.912,0.6462,0.6465,1.00,2.40
2010.05.18 06:04:10.268,0.64615,0.6465,1.00,18.70
2010.05.18 06:04:10.338,0.64615,0.6465,1.00,18.70
2010.05.18 06:04:10.406,0.64615,0.6465,1.00,16.30
2010.05.18 06:04:11.135,0.6461,0.64645,10.90,1.00
2010.05.18 06:04:11.223,0.6461,0.64645,6.50,1.00
2010.05.18 06:04:11.295,0.64615,0.6465,1.00,18.70
2010.05.18 06:04:11.637,0.64615,0.6465,1.60,4.70
2010.05.18 06:04:12.577,0.64615,0.6465,1.70,4.70
2010.05.18 06:04:13.595,0.64615,0.6465,1.80,3.20
2010.05.18 06:04:13.676,0.6462,0.6465,2.40,1.00
2010.05.18 06:04:13.764,0.64615,0.6465,6.40,2.40
2010.05.18 06:04:13.844,0.64615,0.6465,1.60,2.40
2010.05.18 06:04:14.501,0.64615,0.6465,1.80,2.40
2010.05.18 06:04:15.749,0.6461,0.64645,6.60,2.40
2010.05.18 06:04:15.806,0.6462,0.64645,1.00,1.60
2010.05.18 06:04:15.914,0.6462,0.64645,4.00,1.60
2010.05.18 06:04:16.016,0.6462,0.64645,3.20,1.60
2010.05.18 06:04:16.074,0.6462,0.6465,3.20,10.40
2010.05.18 06:04:16.124,0.64615,0.6465,11.20,1.00
2010.05.18 06:04:16.224,0.64615,0.6465,1.60,2.40
2010.05.18 06:04:17.405,0.64615,0.6465,1.70,1.00
2010.05.18 06:04:18.819,0.6462,0.6465,2.40,5.90
2010.05.18 06:04:25.437,0.6462,0.64645,2.40,1.00
2010.05.18 06:04:25.537,0.6462,0.6465,2.40,5.90
2010.05.18 06:04:26.888,0.6462,0.6464,2.40,1.00
2010.05.18 06:04:27.208,0.6461,0.64645,6.60,1.00
2010.05.18 06:04:27.535,0.6461,0.64645,6.40,1.00
2010.05.18 06:04:27.854,0.6461,0.64645,5.00,1.00
2010.05.18 06:04:28.175,0.6461,0.64645,4.10,2.40
2010.05.18 06:04:31.569,0.64615,0.64645,1.00,1.60
2010.05.18 06:04:31.747,0.6462,0.6465,2.40,17.10
2010.05.18 06:04:31.929,0.64615,0.64645,1.00,2.40
2010.05.18 06:04:32.107,0.6461,0.6464,4.20,2.40
2010.05.18 06:04:32.779,0.6461,0.6464,4.20,1.00
2010.05.18 06:04:33.000,0.6461,0.64635,5.00,1.00
2010.05.18 06:04:36.435,0.6461,0.64635,4.80,1.00
2010.05.18 06:04:36.639,0.6461,0.64635,5.00,1.00
2010.05.18 06:04:37.525,0.64615,0.64635,1.60,1.00
2010.05.18 06:04:37.699,0.64615,0.64635,1.00,1.00
2010.05.18 06:04:37.874,0.6461,0.64635,5.00,1.00
2010.05.18 06:04:39.532,0.6461,0.64635,4.80,1.00
2010.05.18 06:04:39.899,0.6461,0.64635,5.00,1.00
2010.05.18 06:04:40.257,0.6461,0.64635,4.20,1.00
2010.05.18 06:04:42.154,0.6461,0.64635,3.20,1.00
2010.05.18 06:04:42.375,0.6461,0.64635,4.00,1.00
2010.05.18 06:04:44.285,0.6461,0.64635,4.10,1.00
2010.05.18 06:04:44.625,0.6461,0.64635,4.00,1.00
2010.05.18 06:04:45.788,0.6461,0.64635,3.20,1.00
2010.05.18 06:04:47.388,0.6461,0.64635,4.00,1.00
2010.05.18 06:04:47.715,0.6461,0.64635,3.30,1.00
2010.05.18 06:04:48.719,0.6461,0.64635,3.40,1.00
2010.05.18 06:04:49.555,0.6461,0.64635,2.40,1.00
2010.05.18 06:04:50.452,0.6461,0.64635,1.00,1.00
2010.05.18 06:04:51.006,0.6461,0.64635,1.60,1.00
2010.05.18 06:04:52.030,0.64615,0.64635,1.60,1.00
2010.05.18 06:04:54.167,0.64615,0.64635,7.20,1.00
2010.05.18 06:04:54.284,0.64615,0.64635,2.40,1.00
2010.05.18 06:04:55.359,0.6462,0.64635,4.80,1.00
2010.05.18 06:04:55.694,0.6462,0.64635,4.90,1.00
2010.05.18 06:04:56.035,0.6462,0.64635,4.80,1.00
2010.05.18 06:04:57.377,0.6462,0.64635,16.50,1.00
2010.05.18 06:04:58.889,0.64625,0.64635,1.00,1.00
2010.05.18 06:04:59.228,0.64625,0.64635,3.20,1.00
2010.05.18 06:04:59.306,0.64625,0.64635,3.30,1.00
2010.05.18 06:04:59.400,0.64625,0.64635,3.20,1.00
2010.05.18 06:04:59.491,0.64625,0.64635,3.20,1.00
2010.05.18 06:05:01.023,0.64625,0.64635,3.20,1.00
2010.05.18 06:05:01.627,0.64625,0.64635,3.20,1.00
2010.05.18 06:05:02.593,0.64625,0.6466,3.20,9.50
2010.05.18 06:05:04.445,0.64625,0.6466,3.30,9.50
2010.05.18 06:05:04.780,0.6462,0.64655,5.70,2.40
2010.05.18 06:05:05.821,0.6462,0.6465,1.00,1.00
2010.05.18 06:05:06.204,0.64625,0.6465,1.00,1.00
2010.05.18 06:05:07.165,0.6462,0.6465,2.50,1.00
2010.05.18 06:05:10.845,0.64615,0.64645,8.20,1.00
2010.05.18 06:05:10.995,0.64615,0.64645,8.00,1.00
2010.05.18 06:05:11.146,0.64615,0.64645,1.00,1.60
2010.05.18 06:05:11.296,0.6461,0.64645,6.40,2.80
2010.05.18 06:05:11.989,0.6461,0.64645,1.60,2.80
2010.05.18 06:05:12.329,0.6461,0.64645,1.00,2.80
2010.05.18 06:05:12.667,0.6461,0.64645,1.00,6.70
2010.05.18 06:05:15.749,0.6461,0.64645,1.00,6.70
2010.05.18 06:05:16.199,0.6461,0.64645,1.00,6.70
2010.05.18 06:05:16.419,0.6461,0.64645,5.60,6.70
2010.05.18 06:05:17.272,0.6461,0.64645,5.70,6.70
2010.05.18 06:05:17.995,0.6461,0.64645,1.00,6.70
2010.05.18 06:05:23.715,0.64605,0.6464,13.80,4.80
2010.05.18 06:05:23.974,0.64605,0.6464,4.20,5.60
2010.05.18 06:05:25.845,0.64605,0.6464,4.10,7.10
2010.05.18 06:05:25.966,0.64605,0.6464,1.70,16.70
2010.05.18 06:05:26.095,0.64605,0.6464,1.70,7.10
2010.05.18 06:05:27.817,0.64605,0.64635,1.00,1.00
2010.05.18 06:05:28.005,0.64605,0.64635,1.00,1.00
2010.05.18 06:05:28.696,0.646,0.64635,12.60,1.00
2010.05.18 06:05:28.966,0.646,0.6463,1.00,1.00
2010.05.18 06:05:30.424,0.646,0.64625,2.40,1.00
2010.05.18 06:05:30.698,0.6459,0.64625,7.00,1.00
2010.05.18 06:05:30.966,0.6459,0.64625,6.60,1.00
2010.05.18 06:05:31.236,0.64595,0.6463,1.00,16.70
2010.05.18 06:05:32.247,0.64595,0.6463,1.00,4.70
2010.05.18 06:05:32.381,0.646,0.6463,1.00,4.70
2010.05.18 06:05:32.605,0.646,0.6463,1.00,4.70
2010.05.18 06:05:32.715,0.646,0.6463,3.30,2.30
2010.05.18 06:05:32.827,0.64605,0.64635,1.00,5.10
2010.05.18 06:05:32.934,0.64605,0.64635,1.00,3.50
2010.05.18 06:05:33.046,0.64605,0.64635,1.00,2.30
2010.05.18 06:05:34.324,0.646,0.6463,1.70,4.80
2010.05.18 06:05:34.427,0.646,0.64635,1.70,14.30
2010.05.18 06:05:35.230,0.64605,0.6464,1.60,9.50
2010.05.18 06:05:36.706,0.64605,0.6464,1.70,9.50
2010.05.18 06:05:36.975,0.64605,0.64635,1.00,1.00
2010.05.18 06:05:37.105,0.646,0.64635,15.80,1.00
2010.05.18 06:05:37.235,0.646,0.64635,6.20,1.00
2010.05.18 06:05:37.374,0.646,0.64635,11.00,1.00
2010.05.18 06:05:37.505,0.64605,0.64635,1.00,1.00
2010.05.18 06:05:37.634,0.646,0.64635,11.00,1.00
2010.05.18 06:05:37.766,0.64605,0.64635,1.00,1.60
2010.05.18 06:05:38.107,0.646,0.6463,8.80,1.00
2010.05.18 06:05:38.447,0.646,0.64635,11.00,1.00
2010.05.18 06:05:41.487,0.64605,0.64635,1.00,1.00
2010.05.18 06:05:41.705,0.646,0.64635,6.20,1.00
2010.05.18 06:05:42.125,0.646,0.64635,10.80,1.00
2010.05.18 06:05:43.244,0.646,0.64635,11.00,1.00
2010.05.18 06:05:43.590,0.646,0.6463,1.00,1.00
2010.05.18 06:05:43.737,0.646,0.64635,1.60,2.80
2010.05.18 06:05:43.886,0.646,0.64635,1.60,5.60
2010.05.18 06:05:44.037,0.64605,0.64635,1.00,4.80
2010.05.18 06:05:44.834,0.64605,0.6464,1.00,11.60
2010.05.18 06:05:45.048,0.64605,0.6464,1.00,10.80
2010.05.18 06:05:45.475,0.6461,0.6464,1.00,9.20
2010.05.18 06:05:45.697,0.6461,0.6464,1.00,1.60
2010.05.18 06:05:45.914,0.6461,0.64645,1.00,9.90
2010.05.18 06:05:49.346,0.6461,0.64645,1.00,6.80
2010.05.18 06:05:49.684,0.6461,0.64645,1.00,6.80
2010.05.18 06:05:51.395,0.6461,0.64645,2.60,2.00
2010.05.18 06:05:51.705,0.6461,0.6464,1.60,1.00
2010.05.18 06:05:51.935,0.6461,0.6464,1.60,4.00
2010.05.18 06:05:52.174,0.6461,0.6464,1.70,4.00
2010.05.18 06:05:53.727,0.6461,0.6464,1.60,4.00
2010.05.18 06:05:59.200,0.6461,0.6464,1.70,4.00
2010.05.18 06:05:59.573,0.6461,0.6464,1.00,4.00
2010.05.18 06:05:59.674,0.64605,0.6464,4.20,4.00
2010.05.18 06:06:00.037,0.6461,0.6464,1.00,4.00
2010.05.18 06:06:01.357,0.64605,0.64635,1.00,1.00
2010.05.18 06:06:01.533,0.6461,0.64635,1.00,1.00
2010.05.18 06:06:01.665,0.64605,0.64635,1.00,1.00
2010.05.18 06:06:04.831,0.64605,0.6464,1.80,4.00
2010.05.18 06:06:05.967,0.64605,0.6463,1.00,1.00
2010.05.18 06:06:06.978,0.64605,0.64635,1.00,1.00
2010.05.18 06:06:10.846,0.64605,0.6464,1.00,5.10
2010.05.18 06:06:11.187,0.64605,0.6464,3.40,4.00
2010.05.18 06:06:13.539,0.64605,0.6463,2.60,1.00
2010.05.18 06:06:14.251,0.64605,0.6463,1.80,1.00
2010.05.18 06:06:14.579,0.64605,0.6463,1.00,1.00
2010.05.18 06:06:14.897,0.646,0.6463,5.80,1.00
2010.05.18 06:06:15.215,0.64605,0.6463,1.00,1.00
2010.05.18 06:06:16.145,0.64605,0.64635,1.00,1.60
2010.05.18 06:06:16.415,0.64605,0.64635,1.00,1.00
2010.05.18 06:06:18.405,0.646,0.64635,12.60,1.00
2010.05.18 06:06:24.746,0.646,0.6463,5.80,1.00
2010.05.18 06:06:25.512,0.646,0.6463,5.60,1.00
2010.05.18 06:06:27.905,0.646,0.6463,4.80,1.00
2010.05.18 06:06:28.178,0.64595,0.64625,2.60,1.00
2010.05.18 06:06:28.446,0.6459,0.64625,6.60,1.00
2010.05.18 06:06:30.135,0.64595,0.6463,1.00,15.10
2010.05.18 06:06:30.255,0.64595,0.6463,1.70,14.30
2010.05.18 06:06:30.374,0.64595,0.6463,8.20,3.20
2010.05.18 06:06:31.318,0.64595,0.6463,3.40,3.20
2010.05.18 06:06:33.479,0.64595,0.64625,2.60,1.00
2010.05.18 06:06:33.675,0.64595,0.64625,2.40,1.00
2010.05.18 06:06:34.009,0.64595,0.64625,2.60,1.00
2010.05.18 06:06:36.018,0.64595,0.64625,2.40,1.00
2010.05.18 06:06:37.516,0.64595,0.64625,2.60,1.00
2010.05.18 06:06:39.946,0.64595,0.64625,2.60,1.20
2010.05.18 06:06:41.329,0.64595,0.6462,2.60,1.00
2010.05.18 06:06:41.654,0.6459,0.6462,2.40,3.60
2010.05.18 06:06:41.976,0.6459,0.6462,2.60,3.60
2010.05.18 06:06:42.296,0.6459,0.6462,2.40,3.60
2010.05.18 06:06:44.092,0.6459,0.6462,3.20,2.80
2010.05.18 06:06:44.927,0.64595,0.64625,1.00,12.10
2010.05.18 06:06:45.209,0.64595,0.64625,1.00,1.00
2010.05.18 06:06:47.406,0.646,0.6463,3.20,1.30
2010.05.18 06:06:47.635,0.646,0.6463,3.20,1.00
2010.05.18 06:06:49.211,0.646,0.6463,3.30,1.00
2010.05.18 06:06:49.634,0.646,0.6463,3.20,1.00
2010.05.18 06:06:51.017,0.646,0.6463,4.00,1.00
2010.05.18 06:06:51.644,0.646,0.6463,4.10,1.00
2010.05.18 06:06:54.437,0.646,0.6463,5.80,1.00
2010.05.18 06:06:54.780,0.646,0.6463,6.60,1.00
2010.05.18 06:07:00.446,0.646,0.6463,6.40,1.00
2010.05.18 06:07:02.785,0.64605,0.6463,1.00,1.00
2010.05.18 06:07:02.877,0.646,0.6463,6.60,1.00
2010.05.18 06:07:09.140,0.64605,0.64635,1.00,6.00
2010.05.18 06:07:09.398,0.64605,0.6464,5.60,3.20
2010.05.18 06:07:10.308,0.6461,0.6464,1.00,2.40
2010.05.18 06:07:12.154,0.6461,0.6464,1.00,2.40
2010.05.18 06:07:14.565,0.64615,0.6464,2.40,1.60
2010.05.18 06:07:15.447,0.6461,0.6464,16.20,1.60
2010.05.18 06:07:15.689,0.64605,0.6464,15.40,1.00
2010.05.18 06:07:15.844,0.64605,0.6464,10.60,1.00
2010.05.18 06:07:15.995,0.64605,0.64635,3.20,1.00
2010.05.18 06:07:16.798,0.64605,0.64635,3.40,1.00
2010.05.18 06:07:17.141,0.64605,0.64635,1.80,1.00
2010.05.18 06:07:17.488,0.64605,0.6464,2.60,15.60
2010.05.18 06:07:17.830,0.64605,0.64635,1.60,1.00
2010.05.18 06:07:19.997,0.64605,0.6464,2.40,15.60
2010.05.18 06:07:20.861,0.6461,0.6464,2.40,13.20
2010.05.18 06:07:21.127,0.6461,0.6464,2.40,3.60
2010.05.18 06:07:21.414,0.6461,0.6464,2.40,2.00
2010.05.18 06:07:21.835,0.6461,0.6464,3.30,1.00
2010.05.18 06:07:22.114,0.6461,0.6464,4.10,1.00
2010.05.18 06:07:23.506,0.6461,0.64645,4.10,6.80
2010.05.18 06:07:25.174,0.64615,0.64645,1.00,1.20
2010.05.18 06:07:25.509,0.6461,0.64635,5.00,1.00
2010.05.18 06:07:25.575,0.6461,0.64635,2.40,1.00
2010.05.18 06:07:25.646,0.64605,0.64635,5.70,1.00
2010.05.18 06:07:25.716,0.6461,0.6464,1.00,8.70
2010.05.18 06:07:25.785,0.64605,0.64635,1.00,1.00
2010.05.18 06:07:25.855,0.64605,0.64635,2.80,1.00
2010.05.18 06:07:26.581,0.64605,0.64635,2.40,1.00
2010.05.18 06:07:26.646,0.64605,0.64635,1.00,1.00
2010.05.18 06:07:27.018,0.64605,0.64635,1.00,1.00
2010.05.18 06:07:28.697,0.64605,0.6464,1.00,13.20
2010.05.18 06:07:29.053,0.6461,0.64645,6.60,2.00
2010.05.18 06:07:29.166,0.6461,0.64645,6.60,6.80
2010.05.18 06:07:47.024,0.6461,0.64645,9.00,6.00
2010.05.18 06:07:47.136,0.64615,0.64645,1.00,1.00
2010.05.18 06:07:53.174,0.64615,0.6464,1.00,1.00
2010.05.18 06:07:53.274,0.6461,0.6464,6.40,1.00
2010.05.18 06:07:53.475,0.6461,0.6464,4.80,1.00
2010.05.18 06:07:53.575,0.6461,0.6464,2.40,1.00
2010.05.18 06:07:57.685,0.6461,0.64645,3.40,14.70
2010.05.18 06:07:57.834,0.6461,0.64645,4.20,14.70
2010.05.18 06:07:58.638,0.6461,0.6464,2.40,1.00
2010.05.18 06:08:00.417,0.6461,0.6464,2.60,1.00
2010.05.18 06:08:00.707,0.6461,0.64645,4.20,2.00
2010.05.18 06:08:00.995,0.6461,0.64645,4.20,11.60
2010.05.18 06:08:02.017,0.6461,0.64645,4.20,2.00
2010.05.18 06:08:09.566,0.6462,0.6465,2.40,14.30
2010.05.18 06:08:10.324,0.64615,0.6465,1.00,16.70
2010.05.18 06:08:10.568,0.6461,0.64645,6.60,2.00
2010.05.18 06:08:13.035,0.64615,0.6465,1.60,14.30
2010.05.18 06:08:13.196,0.6461,0.64645,9.30,1.00
2010.05.18 06:08:13.356,0.64615,0.64645,1.00,1.00
2010.05.18 06:08:13.515,0.64615,0.64645,1.00,1.60
2010.05.18 06:08:13.675,0.6461,0.64645,6.60,2.00
2010.05.18 06:08:14.570,0.6462,0.64645,2.40,1.00
2010.05.18 06:08:14.836,0.64615,0.64645,1.00,1.00
2010.05.18 06:08:15.105,0.6461,0.64645,6.60,2.00
2010.05.18 06:08:15.376,0.6461,0.6464,3.30,1.00
2010.05.18 06:08:16.067,0.6461,0.6464,2.50,1.00
2010.05.18 06:08:18.921,0.6461,0.6464,2.40,1.00
2010.05.18 06:08:19.109,0.6461,0.6464,2.40,2.40
2010.05.18 06:08:19.224,0.6461,0.6464,2.40,1.00
2010.05.18 06:08:19.435,0.6461,0.6464,2.40,2.40
2010.05.18 06:08:20.835,0.6461,0.6464,2.50,2.40
2010.05.18 06:08:21.175,0.6461,0.6463,2.40,1.00
2010.05.18 06:08:22.129,0.64605,0.64635,1.00,1.00
2010.05.18 06:08:24.358,0.6461,0.6464,2.40,2.40
2010.05.18 06:08:27.037,0.6461,0.64645,4.10,8.30
2010.05.18 06:08:27.715,0.6461,0.64645,4.10,3.50
2010.05.18 06:08:33.879,0.6461,0.64645,4.00,3.50
2010.05.18 06:08:34.134,0.6461,0.64645,8.80,3.50
2010.05.18 06:08:34.385,0.6461,0.64645,4.10,3.50
2010.05.18 06:08:39.407,0.64615,0.64645,1.60,2.30
2010.05.18 06:08:40.223,0.6461,0.64645,8.00,2.40
2010.05.18 06:08:42.065,0.6461,0.64645,8.20,2.40
2010.05.18 06:08:42.811,0.6461,0.64645,13.00,2.40
2010.05.18 06:08:42.929,0.6462,0.6465,3.20,2.40
2010.05.18 06:08:43.045,0.6462,0.6465,4.00,1.60
2010.05.18 06:08:43.345,0.6462,0.64655,4.00,5.50
2010.05.18 06:08:43.535,0.64625,0.6465,1.00,1.00
2010.05.18 06:08:43.725,0.6462,0.6465,2.40,1.00
2010.05.18 06:08:43.916,0.64625,0.64655,1.00,14.30
2010.05.18 06:08:44.105,0.64625,0.64655,1.00,4.70
2010.05.18 06:08:44.852,0.64625,0.64655,1.00,9.50
2010.05.18 06:08:45.200,0.6462,0.6465,4.00,1.00
2010.05.18 06:08:45.316,0.6462,0.6465,3.20,4.00
2010.05.18 06:08:45.436,0.6462,0.6465,2.40,7.50
2010.05.18 06:08:46.885,0.64615,0.6465,1.00,19.50
2010.05.18 06:08:47.117,0.6462,0.6465,2.40,12.30
2010.05.18 06:08:47.355,0.6462,0.6465,2.40,7.50
2010.05.18 06:08:48.339,0.6462,0.6465,4.00,1.00
2010.05.18 06:08:49.622,0.6462,0.6465,4.10,1.00
2010.05.18 06:08:50.583,0.6462,0.6465,4.00,1.00
2010.05.18 06:08:50.738,0.64615,0.64645,10.00,1.60
2010.05.18 06:08:50.876,0.64615,0.64645,9.60,2.00
2010.05.18 06:08:51.016,0.64615,0.64645,4.80,2.00
2010.05.18 06:08:51.787,0.6461,0.64645,6.60,2.00
2010.05.18 06:08:52.666,0.64615,0.64645,1.00,1.00
2010.05.18 06:08:54.179,0.64615,0.6465,2.40,18.70
2010.05.18 06:08:54.317,0.6462,0.6465,3.20,2.40
2010.05.18 06:08:54.516,0.6462,0.64645,3.20,1.00
2010.05.18 06:08:54.655,0.6462,0.64645,1.00,1.00
2010.05.18 06:08:54.786,0.6461,0.6464,6.40,1.60
2010.05.18 06:08:55.186,0.64615,0.6464,1.00,1.60
2010.05.18 06:08:57.389,0.6462,0.6465,2.40,3.60
2010.05.18 06:08:58.449,0.64625,0.64655,1.00,1.00
2010.05.18 06:09:00.616,0.6462,0.6465,4.10,1.00
2010.05.18 06:09:00.816,0.6462,0.6465,4.00,1.00
2010.05.18 06:09:01.808,0.6462,0.6465,4.00,5.60
2010.05.18 06:09:02.072,0.6462,0.6465,4.00,1.00
2010.05.18 06:09:03.821,0.64625,0.64655,1.00,4.70
2010.05.18 06:09:03.886,0.64625,0.64655,1.60,3.90
2010.05.18 06:09:03.955,0.64625,0.64655,1.60,1.00
2010.05.18 06:09:04.095,0.64625,0.6466,1.60,14.30
2010.05.18 06:09:04.166,0.64625,0.6466,1.60,9.50
2010.05.18 06:09:05.158,0.64625,0.6466,1.60,4.70
2010.05.18 06:09:11.959,0.6463,0.6466,1.00,4.70
2010.05.18 06:09:12.751,0.6463,0.6466,1.00,3.10
2010.05.18 06:09:13.099,0.6463,0.6466,4.00,2.30
2010.05.18 06:09:14.447,0.6463,0.64655,2.40,1.00
2010.05.18 06:09:14.765,0.64625,0.64655,1.00,1.00
2010.05.18 06:09:16.575,0.64625,0.6466,1.60,16.50
2010.05.18 06:09:17.276,0.64625,0.6466,1.60,11.70
2010.05.18 06:09:17.466,0.64625,0.6466,1.60,2.30
2010.05.18 06:09:17.796,0.6463,0.6466,4.00,1.50
2010.05.18 06:09:24.635,0.6463,0.6466,1.00,3.10
2010.05.18 06:09:24.834,0.64625,0.6466,6.40,3.50
2010.05.18 06:09:25.035,0.64625,0.6466,1.60,3.50
2010.05.18 06:09:27.388,0.6463,0.6466,1.00,2.70
2010.05.18 06:09:27.766,0.6463,0.6466,4.00,2.30
2010.05.18 06:09:40.317,0.6463,0.6466,3.20,2.30
2010.05.18 06:09:45.354,0.6463,0.6466,3.20,3.90
2010.05.18 06:09:46.072,0.6463,0.6466,2.40,5.10
2010.05.18 06:09:46.361,0.6462,0.6465,5.60,1.00
2010.05.18 06:09:46.647,0.6462,0.64655,5.70,6.70
2010.05.18 06:09:46.928,0.6462,0.64655,10.50,4.70
2010.05.18 06:09:48.178,0.6462,0.64655,10.50,2.30
2010.05.18 06:09:48.668,0.6462,0.64655,11.30,2.30
2010.05.18 06:09:51.614,0.6462,0.64655,6.50,2.30
2010.05.18 06:10:00.185,0.6463,0.64655,2.40,1.50
2010.05.18 06:10:00.305,0.6463,0.64655,3.20,1.50
2010.05.18 06:10:01.787,0.6463,0.64655,4.00,1.50
2010.05.18 06:10:02.056,0.6463,0.6466,3.20,4.70
2010.05.18 06:10:05.047,0.6463,0.64655,3.20,1.00
2010.05.18 06:10:05.980,0.64615,0.64645,3.20,1.00
2010.05.18 06:10:09.095,0.64615,0.6464,3.20,1.00
2010.05.18 06:10:09.230,0.64615,0.6464,4.00,1.60
2010.05.18 06:10:09.368,0.64615,0.64645,1.00,10.40
2010.05.18 06:10:09.507,0.64615,0.64645,1.00,5.60
2010.05.18 06:10:10.309,0.64615,0.64645,1.00,5.60
2010.05.18 06:10:10.631,0.6461,0.64645,5.80,1.20
2010.05.18 06:10:10.959,0.6461,0.64645,6.60,2.00
2010.05.18 06:10:11.279,0.6461,0.64645,5.00,2.00
2010.05.18 06:10:11.600,0.64615,0.64645,1.00,1.20
2010.05.18 06:10:12.262,0.64615,0.64645,1.60,1.00
2010.05.18 06:10:12.601,0.64615,0.64645,1.70,1.00
2010.05.18 06:10:14.065,0.6462,0.64645,2.40,1.00
2010.05.18 06:10:14.650,0.6462,0.6465,2.40,3.60
2010.05.18 06:10:16.116,0.6462,0.6465,2.50,3.60
2010.05.18 06:10:16.976,0.64625,0.64655,1.00,13.10
2010.05.18 06:10:17.125,0.64625,0.64655,1.00,12.30
2010.05.18 06:10:17.245,0.64625,0.64655,1.00,6.00
2010.05.18 06:10:17.364,0.64625,0.64655,1.00,1.00
2010.05.18 06:10:17.484,0.64625,0.6465,1.00,1.00
2010.05.18 06:10:17.605,0.6462,0.6465,4.00,1.00
2010.05.18 06:10:17.725,0.6462,0.6465,4.80,1.00
2010.05.18 06:10:17.845,0.6462,0.6465,4.00,1.00
2010.05.18 06:10:17.964,0.6462,0.6465,4.10,1.00
2010.05.18 06:10:18.876,0.6462,0.6465,4.00,1.00
2010.05.18 06:10:19.125,0.6462,0.6465,3.20,1.60
2010.05.18 06:10:19.377,0.6462,0.6465,2.40,3.60
2010.05.18 06:10:26.506,0.6462,0.6465,2.40,5.10
2010.05.18 06:10:28.770,0.6462,0.6465,3.20,3.50
2010.05.18 06:10:28.926,0.6462,0.6465,4.00,1.60
2010.05.18 06:10:30.069,0.6462,0.6465,4.10,1.60
2010.05.18 06:10:30.745,0.6462,0.6465,4.00,1.60
2010.05.18 06:10:33.077,0.6462,0.6465,3.20,3.90
2010.05.18 06:10:33.378,0.64615,0.6465,3.30,4.70
2010.05.18 06:10:33.675,0.64615,0.6465,12.90,3.90
2010.05.18 06:10:35.667,0.64615,0.6465,8.10,3.90
2010.05.18 06:10:36.797,0.6461,0.6464,9.60,1.00
2010.05.18 06:10:36.981,0.6461,0.6464,2.40,5.10
2010.05.18 06:10:38.352,0.6461,0.6464,2.40,3.50
2010.05.18 06:10:38.589,0.64615,0.64645,1.00,6.30
2010.05.18 06:10:39.964,0.64615,0.64645,1.00,3.20
2010.05.18 06:10:40.165,0.64615,0.64645,1.00,2.40
2010.05.18 06:10:41.327,0.6461,0.6464,2.40,1.00
2010.05.18 06:10:41.497,0.6461,0.6464,3.20,5.90
2010.05.18 06:10:41.666,0.6461,0.6464,3.20,6.70
2010.05.18 06:10:41.837,0.6461,0.6464,2.40,6.70
2010.05.18 06:10:52.499,0.6461,0.64645,4.00,7.50
2010.05.18 06:10:53.538,0.6461,0.6464,3.20,1.00
2010.05.18 06:10:53.766,0.6461,0.6464,2.40,2.40
2010.05.18 06:11:00.396,0.6461,0.6462,2.40,1.60
2010.05.18 06:11:00.637,0.64595,0.6462,3.20,1.60
2010.05.18 06:11:02.769,0.64595,0.6462,4.00,1.60
2010.05.18 06:11:02.947,0.64595,0.6463,5.60,10.40
2010.05.18 06:11:03.126,0.646,0.6463,2.40,2.40
2010.05.18 06:11:04.798,0.646,0.6463,3.20,2.40
2010.05.18 06:11:05.058,0.646,0.6463,2.40,2.40
2010.05.18 06:11:06.618,0.646,0.64625,2.40,1.00
2010.05.18 06:11:06.857,0.6459,0.64625,10.50,1.60
2010.05.18 06:11:07.541,0.6459,0.64625,10.40,1.60
2010.05.18 06:11:07.702,0.6459,0.64625,11.30,3.10
2010.05.18 06:11:07.857,0.64595,0.64625,1.60,1.50
2010.05.18 06:11:08.101,0.646,0.64625,2.40,1.50
2010.05.18 06:11:08.337,0.646,0.6463,2.40,2.40
2010.05.18 06:11:10.237,0.646,0.6463,4.00,1.60
2010.05.18 06:11:10.548,0.646,0.64635,4.00,5.50
2010.05.18 06:11:11.622,0.64605,0.64635,1.60,1.60
2010.05.18 06:11:15.817,0.6461,0.64635,1.00,1.60
2010.05.18 06:11:16.076,0.6461,0.6464,3.20,3.50
2010.05.18 06:11:16.285,0.6461,0.64645,4.00,7.50
2010.05.18 06:11:19.335,0.6461,0.64645,4.10,7.50
2010.05.18 06:11:20.296,0.6461,0.64645,4.00,7.50
2010.05.18 06:11:22.855,0.6461,0.64645,4.10,7.50
2010.05.18 06:11:22.986,0.6461,0.64645,4.00,7.50
2010.05.18 06:11:25.313,0.6461,0.64645,4.10,7.50
2010.05.18 06:11:26.494,0.6461,0.64645,4.00,7.50
2010.05.18 06:11:27.274,0.6461,0.64645,4.10,7.50
2010.05.18 06:11:27.535,0.6461,0.64645,4.00,7.50
2010.05.18 06:11:37.987,0.6461,0.6464,3.20,1.60
2010.05.18 06:11:38.721,0.6461,0.6464,2.40,1.60
2010.05.18 06:11:39.060,0.64605,0.6464,1.60,2.00
2010.05.18 06:11:41.963,0.64605,0.64635,1.00,1.60
2010.05.18 06:11:42.226,0.646,0.64635,4.40,1.60
2010.05.18 06:11:42.295,0.64605,0.6464,1.00,17.10
2010.05.18 06:11:42.365,0.64605,0.6464,1.00,15.50
2010.05.18 06:11:42.436,0.64605,0.6464,1.00,5.90
2010.05.18 06:11:42.644,0.64605,0.6464,1.60,5.90
2010.05.18 06:11:49.058,0.64605,0.6464,3.20,5.90
2010.05.18 06:11:49.372,0.6461,0.6464,3.20,4.70
2010.05.18 06:11:56.349,0.64605,0.6464,1.60,2.00
2010.05.18 06:11:56.486,0.64605,0.6464,1.60,5.10
2010.05.18 06:11:56.775,0.64605,0.6464,1.60,5.90
2010.05.18 06:11:59.028,0.64605,0.6464,2.40,5.10
2010.05.18 06:11:59.145,0.64605,0.6464,4.00,5.10
2010.05.18 06:11:59.266,0.6461,0.6464,1.00,3.20
2010.05.18 06:11:59.386,0.6461,0.6464,3.20,1.00
2010.05.18 06:12:00.280,0.64605,0.6464,1.70,3.50
2010.05.18 06:12:01.245,0.64605,0.64635,1.00,1.00
2010.05.18 06:12:01.566,0.646,0.64635,11.40,1.00
2010.05.18 06:12:01.885,0.646,0.64635,6.60,1.00
2010.05.18 06:12:04.047,0.646,0.64635,6.40,1.00
2010.05.18 06:12:04.245,0.646,0.64635,5.60,1.00
2010.05.18 06:12:04.444,0.646,0.64635,4.00,1.00
2010.05.18 06:12:04.644,0.646,0.64635,4.20,1.00
2010.05.18 06:12:04.844,0.646,0.64635,4.00,1.00
2010.05.18 06:12:05.805,0.646,0.64635,4.20,1.00
2010.05.18 06:12:12.788,0.64605,0.64635,1.00,1.00
2010.05.18 06:12:12.995,0.64605,0.6464,1.00,17.90
2010.05.18 06:12:13.206,0.64605,0.6464,1.70,5.90
2010.05.18 06:12:14.187,0.64605,0.6464,11.30,5.90
2010.05.18 06:12:14.388,0.64605,0.6464,6.50,5.90
2010.05.18 06:12:14.484,0.64605,0.6464,1.70,5.90
2010.05.18 06:12:17.823,0.64605,0.6464,1.60,5.90
2010.05.18 06:12:19.063,0.64605,0.6464,1.70,5.90
2010.05.18 06:12:20.136,0.64605,0.6464,1.60,5.90
2010.05.18 06:12:21.938,0.6461,0.6464,3.20,3.90
2010.05.18 06:12:26.417,0.6461,0.64635,3.20,1.00
2010.05.18 06:12:27.369,0.6461,0.6464,3.20,2.30
2010.05.18 06:12:35.972,0.6461,0.6464,3.20,3.10
2010.05.18 06:12:36.250,0.64605,0.6464,1.70,3.50
2010.05.18 06:12:37.509,0.6461,0.6464,3.20,2.30
2010.05.18 06:12:40.319,0.6461,0.64635,3.20,1.00
2010.05.18 06:12:40.415,0.64605,0.64635,6.40,1.00
2010.05.18 06:12:40.515,0.646,0.64635,9.80,1.00
2010.05.18 06:12:40.615,0.646,0.64635,4.00,1.00
2010.05.18 06:12:40.930,0.646,0.64635,4.20,1.00
2010.05.18 06:12:41.185,0.64605,0.64635,1.00,1.00
2010.05.18 06:12:42.396,0.646,0.64635,4.20,1.00
2010.05.18 06:12:42.537,0.64605,0.6464,1.00,19.50
2010.05.18 06:12:42.676,0.64605,0.6464,1.00,17.10
2010.05.18 06:12:42.806,0.64605,0.6464,1.70,10.70
2010.05.18 06:12:42.945,0.64605,0.6464,1.70,5.90
2010.05.18 06:12:44.186,0.64605,0.6464,1.60,5.90
2010.05.18 06:12:44.519,0.64605,0.6464,1.70,5.90
2010.05.18 06:12:45.846,0.64595,0.6463,2.50,1.00
2010.05.18 06:12:46.171,0.64605,0.64635,1.00,2.00
2010.05.18 06:12:46.427,0.64605,0.64635,1.60,1.60
2010.05.18 06:12:47.348,0.646,0.6463,4.10,1.60
2010.05.18 06:12:49.875,0.646,0.6463,4.20,1.60
2010.05.18 06:12:49.995,0.646,0.6463,9.00,1.60
2010.05.18 06:12:50.235,0.646,0.6463,9.80,1.60
2010.05.18 06:12:50.389,0.646,0.6463,5.00,1.60
2010.05.18 06:12:51.926,0.64605,0.6463,1.00,1.60
2010.05.18 06:12:53.476,0.64605,0.6463,1.00,1.60
2010.05.18 06:12:53.775,0.646,0.6463,5.00,1.60
2010.05.18 06:12:54.076,0.64605,0.6463,1.00,1.60
2010.05.18 06:12:54.800,0.6461,0.6464,2.40,11.50
2010.05.18 06:12:55.121,0.6461,0.6464,2.40,3.90
2010.05.18 06:12:56.777,0.6461,0.64635,2.40,1.00
2010.05.18 06:12:57.037,0.64605,0.6463,1.00,1.60
2010.05.18 06:12:57.295,0.64605,0.6464,1.60,6.70
2010.05.18 06:12:57.546,0.64605,0.6464,1.60,7.10
2010.05.18 06:12:58.384,0.64605,0.6464,1.70,7.10
2010.05.18 06:12:58.837,0.64605,0.64635,1.00,1.00
2010.05.18 06:12:59.039,0.646,0.64635,8.00,1.60
2010.05.18 06:12:59.238,0.646,0.6463,3.20,1.00
2010.05.18 06:13:01.092,0.646,0.6463,2.40,2.40
2010.05.18 06:13:01.416,0.64595,0.6463,11.20,4.80
2010.05.18 06:13:01.576,0.64595,0.64625,3.60,1.60
2010.05.18 06:13:02.360,0.64595,0.64625,2.00,1.60
2010.05.18 06:13:02.526,0.64595,0.64625,2.00,1.60
2010.05.18 06:13:03.856,0.6459,0.6462,13.20,1.00
2010.05.18 06:13:04.778,0.6459,0.6462,6.00,5.60
2010.05.18 06:13:04.796,0.6459,0.64615,5.60,1.00
2010.05.18 06:13:04.929,0.6459,0.6461,1.00,1.60
2010.05.18 06:13:08.266,0.6459,0.64615,1.00,1.00
2010.05.18 06:13:08.475,0.6459,0.6462,1.00,4.80
2010.05.18 06:13:12.121,0.6458,0.64615,3.20,3.20
2010.05.18 06:13:19.115,0.6459,0.64615,1.00,2.40
2010.05.18 06:13:19.175,0.6459,0.64615,1.00,1.00
2010.05.18 06:13:19.910,0.6459,0.6462,1.00,4.80
2010.05.18 06:13:25.806,0.6459,0.6462,1.00,14.40
2010.05.18 06:13:25.935,0.6459,0.6462,1.00,9.60
2010.05.18 06:13:26.065,0.6459,0.6462,1.00,4.80
2010.05.18 06:13:27.649,0.64585,0.64615,1.00,1.00
2010.05.18 06:13:27.876,0.6458,0.64615,6.40,2.40
2010.05.18 06:13:28.637,0.6458,0.64615,4.80,2.40
2010.05.18 06:13:28.977,0.6458,0.64615,3.20,3.20
2010.05.18 06:13:33.169,0.64575,0.64605,1.00,2.40
2010.05.18 06:13:33.668,0.64575,0.64605,1.00,2.40
2010.05.18 06:13:34.567,0.64575,0.6461,2.50,2.40
2010.05.18 06:13:34.958,0.64575,0.64605,2.50,1.00
2010.05.18 06:13:35.296,0.64575,0.64605,1.00,2.40
2010.05.18 06:13:36.115,0.64575,0.64605,1.00,2.40
2010.05.18 06:13:36.959,0.64575,0.64605,2.50,1.00
2010.05.18 06:13:37.150,0.64575,0.64605,1.00,2.40
2010.05.18 06:13:37.521,0.64575,0.64605,1.00,2.40
2010.05.18 06:13:38.325,0.64575,0.64605,1.00,2.40
2010.05.18 06:13:50.763,0.6457,0.646,9.60,1.00
2010.05.18 06:13:50.911,0.64565,0.646,3.20,5.20
2010.05.18 06:13:52.377,0.64565,0.646,2.40,5.20
2010.05.18 06:13:53.396,0.6457,0.646,1.00,2.40
2010.05.18 06:13:53.677,0.6457,0.64605,1.00,7.50
2010.05.18 06:13:54.687,0.6457,0.64605,1.00,5.10
2010.05.18 06:13:55.488,0.6457,0.646,1.00,1.00
2010.05.18 06:13:55.635,0.6457,0.64605,1.00,5.20
2010.05.18 06:13:55.906,0.6457,0.64605,1.00,10.10
2010.05.18 06:13:56.177,0.6457,0.64605,1.00,5.10
2010.05.18 06:13:56.466,0.6457,0.64605,1.00,5.30
2010.05.18 06:13:57.200,0.6457,0.64605,1.00,5.10
2010.05.18 06:13:57.583,0.6457,0.646,1.00,1.00
2010.05.18 06:13:58.908,0.64565,0.646,2.40,3.60
2010.05.18 06:13:59.187,0.64565,0.646,2.40,8.50
2010.05.18 06:13:59.466,0.64565,0.646,2.40,8.30
2010.05.18 06:14:01.106,0.64565,0.646,2.40,8.50
2010.05.18 06:14:02.348,0.64565,0.646,2.40,9.30
2010.05.18 06:14:03.560,0.64565,0.64595,1.60,2.30
2010.05.18 06:14:03.653,0.6456,0.64595,14.00,2.30
2010.05.18 06:14:03.720,0.6456,0.64595,9.20,2.30
2010.05.18 06:14:03.746,0.6456,0.64595,3.20,3.50
2010.05.18 06:14:05.926,0.6456,0.64595,3.20,3.70
2010.05.18 06:14:09.222,0.64555,0.6459,1.20,4.50
2010.05.18 06:14:09.508,0.6455,0.64585,11.60,1.60
2010.05.18 06:14:09.789,0.6455,0.64585,3.20,4.00
2010.05.18 06:14:11.010,0.6455,0.64585,3.20,5.50
2010.05.18 06:14:11.955,0.6455,0.64585,3.30,5.50
2010.05.18 06:14:12.095,0.6455,0.64585,3.20,5.50
2010.05.18 06:14:13.618,0.64565,0.64585,1.00,3.90
2010.05.18 06:14:13.706,0.64565,0.64585,2.40,2.30
2010.05.18 06:14:14.446,0.64565,0.6459,1.60,5.50
2010.05.18 06:14:14.528,0.64555,0.6459,1.00,10.50
2010.05.18 06:14:15.206,0.64555,0.6459,1.00,10.60
2010.05.18 06:14:15.545,0.64555,0.6459,1.00,10.50
2010.05.18 06:14:16.806,0.64555,0.6459,1.00,10.70
2010.05.18 06:14:17.036,0.64555,0.6459,1.00,10.30
2010.05.18 06:14:19.120,0.64555,0.6459,1.00,9.50
2010.05.18 06:14:19.235,0.64555,0.6459,1.00,6.40
2010.05.18 06:14:20.684,0.6456,0.6459,1.00,6.40
2010.05.18 06:14:20.839,0.6456,0.6459,1.00,1.00
2010.05.18 06:14:20.989,0.64555,0.6459,10.20,1.00
2010.05.18 06:14:21.801,0.64555,0.6459,15.00,1.00
2010.05.18 06:14:22.374,0.6456,0.6459,1.00,1.00
2010.05.18 06:14:22.721,0.6456,0.64595,4.60,1.00
2010.05.18 06:14:23.741,0.64565,0.64595,1.00,1.00
2010.05.18 06:14:24.019,0.64565,0.646,1.00,8.70
2010.05.18 06:14:28.089,0.64565,0.646,1.00,8.30
2010.05.18 06:14:29.328,0.64565,0.646,1.00,8.30
2010.05.18 06:14:31.125,0.64565,0.646,1.00,8.70
2010.05.18 06:14:31.569,0.64565,0.646,1.00,8.70
2010.05.18 06:14:34.954,0.64565,0.646,1.00,8.70
2010.05.18 06:14:37.015,0.64565,0.646,1.00,8.70
2010.05.18 06:14:37.917,0.6456,0.64595,15.00,1.00
2010.05.18 06:14:38.146,0.64565,0.646,1.00,8.70
2010.05.18 06:14:39.650,0.6457,0.646,3.20,4.70
2010.05.18 06:14:39.993,0.6457,0.646,3.20,1.00
2010.05.18 06:14:41.104,0.6457,0.646,1.00,3.20
2010.05.18 06:14:43.142,0.64565,0.64595,8.50,1.00
2010.05.18 06:14:43.396,0.64565,0.64595,5.60,2.40
2010.05.18 06:14:43.646,0.6457,0.646,1.00,3.20
2010.05.18 06:14:45.619,0.64575,0.646,1.00,2.40
2010.05.18 06:14:46.469,0.64575,0.64605,1.00,6.70
2010.05.18 06:14:46.740,0.64575,0.64605,2.40,5.10
2010.05.18 06:14:50.276,0.64575,0.64605,1.60,5.10
2010.05.18 06:14:51.680,0.6457,0.646,4.80,6.40
2010.05.18 06:14:51.937,0.6457,0.646,8.40,1.30
2010.05.18 06:14:52.933,0.64575,0.64605,1.60,9.90
2010.05.18 06:14:53.237,0.64575,0.64605,1.60,4.70
2010.05.18 06:14:57.295,0.64575,0.64605,1.60,3.90
2010.05.18 06:14:59.289,0.64575,0.64605,1.60,2.30
2010.05.18 06:15:00.177,0.6457,0.64605,12.20,2.40
2010.05.18 06:15:05.029,0.6458,0.64605,1.00,1.60
2010.05.18 06:15:05.259,0.6458,0.6461,1.00,2.80
2010.05.18 06:15:05.705,0.6458,0.6461,1.00,2.40
2010.05.18 06:15:06.777,0.64575,0.6461,5.80,2.40
2010.05.18 06:15:18.243,0.64575,0.6461,5.60,2.40
2010.05.18 06:15:19.038,0.64575,0.6461,10.60,2.40
2010.05.18 06:15:19.196,0.64575,0.6461,15.20,2.40
2010.05.18 06:15:19.972,0.64575,0.6461,10.40,2.40
2010.05.18 06:15:20.317,0.64575,0.6461,5.60,2.40
2010.05.18 06:15:28.186,0.6458,0.64615,3.20,14.30
2010.05.18 06:15:28.883,0.64585,0.64615,1.60,13.50
2010.05.18 06:15:29.219,0.64585,0.64615,1.60,3.90
2010.05.18 06:15:30.276,0.6459,0.64615,1.60,3.90
2010.05.18 06:15:30.427,0.6459,0.6462,1.60,6.30
2010.05.18 06:15:30.576,0.64585,0.6462,1.60,6.30
2010.05.18 06:15:42.993,0.6458,0.64615,12.00,1.60
2010.05.18 06:15:43.068,0.6458,0.64615,2.40,3.20
2010.05.18 06:15:43.136,0.6458,0.64615,2.40,4.70
2010.05.18 06:15:46.296,0.6458,0.64615,2.40,4.90
2010.05.18 06:15:48.098,0.6458,0.64615,2.40,4.70
2010.05.18 06:15:49.577,0.6458,0.64615,8.80,3.90
2010.05.18 06:15:51.085,0.6458,0.64615,8.90,3.90
2010.05.18 06:15:52.148,0.6458,0.64615,8.80,3.90
2010.05.18 06:15:55.342,0.6458,0.64615,8.90,3.90
2010.05.18 06:15:57.226,0.6458,0.64615,8.80,3.90
2010.05.18 06:16:00.921,0.6458,0.64615,8.90,3.90
2010.05.18 06:16:02.267,0.6458,0.64615,8.80,3.90
2010.05.18 06:16:03.069,0.6458,0.64615,8.90,3.90
2010.05.18 06:16:04.337,0.6458,0.64615,8.80,3.90
2010.05.18 06:16:04.771,0.6458,0.64615,8.90,3.90
2010.05.18 06:16:05.102,0.6458,0.64615,8.80,3.90
2010.05.18 06:16:05.626,0.6458,0.64615,4.00,3.90
2010.05.18 06:16:06.629,0.6458,0.64615,13.70,3.90
2010.05.18 06:16:06.886,0.6458,0.64615,13.60,3.90
2010.05.18 06:16:08.009,0.6458,0.64615,8.80,3.90
2010.05.18 06:16:11.395,0.64585,0.64615,1.00,3.90
2010.05.18 06:16:12.438,0.64585,0.6462,1.60,6.30
2010.05.18 06:16:16.276,0.64585,0.6462,5.60,6.30
2010.05.18 06:16:16.475,0.64585,0.6462,1.00,17.50
2010.05.18 06:16:17.181,0.64585,0.6462,1.00,12.70
2010.05.18 06:16:17.519,0.6458,0.6462,9.00,11.90
2010.05.18 06:16:17.856,0.6458,0.64615,8.80,3.90
2010.05.18 06:16:19.529,0.6458,0.64615,4.00,3.90
2010.05.18 06:16:21.046,0.6458,0.64615,8.90,3.90
2010.05.18 06:16:21.337,0.6458,0.64615,8.80,3.90
2010.05.18 06:16:23.207,0.6458,0.64615,13.60,3.90
2010.05.18 06:16:24.285,0.6458,0.64615,8.80,3.90
2010.05.18 06:16:24.598,0.6458,0.64615,8.90,3.90
2010.05.18 06:16:25.303,0.64585,0.64615,1.00,3.90
2010.05.18 06:16:26.247,0.64585,0.64615,1.60,3.90
2010.05.18 06:16:26.554,0.6458,0.64615,8.80,3.90
2010.05.18 06:16:27.752,0.6458,0.6461,6.40,2.40
2010.05.18 06:16:27.943,0.64585,0.6461,1.00,4.80
2010.05.18 06:16:28.209,0.64575,0.6461,12.00,6.30
2010.05.18 06:16:29.152,0.6458,0.6461,2.40,1.50
2010.05.18 06:16:29.362,0.6458,0.6461,8.80,1.50
2010.05.18 06:16:30.748,0.64575,0.6461,10.40,4.70
2010.05.18 06:16:31.086,0.64575,0.6461,5.60,5.50
2010.05.18 06:16:32.459,0.64575,0.6461,1.00,5.50
2010.05.18 06:16:32.807,0.6457,0.6461,13.80,6.30
2010.05.18 06:16:32.977,0.6457,0.64605,4.00,12.70
2010.05.18 06:16:33.146,0.6457,0.64605,1.00,13.50
2010.05.18 06:16:33.316,0.64565,0.64605,1.60,14.30
2010.05.18 06:16:34.187,0.64565,0.646,1.60,1.50
2010.05.18 06:16:39.777,0.64565,0.646,1.60,6.30
2010.05.18 06:16:40.046,0.64565,0.646,6.40,1.50
2010.05.18 06:16:40.754,0.64565,0.646,1.60,1.50
2010.05.18 06:16:41.018,0.64565,0.646,11.20,1.50
2010.05.18 06:16:41.797,0.64565,0.646,1.60,1.50
2010.05.18 06:16:43.128,0.64565,0.646,6.40,1.50
2010.05.18 06:16:43.615,0.64565,0.646,1.60,1.50
2010.05.18 06:16:44.567,0.64565,0.646,6.40,1.50
2010.05.18 06:16:52.620,0.64565,0.646,6.40,1.70
2010.05.18 06:16:52.766,0.64565,0.646,6.40,1.50
2010.05.18 06:16:53.012,0.64565,0.646,1.60,1.50
2010.05.18 06:16:55.227,0.64565,0.646,6.40,1.50
2010.05.18 06:16:55.548,0.64565,0.646,1.60,1.50
2010.05.18 06:16:58.888,0.64565,0.646,6.40,1.50
2010.05.18 06:16:59.085,0.64565,0.646,1.60,1.50
2010.05.18 06:17:00.378,0.64575,0.64605,1.00,4.70
2010.05.18 06:17:00.625,0.64575,0.64605,1.00,3.90
2010.05.18 06:17:02.032,0.64575,0.64605,1.00,12.10
2010.05.18 06:17:02.331,0.64575,0.64605,1.00,12.00
2010.05.18 06:17:04.287,0.64575,0.64605,1.00,12.10
2010.05.18 06:17:06.312,0.6457,0.646,1.00,14.30
2010.05.18 06:17:07.653,0.64565,0.64595,1.00,3.10
2010.05.18 06:17:14.355,0.64565,0.64595,1.00,3.30
2010.05.18 06:17:14.616,0.64565,0.64595,1.00,3.10
2010.05.18 06:17:14.876,0.64565,0.64595,1.00,3.30
2010.05.18 06:17:15.636,0.64565,0.64595,1.00,8.10
2010.05.18 06:17:15.782,0.64555,0.6459,3.20,4.80
2010.05.18 06:17:15.927,0.64555,0.6459,2.40,4.80
2010.05.18 06:17:17.332,0.64555,0.6459,2.40,4.90
2010.05.18 06:17:17.677,0.64555,0.6459,2.40,3.30
2010.05.18 06:17:17.806,0.6456,0.6459,1.00,2.40
2010.05.18 06:17:17.937,0.6456,0.64595,1.00,6.10
2010.05.18 06:17:18.066,0.6456,0.64595,2.40,4.90
2010.05.18 06:17:18.196,0.64565,0.64595,1.00,4.10
2010.05.18 06:17:18.326,0.6457,0.64595,1.00,3.90
2010.05.18 06:17:18.456,0.6457,0.64595,1.00,2.40
2010.05.18 06:17:19.180,0.6457,0.64595,1.00,1.00
2010.05.18 06:17:19.369,0.6457,0.646,1.00,6.50
2010.05.18 06:17:21.304,0.64575,0.646,1.00,4.10
2010.05.18 06:17:21.812,0.64575,0.646,1.00,3.90
2010.05.18 06:17:23.916,0.64575,0.646,1.00,4.10
2010.05.18 06:17:29.459,0.6457,0.646,4.40,4.10
2010.05.18 06:17:31.618,0.6457,0.646,1.00,7.30
2010.05.18 06:17:33.857,0.64565,0.646,1.20,7.30
2010.05.18 06:17:34.841,0.64565,0.64595,1.00,1.00
2010.05.18 06:17:35.038,0.64565,0.64595,1.00,4.70
2010.05.18 06:17:36.090,0.64565,0.64595,1.00,4.90
2010.05.18 06:17:36.325,0.64565,0.64595,1.00,4.70
2010.05.18 06:17:36.787,0.6456,0.6459,1.00,1.70
2010.05.18 06:17:37.520,0.6456,0.6459,1.00,2.50
2010.05.18 06:17:37.719,0.6456,0.6459,1.00,8.10
2010.05.18 06:17:42.329,0.6456,0.6459,1.00,7.30
2010.05.18 06:17:43.202,0.6456,0.6459,1.20,6.50
2010.05.18 06:17:43.357,0.6456,0.6459,2.00,6.30
2010.05.18 06:17:43.565,0.6456,0.6459,2.00,3.90
2010.05.18 06:17:46.766,0.6456,0.6459,2.00,13.50
2010.05.18 06:17:46.908,0.6456,0.6459,1.20,6.30
2010.05.18 06:17:47.157,0.6456,0.6459,1.00,7.30
2010.05.18 06:17:49.117,0.6456,0.6459,1.00,7.10
2010.05.18 06:17:49.267,0.6456,0.6459,2.00,4.70
2010.05.18 06:17:49.555,0.6456,0.6459,2.00,3.90
2010.05.18 06:17:51.161,0.6456,0.6459,1.20,3.90
2010.05.18 06:17:51.977,0.6456,0.6459,1.00,7.30
2010.05.18 06:17:53.151,0.6456,0.6459,1.00,7.10
2010.05.18 06:17:53.417,0.6456,0.6459,2.00,6.30
2010.05.18 06:17:53.556,0.6456,0.6459,2.00,3.90
2010.05.18 06:17:57.890,0.6457,0.6459,1.00,3.90
2010.05.18 06:17:58.147,0.6456,0.6459,2.40,3.90
2010.05.18 06:17:58.967,0.64565,0.6459,1.00,3.10
2010.05.18 06:17:59.082,0.6456,0.6459,2.00,9.60
2010.05.18 06:17:59.198,0.6456,0.64595,2.00,10.50
2010.05.18 06:18:00.769,0.6456,0.64595,9.60,9.70
2010.05.18 06:18:01.108,0.6456,0.64595,2.00,10.50
2010.05.18 06:18:01.417,0.6456,0.64595,2.00,10.30
2010.05.18 06:18:02.173,0.6456,0.64595,2.00,5.70
2010.05.18 06:18:02.313,0.64565,0.64595,1.00,3.90
2010.05.18 06:18:02.926,0.6457,0.64595,1.00,3.90
2010.05.18 06:18:03.056,0.6457,0.64595,1.00,3.10
2010.05.18 06:18:03.186,0.6457,0.64595,1.00,1.60
2010.05.18 06:18:03.316,0.6457,0.646,1.00,11.10
2010.05.18 06:18:03.558,0.6457,0.646,1.00,6.30
2010.05.18 06:18:07.916,0.64565,0.646,1.20,7.10
2010.05.18 06:18:08.069,0.64565,0.64595,1.00,3.90
2010.05.18 06:18:08.228,0.64565,0.64595,1.00,4.70
2010.05.18 06:18:09.679,0.6456,0.64595,3.60,5.50
2010.05.18 06:18:09.906,0.6456,0.64595,4.00,5.50
2010.05.18 06:18:10.637,0.6456,0.64595,8.80,5.50
2010.05.18 06:18:11.016,0.6456,0.64595,4.00,5.50
2010.05.18 06:18:20.390,0.6456,0.64595,8.80,5.50
2010.05.18 06:18:20.548,0.64565,0.64595,1.00,4.70
2010.05.18 06:18:20.711,0.64565,0.64595,1.60,1.00
2010.05.18 06:18:21.408,0.64565,0.64595,2.40,1.60
2010.05.18 06:18:21.703,0.6456,0.64595,4.00,5.50
2010.05.18 06:18:23.217,0.6456,0.64595,5.60,7.10
2010.05.18 06:18:23.818,0.64565,0.64595,1.00,4.80
2010.05.18 06:18:24.117,0.64565,0.646,3.20,9.50
2010.05.18 06:18:25.175,0.6456,0.64595,4.00,3.20
2010.05.18 06:18:25.475,0.6456,0.64595,4.00,4.70
2010.05.18 06:18:25.977,0.64565,0.64595,1.00,3.90
2010.05.18 06:18:26.125,0.64565,0.64595,1.60,3.90
2010.05.18 06:18:26.276,0.64565,0.64595,1.60,2.30
2010.05.18 06:18:26.575,0.64565,0.64595,1.60,1.50
2010.05.18 06:18:27.444,0.64565,0.64595,1.00,2.30
2010.05.18 06:18:27.559,0.6456,0.64595,14.00,2.30
2010.05.18 06:18:27.668,0.6456,0.64595,10.00,2.30
2010.05.18 06:18:27.781,0.6456,0.64595,5.30,4.70
2010.05.18 06:18:27.886,0.64565,0.64595,1.00,4.70
2010.05.18 06:18:27.996,0.64565,0.64595,1.00,2.30
2010.05.18 06:18:28.308,0.64565,0.64595,1.00,3.10
2010.05.18 06:18:28.526,0.6456,0.64595,9.20,3.10
2010.05.18 06:18:29.517,0.6456,0.64595,4.40,3.10
2010.05.18 06:18:31.167,0.6456,0.64595,4.50,3.10
2010.05.18 06:18:31.336,0.6456,0.64595,4.40,3.10
2010.05.18 06:18:32.729,0.6456,0.6459,4.40,1.00
2010.05.18 06:18:33.068,0.6456,0.6459,4.00,1.00
2010.05.18 06:18:33.409,0.64565,0.64595,1.60,2.30
2010.05.18 06:18:33.747,0.64565,0.64595,2.40,2.30
2010.05.18 06:18:34.742,0.6456,0.6459,8.80,1.00
2010.05.18 06:18:34.937,0.6456,0.6459,4.00,1.00
2010.05.18 06:18:38.879,0.6456,0.6459,13.60,1.00
2010.05.18 06:18:39.155,0.6456,0.6459,4.00,1.00
2010.05.18 06:18:40.569,0.64565,0.64595,1.00,2.30
2010.05.18 06:18:42.352,0.64565,0.64595,10.40,1.00
2010.05.18 06:18:42.672,0.64575,0.6461,5.60,4.90
2010.05.18 06:18:43.026,0.64575,0.6461,5.60,4.70
2010.05.18 06:18:43.860,0.64585,0.6461,2.40,1.00
2010.05.18 06:18:44.081,0.64585,0.6462,8.80,3.90
2010.05.18 06:18:44.296,0.64585,0.6462,13.60,3.90
2010.05.18 06:18:45.144,0.64585,0.6462,13.60,5.50
2010.05.18 06:18:45.489,0.64585,0.64615,8.80,1.50
2010.05.18 06:18:45.827,0.64585,0.64615,13.60,1.50
2010.05.18 06:18:46.698,0.64585,0.6462,13.60,4.70
2010.05.18 06:18:46.919,0.64585,0.6462,8.80,4.70
2010.05.18 06:18:49.076,0.64585,0.6462,4.00,4.70
2010.05.18 06:18:49.876,0.64585,0.6462,8.80,4.70
2010.05.18 06:18:51.336,0.64585,0.6462,4.00,4.70
2010.05.18 06:18:51.947,0.64585,0.6462,8.80,4.70
2010.05.18 06:18:53.309,0.64585,0.64615,8.00,1.00
2010.05.18 06:18:53.436,0.64585,0.64615,7.20,1.00
2010.05.18 06:18:53.557,0.64585,0.64615,7.20,2.30
2010.05.18 06:18:53.687,0.64585,0.64615,2.40,2.30
2010.05.18 06:18:53.967,0.64585,0.64615,1.00,6.30
2010.05.18 06:18:54.096,0.64585,0.64615,2.40,4.70
2010.05.18 06:18:54.437,0.64585,0.64615,1.60,4.70
2010.05.18 06:18:55.450,0.64585,0.64615,2.40,4.70
2010.05.18 06:19:02.447,0.64585,0.64615,1.60,4.90
2010.05.18 06:19:02.627,0.6458,0.6461,1.00,2.40
2010.05.18 06:19:02.807,0.6458,0.6461,3.20,1.50
2010.05.18 06:19:06.348,0.6458,0.64615,3.20,4.90
2010.05.18 06:19:07.120,0.64585,0.64615,2.40,4.70
2010.05.18 06:19:20.737,0.64585,0.64615,2.40,2.30
2010.05.18 06:19:26.441,0.64585,0.64615,3.20,1.50
2010.05.18 06:19:27.350,0.6459,0.64625,5.60,5.50
2010.05.18 06:19:29.590,0.64595,0.64625,1.60,4.70
2010.05.18 06:19:29.707,0.6459,0.64625,5.60,5.50
2010.05.18 06:19:29.826,0.64595,0.64625,1.00,4.70
2010.05.18 06:19:29.937,0.64595,0.64625,4.80,5.50
2010.05.18 06:19:30.840,0.64595,0.64625,1.00,1.50
2010.05.18 06:19:32.007,0.64595,0.6463,1.00,8.50
2010.05.18 06:19:34.196,0.64595,0.6463,1.00,13.30
2010.05.18 06:19:34.329,0.64595,0.6463,1.60,12.50
2010.05.18 06:19:34.406,0.646,0.6463,2.40,9.90
2010.05.18 06:19:34.567,0.646,0.6463,2.40,8.30
2010.05.18 06:19:35.262,0.646,0.6463,2.40,3.50
2010.05.18 06:19:35.575,0.646,0.6463,2.40,1.00
2010.05.18 06:19:38.408,0.646,0.6463,2.40,2.30
2010.05.18 06:19:39.469,0.646,0.64625,2.40,1.00
2010.05.18 06:19:39.540,0.6459,0.64625,13.60,1.60
2010.05.18 06:19:39.606,0.6459,0.64625,4.00,1.60
2010.05.18 06:19:44.811,0.6459,0.64625,4.00,1.70
2010.05.18 06:19:44.886,0.6459,0.6462,3.20,1.00
2010.05.18 06:19:45.027,0.6459,0.6462,2.40,1.00
2010.05.18 06:19:45.106,0.64585,0.6462,11.20,1.00
2010.05.18 06:19:45.250,0.64585,0.6462,11.40,1.00
2010.05.18 06:19:45.326,0.64595,0.64625,1.00,9.10
2010.05.18 06:19:45.397,0.64595,0.64625,1.00,2.30
2010.05.18 06:19:46.361,0.6459,0.64625,4.00,1.70
2010.05.18 06:19:46.486,0.6459,0.64625,4.00,1.60
2010.05.18 06:19:47.002,0.6459,0.64625,4.00,1.70
2010.05.18 06:19:48.079,0.64595,0.6463,1.00,8.50
2010.05.18 06:19:52.025,0.64595,0.6463,1.00,6.90
2010.05.18 06:19:52.196,0.64595,0.6463,1.00,6.10
2010.05.18 06:19:54.603,0.64595,0.64625,1.00,1.00
2010.05.18 06:19:55.738,0.64595,0.6463,1.00,5.90
2010.05.18 06:19:56.006,0.64595,0.6463,10.40,15.70
2010.05.18 06:19:58.638,0.64595,0.6463,10.40,15.50
2010.05.18 06:20:00.256,0.64595,0.6463,10.40,15.70
2010.05.18 06:20:03.879,0.64595,0.64625,9.60,1.00
2010.05.18 06:20:04.126,0.64595,0.64625,4.80,7.20
2010.05.18 06:20:04.246,0.6459,0.64625,16.80,12.80
2010.05.18 06:20:04.376,0.6459,0.64625,13.60,12.80
2010.05.18 06:20:12.039,0.6459,0.64625,13.60,12.90
2010.05.18 06:20:12.091,0.6459,0.64625,13.60,12.80
2010.05.18 06:20:15.988,0.6459,0.6462,12.80,1.00
2010.05.18 06:20:16.157,0.6459,0.6462,8.80,6.40
2010.05.18 06:20:16.907,0.6459,0.6462,1.00,13.60
2010.05.18 06:20:17.120,0.6459,0.64625,13.60,12.80
2010.05.18 06:20:38.171,0.64595,0.64625,1.00,10.40
2010.05.18 06:20:38.310,0.64595,0.64625,1.00,9.60
2010.05.18 06:20:39.470,0.64595,0.64625,5.60,4.80
2010.05.18 06:20:39.810,0.64595,0.6463,10.40,15.70
2010.05.18 06:20:40.488,0.64595,0.64625,5.60,4.80
2010.05.18 06:20:41.298,0.646,0.6463,2.40,12.40
2010.05.18 06:20:41.426,0.646,0.6463,2.40,12.00
2010.05.18 06:20:41.756,0.646,0.6463,7.20,7.20
2010.05.18 06:20:42.088,0.646,0.6463,8.00,6.40
2010.05.18 06:20:42.217,0.646,0.6463,7.20,7.20
2010.05.18 06:20:52.088,0.646,0.6463,8.00,6.40
2010.05.18 06:20:52.269,0.646,0.6463,10.40,4.80
2010.05.18 06:20:52.537,0.646,0.6463,11.20,4.80
2010.05.18 06:20:53.077,0.646,0.6463,11.60,4.80
2010.05.18 06:20:53.347,0.646,0.64635,16.40,10.40
2010.05.18 06:20:56.157,0.64605,0.64635,1.00,10.40
2010.05.18 06:20:56.316,0.64605,0.64635,9.60,1.00
2010.05.18 06:20:56.467,0.646,0.64635,15.60,10.40
2010.05.18 06:20:56.666,0.646,0.64635,16.40,10.40
2010.05.18 06:21:02.746,0.646,0.64635,16.00,10.40
2010.05.18 06:21:02.836,0.64605,0.64635,1.00,9.60
2010.05.18 06:21:03.690,0.6461,0.64635,1.00,9.60
2010.05.18 06:21:04.029,0.64615,0.64645,6.40,5.60
2010.05.18 06:21:04.366,0.64615,0.64645,1.60,10.40
2010.05.18 06:21:04.707,0.64615,0.64645,6.40,5.60
2010.05.18 06:21:06.158,0.64615,0.64645,5.60,5.60
2010.05.18 06:21:06.300,0.64615,0.64645,4.80,7.20
2010.05.18 06:21:06.437,0.6461,0.64645,15.20,12.00
2010.05.18 06:21:06.579,0.6461,0.64645,13.60,12.00
2010.05.18 06:21:07.274,0.6461,0.64645,13.60,12.10
2010.05.18 06:21:07.500,0.6461,0.64645,8.80,16.10
2010.05.18 06:21:07.734,0.6461,0.6464,8.80,4.80
2010.05.18 06:21:07.958,0.6461,0.6464,4.00,9.60
2010.05.18 06:21:09.373,0.6461,0.6464,4.00,9.70
2010.05.18 06:21:10.673,0.6461,0.6464,4.00,9.60
2010.05.18 06:21:12.783,0.64605,0.64635,1.60,4.80
2010.05.18 06:21:12.947,0.64605,0.64635,1.60,9.60
2010.05.18 06:21:13.107,0.64605,0.64635,1.60,4.80
2010.05.18 06:21:13.801,0.64605,0.6464,1.60,11.90
2010.05.18 06:21:14.296,0.64605,0.6464,1.60,12.10
2010.05.18 06:21:15.141,0.64605,0.6464,1.60,11.90
2010.05.18 06:21:16.166,0.64605,0.64635,1.60,4.80
2010.05.18 06:21:16.487,0.64605,0.6464,1.60,11.90
2010.05.18 06:21:16.979,0.64605,0.6464,1.60,12.10
2010.05.18 06:21:17.871,0.64605,0.6464,3.20,12.10
2010.05.18 06:21:18.213,0.6461,0.6464,13.60,1.50
2010.05.18 06:21:24.947,0.6461,0.64645,13.60,15.90
2010.05.18 06:21:25.569,0.6461,0.6464,8.80,4.80
2010.05.18 06:21:26.396,0.6461,0.6464,4.00,9.60
2010.05.18 06:21:26.741,0.6461,0.64645,15.20,13.50
2010.05.18 06:21:26.929,0.64615,0.64645,11.20,2.40
2010.05.18 06:21:28.337,0.64615,0.64645,6.40,2.40
2010.05.18 06:21:28.618,0.6462,0.6465,3.20,14.50
2010.05.18 06:21:29.802,0.6462,0.6465,3.20,14.30
2010.05.18 06:21:31.593,0.6462,0.6465,3.20,14.50
2010.05.18 06:21:32.208,0.6462,0.6465,3.20,14.30
2010.05.18 06:21:35.080,0.6462,0.6465,3.20,14.50
2010.05.18 06:21:35.736,0.6462,0.64645,3.20,1.00
2010.05.18 06:21:36.470,0.6462,0.64645,2.40,1.00
2010.05.18 06:21:36.815,0.64615,0.64645,6.40,5.60
2010.05.18 06:21:46.695,0.6462,0.64645,1.00,4.80
2010.05.18 06:21:46.931,0.6462,0.6465,3.20,14.30
2010.05.18 06:21:50.740,0.6462,0.6465,3.20,14.50
2010.05.18 06:21:51.780,0.6462,0.6465,3.20,14.30
2010.05.18 06:21:51.827,0.6462,0.6465,3.20,14.50
2010.05.18 06:21:51.992,0.6462,0.6465,3.20,14.30
2010.05.18 06:21:52.765,0.6462,0.6465,4.00,13.50
2010.05.18 06:21:53.110,0.64625,0.6465,1.00,3.90
2010.05.18 06:21:53.789,0.6462,0.6465,14.40,5.60
2010.05.18 06:21:54.621,0.64625,0.6465,1.00,1.00
2010.05.18 06:21:54.811,0.64625,0.64655,1.00,15.90
2010.05.18 06:21:55.131,0.6462,0.6465,13.60,2.40
2010.05.18 06:21:55.452,0.6462,0.6464,2.40,1.00
2010.05.18 06:21:56.252,0.64615,0.6464,4.80,2.50
2010.05.18 06:21:56.433,0.64605,0.6463,13.60,1.60
2010.05.18 06:21:56.610,0.64605,0.6463,6.40,1.60
2010.05.18 06:21:56.790,0.64605,0.64635,6.40,9.60
2010.05.18 06:21:57.632,0.64605,0.64635,11.20,1.00
2010.05.18 06:21:57.978,0.646,0.6463,4.80,11.20
2010.05.18 06:21:58.512,0.646,0.6463,4.00,11.20
2010.05.18 06:21:58.838,0.646,0.6463,8.80,1.60
2010.05.18 06:21:59.778,0.646,0.6463,13.60,1.60
2010.05.18 06:22:00.042,0.64605,0.6464,14.40,12.00
2010.05.18 06:22:00.278,0.64605,0.6464,15.20,12.00
2010.05.18 06:22:02.571,0.64605,0.6464,13.60,12.00
2010.05.18 06:22:05.650,0.6461,0.6464,1.60,10.40
2010.05.18 06:22:06.350,0.6461,0.6464,1.60,10.50
2010.05.18 06:22:07.940,0.6461,0.6464,1.60,10.40
2010.05.18 06:22:14.627,0.6461,0.6464,1.60,10.50
2010.05.18 06:22:14.847,0.6461,0.6464,1.60,10.40
2010.05.18 06:22:15.045,0.64605,0.6464,15.20,12.00
2010.05.18 06:22:17.653,0.6461,0.64645,15.20,15.90
2010.05.18 06:22:17.998,0.6461,0.64645,15.20,12.90
2010.05.18 06:22:18.337,0.6461,0.64645,15.20,12.10
2010.05.18 06:22:20.446,0.6461,0.64645,15.20,12.00
2010.05.18 06:22:20.517,0.6462,0.64645,1.00,11.20
2010.05.18 06:22:20.599,0.6462,0.64645,1.00,9.60
2010.05.18 06:22:21.492,0.6462,0.6465,3.20,10.40
2010.05.18 06:22:26.032,0.64625,0.64655,1.00,15.10
2010.05.18 06:22:26.548,0.64625,0.64655,1.60,14.30
2010.05.18 06:22:27.375,0.6463,0.64655,3.20,9.60
2010.05.18 06:22:27.636,0.6463,0.64665,16.00,11.30
2010.05.18 06:22:27.894,0.64635,0.6466,4.80,1.00
2010.05.18 06:22:28.816,0.6463,0.6466,10.40,1.00
2010.05.18 06:22:29.126,0.64625,0.6466,12.80,13.70
2010.05.18 06:22:31.168,0.64625,0.6466,12.80,13.50
2010.05.18 06:22:31.884,0.64625,0.6466,12.80,13.60
2010.05.18 06:22:32.086,0.64625,0.6466,12.80,13.50
2010.05.18 06:22:35.260,0.64625,0.6466,12.80,13.60
2010.05.18 06:22:36.350,0.64625,0.6466,12.80,13.50
2010.05.18 06:22:37.690,0.64625,0.64655,1.00,12.00
2010.05.18 06:22:54.826,0.64625,0.64655,1.60,11.20
2010.05.18 06:22:54.967,0.64625,0.64655,5.60,9.60
2010.05.18 06:22:55.108,0.64635,0.64655,1.00,9.60
2010.05.18 06:22:55.816,0.64635,0.64655,1.60,9.60
2010.05.18 06:22:56.114,0.6464,0.64675,15.20,12.00
2010.05.18 06:22:57.088,0.6465,0.64675,1.60,9.60
2010.05.18 06:22:57.382,0.6465,0.6468,8.80,5.60
2010.05.18 06:22:59.142,0.6465,0.6468,8.80,4.80
2010.05.18 06:22:59.460,0.64655,0.6468,1.00,5.60
2010.05.18 06:22:59.597,0.6465,0.6468,8.80,5.60
2010.05.18 06:23:00.846,0.6465,0.6468,8.80,1.00
2010.05.18 06:23:00.984,0.6465,0.64685,12.80,11.20
2010.05.18 06:23:02.111,0.6465,0.64685,12.80,10.40
2010.05.18 06:23:02.590,0.64655,0.64685,1.00,9.60
2010.05.18 06:23:03.308,0.64655,0.6469,10.40,15.50
2010.05.18 06:23:03.639,0.6466,0.6469,2.40,14.30
2010.05.18 06:23:04.961,0.6465,0.64685,16.00,13.20
2010.05.18 06:23:05.246,0.64655,0.6469,10.40,14.80
2010.05.18 06:23:05.527,0.64655,0.6469,10.40,14.70
2010.05.18 06:23:06.732,0.64655,0.64685,5.60,4.80
2010.05.18 06:23:06.989,0.6466,0.6469,2.40,13.90
2010.05.18 06:23:07.240,0.6466,0.6469,2.40,10.40
2010.05.18 06:23:08.999,0.6466,0.6469,4.00,9.60
2010.05.18 06:23:10.079,0.6466,0.6469,4.80,9.60
2010.05.18 06:23:10.427,0.6466,0.64695,14.40,10.40
2010.05.18 06:23:11.268,0.6466,0.64695,14.40,10.50
2010.05.18 06:23:12.101,0.6467,0.64695,2.40,9.60
2010.05.18 06:23:12.259,0.6467,0.64695,2.40,1.00
2010.05.18 06:23:12.417,0.64665,0.64695,4.80,5.60
2010.05.18 06:23:12.576,0.64665,0.64695,9.60,1.00
2010.05.18 06:23:12.737,0.6466,0.64695,14.40,10.50
2010.05.18 06:23:12.897,0.6466,0.6469,8.80,5.60
2010.05.18 06:23:13.057,0.6466,0.6469,13.60,1.00
2010.05.18 06:23:14.092,0.6466,0.6469,8.80,1.00
2010.05.18 06:23:14.357,0.6466,0.6469,8.80,1.00
2010.05.18 06:23:14.764,0.6466,0.6469,4.00,5.60
2010.05.18 06:23:14.896,0.6466,0.6469,8.80,5.60
2010.05.18 06:23:15.027,0.6466,0.6469,8.80,1.00
2010.05.18 06:23:17.047,0.6466,0.6469,8.80,5.60
2010.05.18 06:23:17.726,0.6466,0.6469,8.80,1.00
2010.05.18 06:23:18.328,0.6466,0.6469,8.00,1.00
2010.05.18 06:23:18.629,0.64655,0.6469,11.20,10.40
2010.05.18 06:23:18.929,0.64655,0.6469,10.40,12.90
2010.05.18 06:23:19.631,0.6465,0.6468,4.40,10.40
2010.05.18 06:23:19.923,0.64645,0.64675,1.00,7.20
2010.05.18 06:23:20.129,0.64645,0.64675,1.00,12.00
2010.05.18 06:23:21.160,0.64645,0.64675,1.00,12.00
2010.05.18 06:23:23.848,0.64645,0.64675,1.20,10.40
2010.05.18 06:23:24.708,0.64645,0.6467,1.00,4.80
2010.05.18 06:23:24.906,0.64645,0.64675,1.00,12.00
2010.05.18 06:23:26.895,0.64645,0.64675,1.00,12.10
2010.05.18 06:23:27.191,0.6464,0.64655,3.20,1.00
2010.05.18 06:23:27.920,0.6464,0.64655,1.60,1.00
2010.05.18 06:23:28.270,0.64625,0.64655,2.80,12.00
2010.05.18 06:23:30.012,0.6463,0.6466,8.80,7.20
2010.05.18 06:23:30.436,0.6463,0.6466,11.20,7.20
2010.05.18 06:23:33.321,0.6463,0.6466,12.80,5.60
2010.05.18 06:23:35.624,0.6463,0.6466,11.20,7.20
2010.05.18 06:23:37.948,0.6463,0.6466,7.60,7.20
2010.05.18 06:23:38.207,0.6463,0.6466,1.20,12.00
2010.05.18 06:23:39.044,0.6463,0.6466,1.00,12.00
2010.05.18 06:23:40.550,0.6463,0.6466,1.20,12.00
2010.05.18 06:23:40.798,0.64635,0.6466,1.00,7.20
2010.05.18 06:23:41.046,0.64635,0.6466,1.00,5.60
2010.05.18 06:23:52.591,0.6463,0.6466,1.00,12.00
2010.05.18 06:23:54.663,0.6463,0.6466,2.00,12.00
2010.05.18 06:23:55.586,0.64635,0.6466,1.00,10.40
2010.05.18 06:23:55.717,0.64635,0.6466,1.00,5.60
2010.05.18 06:23:58.777,0.64635,0.6466,1.00,4.80
2010.05.18 06:23:58.938,0.64635,0.64665,1.00,10.90
2010.05.18 06:23:59.017,0.64635,0.64665,1.00,10.50
2010.05.18 06:24:02.607,0.64635,0.6466,1.00,1.00
2010.05.18 06:24:02.787,0.64635,0.6466,1.00,5.60
2010.05.18 06:24:11.972,0.64635,0.6466,2.00,5.70
2010.05.18 06:24:12.107,0.64635,0.6466,1.00,1.00
2010.05.18 06:24:12.247,0.64635,0.6466,1.00,5.70
2010.05.18 06:24:13.297,0.6463,0.6466,10.70,5.70
2010.05.18 06:24:13.781,0.6463,0.6466,10.70,5.70
2010.05.18 06:24:13.997,0.6463,0.6466,10.70,5.60
2010.05.18 06:24:14.890,0.64635,0.64665,2.80,9.60
2010.05.18 06:24:15.089,0.6464,0.64665,1.00,10.40
2010.05.18 06:24:15.476,0.6464,0.64665,1.00,5.70
2010.05.18 06:24:15.666,0.6464,0.64665,1.00,10.40
2010.05.18 06:24:16.537,0.6464,0.64665,1.00,4.80
2010.05.18 06:24:16.818,0.6464,0.6467,3.60,13.70
2010.05.18 06:24:17.721,0.6464,0.6467,3.60,12.10
2010.05.18 06:24:18.049,0.64645,0.6467,1.00,11.20
2010.05.18 06:24:18.379,0.6464,0.6467,5.60,12.00
2010.05.18 06:24:19.342,0.6464,0.6467,3.20,12.00
2010.05.18 06:24:19.835,0.6464,0.6467,4.00,11.20
2010.05.18 06:24:20.082,0.6464,0.6467,4.80,9.60
2010.05.18 06:24:20.950,0.6464,0.6467,9.60,5.60
2010.05.18 06:24:21.293,0.6464,0.6467,3.20,12.00
2010.05.18 06:24:25.546,0.6464,0.6467,3.20,12.10
2010.05.18 06:24:27.532,0.6464,0.6467,3.20,12.00
2010.05.18 06:24:39.611,0.6465,0.64675,1.00,9.60
2010.05.18 06:24:39.889,0.64645,0.64675,6.00,10.40
2010.05.18 06:24:40.626,0.6465,0.64675,1.00,9.60
2010.05.18 06:24:40.961,0.64645,0.6468,17.80,12.10
2010.05.18 06:24:42.573,0.64645,0.6468,17.60,12.10
2010.05.18 06:24:42.837,0.6465,0.6468,1.60,12.10
2010.05.18 06:24:43.448,0.6465,0.6468,2.40,11.30
2010.05.18 06:24:43.629,0.64655,0.6468,1.00,11.20
2010.05.18 06:24:43.809,0.64655,0.6468,1.00,1.60
2010.05.18 06:24:44.868,0.64655,0.64685,1.00,13.30
2010.05.18 06:24:44.930,0.6465,0.64685,12.00,13.30
2010.05.18 06:24:44.987,0.6465,0.64685,10.40,13.30
2010.05.18 06:24:47.227,0.6465,0.64685,10.40,13.20
2010.05.18 06:24:47.367,0.6465,0.64685,10.40,13.30
2010.05.18 06:24:49.238,0.6465,0.6468,6.40,1.60
2010.05.18 06:24:49.259,0.6465,0.6468,8.00,2.40
2010.05.18 06:24:49.271,0.6465,0.6468,8.80,1.60
2010.05.18 06:24:49.345,0.6465,0.64685,8.80,13.30
2010.05.18 06:24:50.112,0.6465,0.64685,8.80,13.20
2010.05.18 06:24:50.163,0.6465,0.64685,8.80,13.30
2010.05.18 06:24:50.602,0.64655,0.64685,1.60,12.00
2010.05.18 06:24:51.422,0.6465,0.64685,13.60,8.50
2010.05.18 06:24:51.556,0.6465,0.64685,13.60,13.20
2010.05.18 06:24:52.199,0.64655,0.64685,1.00,11.60
2010.05.18 06:24:52.337,0.6466,0.64685,2.40,10.40
2010.05.18 06:24:53.353,0.6466,0.6469,3.20,12.00
2010.05.18 06:24:55.797,0.6466,0.6469,4.00,11.20
2010.05.18 06:24:55.978,0.6466,0.6469,4.00,9.60
2010.05.18 06:25:02.828,0.64665,0.6469,2.40,4.80
2010.05.18 06:25:03.537,0.64665,0.64695,8.80,4.80
2010.05.18 06:25:03.711,0.6467,0.647,2.40,10.40
2010.05.18 06:25:04.617,0.6467,0.64695,2.40,1.00
2010.05.18 06:25:04.958,0.6467,0.647,2.40,10.40
2010.05.18 06:25:06.848,0.6467,0.647,12.00,1.00
2010.05.18 06:25:10.969,0.6468,0.6471,12.80,1.00
2010.05.18 06:25:11.337,0.6468,0.6471,12.80,1.00
2010.05.18 06:25:11.757,0.6468,0.64715,13.60,2.50
2010.05.18 06:25:12.782,0.6468,0.6471,8.00,5.60
2010.05.18 06:25:17.526,0.6468,0.6471,3.20,10.40
2010.05.18 06:25:18.351,0.6468,0.6471,3.20,10.40
2010.05.18 06:25:19.101,0.6468,0.6471,3.20,10.50
2010.05.18 06:25:20.788,0.6468,0.6471,3.20,10.40
2010.05.18 06:25:21.458,0.64675,0.64705,12.00,2.40
2010.05.18 06:25:22.318,0.64675,0.64705,1.00,12.00
2010.05.18 06:25:22.579,0.6467,0.64705,17.60,12.00
2010.05.18 06:25:22.847,0.6467,0.647,17.60,4.80
2010.05.18 06:25:23.107,0.6467,0.64705,17.60,12.00
2010.05.18 06:25:24.218,0.64675,0.64705,1.00,12.00
2010.05.18 06:25:24.563,0.64685,0.6471,1.00,10.40
2010.05.18 06:25:24.649,0.6468,0.6471,3.20,10.40
2010.05.18 06:25:26.387,0.6468,0.64705,2.40,1.00
2010.05.18 06:25:26.669,0.6468,0.6471,3.20,10.40
2010.05.18 06:25:26.948,0.6468,0.6471,3.20,11.20
2010.05.18 06:25:27.227,0.64675,0.6471,11.20,11.60
2010.05.18 06:25:28.176,0.64675,0.6471,11.20,13.10
2010.05.18 06:25:28.308,0.64675,0.6471,11.20,13.30
2010.05.18 06:25:28.479,0.64675,0.64705,6.40,4.80
2010.05.18 06:25:28.618,0.64675,0.64705,1.60,9.60
2010.05.18 06:25:28.888,0.64675,0.64705,1.00,10.40
2010.05.18 06:25:29.699,0.6467,0.64705,13.60,12.00
2010.05.18 06:25:36.611,0.6467,0.64705,13.60,12.80
2010.05.18 06:25:36.797,0.6467,0.647,12.80,1.00
2010.05.18 06:25:36.988,0.6467,0.64695,7.20,1.00
2010.05.18 06:25:37.178,0.64665,0.64695,11.20,1.00
2010.05.18 06:25:38.987,0.64665,0.64695,6.40,5.60
2010.05.18 06:25:39.081,0.64675,0.64695,9.60,1.00
2010.05.18 06:25:39.170,0.64675,0.647,9.60,9.10
2010.05.18 06:25:39.906,0.64675,0.647,9.60,6.70
2010.05.18 06:25:40.013,0.6468,0.647,9.60,1.00
2010.05.18 06:25:40.702,0.6468,0.647,4.80,2.00
2010.05.18 06:25:41.706,0.6468,0.647,4.80,1.00
2010.05.18 06:25:41.991,0.6468,0.647,9.60,1.00
2010.05.18 06:25:42.663,0.6468,0.647,9.60,1.60
2010.05.18 06:25:43.622,0.6468,0.647,4.80,1.00
2010.05.18 06:25:43.754,0.64685,0.6471,9.60,7.50
2010.05.18 06:25:43.997,0.64685,0.64705,4.80,4.80
2010.05.18 06:25:44.116,0.64675,0.64705,6.40,4.80
2010.05.18 06:25:44.418,0.64675,0.6471,6.40,17.10
2010.05.18 06:25:45.186,0.64675,0.6471,11.20,17.10
2010.05.18 06:25:45.484,0.64675,0.6471,11.20,16.30
2010.05.18 06:25:45.779,0.64675,0.6471,11.20,13.20
2010.05.18 06:25:46.774,0.64675,0.6471,11.20,13.30
2010.05.18 06:25:46.894,0.64675,0.6471,11.20,13.20
2010.05.18 06:25:47.849,0.64675,0.64705,1.60,9.60
2010.05.18 06:25:48.193,0.6468,0.64705,3.20,4.80
2010.05.18 06:25:48.530,0.64675,0.64705,6.40,4.80
2010.05.18 06:25:49.568,0.6468,0.6471,8.80,5.60
2010.05.18 06:25:50.947,0.6468,0.6471,8.80,7.20
2010.05.18 06:25:51.868,0.64685,0.64715,1.00,13.50
2010.05.18 06:25:52.017,0.64685,0.6471,1.00,1.60
2010.05.18 06:25:52.166,0.64685,0.64715,1.00,13.50
2010.05.18 06:25:54.170,0.64685,0.6471,1.00,1.00
2010.05.18 06:25:54.307,0.64685,0.6471,1.00,2.40
2010.05.18 06:25:54.378,0.6468,0.6471,12.80,7.20
2010.05.18 06:25:55.104,0.6468,0.6471,8.80,7.30
2010.05.18 06:25:55.372,0.6468,0.6471,2.40,15.50
2010.05.18 06:25:55.638,0.6468,0.6471,8.80,8.70
2010.05.18 06:25:55.908,0.6468,0.6471,8.80,5.60
2010.05.18 06:25:56.178,0.6468,0.6471,8.80,7.20
2010.05.18 06:25:57.101,0.6468,0.64705,12.80,1.00
2010.05.18 06:25:57.390,0.6468,0.6471,8.80,7.20
2010.05.18 06:25:57.567,0.6468,0.64705,4.00,4.80
2010.05.18 06:25:57.747,0.6468,0.6471,8.80,2.40
2010.05.18 06:25:57.917,0.6468,0.6471,13.60,2.40
2010.05.18 06:25:58.872,0.6468,0.6471,8.80,2.40
2010.05.18 06:25:59.047,0.6468,0.6471,8.80,7.20
2010.05.18 06:26:01.309,0.6468,0.6471,8.00,12.00
2010.05.18 06:26:01.609,0.6468,0.6471,3.20,12.00
2010.05.18 06:26:01.908,0.6468,0.6471,4.00,12.00
2010.05.18 06:26:02.881,0.6468,0.6471,8.80,7.20
2010.05.18 06:26:03.549,0.6468,0.6471,9.60,6.40
2010.05.18 06:26:03.917,0.64685,0.6471,1.00,1.60
2010.05.18 06:26:06.420,0.64685,0.64715,11.20,1.60
2010.05.18 06:26:07.181,0.6469,0.6472,1.00,11.20
2010.05.18 06:26:07.252,0.6471,0.64725,3.20,1.50
2010.05.18 06:26:07.317,0.6471,0.6474,3.20,14.30
2010.05.18 06:26:07.659,0.64705,0.64735,6.40,5.60
2010.05.18 06:26:07.999,0.6471,0.64735,1.60,4.80
2010.05.18 06:26:08.906,0.6471,0.6474,5.60,10.40
2010.05.18 06:26:12.156,0.6471,0.6474,1.60,10.40
2010.05.18 06:26:12.461,0.6471,0.6474,1.00,11.60
2010.05.18 06:26:13.739,0.64715,0.6474,1.00,10.00
2010.05.18 06:26:13.990,0.6472,0.64745,3.20,1.00
2010.05.18 06:26:14.242,0.64715,0.64745,1.00,10.40
2010.05.18 06:26:15.423,0.64715,0.64745,12.00,1.00
2010.05.18 06:26:15.779,0.64715,0.64745,3.20,12.00
2010.05.18 06:26:16.036,0.64715,0.64745,4.00,11.20
2010.05.18 06:26:16.808,0.64715,0.64745,4.00,9.60
2010.05.18 06:26:16.893,0.6472,0.6475,1.00,10.40
2010.05.18 06:26:17.239,0.6472,0.6475,1.00,12.00
2010.05.18 06:26:18.852,0.6472,0.6475,1.00,11.20
2010.05.18 06:26:18.925,0.6472,0.6475,1.60,11.20
2010.05.18 06:26:19.018,0.64725,0.6475,1.00,11.20
2010.05.18 06:26:19.057,0.64725,0.6475,1.00,1.60
2010.05.18 06:26:19.157,0.64725,0.64755,1.00,9.60
2010.05.18 06:26:19.186,0.64725,0.64755,2.40,9.60
2010.05.18 06:26:19.908,0.64735,0.64755,1.00,9.60
2010.05.18 06:26:20.256,0.64735,0.6477,10.40,11.60
2010.05.18 06:26:21.632,0.64735,0.6476,5.60,4.80
2010.05.18 06:26:21.976,0.6473,0.6476,3.20,10.40
2010.05.18 06:26:22.168,0.6473,0.64755,3.20,4.80
2010.05.18 06:26:22.562,0.6473,0.6476,3.20,10.40
2010.05.18 06:26:23.602,0.6473,0.64765,4.00,11.90
2010.05.18 06:26:23.938,0.6473,0.6476,4.00,4.80
2010.05.18 06:26:25.197,0.6473,0.6476,4.10,4.80
2010.05.18 06:26:25.396,0.6473,0.6476,4.20,4.80
2010.05.18 06:26:26.251,0.6473,0.6476,5.00,4.80
2010.05.18 06:26:26.601,0.6474,0.64765,3.20,9.60
2010.05.18 06:26:27.669,0.64755,0.64775,1.00,4.80
2010.05.18 06:26:27.984,0.6475,0.64785,6.80,10.40
2010.05.18 06:26:28.948,0.6475,0.6478,6.80,4.80
2010.05.18 06:26:29.262,0.6475,0.64785,6.90,10.40
2010.05.18 06:26:29.579,0.6475,0.64785,7.00,10.40
2010.05.18 06:26:30.296,0.6475,0.64785,11.80,10.40
2010.05.18 06:26:30.612,0.6475,0.64775,5.20,1.00
2010.05.18 06:26:30.930,0.6475,0.64775,2.40,10.40
2010.05.18 06:26:31.249,0.6475,0.6478,2.40,14.40
2010.05.18 06:26:32.172,0.6476,0.6479,1.00,12.80
2010.05.18 06:26:33.433,0.6476,0.6479,1.00,12.00
2010.05.18 06:26:33.770,0.6476,0.64795,10.40,13.50
2010.05.18 06:26:35.458,0.6476,0.64795,12.40,11.20
2010.05.18 06:26:35.623,0.6476,0.6479,9.70,3.20
2010.05.18 06:26:35.791,0.6476,0.6479,9.60,3.20
2010.05.18 06:26:35.960,0.64755,0.6479,13.00,12.80
2010.05.18 06:26:36.795,0.6476,0.6479,5.60,2.40
2010.05.18 06:26:36.954,0.6476,0.6479,9.60,3.20
2010.05.18 06:26:37.269,0.6476,0.6479,5.60,7.20
2010.05.18 06:26:37.591,0.6477,0.64795,5.60,1.20
2010.05.18 06:26:38.633,0.64775,0.64805,1.00,15.10
2010.05.18 06:26:38.981,0.6477,0.64805,9.70,12.30
2010.05.18 06:26:39.990,0.64775,0.64805,10.40,1.50
2010.05.18 06:26:40.439,0.64775,0.64805,10.50,1.50
2010.05.18 06:26:41.358,0.64775,0.64805,10.40,1.50
2010.05.18 06:26:44.092,0.6478,0.64805,9.60,1.50
2010.05.18 06:26:44.182,0.6478,0.6481,4.80,11.10
2010.05.18 06:26:44.547,0.64775,0.6481,10.40,15.90
2010.05.18 06:26:44.659,0.64775,0.6481,10.50,15.90
2010.05.18 06:26:44.746,0.64775,0.64805,10.50,1.50
2010.05.18 06:26:44.826,0.6478,0.64805,1.00,1.50
2010.05.18 06:26:44.908,0.6478,0.64805,3.20,1.50
2010.05.18 06:26:45.605,0.6478,0.6481,3.20,10.30
2010.05.18 06:26:45.894,0.6478,0.6481,8.00,3.10
2010.05.18 06:26:46.537,0.6478,0.6481,8.00,1.60
2010.05.18 06:26:47.772,0.64785,0.64815,1.00,11.20
2010.05.18 06:26:47.909,0.64785,0.64815,5.60,5.60
2010.05.18 06:26:48.039,0.64785,0.64815,10.40,1.00
2010.05.18 06:26:48.725,0.64785,0.64815,10.40,5.60
2010.05.18 06:26:48.850,0.6478,0.6481,15.70,1.00
2010.05.18 06:26:49.189,0.6478,0.6481,5.70,2.40
2010.05.18 06:26:49.531,0.64775,0.64805,10.40,1.00
2010.05.18 06:26:51.379,0.64775,0.6481,13.60,16.70
2010.05.18 06:26:51.506,0.64775,0.6481,13.60,15.20
2010.05.18 06:26:52.287,0.6478,0.6481,4.80,9.60
2010.05.18 06:26:52.565,0.64785,0.64815,1.00,14.30
2010.05.18 06:26:53.110,0.6478,0.64805,10.80,7.20
2010.05.18 06:26:53.803,0.6478,0.64805,8.40,7.20
2010.05.18 06:26:54.117,0.6478,0.6481,2.70,12.80
2010.05.18 06:26:56.007,0.6478,0.6481,2.00,12.80
2010.05.18 06:26:58.320,0.6478,0.6481,2.00,12.80
2010.05.18 06:26:58.655,0.64785,0.6482,15.00,19.10
2010.05.18 06:26:58.980,0.64785,0.6482,12.80,19.10
2010.05.18 06:26:59.841,0.64785,0.6482,11.20,19.10
2010.05.18 06:27:00.063,0.64785,0.64815,5.60,5.60
2010.05.18 06:27:00.278,0.64785,0.6481,4.80,1.60
2010.05.18 06:27:00.499,0.6478,0.6481,12.00,1.60
2010.05.18 06:27:00.718,0.6478,0.6481,12.00,1.60
2010.05.18 06:27:01.395,0.6478,0.6481,7.20,1.60
2010.05.18 06:27:02.039,0.6478,0.64805,7.20,1.00
2010.05.18 06:27:02.359,0.64775,0.64805,9.60,2.40
2010.05.18 06:27:03.610,0.6478,0.64805,4.80,2.40
2010.05.18 06:27:03.750,0.6478,0.6481,4.80,9.70
2010.05.18 06:27:03.889,0.6478,0.6481,4.80,7.10
2010.05.18 06:27:04.028,0.6478,0.6481,9.60,6.30
2010.05.18 06:27:05.903,0.6478,0.6481,9.60,6.50
2010.05.18 06:27:06.226,0.64775,0.6481,12.00,6.50
2010.05.18 06:27:06.964,0.64775,0.6481,12.00,6.30
2010.05.18 06:27:07.118,0.6478,0.6481,4.80,6.30
2010.05.18 06:27:09.577,0.64775,0.6481,12.00,15.90
2010.05.18 06:27:11.630,0.64795,0.64825,1.00,10.80
2010.05.18 06:27:12.522,0.64795,0.6483,12.80,16.00
2010.05.18 06:27:12.679,0.64795,0.6482,4.80,4.00
2010.05.18 06:27:12.884,0.6479,0.6482,9.60,4.00
2010.05.18 06:27:13.092,0.6479,0.64815,9.60,1.00
2010.05.18 06:27:13.810,0.6479,0.64815,9.60,1.00
2010.05.18 06:27:14.122,0.64775,0.6481,11.20,3.20
2010.05.18 06:27:15.069,0.6478,0.6481,9.60,3.20
2010.05.18 06:27:15.307,0.6477,0.648,9.60,3.20
2010.05.18 06:27:17.210,0.6477,0.648,9.60,6.30
2010.05.18 06:27:18.017,0.64765,0.648,5.60,15.90
2010.05.18 06:27:19.487,0.64765,0.648,10.40,15.90
2010.05.18 06:27:19.738,0.64765,0.648,5.60,15.90
2010.05.18 06:27:20.475,0.64765,0.648,1.00,15.90
2010.05.18 06:27:20.832,0.64775,0.648,1.00,9.60
2010.05.18 06:27:21.182,0.64775,0.64805,4.10,4.80
2010.05.18 06:27:21.529,0.64775,0.6481,4.10,16.70
2010.05.18 06:27:22.291,0.64775,0.6481,4.10,13.60
2010.05.18 06:27:22.780,0.64775,0.6481,4.00,13.60
2010.05.18 06:27:23.642,0.64785,0.6481,1.60,12.80
2010.05.18 06:27:23.952,0.6478,0.64815,4.00,12.90
2010.05.18 06:27:24.262,0.6478,0.64805,1.00,4.80
2010.05.18 06:27:25.213,0.6477,0.64795,3.20,4.80
2010.05.18 06:27:25.499,0.64765,0.648,13.00,1.00
2010.05.18 06:27:26.483,0.64775,0.648,1.00,12.00
2010.05.18 06:27:26.766,0.64775,0.64805,1.00,10.40
2010.05.18 06:27:27.053,0.6478,0.64805,3.30,9.60
2010.05.18 06:27:27.782,0.6478,0.64805,5.70,9.60
2010.05.18 06:27:28.124,0.64785,0.6482,12.80,17.50
2010.05.18 06:27:29.021,0.64785,0.6482,12.80,17.70
2010.05.18 06:27:29.288,0.64785,0.6482,12.80,17.50
2010.05.18 06:27:30.564,0.648,0.64835,12.80,12.80
2010.05.18 06:27:30.873,0.64805,0.64835,7.20,7.20
2010.05.18 06:27:32.225,0.64805,0.64835,1.00,12.00
2010.05.18 06:27:32.502,0.64805,0.64835,10.40,1.00
2010.05.18 06:27:33.434,0.64805,0.64835,12.80,1.00
2010.05.18 06:27:33.709,0.6483,0.6484,5.60,8.40
2010.05.18 06:27:34.049,0.6483,0.6484,9.60,4.00
2010.05.18 06:27:34.932,0.64815,0.6484,1.00,8.80
2010.05.18 06:27:35.185,0.64815,0.64845,1.00,9.60
2010.05.18 06:27:35.429,0.64815,0.64845,5.60,4.80
2010.05.18 06:27:36.345,0.64815,0.6485,10.40,17.50
2010.05.18 06:27:36.578,0.6482,0.6485,4.80,7.90
2010.05.18 06:27:38.245,0.6482,0.6485,4.80,5.50
2010.05.18 06:27:38.593,0.6482,0.64855,5.60,15.90
2010.05.18 06:27:41.046,0.6482,0.64855,5.60,16.10
2010.05.18 06:27:41.903,0.64825,0.64855,10.40,1.00
2010.05.18 06:27:43.937,0.64825,0.64855,10.40,2.50
2010.05.18 06:27:45.039,0.64825,0.64855,5.60,7.30
2010.05.18 06:27:46.760,0.6482,0.6485,9.60,6.30
2010.05.18 06:27:47.099,0.64815,0.6485,12.00,19.90
2010.05.18 06:27:48.168,0.64815,0.64845,12.00,3.90
2010.05.18 06:27:48.809,0.64815,0.64845,12.00,4.10
2010.05.18 06:27:49.514,0.64815,0.64845,12.00,3.90
2010.05.18 06:27:50.000,0.64815,0.64845,12.00,4.10
2010.05.18 06:27:50.139,0.64815,0.64845,12.00,3.90
2010.05.18 06:27:51.160,0.64815,0.6484,12.00,1.00
2010.05.18 06:27:51.459,0.64815,0.64845,12.00,4.10
2010.05.18 06:27:52.947,0.64815,0.64845,12.00,3.90
2010.05.18 06:27:53.915,0.64815,0.64845,12.00,4.10
2010.05.18 06:27:54.252,0.64815,0.64845,12.00,4.30
2010.05.18 06:27:54.601,0.64805,0.64835,5.60,1.00
2010.05.18 06:27:55.422,0.64805,0.64835,4.80,8.00
2010.05.18 06:27:55.729,0.64805,0.64835,4.80,16.70
2010.05.18 06:27:56.038,0.648,0.64835,8.00,16.70
2010.05.18 06:27:56.804,0.648,0.64835,12.80,16.70
2010.05.18 06:27:57.085,0.648,0.64825,2.40,1.00
2010.05.18 06:27:57.360,0.648,0.64825,1.00,4.80
2010.05.18 06:27:58.132,0.648,0.64825,5.60,4.80
2010.05.18 06:27:58.464,0.64795,0.64825,4.80,14.10
2010.05.18 06:27:58.799,0.6479,0.64825,5.60,14.10
2010.05.18 06:27:59.483,0.6479,0.64825,10.40,14.10
2010.05.18 06:27:59.748,0.6479,0.64825,10.40,4.50
2010.05.18 06:28:00.277,0.6479,0.64825,5.60,9.30
2010.05.18 06:28:00.537,0.6479,0.64825,10.40,4.50
2010.05.18 06:28:01.559,0.648,0.64825,5.60,1.90
2010.05.18 06:28:01.653,0.648,0.64825,12.80,1.50
2010.05.18 06:28:01.750,0.648,0.64835,12.80,7.30
2010.05.18 06:28:01.838,0.648,0.64835,12.80,6.50
2010.05.18 06:28:02.951,0.64805,0.6483,4.80,1.50
2010.05.18 06:28:03.290,0.648,0.6483,12.80,1.50
2010.05.18 06:28:04.301,0.648,0.6483,7.20,2.30
2010.05.18 06:28:04.644,0.64795,0.64825,4.80,9.50
2010.05.18 06:28:05.518,0.6479,0.6482,12.00,1.00
2010.05.18 06:28:05.721,0.64785,0.6482,12.50,10.40
2010.05.18 06:28:06.038,0.64795,0.6482,1.00,9.60
2010.05.18 06:28:07.007,0.648,0.6483,5.60,8.80
2010.05.18 06:28:07.221,0.648,0.64835,14.40,15.90
2010.05.18 06:28:08.650,0.648,0.64835,14.40,16.10
2010.05.18 06:28:09.331,0.648,0.6483,10.40,4.90
2010.05.18 06:28:10.341,0.64805,0.64835,10.40,3.30
2010.05.18 06:28:12.490,0.64805,0.6483,10.40,1.00
2010.05.18 06:28:13.256,0.64805,0.6483,9.60,1.00
2010.05.18 06:28:13.607,0.64805,0.64835,10.40,5.70
2010.05.18 06:28:15.383,0.64805,0.64835,10.40,5.50
2010.05.18 06:28:15.891,0.64805,0.64835,5.60,10.30
2010.05.18 06:28:16.027,0.64805,0.64835,1.00,15.10
2010.05.18 06:28:16.156,0.64805,0.64835,5.60,10.30
2010.05.18 06:28:16.287,0.64805,0.64835,5.60,7.90
2010.05.18 06:28:18.563,0.64805,0.64835,1.00,7.90
2010.05.18 06:28:18.868,0.64805,0.64835,1.00,12.70
2010.05.18 06:28:23.200,0.64805,0.64835,5.60,7.90
2010.05.18 06:28:23.969,0.64805,0.64835,10.40,3.10
2010.05.18 06:28:24.309,0.64805,0.64835,10.40,3.90
2010.05.18 06:28:28.417,0.64805,0.64835,5.60,3.90
2010.05.18 06:28:28.536,0.64805,0.64835,5.60,8.70
2010.05.18 06:28:28.797,0.64805,0.64835,5.60,8.90
2010.05.18 06:28:31.152,0.64805,0.64835,1.00,8.90
2010.05.18 06:28:31.470,0.64805,0.64825,10.40,1.00
2010.05.18 06:28:31.788,0.64805,0.64825,1.00,1.00
2010.05.18 06:28:32.609,0.64805,0.64835,4.80,9.70
2010.05.18 06:28:32.821,0.6481,0.6484,11.60,2.50
2010.05.18 06:28:33.030,0.6481,0.6484,3.60,2.50
2010.05.18 06:28:34.325,0.6481,0.6484,2.00,2.50
2010.05.18 06:28:36.051,0.6481,0.6484,11.60,2.50
2010.05.18 06:28:36.805,0.6481,0.6484,11.60,2.40
2010.05.18 06:28:37.036,0.6481,0.6484,11.60,2.50
2010.05.18 06:28:38.159,0.648,0.64835,3.20,12.90
2010.05.18 06:28:38.368,0.648,0.64835,2.40,12.90
2010.05.18 06:28:39.293,0.64805,0.64835,10.40,2.50
2010.05.18 06:28:40.259,0.64805,0.64835,9.60,3.30
2010.05.18 06:28:41.280,0.648,0.6483,12.00,1.00
2010.05.18 06:28:41.559,0.64805,0.6483,4.80,1.00
2010.05.18 06:28:41.726,0.64805,0.6483,9.60,1.00
2010.05.18 06:28:42.081,0.64805,0.6483,9.60,1.00
2010.05.18 06:28:42.247,0.64805,0.64825,9.60,1.00
2010.05.18 06:28:43.101,0.64805,0.6482,9.60,1.00
2010.05.18 06:28:43.362,0.64795,0.64825,10.40,1.00
2010.05.18 06:28:45.700,0.64795,0.6482,10.40,1.00
2010.05.18 06:28:47.511,0.648,0.64825,5.60,1.00
2010.05.18 06:28:49.195,0.648,0.64825,4.80,1.00
2010.05.18 06:28:49.261,0.648,0.6482,4.80,1.00
2010.05.18 06:28:49.710,0.64795,0.64825,10.40,1.00
2010.05.18 06:28:49.917,0.64795,0.6482,10.40,1.00
2010.05.18 06:28:50.188,0.64795,0.6482,9.60,1.00
2010.05.18 06:28:51.242,0.64795,0.6482,1.00,1.00
2010.05.18 06:28:51.401,0.6479,0.6482,12.00,3.30
2010.05.18 06:28:51.562,0.6479,0.64815,9.60,1.00
2010.05.18 06:28:51.720,0.6479,0.64815,1.00,1.00
2010.05.18 06:28:51.879,0.6479,0.6482,2.80,9.70
2010.05.18 06:28:52.571,0.64795,0.6482,4.80,4.90
2010.05.18 06:28:53.087,0.6479,0.6482,1.00,12.90
2010.05.18 06:28:53.393,0.6479,0.6482,10.40,3.30
2010.05.18 06:28:53.700,0.6479,0.6482,10.40,3.20
2010.05.18 06:28:54.688,0.6479,0.6482,10.40,3.30
2010.05.18 06:28:54.790,0.6479,0.6482,10.40,3.20
2010.05.18 06:28:55.746,0.6479,0.6482,1.00,8.00
2010.05.18 06:28:56.092,0.6479,0.6482,1.00,12.90
2010.05.18 06:28:56.430,0.64785,0.6482,10.80,13.60
2010.05.18 06:28:56.767,0.64785,0.6482,6.00,13.60
2010.05.18 06:28:58.712,0.64785,0.6482,6.00,13.70
2010.05.18 06:28:59.811,0.64785,0.6482,6.00,13.60
2010.05.18 06:29:00.790,0.64785,0.6482,15.60,13.60
2010.05.18 06:29:01.129,0.6479,0.6482,10.40,3.20
2010.05.18 06:29:01.467,0.6479,0.6482,12.80,3.20
2010.05.18 06:29:05.308,0.6479,0.6482,12.00,3.20
2010.05.18 06:29:08.414,0.6479,0.6482,9.60,4.00
2010.05.18 06:29:08.537,0.64785,0.6482,15.60,13.60
2010.05.18 06:29:08.703,0.64785,0.6482,15.60,13.70
2010.05.18 06:29:09.613,0.64785,0.6482,15.60,8.90
2010.05.18 06:29:10.027,0.64785,0.6482,15.60,13.70
2010.05.18 06:29:10.960,0.64785,0.6482,15.60,15.30
2010.05.18 06:29:11.261,0.6479,0.6482,1.00,14.30
2010.05.18 06:29:11.559,0.6479,0.6482,9.60,5.70
2010.05.18 06:29:11.857,0.64785,0.6482,13.20,15.30
2010.05.18 06:29:12.770,0.6479,0.6482,5.60,8.00
2010.05.18 06:29:13.112,0.64785,0.6482,14.80,13.70
2010.05.18 06:29:15.108,0.64785,0.64815,14.80,1.00
2010.05.18 06:29:15.257,0.64785,0.6481,13.20,1.00
2010.05.18 06:29:15.408,0.64785,0.6481,12.80,1.60
2010.05.18 06:29:15.558,0.64785,0.6481,9.60,5.60
2010.05.18 06:29:16.550,0.64785,0.64815,4.80,9.70
2010.05.18 06:29:17.617,0.64785,0.6481,4.80,1.00
2010.05.18 06:29:18.629,0.64785,0.64815,4.80,9.70
2010.05.18 06:29:21.234,0.6478,0.64815,10.80,12.90
2010.05.18 06:29:21.339,0.6478,0.64815,15.60,12.90
2010.05.18 06:29:21.440,0.64785,0.64815,4.80,8.10
2010.05.18 06:29:22.999,0.64785,0.64815,6.40,7.30
2010.05.18 06:29:23.896,0.64785,0.64815,8.40,1.00
2010.05.18 06:29:24.222,0.64785,0.6482,14.80,13.70
2010.05.18 06:29:24.419,0.64785,0.6482,15.60,13.60
2010.05.18 06:29:25.318,0.64785,0.6482,15.60,13.70
2010.05.18 06:29:26.832,0.64785,0.6482,15.60,13.60
2010.05.18 06:29:27.567,0.64785,0.6482,15.60,13.70
2010.05.18 06:29:27.656,0.64785,0.6482,15.60,13.60
2010.05.18 06:29:27.746,0.64785,0.6482,15.60,13.70
2010.05.18 06:29:29.221,0.64785,0.6482,15.60,13.60
2010.05.18 06:29:29.509,0.6479,0.6482,4.80,8.80
2010.05.18 06:29:29.799,0.64785,0.6482,15.60,13.60
2010.05.18 06:29:32.692,0.6479,0.6482,1.00,13.60
2010.05.18 06:29:32.928,0.6479,0.6482,10.60,3.20
2010.05.18 06:29:33.167,0.6479,0.6482,12.20,3.20
2010.05.18 06:29:33.289,0.6479,0.6482,5.60,3.20
2010.05.18 06:29:33.964,0.6479,0.6482,10.40,3.20
2010.05.18 06:29:37.152,0.6479,0.6482,12.80,1.00
2010.05.18 06:29:37.422,0.64815,0.64825,1.00,1.00
2010.05.18 06:29:37.689,0.6482,0.64845,9.60,2.40
2010.05.18 06:29:39.011,0.6482,0.64845,10.40,1.00
2010.05.18 06:29:39.827,0.6482,0.64845,9.60,2.00
2010.05.18 06:29:40.139,0.64805,0.64835,12.80,1.00
2010.05.18 06:29:44.177,0.6481,0.64835,1.60,1.00
2010.05.18 06:29:45.013,0.6481,0.6484,1.60,12.80
2010.05.18 06:29:45.330,0.6481,0.6484,8.00,8.80
2010.05.18 06:29:46.078,0.6481,0.6484,7.20,8.90
2010.05.18 06:29:46.207,0.6481,0.6484,8.00,8.90
2010.05.18 06:29:46.965,0.6481,0.6484,5.60,8.90
2010.05.18 06:29:47.197,0.64805,0.64835,3.20,10.40
2010.05.18 06:29:47.418,0.64805,0.64835,4.80,9.60
2010.05.18 06:29:48.306,0.64805,0.6484,14.40,15.20
2010.05.18 06:29:50.381,0.6482,0.64845,12.00,1.60
2010.05.18 06:29:50.578,0.6482,0.6485,10.40,4.00
2010.05.18 06:29:50.778,0.6482,0.6485,11.20,4.00
2010.05.18 06:29:50.977,0.6482,0.6485,12.80,4.00
2010.05.18 06:29:51.901,0.64815,0.64845,1.00,11.20
2010.05.18 06:29:53.398,0.6483,0.6486,5.60,3.20
2010.05.18 06:29:53.929,0.6483,0.6486,5.60,3.30
2010.05.18 06:29:54.904,0.6483,0.6486,5.60,3.20
2010.05.18 06:29:55.255,0.6483,0.64855,9.60,1.00
2010.05.18 06:29:55.442,0.6482,0.6485,10.40,3.20
2010.05.18 06:29:55.620,0.6482,0.6485,1.00,13.50
2010.05.18 06:29:56.443,0.6482,0.6485,5.60,8.70
2010.05.18 06:29:56.779,0.6482,0.6485,10.40,3.90
2010.05.18 06:29:57.118,0.6482,0.6485,10.40,2.40
2010.05.18 06:29:58.789,0.6482,0.6485,5.60,7.30
2010.05.18 06:29:58.997,0.6482,0.6485,10.40,2.50
2010.05.18 06:29:59.912,0.64825,0.6485,10.40,1.00
2010.05.18 06:30:00.580,0.6483,0.6485,1.00,1.00
2010.05.18 06:30:01.397,0.64825,0.6485,10.40,1.00
2010.05.18 06:30:01.749,0.64825,0.64845,9.60,1.00
2010.05.18 06:30:01.890,0.6482,0.64845,5.60,1.00
2010.05.18 06:30:02.693,0.6482,0.64845,1.00,1.00
2010.05.18 06:30:02.833,0.64815,0.64845,9.60,1.60
2010.05.18 06:30:03.183,0.6481,0.64845,10.40,11.20
2010.05.18 06:30:04.260,0.64825,0.6485,1.00,3.90
2010.05.18 06:30:04.589,0.64825,0.6485,10.40,3.90
2010.05.18 06:30:05.821,0.6482,0.6485,5.60,6.30
2010.05.18 06:30:06.667,0.6482,0.6485,5.60,6.40
2010.05.18 06:30:07.465,0.6482,0.6485,1.00,11.10
2010.05.18 06:30:07.582,0.6482,0.6485,5.60,6.50
2010.05.18 06:30:08.135,0.6482,0.6485,5.60,6.40
2010.05.18 06:30:09.067,0.6482,0.6485,4.80,7.20
2010.05.18 06:30:09.182,0.6481,0.6484,10.40,2.40
2010.05.18 06:30:10.780,0.6481,0.6484,9.60,3.20
2010.05.18 06:30:11.068,0.64805,0.6484,14.00,13.70
2010.05.18 06:30:12.296,0.64805,0.64835,10.40,1.70
2010.05.18 06:30:14.088,0.6481,0.64835,1.00,1.00
2010.05.18 06:30:14.390,0.6481,0.6484,10.40,4.10
2010.05.18 06:30:14.690,0.6482,0.6484,1.00,3.20
2010.05.18 06:30:14.931,0.6482,0.64845,4.80,1.00
2010.05.18 06:30:15.870,0.64815,0.64845,10.40,1.00
2010.05.18 06:30:17.604,0.64805,0.64835,10.40,1.70
2010.05.18 06:30:19.729,0.64805,0.64835,10.40,1.60
2010.05.18 06:30:20.051,0.6481,0.6484,10.40,8.10
2010.05.18 06:30:21.197,0.6481,0.64835,9.60,1.00
2010.05.18 06:30:21.399,0.6481,0.64835,9.60,1.60
2010.05.18 06:30:21.609,0.64805,0.64835,4.80,7.30
2010.05.18 06:30:22.352,0.648,0.6483,12.80,1.00
2010.05.18 06:30:22.669,0.648,0.6483,4.80,9.60
2010.05.18 06:30:23.619,0.648,0.6483,5.60,8.10
2010.05.18 06:30:23.962,0.648,0.6483,10.40,3.30
2010.05.18 06:30:26.311,0.648,0.64825,10.40,1.00
2010.05.18 06:30:27.206,0.648,0.64825,4.80,1.00
2010.05.18 06:30:27.348,0.64795,0.64825,12.80,1.00
2010.05.18 06:30:27.687,0.648,0.64825,1.00,1.00
2010.05.18 06:30:27.828,0.64805,0.64825,1.00,1.00
2010.05.18 06:30:27.978,0.64805,0.6483,10.40,1.00
2010.05.18 06:30:28.127,0.64805,0.64835,10.40,1.00
2010.05.18 06:30:29.045,0.64805,0.6483,10.40,1.00
2010.05.18 06:30:29.390,0.64805,0.64835,10.40,1.00
2010.05.18 06:30:29.552,0.64805,0.6483,10.40,1.00
2010.05.18 06:30:33.122,0.64805,0.64825,1.00,9.70
2010.05.18 06:30:33.163,0.64805,0.64825,1.00,9.60
2010.05.18 06:30:33.289,0.648,0.64825,5.20,10.40
2010.05.18 06:30:33.985,0.648,0.64825,5.60,10.40
2010.05.18 06:30:34.032,0.6479,0.6481,2.40,9.60
2010.05.18 06:30:34.109,0.6479,0.6481,1.00,9.60
2010.05.18 06:30:34.457,0.6479,0.64805,1.00,9.60
2010.05.18 06:30:35.488,0.6479,0.64805,1.00,4.80
2010.05.18 06:30:37.288,0.6479,0.6481,1.00,9.60
2010.05.18 06:30:37.630,0.6479,0.6481,1.60,9.60
2010.05.18 06:30:37.828,0.6479,0.64815,2.00,9.60
2010.05.18 06:30:38.527,0.6479,0.64815,6.80,4.80
2010.05.18 06:30:38.758,0.64795,0.64825,4.80,6.50
2010.05.18 06:30:39.000,0.64795,0.64825,5.60,4.90
2010.05.18 06:30:39.239,0.64795,0.64825,4.80,6.40
2010.05.18 06:30:40.488,0.64795,0.64825,4.80,6.50
2010.05.18 06:30:41.319,0.64785,0.64815,9.60,4.80
2010.05.18 06:30:42.281,0.648,0.6483,5.60,11.10
2010.05.18 06:30:42.427,0.648,0.64835,10.40,16.90
2010.05.18 06:30:43.268,0.648,0.6483,10.40,1.00
2010.05.18 06:30:44.632,0.648,0.64835,10.40,16.90
2010.05.18 06:30:44.790,0.648,0.6483,10.40,1.00
2010.05.18 06:30:44.949,0.648,0.64825,10.40,1.00
2010.05.18 06:30:45.109,0.648,0.64825,9.60,1.00
2010.05.18 06:30:46.006,0.64795,0.64825,10.40,1.00
2010.05.18 06:30:47.221,0.64795,0.6482,10.40,1.00
2010.05.18 06:30:47.524,0.64795,0.6482,5.60,1.00
2010.05.18 06:30:48.157,0.64795,0.64825,5.60,8.90
2010.05.18 06:30:48.447,0.64795,0.6482,5.60,1.00
2010.05.18 06:30:49.291,0.64795,0.64825,5.60,8.70
2010.05.18 06:30:49.628,0.64795,0.64825,5.60,8.90
2010.05.18 06:30:50.199,0.64795,0.64825,5.60,8.70
2010.05.18 06:30:50.971,0.64795,0.64825,5.60,8.90
2010.05.18 06:30:55.020,0.64795,0.64825,10.40,4.10
2010.05.18 06:30:56.366,0.64795,0.64825,10.40,2.50
2010.05.18 06:30:56.698,0.64795,0.64825,10.40,1.70
2010.05.18 06:30:57.041,0.648,0.6482,4.80,1.00
2010.05.18 06:30:57.379,0.648,0.64825,4.80,1.50
2010.05.18 06:30:58.401,0.648,0.64825,4.80,1.70
2010.05.18 06:31:00.343,0.64795,0.6482,9.60,1.00
2010.05.18 06:31:00.559,0.6479,0.6481,9.60,1.00
2010.05.18 06:31:02.252,0.64785,0.6481,1.00,1.00
2010.05.18 06:31:02.352,0.6478,0.6481,10.40,3.20
2010.05.18 06:31:03.170,0.6477,0.648,12.90,2.40
2010.05.18 06:31:03.268,0.6477,0.648,12.80,2.40
2010.05.18 06:31:03.608,0.64775,0.648,4.80,2.40
2010.05.18 06:31:04.311,0.64775,0.648,5.60,2.40
2010.05.18 06:31:04.533,0.64775,0.64805,10.40,1.00
2010.05.18 06:31:06.569,0.6478,0.6481,5.60,9.70
2010.05.18 06:31:06.779,0.6478,0.6481,1.00,13.60
2010.05.18 06:31:06.987,0.6478,0.6481,5.60,8.80
2010.05.18 06:31:07.779,0.6478,0.6481,5.60,8.90
2010.05.18 06:31:08.290,0.6478,0.6481,5.60,4.10
2010.05.18 06:31:08.551,0.64785,0.6481,4.80,2.40
2010.05.18 06:31:09.529,0.64785,0.64815,4.80,6.50
2010.05.18 06:31:10.177,0.64785,0.64815,9.60,1.70
2010.05.18 06:31:10.497,0.64785,0.64815,10.40,1.00
2010.05.18 06:31:11.766,0.64785,0.64815,10.40,1.00
2010.05.18 06:31:12.960,0.64785,0.64815,9.60,1.70
2010.05.18 06:31:15.040,0.64785,0.64815,10.40,1.00
2010.05.18 06:31:15.968,0.64785,0.64815,9.60,1.60
2010.05.18 06:31:16.080,0.64785,0.64815,4.80,1.60
2010.05.18 06:31:17.063,0.64785,0.64815,4.80,6.40
2010.05.18 06:31:17.238,0.64785,0.64815,4.80,1.70
2010.05.18 06:31:17.415,0.64785,0.64815,4.80,6.50
2010.05.18 06:31:18.927,0.64785,0.64815,4.80,1.70
2010.05.18 06:31:19.268,0.64785,0.64815,9.60,1.70
2010.05.18 06:31:20.161,0.64785,0.6481,4.80,1.00
2010.05.18 06:31:20.455,0.6478,0.6481,5.60,4.00
2010.05.18 06:31:21.040,0.6478,0.6481,5.60,4.10
2010.05.18 06:31:22.724,0.6478,0.6481,5.60,4.00
2010.05.18 06:31:23.866,0.6478,0.6481,10.40,4.00
2010.05.18 06:31:24.697,0.6478,0.6481,5.60,8.80
2010.05.18 06:31:27.997,0.6478,0.6481,10.40,3.20
2010.05.18 06:31:30.127,0.6478,0.64805,9.60,1.00
2010.05.18 06:31:30.230,0.6478,0.648,4.80,1.00
2010.05.18 06:31:30.327,0.64775,0.648,8.80,3.20
2010.05.18 06:31:31.060,0.64775,0.648,13.60,3.20
2010.05.18 06:31:31.401,0.6478,0.648,4.80,2.40
2010.05.18 06:31:33.191,0.64775,0.648,12.40,2.40
2010.05.18 06:31:33.352,0.64775,0.648,11.60,2.40
2010.05.18 06:31:33.659,0.64775,0.648,11.60,2.40
2010.05.18 06:31:33.819,0.64775,0.648,10.00,2.40
2010.05.18 06:31:34.840,0.64775,0.648,14.00,2.40
2010.05.18 06:31:36.516,0.64775,0.648,12.40,2.40
2010.05.18 06:31:36.724,0.64775,0.648,5.60,3.20
2010.05.18 06:31:36.931,0.6478,0.648,1.00,3.20
2010.05.18 06:31:37.786,0.6478,0.648,4.80,3.20
2010.05.18 06:31:38.020,0.6477,0.64795,6.40,1.00
2010.05.18 06:31:38.257,0.6477,0.64795,5.60,1.00
2010.05.18 06:31:39.413,0.64775,0.648,4.80,3.20
2010.05.18 06:31:39.747,0.64775,0.648,9.60,3.20
2010.05.18 06:31:40.088,0.64775,0.648,4.80,3.20
2010.05.18 06:31:42.358,0.64775,0.64795,4.80,1.00
2010.05.18 06:31:43.277,0.6477,0.64795,10.40,1.00
2010.05.18 06:31:43.543,0.64775,0.64795,1.00,1.00
2010.05.18 06:31:43.749,0.64775,0.648,1.00,3.20
2010.05.18 06:31:44.442,0.64775,0.648,5.60,3.20
2010.05.18 06:31:44.645,0.64775,0.648,10.40,3.20
2010.05.18 06:31:46.670,0.6478,0.648,5.60,3.20
2010.05.18 06:31:46.929,0.6478,0.64805,10.40,1.00
2010.05.18 06:31:47.629,0.6478,0.64805,5.60,1.00
2010.05.18 06:31:47.963,0.6478,0.648,1.00,3.20
2010.05.18 06:31:48.293,0.6478,0.648,9.60,3.20
2010.05.18 06:31:48.990,0.6478,0.648,4.80,3.20
2010.05.18 06:31:49.332,0.64765,0.64795,12.80,1.00
2010.05.18 06:31:49.671,0.64765,0.64795,10.40,1.00
2010.05.18 06:31:50.989,0.64765,0.64795,12.80,1.00
2010.05.18 06:31:51.591,0.6477,0.648,5.60,8.00
2010.05.18 06:31:52.325,0.64775,0.648,1.00,8.00
2010.05.18 06:31:52.660,0.64775,0.648,5.60,3.20
2010.05.18 06:31:54.631,0.6477,0.64795,10.40,1.00
2010.05.18 06:31:57.070,0.6477,0.64795,9.60,1.00
2010.05.18 06:31:57.985,0.6477,0.64795,10.40,1.00
2010.05.18 06:32:01.417,0.6477,0.64795,9.60,1.00
2010.05.18 06:32:01.527,0.6477,0.6479,9.60,2.40
2010.05.18 06:32:01.637,0.6477,0.6479,4.80,3.20
2010.05.18 06:32:02.351,0.64765,0.6479,10.40,3.20
2010.05.18 06:32:03.130,0.6477,0.648,5.60,5.50
2010.05.18 06:32:04.498,0.6477,0.648,5.60,7.10
2010.05.18 06:32:04.622,0.64765,0.64795,10.40,1.60
2010.05.18 06:32:04.980,0.64765,0.64795,10.40,1.00
2010.05.18 06:32:05.920,0.64765,0.64795,10.40,1.60
2010.05.18 06:32:06.468,0.64765,0.64795,10.40,1.00
2010.05.18 06:32:07.444,0.64765,0.648,10.40,19.10
2010.05.18 06:32:07.690,0.64765,0.64795,9.60,2.40
2010.05.18 06:32:07.932,0.6476,0.6479,10.80,3.20
2010.05.18 06:32:08.833,0.6476,0.6479,10.40,3.20
2010.05.18 06:32:09.133,0.64765,0.6479,1.00,1.00
2010.05.18 06:32:09.430,0.64765,0.64795,10.40,3.30
2010.05.18 06:32:09.727,0.64765,0.64795,5.60,8.10
2010.05.18 06:32:10.710,0.64765,0.64795,10.40,3.30
2010.05.18 06:32:11.006,0.64765,0.6479,10.40,1.00
2010.05.18 06:32:11.503,0.64765,0.6479,10.40,1.00
2010.05.18 06:32:12.241,0.64765,0.6479,10.40,3.20
2010.05.18 06:32:12.586,0.64765,0.6479,5.60,2.40
2010.05.18 06:32:12.789,0.64765,0.6479,1.00,4.80
2010.05.18 06:32:13.959,0.64765,0.6479,1.00,8.00
2010.05.18 06:32:14.973,0.6477,0.64795,10.40,1.00
2010.05.18 06:32:15.221,0.6477,0.648,10.40,3.20
2010.05.18 06:32:16.570,0.64775,0.648,1.00,3.20
2010.05.18 06:32:16.898,0.64775,0.64805,10.40,4.70
2010.05.18 06:32:18.362,0.64775,0.648,1.00,3.20
2010.05.18 06:32:18.859,0.64775,0.648,5.60,3.20
2010.05.18 06:32:19.089,0.64775,0.648,1.00,3.20
2010.05.18 06:32:32.735,0.6477,0.648,10.80,3.20
2010.05.18 06:32:33.002,0.6477,0.648,5.60,8.00
2010.05.18 06:32:34.520,0.6477,0.648,4.80,10.30
2010.05.18 06:32:37.603,0.6477,0.648,4.80,11.10
2010.05.18 06:32:37.747,0.6477,0.648,4.80,12.70
2010.05.18 06:32:41.421,0.6477,0.648,4.80,12.90
2010.05.18 06:32:42.216,0.6477,0.648,4.80,12.70
2010.05.18 06:32:42.553,0.6477,0.648,4.80,10.30
2010.05.18 06:32:43.784,0.6477,0.648,5.60,9.50
2010.05.18 06:32:44.132,0.64775,0.64805,1.00,13.60
2010.05.18 06:32:45.039,0.64775,0.64805,10.40,2.40
2010.05.18 06:32:45.281,0.64775,0.64805,9.60,1.70
2010.05.18 06:32:45.529,0.6477,0.648,10.40,2.40
2010.05.18 06:32:46.589,0.64765,0.64795,10.80,1.60
2010.05.18 06:32:46.878,0.64765,0.64795,10.40,1.60
2010.05.18 06:32:47.169,0.64765,0.64795,1.00,11.20
2010.05.18 06:32:47.456,0.64765,0.64795,5.60,6.40
2010.05.18 06:32:48.227,0.64765,0.64795,10.40,1.60
2010.05.18 06:32:49.069,0.6476,0.6479,3.60,9.60
2010.05.18 06:32:49.877,0.6476,0.6479,6.80,4.80
2010.05.18 06:32:50.122,0.64765,0.64795,10.40,7.10
2010.05.18 06:32:50.358,0.64765,0.64795,5.60,6.30
2010.05.18 06:32:50.598,0.64765,0.64795,10.40,1.50
2010.05.18 06:32:54.311,0.64765,0.648,10.40,18.50
2010.05.18 06:32:54.987,0.64765,0.648,10.40,18.30
2010.05.18 06:32:56.034,0.64765,0.648,10.40,18.50
2010.05.18 06:32:56.281,0.64765,0.648,10.40,18.30
2010.05.18 06:32:56.669,0.64765,0.648,10.40,18.40
2010.05.18 06:32:57.791,0.6477,0.648,4.80,8.80
2010.05.18 06:32:57.918,0.6477,0.64795,4.80,1.00
2010.05.18 06:32:58.177,0.6477,0.64795,4.80,1.60
2010.05.18 06:32:58.307,0.64765,0.64795,5.60,6.40
2010.05.18 06:33:00.397,0.64765,0.64795,1.00,11.20
2010.05.18 06:33:04.223,0.64765,0.64795,1.00,11.30
2010.05.18 06:33:04.979,0.64765,0.64795,1.00,10.50
2010.05.18 06:33:05.155,0.64765,0.64795,8.00,4.80
2010.05.18 06:33:05.320,0.64765,0.648,12.80,13.60
2010.05.18 06:33:05.487,0.64765,0.64795,8.00,4.80
2010.05.18 06:33:06.296,0.64765,0.64795,8.40,4.80
2010.05.18 06:33:06.642,0.6477,0.648,5.60,3.20
2010.05.18 06:33:09.061,0.6477,0.648,5.60,3.30
2010.05.18 06:33:09.231,0.6477,0.648,1.00,8.10
2010.05.18 06:33:09.360,0.6477,0.648,5.60,8.00
2010.05.18 06:33:09.491,0.6477,0.648,4.80,5.60
2010.05.18 06:33:10.264,0.6477,0.64795,4.80,1.60
2010.05.18 06:33:10.535,0.64765,0.64795,1.00,11.20
2010.05.18 06:33:14.092,0.64765,0.64795,1.00,11.30
2010.05.18 06:33:16.540,0.64765,0.64795,1.00,11.20
2010.05.18 06:33:17.090,0.64765,0.64795,1.00,11.30
2010.05.18 06:33:19.164,0.64765,0.64795,1.00,11.20
2010.05.18 06:33:22.641,0.64765,0.64795,1.60,10.40
2010.05.18 06:33:22.712,0.64765,0.648,11.60,13.60
2010.05.18 06:33:27.289,0.64765,0.648,10.80,14.40
2010.05.18 06:33:27.427,0.64765,0.648,10.80,14.50
2010.05.18 06:33:27.567,0.64765,0.648,10.40,14.50
2010.05.18 06:33:27.707,0.64765,0.64795,10.40,4.80
2010.05.18 06:33:28.518,0.64765,0.64795,5.60,4.80
2010.05.18 06:33:28.721,0.64765,0.648,10.40,14.50
2010.05.18 06:33:28.921,0.64765,0.64795,1.00,9.60
2010.05.18 06:33:29.117,0.64765,0.64795,5.60,4.80
2010.05.18 06:33:32.370,0.64765,0.64795,5.60,4.90
2010.05.18 06:33:32.609,0.64765,0.64795,5.60,4.80
2010.05.18 06:33:33.518,0.64765,0.64795,5.60,5.60
2010.05.18 06:33:35.812,0.64765,0.64795,5.60,7.20
2010.05.18 06:33:35.982,0.6476,0.6479,11.20,3.20
2010.05.18 06:33:37.000,0.6476,0.6479,6.40,3.20
2010.05.18 06:33:39.961,0.6476,0.64785,1.60,2.30
2010.05.18 06:33:40.283,0.6474,0.6477,10.40,4.00
2010.05.18 06:33:40.610,0.6474,0.6477,1.00,13.60
2010.05.18 06:33:41.291,0.6474,0.6477,1.00,15.20
2010.05.18 06:33:41.610,0.64735,0.6477,12.80,13.60
2010.05.18 06:33:41.938,0.64735,0.6477,12.80,13.60
2010.05.18 06:33:42.267,0.64735,0.6477,12.80,13.60
2010.05.18 06:33:43.407,0.64735,0.6477,12.80,15.20
2010.05.18 06:33:43.507,0.64735,0.6477,12.80,15.20
2010.05.18 06:33:43.610,0.64735,0.6477,12.80,15.30
2010.05.18 06:33:43.710,0.64735,0.6477,12.80,15.20
2010.05.18 06:33:45.159,0.64735,0.6476,7.20,1.00
2010.05.18 06:33:45.868,0.64735,0.6476,5.60,1.00
2010.05.18 06:33:46.091,0.64735,0.6477,10.40,15.20
2010.05.18 06:33:49.035,0.6474,0.64775,10.40,12.80
2010.05.18 06:33:52.628,0.64745,0.64775,1.00,12.80
2010.05.18 06:33:52.928,0.64745,0.64775,10.40,3.20
2010.05.18 06:33:54.087,0.6474,0.64775,12.80,12.80
2010.05.18 06:33:55.007,0.6474,0.64775,8.00,12.80
2010.05.18 06:33:56.198,0.6474,0.64775,12.80,12.80
2010.05.18 06:33:56.577,0.64745,0.64775,1.00,12.00
2010.05.18 06:33:56.679,0.64745,0.64775,5.60,7.20
2010.05.18 06:33:56.738,0.64745,0.64775,10.40,1.00
2010.05.18 06:33:57.480,0.6475,0.6478,11.20,6.30
2010.05.18 06:33:57.749,0.64755,0.6478,4.80,1.00
2010.05.18 06:33:58.664,0.6475,0.6478,10.40,2.40
2010.05.18 06:34:02.357,0.6475,0.64785,15.20,15.30
2010.05.18 06:34:02.578,0.6475,0.6478,10.80,2.40
2010.05.18 06:34:03.460,0.64755,0.64785,4.80,8.00
2010.05.18 06:34:03.693,0.64755,0.64785,4.80,6.40
2010.05.18 06:34:13.097,0.6475,0.6478,5.60,8.80
2010.05.18 06:34:14.120,0.6475,0.6478,7.20,8.80
2010.05.18 06:34:14.459,0.6475,0.6478,8.00,8.00
2010.05.18 06:34:14.798,0.64755,0.64785,4.80,10.30
2010.05.18 06:34:15.137,0.64755,0.64785,4.80,8.70
2010.05.18 06:34:15.478,0.64755,0.64785,4.80,7.90
2010.05.18 06:34:18.617,0.64755,0.64785,9.60,3.10
2010.05.18 06:34:19.869,0.64755,0.64785,4.80,7.90
2010.05.18 06:34:20.939,0.64755,0.64785,4.80,8.00
2010.05.18 06:34:23.268,0.64755,0.64785,4.80,6.40
2010.05.18 06:34:23.493,0.64755,0.64785,4.80,7.90
2010.05.18 06:34:24.204,0.64755,0.6478,4.80,2.40
2010.05.18 06:34:24.261,0.6475,0.6478,10.40,3.20
2010.05.18 06:34:24.705,0.6475,0.6478,10.40,3.20
2010.05.18 06:34:25.048,0.6475,0.6478,10.40,3.20
2010.05.18 06:34:25.969,0.6475,0.6478,10.50,3.20
2010.05.18 06:34:26.237,0.6475,0.6478,10.40,3.20
2010.05.18 06:34:27.737,0.6475,0.6478,5.60,3.20
2010.05.18 06:34:31.511,0.6475,0.6478,10.40,2.40
2010.05.18 06:34:34.873,0.64755,0.6478,4.80,2.40
2010.05.18 06:34:34.988,0.6475,0.6478,10.40,2.40
2010.05.18 06:34:36.574,0.6475,0.6478,11.20,2.40
2010.05.18 06:34:36.920,0.64755,0.6478,4.80,2.40
2010.05.18 06:34:37.529,0.6475,0.64785,14.00,11.10
2010.05.18 06:34:37.798,0.64755,0.64785,4.80,11.10
2010.05.18 06:34:39.189,0.64755,0.64785,4.80,16.70
2010.05.18 06:34:39.328,0.64755,0.6478,4.80,2.40
2010.05.18 06:34:40.291,0.6475,0.6478,10.40,2.40
2010.05.18 06:34:42.748,0.6475,0.6478,10.40,3.20
2010.05.18 06:34:42.841,0.6475,0.6478,9.60,4.00
2010.05.18 06:34:42.937,0.6475,0.6478,9.60,4.80
2010.05.18 06:34:43.028,0.64745,0.6478,10.40,14.40
2010.05.18 06:34:43.800,0.64745,0.6477,4.80,2.40
2010.05.18 06:34:44.480,0.6474,0.6477,11.20,2.40
2010.05.18 06:34:44.820,0.6475,0.6478,5.60,3.20
2010.05.18 06:34:44.958,0.6475,0.6478,5.60,2.40
2010.05.18 06:34:47.765,0.64755,0.6478,5.60,2.40
2010.05.18 06:34:48.751,0.64755,0.64785,5.60,4.80
2010.05.18 06:34:51.898,0.64755,0.6479,10.40,15.90
2010.05.18 06:34:52.098,0.64755,0.64785,5.60,4.80
2010.05.18 06:34:56.557,0.64755,0.6479,10.40,15.90
2010.05.18 06:34:56.870,0.64755,0.64785,10.40,4.80
2010.05.18 06:34:57.037,0.64755,0.64785,5.60,4.80
2010.05.18 06:35:06.308,0.64755,0.6479,10.40,15.90
2010.05.18 06:35:12.569,0.64755,0.6479,10.40,16.10
2010.05.18 06:35:12.738,0.64755,0.6479,10.40,15.90
2010.05.18 06:35:13.887,0.64755,0.6479,10.40,16.10
2010.05.18 06:35:14.482,0.64755,0.6479,10.40,15.90
2010.05.18 06:35:14.687,0.64755,0.6479,10.40,16.10
2010.05.18 06:35:15.424,0.64755,0.6479,10.40,15.90
2010.05.18 06:35:17.564,0.64755,0.6479,10.40,16.10
2010.05.18 06:35:17.828,0.64755,0.6479,10.40,15.90
2010.05.18 06:35:18.597,0.64755,0.6479,10.40,16.10
2010.05.18 06:35:20.997,0.64755,0.6479,10.40,15.90
2010.05.18 06:35:24.957,0.64755,0.6479,11.20,15.10
2010.05.18 06:35:25.137,0.64755,0.6479,11.60,15.10
2010.05.18 06:35:25.319,0.64755,0.6479,14.00,13.60
2010.05.18 06:35:25.819,0.6476,0.6479,4.80,13.60
2010.05.18 06:35:26.097,0.6476,0.6479,4.80,8.80
2010.05.18 06:35:26.368,0.6476,0.6479,5.60,8.80
2010.05.18 06:35:28.242,0.6476,0.6479,6.40,8.00
2010.05.18 06:35:28.267,0.6476,0.6479,6.80,7.20
2010.05.18 06:35:28.327,0.6476,0.6479,6.00,8.00
2010.05.18 06:35:28.418,0.6476,0.6479,6.00,3.20
2010.05.18 06:35:28.447,0.6476,0.6479,10.80,3.20
2010.05.18 06:35:28.477,0.6476,0.6479,10.40,8.80
2010.05.18 06:35:28.507,0.6476,0.6479,5.60,8.80
2010.05.18 06:35:38.029,0.6476,0.6479,5.60,10.40
2010.05.18 06:35:38.149,0.64755,0.64785,10.60,1.00
2010.05.18 06:35:40.042,0.64755,0.64785,10.40,1.00
2010.05.18 06:35:40.638,0.64755,0.64785,9.60,1.60
2010.05.18 06:35:41.368,0.64755,0.6478,9.60,1.00
2010.05.18 06:35:41.558,0.64745,0.64775,12.80,1.00
2010.05.18 06:35:41.750,0.64745,0.64775,13.00,1.00
2010.05.18 06:35:42.618,0.6475,0.6478,1.00,13.60
2010.05.18 06:35:42.931,0.6475,0.6478,5.60,13.60
2010.05.18 06:35:43.237,0.6475,0.6478,5.60,8.80
2010.05.18 06:35:51.409,0.64755,0.6478,9.60,2.40
2010.05.18 06:35:51.713,0.6475,0.6478,5.60,2.40
2010.05.18 06:35:52.019,0.6475,0.6478,10.40,2.40
2010.05.18 06:35:52.707,0.6475,0.6478,5.60,2.40
2010.05.18 06:35:53.020,0.6475,0.6478,10.40,2.40
2010.05.18 06:35:54.570,0.6475,0.6478,10.40,2.40
2010.05.18 06:35:56.373,0.64755,0.6478,4.80,2.40
2010.05.18 06:35:56.563,0.6475,0.64775,1.00,5.60
2010.05.18 06:35:56.748,0.6475,0.6478,5.60,13.60
2010.05.18 06:35:56.938,0.6475,0.6478,5.60,8.80
2010.05.18 06:35:57.808,0.6475,0.6478,10.40,4.00
2010.05.18 06:35:59.704,0.6475,0.6478,10.40,8.80
2010.05.18 06:35:59.832,0.6475,0.6478,5.60,8.80
2010.05.18 06:36:01.928,0.6475,0.64775,5.60,1.00
2010.05.18 06:36:04.492,0.6475,0.64775,12.10,1.00
2010.05.18 06:36:04.809,0.64755,0.64785,2.40,10.40
2010.05.18 06:36:05.128,0.64765,0.64785,11.20,1.00
2010.05.18 06:36:06.059,0.6476,0.64775,9.60,1.00
2010.05.18 06:36:06.346,0.6476,0.64785,5.60,5.20
2010.05.18 06:36:07.277,0.6476,0.6479,4.80,8.00
2010.05.18 06:36:07.605,0.64765,0.64795,5.60,5.60
2010.05.18 06:36:09.318,0.64765,0.64795,10.40,1.00
2010.05.18 06:36:10.244,0.64765,0.6479,4.80,3.20
2010.05.18 06:36:10.524,0.6477,0.648,2.80,12.80
2010.05.18 06:36:11.460,0.6477,0.648,1.00,8.00
2010.05.18 06:36:11.805,0.6476,0.6479,10.40,3.20
2010.05.18 06:36:13.193,0.6476,0.6479,5.60,3.20
2010.05.18 06:36:15.208,0.64765,0.6479,1.00,3.20
2010.05.18 06:36:19.536,0.64765,0.6479,1.00,3.20
2010.05.18 06:36:19.704,0.6477,0.64795,4.80,1.00
2010.05.18 06:36:19.871,0.6477,0.648,4.80,3.20
2010.05.18 06:36:20.034,0.6477,0.64795,9.60,1.00
2010.05.18 06:36:20.201,0.6477,0.64795,4.80,1.00
2010.05.18 06:36:21.530,0.64775,0.648,1.00,7.20
2010.05.18 06:36:21.780,0.64775,0.64805,12.80,1.00
2010.05.18 06:36:22.032,0.6478,0.6481,10.40,8.00
2010.05.18 06:36:22.870,0.6478,0.6481,10.40,3.20
2010.05.18 06:36:23.154,0.6478,0.64805,9.60,1.00
2010.05.18 06:36:23.329,0.6478,0.64805,4.80,1.00
2010.05.18 06:36:24.900,0.64785,0.6481,5.60,3.20
2010.05.18 06:36:25.239,0.64785,0.6481,10.40,3.20
2010.05.18 06:36:26.148,0.64785,0.6481,12.80,3.20
2010.05.18 06:36:27.536,0.64825,0.6484,4.80,2.40
2010.05.18 06:36:27.682,0.6481,0.6484,5.60,2.40
2010.05.18 06:36:27.821,0.6482,0.6484,4.80,4.70
2010.05.18 06:36:27.962,0.64825,0.64835,9.60,1.60
2010.05.18 06:36:28.762,0.64825,0.64835,9.60,3.20
2010.05.18 06:36:29.074,0.648,0.6483,8.00,9.50
2010.05.18 06:36:29.385,0.64805,0.6483,4.80,4.80
2010.05.18 06:36:30.327,0.64805,0.64825,9.60,1.00
2010.05.18 06:36:30.567,0.64795,0.6482,4.80,3.20
2010.05.18 06:36:30.799,0.6479,0.6482,12.80,3.20
2010.05.18 06:36:31.039,0.64795,0.6482,1.00,3.20
2010.05.18 06:36:31.757,0.64795,0.6482,1.00,2.40
2010.05.18 06:36:32.085,0.6479,0.6481,3.20,9.60
2010.05.18 06:36:32.413,0.6479,0.6481,1.00,9.60
2010.05.18 06:36:33.369,0.64785,0.64805,3.20,4.80
2010.05.18 06:36:33.593,0.64785,0.64805,1.00,9.60
2010.05.18 06:36:36.895,0.64785,0.648,1.00,9.60
2010.05.18 06:36:37.246,0.64785,0.64815,1.00,10.40
2010.05.18 06:36:37.592,0.64785,0.64815,10.40,1.00
2010.05.18 06:36:39.033,0.64785,0.64815,10.40,1.00
2010.05.18 06:36:39.158,0.64785,0.64815,10.50,1.00
2010.05.18 06:36:39.466,0.64785,0.64815,10.50,1.60
2010.05.18 06:36:40.260,0.64785,0.64815,10.40,1.00
2010.05.18 06:36:42.201,0.64785,0.64815,9.60,1.60
2010.05.18 06:36:42.377,0.6478,0.6481,5.60,4.00
2010.05.18 06:36:42.539,0.6478,0.6479,4.80,1.00
2010.05.18 06:36:42.709,0.64775,0.6479,5.60,3.20
2010.05.18 06:36:42.879,0.64765,0.6479,1.00,3.20
2010.05.18 06:36:43.051,0.64765,0.6479,10.40,2.40
2010.05.18 06:36:43.978,0.6476,0.64785,4.80,1.00
2010.05.18 06:36:46.430,0.6476,0.64785,4.80,1.00
2010.05.18 06:36:47.508,0.64755,0.64785,12.80,1.00
2010.05.18 06:36:48.231,0.64755,0.6478,12.00,1.60
2010.05.18 06:36:48.469,0.64755,0.6478,2.40,1.60
2010.05.18 06:36:48.713,0.6475,0.64775,11.60,1.00
2010.05.18 06:36:49.650,0.6475,0.6478,11.20,3.20
2010.05.18 06:36:51.593,0.64755,0.6478,4.80,3.20
2010.05.18 06:36:51.902,0.64755,0.6478,10.40,3.20
2010.05.18 06:36:53.450,0.64745,0.6477,10.40,2.40
2010.05.18 06:36:53.880,0.6475,0.6477,1.00,2.40
2010.05.18 06:36:54.739,0.6475,0.6478,5.60,4.00
2010.05.18 06:36:55.063,0.6475,0.64775,5.60,1.00
2010.05.18 06:36:55.372,0.6475,0.6478,5.60,4.00
2010.05.18 06:36:55.679,0.6475,0.6478,7.20,4.00
2010.05.18 06:36:56.548,0.6475,0.6478,8.00,4.00
2010.05.18 06:36:57.244,0.64755,0.6478,4.80,2.40
2010.05.18 06:36:58.894,0.64755,0.64785,5.60,1.00
2010.05.18 06:36:59.288,0.64755,0.64785,10.40,5.60
2010.05.18 06:37:00.184,0.6476,0.6479,10.40,4.00
2010.05.18 06:37:01.091,0.6476,0.6479,9.60,4.00
2010.05.18 06:37:02.102,0.64755,0.64785,12.00,1.00
2010.05.18 06:37:03.497,0.64755,0.64785,12.20,1.00
2010.05.18 06:37:04.923,0.64755,0.64785,12.00,1.00
2010.05.18 06:37:07.571,0.6476,0.6479,10.40,4.00
2010.05.18 06:37:09.366,0.6476,0.6479,10.40,3.20
2010.05.18 06:37:09.590,0.6476,0.6479,10.40,4.00
2010.05.18 06:37:10.040,0.6476,0.6479,11.20,3.20
2010.05.18 06:37:10.258,0.6476,0.6479,11.60,3.20
2010.05.18 06:37:10.478,0.64765,0.6479,5.60,3.20
2010.05.18 06:37:11.978,0.6477,0.6479,1.00,3.20
2010.05.18 06:37:12.108,0.6477,0.6479,5.60,1.00
2010.05.18 06:37:12.250,0.6477,0.64795,5.60,1.00
2010.05.18 06:37:13.257,0.64775,0.648,5.60,11.10
2010.05.18 06:37:13.481,0.64775,0.648,12.00,2.40
2010.05.18 06:37:13.698,0.64775,0.648,7.20,2.40
2010.05.18 06:37:14.600,0.6477,0.648,7.20,8.00
2010.05.18 06:37:14.915,0.6477,0.64795,11.20,1.00
2010.05.18 06:37:15.231,0.6477,0.64795,1.60,1.60
2010.05.18 06:37:15.544,0.64765,0.64795,10.40,1.60
2010.05.18 06:37:17.682,0.64765,0.64795,11.20,1.00
2010.05.18 06:37:17.991,0.6477,0.64795,1.60,1.00
2010.05.18 06:37:18.737,0.64765,0.64795,13.20,1.00
2010.05.18 06:37:20.399,0.64765,0.6479,13.20,2.40
2010.05.18 06:37:20.743,0.6477,0.64795,4.80,1.00
2010.05.18 06:37:20.961,0.64765,0.64795,13.20,1.00
2010.05.18 06:37:23.778,0.64765,0.6479,12.00,2.40
2010.05.18 06:37:23.968,0.64765,0.6479,10.40,2.40
2010.05.18 06:37:24.640,0.64765,0.64795,10.40,1.60
2010.05.18 06:37:25.592,0.64765,0.64795,9.60,1.60
2010.05.18 06:37:25.798,0.64765,0.6479,9.60,3.20
2010.05.18 06:37:25.938,0.6476,0.6479,12.00,3.20
2010.05.18 06:37:27.022,0.64765,0.6479,1.00,3.20
2010.05.18 06:37:27.159,0.64765,0.64795,13.20,1.00
2010.05.18 06:37:27.439,0.64765,0.6479,6.80,2.40
2010.05.18 06:37:27.720,0.64765,0.6479,6.40,3.20
2010.05.18 06:37:27.998,0.6476,0.6479,12.00,3.20
2010.05.18 06:37:28.817,0.6476,0.6479,12.00,1.00
2010.05.18 06:37:29.063,0.64765,0.64795,10.40,10.30
2010.05.18 06:37:29.309,0.64765,0.64795,5.60,5.50
2010.05.18 06:37:30.015,0.64765,0.64795,10.40,5.50
2010.05.18 06:37:30.313,0.6476,0.6479,12.00,3.20
2010.05.18 06:37:37.191,0.6476,0.6479,11.20,4.00
2010.05.18 06:37:37.367,0.6476,0.6479,12.00,3.20
2010.05.18 06:37:37.731,0.64765,0.6479,1.00,3.20
2010.05.18 06:37:38.528,0.64765,0.6479,9.60,3.20
2010.05.18 06:37:38.670,0.6476,0.6479,12.00,3.20
2010.05.18 06:37:39.691,0.64765,0.6479,1.00,3.20
2010.05.18 06:37:40.029,0.64765,0.64795,1.00,15.10
2010.05.18 06:37:40.706,0.64765,0.64795,1.00,10.30
2010.05.18 06:37:40.863,0.6477,0.648,1.00,16.90
2010.05.18 06:37:41.021,0.6477,0.648,5.60,5.50
2010.05.18 06:37:41.172,0.6477,0.648,10.40,3.20
2010.05.18 06:37:42.108,0.6477,0.648,10.40,3.30
2010.05.18 06:37:42.429,0.6477,0.648,10.40,3.20
2010.05.18 06:37:43.411,0.6477,0.648,9.60,4.00
2010.05.18 06:37:43.558,0.6477,0.64795,9.60,1.00
2010.05.18 06:37:43.698,0.6477,0.64795,4.80,1.00
2010.05.18 06:37:45.418,0.6477,0.648,4.80,12.70
2010.05.18 06:37:45.679,0.6477,0.64795,4.80,1.00
2010.05.18 06:37:46.069,0.6477,0.648,5.60,3.20
2010.05.18 06:37:46.821,0.6477,0.648,10.40,3.30
2010.05.18 06:37:47.100,0.6477,0.648,10.40,3.20
2010.05.18 06:37:47.830,0.6477,0.648,9.60,4.00
2010.05.18 06:37:48.109,0.6477,0.64795,4.80,1.00
2010.05.18 06:37:54.616,0.6477,0.64795,6.40,1.00
2010.05.18 06:37:54.855,0.6477,0.648,10.40,2.40
2010.05.18 06:37:55.039,0.64775,0.64805,1.60,10.00
2010.05.18 06:37:55.220,0.64775,0.6481,12.50,8.00
2010.05.18 06:37:55.398,0.6478,0.6481,9.60,3.20
2010.05.18 06:37:56.218,0.6478,0.6481,10.40,2.40
2010.05.18 06:37:56.432,0.6478,0.6481,10.40,2.40
2010.05.18 06:37:57.765,0.64785,0.64815,4.80,5.60
2010.05.18 06:37:58.061,0.6479,0.6482,1.20,12.00
2010.05.18 06:37:58.349,0.6479,0.64825,10.40,15.10
2010.05.18 06:37:59.674,0.6479,0.6482,5.60,4.80
2010.05.18 06:37:59.818,0.6479,0.64825,10.40,12.00
2010.05.18 06:38:00.099,0.6479,0.64825,11.20,11.20
2010.05.18 06:38:00.238,0.64795,0.64825,4.80,6.40
2010.05.18 06:38:01.390,0.64795,0.6482,9.60,1.00
2010.05.18 06:38:01.609,0.64795,0.6482,1.00,1.60
2010.05.18 06:38:01.829,0.6479,0.6482,8.00,4.00
2010.05.18 06:38:02.584,0.6479,0.6482,8.00,3.20
2010.05.18 06:38:02.921,0.6479,0.6482,8.00,4.00
2010.05.18 06:38:03.588,0.64795,0.6482,1.00,3.20
2010.05.18 06:38:04.297,0.64795,0.6482,1.00,2.40
2010.05.18 06:38:04.648,0.648,0.64835,12.00,12.90
2010.05.18 06:38:06.039,0.64805,0.64835,1.00,12.10
2010.05.18 06:38:06.289,0.648,0.64835,14.40,12.70
2010.05.18 06:38:06.538,0.648,0.64835,12.00,12.70
2010.05.18 06:38:07.119,0.648,0.64825,4.80,1.00
2010.05.18 06:38:07.926,0.648,0.64825,4.80,1.60
2010.05.18 06:38:08.031,0.64795,0.6482,1.00,1.00
2010.05.18 06:38:08.139,0.64795,0.6482,1.00,3.20
2010.05.18 06:38:08.547,0.6479,0.6482,8.00,4.00
2010.05.18 06:38:09.774,0.6479,0.6482,8.00,8.80
2010.05.18 06:38:10.751,0.64795,0.6482,1.00,8.00
2010.05.18 06:38:11.058,0.6479,0.6482,8.00,7.20
2010.05.18 06:38:11.208,0.6479,0.6482,8.00,4.80
2010.05.18 06:38:12.040,0.64795,0.6483,10.40,14.40
2010.05.18 06:38:12.360,0.64795,0.6483,10.40,14.50
2010.05.18 06:38:12.509,0.64795,0.6482,9.60,4.00
2010.05.18 06:38:12.659,0.64795,0.6482,4.80,2.40
2010.05.18 06:38:12.809,0.64795,0.64825,1.00,9.60
2010.05.18 06:38:12.959,0.64795,0.6483,10.40,16.00
2010.05.18 06:38:13.969,0.64795,0.6483,10.40,14.40
2010.05.18 06:38:17.402,0.64795,0.6483,11.20,14.40
2010.05.18 06:38:17.517,0.64795,0.6483,12.80,14.40
2010.05.18 06:38:19.665,0.64795,0.6483,13.60,14.40
2010.05.18 06:38:19.909,0.648,0.6483,4.80,4.80
2010.05.18 06:38:20.782,0.648,0.6483,1.00,14.40
2010.05.18 06:38:22.208,0.648,0.6483,1.60,13.60
2010.05.18 06:38:22.977,0.648,0.6483,1.60,12.80
2010.05.18 06:38:23.104,0.648,0.6483,7.20,4.00
2010.05.18 06:38:23.227,0.648,0.6483,7.20,6.40
2010.05.18 06:38:23.347,0.648,0.6483,2.40,16.00
2010.05.18 06:38:24.698,0.648,0.6483,1.00,16.00
2010.05.18 06:38:26.213,0.648,0.6483,1.00,15.20
2010.05.18 06:38:27.034,0.648,0.6483,3.20,12.80
2010.05.18 06:38:27.282,0.648,0.6483,8.00,3.20
2010.05.18 06:38:28.721,0.648,0.6483,7.20,4.00
2010.05.18 06:38:28.868,0.648,0.6483,2.40,11.20
2010.05.18 06:38:29.018,0.648,0.6483,2.40,16.00
2010.05.18 06:38:34.128,0.648,0.6483,2.40,16.10
2010.05.18 06:38:36.488,0.648,0.6483,2.40,16.00
2010.05.18 06:38:36.638,0.648,0.64825,2.40,1.00
2010.05.18 06:38:36.938,0.648,0.6482,2.40,1.00
2010.05.18 06:38:37.089,0.648,0.6482,2.40,4.00
2010.05.18 06:38:37.852,0.64795,0.6482,4.80,7.20
2010.05.18 06:38:38.052,0.6479,0.6482,10.40,2.40
2010.05.18 06:38:38.439,0.64795,0.6482,1.60,2.40
2010.05.18 06:38:38.639,0.648,0.6483,4.80,10.30
2010.05.18 06:38:39.029,0.64795,0.6483,13.20,15.10
2010.05.18 06:38:41.578,0.64795,0.6483,13.20,15.30
2010.05.18 06:38:43.042,0.64795,0.6483,14.00,13.60
2010.05.18 06:38:45.570,0.64795,0.6483,14.00,12.80
2010.05.18 06:38:45.872,0.648,0.64835,12.80,11.20
2010.05.18 06:38:48.830,0.648,0.6483,12.80,1.00
2010.05.18 06:38:49.040,0.648,0.6483,5.60,3.20
2010.05.18 06:38:52.790,0.648,0.6483,5.60,4.70
2010.05.18 06:38:53.029,0.64795,0.64825,12.00,1.00
2010.05.18 06:38:53.740,0.64795,0.64825,10.40,1.00
2010.05.18 06:38:54.001,0.6479,0.6482,12.80,2.40
2010.05.18 06:38:54.251,0.6479,0.6482,10.40,2.40
2010.05.18 06:38:54.942,0.64795,0.6482,1.00,2.40
2010.05.18 06:38:55.187,0.64805,0.64835,5.60,5.60
2010.05.18 06:38:55.535,0.64805,0.64835,6.40,4.80
2010.05.18 06:38:55.880,0.6481,0.6484,4.80,9.50
2010.05.18 06:38:57.227,0.6481,0.6483,4.80,1.00
2010.05.18 06:38:57.468,0.64805,0.6483,4.80,1.00
2010.05.18 06:38:58.319,0.648,0.6483,6.40,1.00
2010.05.18 06:38:59.301,0.648,0.64835,14.40,12.00
2010.05.18 06:38:59.638,0.648,0.64835,14.40,10.40
2010.05.18 06:39:00.538,0.648,0.64835,14.40,12.00
2010.05.18 06:39:06.182,0.648,0.6483,12.00,2.10
2010.05.18 06:39:06.289,0.64795,0.6483,13.60,14.10
2010.05.18 06:39:06.399,0.64795,0.6483,12.00,14.50
2010.05.18 06:39:06.618,0.64795,0.6483,12.00,14.40
2010.05.18 06:39:09.591,0.648,0.6483,1.00,13.60
2010.05.18 06:39:09.869,0.648,0.6483,5.60,1.00
2010.05.18 06:39:13.362,0.648,0.6483,4.80,1.60
2010.05.18 06:39:13.428,0.648,0.6483,4.80,2.40
2010.05.18 06:39:13.457,0.648,0.6483,4.80,4.80
2010.05.18 06:39:14.229,0.64795,0.6483,12.80,14.40
2010.05.18 06:39:14.463,0.64795,0.6483,14.40,14.40
2010.05.18 06:39:14.691,0.64795,0.6483,14.40,14.50
2010.05.18 06:39:15.586,0.64795,0.6483,12.00,14.50
2010.05.18 06:39:17.357,0.648,0.6483,1.00,13.70
2010.05.18 06:39:17.703,0.648,0.6483,5.60,1.00
2010.05.18 06:39:19.639,0.648,0.6483,5.60,1.00
2010.05.18 06:39:19.912,0.64795,0.6483,12.00,14.40
2010.05.18 06:39:21.003,0.64795,0.6483,12.00,14.50
2010.05.18 06:39:21.110,0.64795,0.6483,12.00,14.40
2010.05.18 06:39:22.177,0.64795,0.6483,12.00,14.40
2010.05.18 06:39:23.037,0.64795,0.6483,12.00,14.50
2010.05.18 06:39:24.388,0.64795,0.6483,10.40,14.40
2010.05.18 06:39:25.811,0.648,0.6483,9.60,4.00
2010.05.18 06:39:26.139,0.64795,0.6483,10.40,14.40
2010.05.18 06:39:26.721,0.64795,0.64825,9.60,1.00
2010.05.18 06:39:27.059,0.6479,0.64825,15.20,10.40
2010.05.18 06:39:28.737,0.6479,0.64825,13.80,10.40
2010.05.18 06:39:28.802,0.6479,0.64825,13.60,10.40
2010.05.18 06:39:29.633,0.6479,0.64825,4.00,10.40
2010.05.18 06:39:33.010,0.6479,0.64825,4.20,10.40
2010.05.18 06:39:33.330,0.6479,0.64825,9.60,6.50
2010.05.18 06:39:34.101,0.6479,0.64825,9.60,6.40
2010.05.18 06:39:34.282,0.64795,0.64825,1.00,4.80
2010.05.18 06:39:34.618,0.64795,0.6483,10.40,14.40
2010.05.18 06:39:36.424,0.648,0.6483,3.20,9.60
2010.05.18 06:39:36.569,0.648,0.64835,12.80,16.10
2010.05.18 06:39:37.472,0.648,0.64835,12.80,15.10
2010.05.18 06:39:38.989,0.648,0.64835,12.80,15.30
2010.05.18 06:39:40.404,0.648,0.6483,12.80,4.80
2010.05.18 06:39:40.663,0.64795,0.6483,12.80,16.00
2010.05.18 06:39:40.919,0.64795,0.6483,12.00,14.40
2010.05.18 06:39:41.179,0.64795,0.6483,10.40,14.40
2010.05.18 06:39:46.538,0.64795,0.6483,10.40,13.60
2010.05.18 06:39:48.731,0.64795,0.6483,11.20,13.60
2010.05.18 06:39:49.844,0.64795,0.6483,11.20,13.70
2010.05.18 06:39:51.838,0.64795,0.6483,11.20,13.60
2010.05.18 06:39:55.021,0.64795,0.6483,11.20,15.10
2010.05.18 06:39:55.362,0.6479,0.64825,13.60,11.20
2010.05.18 06:39:55.771,0.6479,0.64825,13.60,11.30
2010.05.18 06:39:55.921,0.6479,0.64825,13.60,12.90
2010.05.18 06:39:55.999,0.6479,0.64825,13.60,14.50
2010.05.18 06:39:56.078,0.6479,0.64825,13.60,15.30
2010.05.18 06:39:58.220,0.6479,0.6482,12.80,1.00
2010.05.18 06:39:58.409,0.64785,0.6482,10.40,12.80
2010.05.18 06:40:04.739,0.64785,0.6482,10.40,12.90
2010.05.18 06:40:05.082,0.64785,0.64815,5.60,5.60
2010.05.18 06:40:06.515,0.64785,0.64815,11.20,4.80
2010.05.18 06:40:06.763,0.64785,0.6482,2.00,16.70
2010.05.18 06:40:06.999,0.64785,0.6482,2.00,16.90
2010.05.18 06:40:07.238,0.64785,0.6482,2.00,16.70
2010.05.18 06:40:08.510,0.64785,0.6482,2.00,16.90
2010.05.18 06:40:10.567,0.64785,0.6482,2.00,16.70
2010.05.18 06:40:10.878,0.64785,0.6482,2.00,12.80
2010.05.18 06:40:12.265,0.64785,0.6482,2.40,12.80
2010.05.18 06:40:12.452,0.6479,0.6482,3.20,4.80
2010.05.18 06:40:12.639,0.6479,0.64825,12.80,15.10
2010.05.18 06:40:13.960,0.64795,0.64825,1.00,9.60
2010.05.18 06:40:14.507,0.64795,0.6483,10.40,18.90
2010.05.18 06:40:17.472,0.64795,0.64825,5.60,4.80
2010.05.18 06:40:17.629,0.648,0.64825,1.00,9.60
2010.05.18 06:40:17.789,0.648,0.64825,1.00,4.80
2010.05.18 06:40:18.650,0.648,0.6483,1.00,12.80
2010.05.18 06:40:39.816,0.648,0.6483,1.00,12.90
2010.05.18 06:40:41.001,0.648,0.6483,1.00,12.80
2010.05.18 06:40:41.744,0.648,0.6483,1.00,12.90
2010.05.18 06:40:42.663,0.648,0.6483,1.00,12.80
2010.05.18 06:40:43.120,0.648,0.6483,1.00,12.90
2010.05.18 06:40:44.611,0.648,0.6483,1.00,12.80
2010.05.18 06:40:44.740,0.648,0.6483,1.00,12.90
2010.05.18 06:40:46.369,0.648,0.6483,1.00,12.80
2010.05.18 06:40:47.978,0.648,0.6483,1.00,12.80
2010.05.18 06:40:48.008,0.648,0.6483,1.00,12.80
2010.05.18 06:40:48.064,0.648,0.6483,1.00,12.90
2010.05.18 06:40:48.188,0.648,0.6483,1.00,12.80
2010.05.18 06:40:50.504,0.648,0.6483,1.00,12.80
2010.05.18 06:40:50.778,0.648,0.6483,1.00,12.80
2010.05.18 06:40:52.349,0.648,0.6483,1.00,12.90
2010.05.18 06:40:53.661,0.64795,0.64825,9.60,1.20
2010.05.18 06:40:53.912,0.6479,0.6482,4.80,10.40
2010.05.18 06:40:54.152,0.64785,0.6482,10.40,10.50
2010.05.18 06:40:55.033,0.648,0.6482,2.40,10.40
2010.05.18 06:40:55.372,0.648,0.64835,12.80,12.00
2010.05.18 06:40:55.708,0.648,0.64835,12.80,15.90
2010.05.18 06:40:56.048,0.648,0.64835,12.80,14.40
2010.05.18 06:40:56.733,0.648,0.64835,12.80,12.80
2010.05.18 06:40:57.073,0.648,0.64825,12.00,4.70
2010.05.18 06:40:57.260,0.6479,0.64825,13.60,12.00
2010.05.18 06:40:57.449,0.64795,0.6483,10.40,14.30
2010.05.18 06:40:59.062,0.648,0.6483,5.60,7.20
2010.05.18 06:40:59.778,0.648,0.6483,10.40,6.40
2010.05.18 06:41:00.061,0.64795,0.6483,10.40,10.40
2010.05.18 06:41:02.389,0.648,0.6483,1.00,9.60
2010.05.18 06:41:03.251,0.648,0.64835,12.80,11.90
2010.05.18 06:41:04.800,0.64805,0.64835,1.00,11.10
2010.05.18 06:41:05.072,0.64805,0.6484,10.40,14.50
2010.05.18 06:41:06.336,0.64805,0.64835,9.60,1.00
2010.05.18 06:41:06.683,0.648,0.6483,4.80,7.20
2010.05.18 06:41:06.900,0.648,0.6483,1.00,12.70
2010.05.18 06:41:07.120,0.648,0.6483,12.00,3.90
2010.05.18 06:41:08.031,0.64805,0.64835,10.40,1.00
2010.05.18 06:41:08.264,0.64805,0.6483,1.00,1.60
2010.05.18 06:41:08.492,0.64805,0.64835,2.40,9.60
2010.05.18 06:41:09.387,0.64805,0.64835,2.40,9.60
2010.05.18 06:41:09.735,0.6481,0.6484,12.00,2.40
2010.05.18 06:41:10.419,0.6481,0.6484,12.00,2.40
2010.05.18 06:41:10.669,0.64815,0.6484,9.60,2.40
2010.05.18 06:41:13.520,0.6481,0.6484,2.40,7.20
2010.05.18 06:41:13.858,0.6481,0.6484,7.20,2.40
2010.05.18 06:41:19.591,0.64815,0.6484,4.80,3.60
2010.05.18 06:41:19.824,0.6482,0.6484,4.80,2.40
2010.05.18 06:41:20.053,0.6483,0.64845,4.80,1.60
2010.05.18 06:41:20.280,0.6481,0.64845,16.00,10.40
2010.05.18 06:41:21.371,0.6482,0.6485,7.20,5.60
2010.05.18 06:41:21.879,0.6482,0.64845,7.20,1.00
2010.05.18 06:41:22.791,0.64815,0.64845,9.60,2.40
2010.05.18 06:41:27.560,0.64815,0.6484,9.60,5.60
2010.05.18 06:41:27.859,0.6481,0.6484,2.40,15.20
2010.05.18 06:41:29.079,0.64805,0.6484,13.60,15.20
2010.05.18 06:41:29.340,0.6481,0.6484,1.00,14.40
2010.05.18 06:41:29.599,0.6481,0.64845,10.40,14.30
2010.05.18 06:41:30.765,0.64815,0.64845,1.00,13.50
2010.05.18 06:41:31.115,0.64815,0.64845,10.40,1.60
2010.05.18 06:41:32.531,0.64815,0.6485,10.40,20.10
2010.05.18 06:41:33.931,0.6481,0.64845,10.80,14.50
2010.05.18 06:41:34.250,0.6481,0.6484,5.20,9.60
2010.05.18 06:41:35.182,0.6481,0.6484,1.00,12.80
2010.05.18 06:41:35.392,0.6481,0.64845,10.40,12.80
2010.05.18 06:41:35.823,0.6481,0.6484,9.60,1.00
2010.05.18 06:41:36.109,0.6481,0.6484,4.80,9.60
2010.05.18 06:41:37.049,0.64805,0.6484,12.80,12.80
2010.05.18 06:41:40.528,0.64805,0.64835,12.80,4.80
2010.05.18 06:41:40.623,0.64805,0.64835,7.20,6.40
2010.05.18 06:41:40.950,0.64805,0.64835,7.20,1.60
2010.05.18 06:41:41.049,0.64805,0.64835,12.00,1.60
2010.05.18 06:41:41.803,0.64805,0.64835,12.00,6.40
2010.05.18 06:41:42.050,0.64805,0.64835,7.20,6.40
2010.05.18 06:41:43.378,0.64805,0.64835,6.40,6.40
2010.05.18 06:41:46.890,0.64805,0.64835,11.20,1.60
2010.05.18 06:41:47.039,0.64805,0.64835,11.20,6.40
2010.05.18 06:41:47.338,0.64805,0.64835,6.40,6.40
2010.05.18 06:41:50.197,0.64805,0.64835,1.60,11.20
2010.05.18 06:41:50.986,0.64805,0.6483,1.60,1.00
2010.05.18 06:41:51.875,0.64805,0.64825,1.60,1.00
2010.05.18 06:41:57.442,0.64805,0.6483,5.60,2.00
2010.05.18 06:41:57.619,0.64805,0.6483,10.40,2.00
2010.05.18 06:41:57.709,0.64805,0.6483,11.20,2.00
2010.05.18 06:41:59.241,0.6481,0.6483,12.00,1.00
2010.05.18 06:41:59.582,0.64805,0.6483,11.20,1.00
2010.05.18 06:42:00.877,0.64805,0.64835,11.20,1.60
2010.05.18 06:42:01.033,0.6481,0.6484,2.40,13.20
2010.05.18 06:42:03.436,0.6481,0.6484,3.20,13.20
2010.05.18 06:42:03.600,0.6481,0.6484,3.20,10.80
2010.05.18 06:42:04.297,0.6481,0.6484,2.40,10.80
2010.05.18 06:42:04.462,0.64815,0.64845,1.00,11.90
2010.05.18 06:42:04.739,0.64815,0.6484,1.00,1.00
2010.05.18 06:42:05.019,0.6481,0.6484,3.20,12.00
2010.05.18 06:42:05.992,0.6481,0.6484,3.20,10.40
2010.05.18 06:42:10.533,0.6481,0.6484,3.20,12.00
2010.05.18 06:42:13.017,0.6481,0.6484,3.20,12.10
2010.05.18 06:42:13.830,0.6481,0.6484,3.20,12.00
2010.05.18 06:42:14.043,0.6481,0.6484,3.20,12.10
2010.05.18 06:42:16.160,0.6481,0.6484,3.20,10.50
2010.05.18 06:42:16.440,0.6481,0.6483,3.20,1.00
2010.05.18 06:42:17.203,0.648,0.6482,3.20,1.60
2010.05.18 06:42:17.540,0.648,0.6482,4.00,1.60
2010.05.18 06:42:17.880,0.648,0.6483,12.80,1.00
2010.05.18 06:42:18.792,0.64785,0.64815,6.40,5.60
2010.05.18 06:42:19.000,0.64785,0.64815,5.60,6.40
2010.05.18 06:42:19.210,0.6478,0.64815,13.60,11.60
2010.05.18 06:42:19.941,0.6478,0.6481,12.80,1.00
2010.05.18 06:42:20.285,0.6478,0.6481,3.20,10.40
2010.05.18 06:42:22.589,0.6478,0.6481,3.20,10.50
2010.05.18 06:42:23.773,0.6478,0.6481,3.20,10.40
2010.05.18 06:42:24.793,0.6478,0.6481,3.20,10.50
2010.05.18 06:42:25.150,0.6478,0.6481,4.00,9.60
2010.05.18 06:42:25.492,0.6478,0.64815,13.60,10.50
2010.05.18 06:42:26.198,0.6478,0.64815,13.60,10.40
2010.05.18 06:42:26.513,0.64785,0.64805,1.00,6.30
2010.05.18 06:42:26.830,0.6479,0.64815,2.40,9.60
2010.05.18 06:42:27.149,0.6479,0.64815,3.20,9.60
2010.05.18 06:42:28.132,0.6478,0.6481,3.20,10.40
2010.05.18 06:42:29.546,0.6477,0.64805,13.60,10.40
2010.05.18 06:42:30.529,0.6478,0.64805,1.00,9.60
2010.05.18 06:42:30.815,0.6478,0.6481,3.20,12.70
2010.05.18 06:42:31.755,0.6478,0.6481,3.20,12.10
2010.05.18 06:42:32.991,0.6478,0.6481,3.20,11.90
2010.05.18 06:42:34.270,0.6478,0.6481,3.20,10.40
2010.05.18 06:42:37.858,0.6478,0.6481,4.00,9.60
2010.05.18 06:42:38.204,0.6478,0.64815,14.40,10.40
2010.05.18 06:42:38.891,0.6478,0.64805,8.80,1.00
2010.05.18 06:42:39.861,0.6478,0.64805,1.00,1.00
2010.05.18 06:42:40.071,0.64775,0.64805,12.80,1.00
2010.05.18 06:42:42.560,0.64775,0.64805,12.80,1.00
2010.05.18 06:42:42.698,0.64775,0.64805,11.20,1.00
2010.05.18 06:42:42.828,0.64775,0.64805,10.40,1.00
2010.05.18 06:42:44.588,0.64775,0.64805,11.20,1.00
2010.05.18 06:42:47.301,0.6478,0.6481,13.60,1.00
2010.05.18 06:42:47.570,0.6478,0.6481,8.80,1.00
2010.05.18 06:42:49.162,0.6478,0.64805,8.00,1.00
2010.05.18 06:42:49.248,0.64775,0.64805,11.20,1.00
2010.05.18 06:43:03.709,0.64775,0.64805,6.40,1.00
2010.05.18 06:43:03.843,0.64775,0.64805,11.20,1.00
2010.05.18 06:43:05.070,0.64775,0.64805,11.20,5.60
2010.05.18 06:43:05.409,0.64775,0.6481,12.00,10.90
2010.05.18 06:43:06.401,0.64775,0.64805,11.20,1.00
2010.05.18 06:43:06.749,0.64775,0.64805,11.20,5.60
2010.05.18 06:43:07.128,0.64775,0.64805,6.40,5.60
2010.05.18 06:43:08.800,0.64775,0.64805,11.20,5.60
2010.05.18 06:43:09.078,0.64775,0.64805,11.20,1.00
2010.05.18 06:43:11.180,0.6477,0.64805,15.20,10.40
2010.05.18 06:43:12.129,0.6477,0.64805,13.60,10.50
2010.05.18 06:43:13.448,0.6477,0.64805,13.60,13.30
2010.05.18 06:43:19.238,0.6477,0.64805,13.60,15.70
2010.05.18 06:43:20.521,0.6477,0.648,13.60,1.00
2010.05.18 06:43:27.727,0.64775,0.648,4.80,1.00
2010.05.18 06:43:30.761,0.64775,0.64805,1.00,2.80
2010.05.18 06:43:31.015,0.64775,0.64805,1.00,1.00
2010.05.18 06:43:31.262,0.6478,0.64805,2.40,1.00
2010.05.18 06:43:31.974,0.6478,0.6481,2.40,14.90
2010.05.18 06:43:32.228,0.6478,0.64805,7.20,1.00
2010.05.18 06:43:32.482,0.64775,0.648,5.60,1.00
2010.05.18 06:43:33.180,0.64775,0.648,1.00,1.00
2010.05.18 06:43:33.424,0.6477,0.648,13.60,1.00
2010.05.18 06:43:33.732,0.6477,0.64805,14.40,1.00
2010.05.18 06:43:34.432,0.64775,0.64805,4.80,1.00
2010.05.18 06:43:34.710,0.64775,0.64805,9.60,1.00
2010.05.18 06:43:41.267,0.6478,0.6481,2.40,14.30
2010.05.18 06:43:42.580,0.6478,0.6481,2.40,11.20
2010.05.18 06:43:42.910,0.6478,0.6481,2.40,10.40
2010.05.18 06:43:45.601,0.6478,0.6481,7.20,10.40
2010.05.18 06:43:45.921,0.6478,0.6481,2.40,10.40
2010.05.18 06:43:46.949,0.64785,0.6481,1.00,4.80
2010.05.18 06:43:47.184,0.648,0.64815,8.00,1.00
2010.05.18 06:43:47.411,0.648,0.64825,8.00,1.00
2010.05.18 06:43:48.462,0.648,0.6483,8.00,1.00
2010.05.18 06:43:48.801,0.648,0.6483,8.00,5.60
2010.05.18 06:43:50.361,0.64795,0.64825,11.20,1.00
2010.05.18 06:43:51.612,0.64795,0.64825,4.80,8.30
2010.05.18 06:43:51.822,0.6479,0.64815,12.00,2.00
2010.05.18 06:43:52.031,0.64785,0.64815,1.00,10.00
2010.05.18 06:43:52.745,0.64785,0.64815,6.40,4.80
2010.05.18 06:43:53.094,0.64785,0.6482,11.20,12.10
2010.05.18 06:43:53.462,0.64785,0.6482,11.20,11.90
2010.05.18 06:43:54.294,0.64785,0.6482,11.20,12.10
2010.05.18 06:43:54.491,0.64785,0.6482,11.20,11.90
2010.05.18 06:43:55.261,0.64785,0.6482,11.20,12.10
2010.05.18 06:44:01.245,0.64785,0.6482,11.20,11.90
2010.05.18 06:44:02.083,0.6479,0.6482,1.00,11.10
2010.05.18 06:44:02.210,0.6479,0.6482,13.60,1.50
2010.05.18 06:44:02.552,0.6479,0.6482,12.80,2.30
2010.05.18 06:44:02.895,0.64785,0.6482,11.20,11.90
2010.05.18 06:44:04.212,0.64785,0.6482,11.20,12.10
2010.05.18 06:44:04.389,0.64785,0.6482,11.20,11.90
2010.05.18 06:44:05.878,0.64785,0.6482,11.20,12.10
2010.05.18 06:44:08.831,0.6479,0.6482,8.80,2.30
2010.05.18 06:44:12.135,0.64785,0.6482,11.20,11.90
2010.05.18 06:44:13.587,0.64785,0.64815,1.00,10.50
2010.05.18 06:44:15.652,0.64785,0.64815,1.00,10.40
2010.05.18 06:44:16.393,0.64785,0.64815,1.60,9.60
2010.05.18 06:44:16.744,0.64785,0.64815,1.00,10.50
2010.05.18 06:44:17.547,0.64785,0.64815,1.00,10.40
2010.05.18 06:44:18.516,0.64785,0.64815,1.00,10.50
2010.05.18 06:44:19.052,0.64785,0.64815,1.00,13.70
2010.05.18 06:44:19.964,0.6478,0.6481,8.80,5.60
2010.05.18 06:44:20.651,0.6478,0.6481,8.80,5.70
2010.05.18 06:44:21.679,0.6478,0.6481,4.00,10.40
2010.05.18 06:44:22.915,0.6478,0.6481,3.20,10.80
2010.05.18 06:44:23.143,0.6478,0.6481,4.00,10.40
2010.05.18 06:44:23.440,0.6478,0.6481,4.00,10.40
2010.05.18 06:44:23.741,0.6478,0.6481,4.00,5.60
2010.05.18 06:44:24.710,0.64785,0.64815,1.00,14.50
2010.05.18 06:44:24.890,0.64785,0.6481,1.00,1.00
2010.05.18 06:44:25.069,0.6478,0.6481,13.60,1.00
2010.05.18 06:44:25.909,0.6478,0.6481,4.00,10.50
2010.05.18 06:44:28.228,0.6478,0.6481,4.00,10.40
2010.05.18 06:44:30.127,0.6478,0.6481,2.40,11.70
2010.05.18 06:44:31.748,0.6478,0.6481,2.40,14.90
2010.05.18 06:44:33.925,0.6478,0.64805,2.40,4.80
2010.05.18 06:44:34.819,0.6478,0.64805,4.00,4.80
2010.05.18 06:44:35.789,0.6478,0.64805,2.40,4.80
2010.05.18 06:44:37.531,0.6478,0.64805,2.40,4.90
2010.05.18 06:44:37.877,0.6478,0.64805,2.40,9.60
2010.05.18 06:44:39.991,0.6478,0.64805,2.40,4.80
2010.05.18 06:44:40.808,0.6478,0.64805,2.40,4.90
2010.05.18 06:44:41.153,0.6478,0.64805,2.40,9.60
2010.05.18 06:44:41.829,0.6478,0.64805,2.40,9.60
2010.05.18 06:44:43.803,0.6478,0.64805,2.40,9.70
2010.05.18 06:44:44.939,0.6478,0.64805,2.40,9.60
2010.05.18 06:44:45.179,0.6478,0.64805,2.40,9.70
2010.05.18 06:44:45.409,0.6478,0.64805,2.40,9.60
2010.05.18 06:44:47.593,0.6478,0.64805,2.40,9.70
2010.05.18 06:44:47.923,0.6478,0.64805,2.40,9.60
2010.05.18 06:44:50.631,0.6478,0.64805,2.40,4.80
2010.05.18 06:44:51.209,0.6478,0.64805,2.40,9.60
2010.05.18 06:44:52.491,0.6478,0.64805,2.40,9.70
2010.05.18 06:44:52.769,0.6478,0.64805,2.40,9.60
2010.05.18 06:44:54.769,0.6478,0.64805,2.40,9.60
2010.05.18 06:44:55.011,0.6478,0.64805,2.40,9.60
2010.05.18 06:44:55.162,0.6478,0.648,2.40,4.80
2010.05.18 06:44:55.890,0.64775,0.648,1.00,9.60
2010.05.18 06:44:55.976,0.6478,0.648,1.00,4.80
2010.05.18 06:44:56.325,0.64785,0.64805,2.40,1.00
2010.05.18 06:44:57.288,0.64785,0.64815,1.00,10.40
2010.05.18 06:44:57.631,0.64785,0.64815,2.40,9.60
2010.05.18 06:44:58.643,0.64785,0.64815,7.20,4.80
2010.05.18 06:44:58.982,0.64785,0.6482,12.00,11.90
2010.05.18 06:45:02.419,0.6479,0.6482,1.00,11.10
2010.05.18 06:45:03.214,0.6479,0.6482,3.20,9.60
2010.05.18 06:45:03.511,0.64795,0.64825,6.40,5.60
2010.05.18 06:45:17.899,0.648,0.64825,3.20,4.80
2010.05.18 06:45:18.832,0.6481,0.6484,2.40,13.20
2010.05.18 06:45:19.135,0.64805,0.64835,1.00,10.40
2010.05.18 06:45:20.095,0.648,0.64835,14.40,10.40
2010.05.18 06:45:20.400,0.64805,0.64835,1.00,10.40
2010.05.18 06:45:23.031,0.64805,0.64835,1.00,11.90
2010.05.18 06:45:23.371,0.64805,0.64835,1.00,10.40
2010.05.18 06:45:29.222,0.64805,0.64835,1.00,13.50
2010.05.18 06:45:30.849,0.64805,0.64835,1.00,10.40
2010.05.18 06:45:31.189,0.64805,0.64835,1.00,11.20
2010.05.18 06:45:31.531,0.64805,0.64835,1.00,10.40
2010.05.18 06:45:35.701,0.64805,0.64835,1.60,9.60
2010.05.18 06:45:36.618,0.64805,0.64835,6.40,4.80
2010.05.18 06:45:36.706,0.64815,0.64845,6.40,4.80
2010.05.18 06:45:37.051,0.64815,0.64845,5.60,5.60
2010.05.18 06:45:37.730,0.64815,0.64845,4.80,6.40
2010.05.18 06:45:38.724,0.6481,0.6484,8.80,1.00
2010.05.18 06:45:39.004,0.6481,0.6484,8.00,1.00
2010.05.18 06:45:39.358,0.6481,0.6484,8.00,1.00
2010.05.18 06:45:40.772,0.6481,0.6484,8.00,1.60
2010.05.18 06:45:41.079,0.64805,0.6484,13.60,11.60
2010.05.18 06:45:42.059,0.64805,0.6484,11.20,13.10
2010.05.18 06:45:42.298,0.64805,0.6484,11.20,13.30
2010.05.18 06:45:42.538,0.64805,0.6484,11.20,13.10
2010.05.18 06:45:43.214,0.64805,0.6484,11.20,13.30
2010.05.18 06:45:43.520,0.6481,0.6484,9.60,3.50
2010.05.18 06:45:43.829,0.64805,0.6484,11.20,13.10
2010.05.18 06:45:44.140,0.64805,0.6484,11.20,13.30
2010.05.18 06:45:45.115,0.64805,0.64835,1.00,10.40
2010.05.18 06:45:46.638,0.648,0.64835,13.60,10.40
2010.05.18 06:45:46.985,0.64795,0.6482,1.00,1.00
2010.05.18 06:45:47.884,0.6479,0.6482,12.40,1.00
2010.05.18 06:45:48.102,0.6479,0.6482,7.20,1.00
2010.05.18 06:45:50.099,0.6479,0.64825,8.80,11.70
2010.05.18 06:45:50.877,0.64795,0.64825,4.80,6.40
2010.05.18 06:45:51.163,0.648,0.6483,7.20,7.10
2010.05.18 06:45:53.518,0.648,0.6483,7.20,5.60
2010.05.18 06:45:56.462,0.6482,0.6484,1.00,1.60
2010.05.18 06:45:56.565,0.6481,0.64845,13.60,10.40
2010.05.18 06:45:59.789,0.6481,0.6484,13.60,1.00
2010.05.18 06:46:00.079,0.6481,0.6484,14.40,4.80
2010.05.18 06:46:00.378,0.6481,0.64845,14.40,10.40
2010.05.18 06:46:01.201,0.6482,0.64845,1.00,9.60
2010.05.18 06:46:01.429,0.6482,0.64845,3.20,9.60
2010.05.18 06:46:01.659,0.6482,0.6485,8.00,3.90
2010.05.18 06:46:01.890,0.6483,0.6485,1.60,3.90
2010.05.18 06:46:02.703,0.6483,0.6485,4.00,3.90
2010.05.18 06:46:02.939,0.64825,0.64855,5.60,7.10
2010.05.18 06:46:03.160,0.64825,0.64855,4.80,7.90
2010.05.18 06:46:03.390,0.6482,0.64855,14.80,11.90
2010.05.18 06:46:04.105,0.6482,0.64845,8.40,5.60
2010.05.18 06:46:04.457,0.64815,0.6485,14.00,10.40
2010.05.18 06:46:05.463,0.6482,0.6485,4.80,5.60
2010.05.18 06:46:05.827,0.6482,0.6485,9.60,5.60
2010.05.18 06:46:06.171,0.6482,0.6485,4.80,5.60
2010.05.18 06:46:07.177,0.6482,0.6485,4.80,6.40
2010.05.18 06:46:07.493,0.6482,0.6485,9.60,2.30
2010.05.18 06:46:07.692,0.64815,0.6485,11.20,13.60
2010.05.18 06:46:07.891,0.6482,0.64845,4.80,1.00
2010.05.18 06:46:09.022,0.64815,0.64845,8.00,4.80
2010.05.18 06:46:09.270,0.6482,0.64855,10.40,12.70
2010.05.18 06:46:09.519,0.6482,0.64855,10.40,10.40
2010.05.18 06:46:10.206,0.6482,0.64855,12.80,10.40
2010.05.18 06:46:10.474,0.64835,0.64865,10.40,1.00
2010.05.18 06:46:10.743,0.64835,0.6487,10.40,19.90
2010.05.18 06:46:13.742,0.64835,0.6487,10.40,18.30
2010.05.18 06:46:13.842,0.64835,0.6487,10.40,18.40
2010.05.18 06:46:14.451,0.64835,0.64865,9.60,1.00
2010.05.18 06:46:14.731,0.64835,0.64865,4.80,9.50
2010.05.18 06:46:15.749,0.6483,0.64865,12.80,14.30
2010.05.18 06:46:16.172,0.6483,0.64855,12.00,1.00
2010.05.18 06:46:17.129,0.64825,0.6486,11.60,11.90
2010.05.18 06:46:18.437,0.64825,0.6486,13.20,11.90
2010.05.18 06:46:18.745,0.64835,0.6486,5.20,5.60
2010.05.18 06:46:19.051,0.64835,0.6486,1.00,4.80
2010.05.18 06:46:19.362,0.64835,0.64865,10.40,3.10
2010.05.18 06:46:20.365,0.64825,0.64855,8.40,10.40
2010.05.18 06:46:20.714,0.6482,0.64855,8.00,13.60
2010.05.18 06:46:22.181,0.6482,0.64845,7.20,1.00
2010.05.18 06:46:22.380,0.6482,0.64845,7.20,4.80
2010.05.18 06:46:22.582,0.64815,0.6485,10.40,14.40
2010.05.18 06:46:22.780,0.64815,0.64845,1.00,9.60
2010.05.18 06:46:23.720,0.6482,0.6485,1.00,9.60
2010.05.18 06:46:24.876,0.64825,0.6485,1.00,9.60
2010.05.18 06:46:25.158,0.6482,0.6485,1.00,9.60
2010.05.18 06:46:26.231,0.64835,0.6485,1.00,9.60
2010.05.18 06:46:26.501,0.64835,0.64865,1.00,13.50
2010.05.18 06:46:27.390,0.64835,0.6486,2.00,9.60
2010.05.18 06:46:27.583,0.64835,0.64865,1.20,9.60
2010.05.18 06:46:27.769,0.64835,0.64865,1.60,9.60
2010.05.18 06:46:28.149,0.64835,0.64865,1.60,11.10
2010.05.18 06:46:28.360,0.64835,0.64865,6.40,6.30
2010.05.18 06:46:29.328,0.6484,0.64865,4.80,1.50
2010.05.18 06:46:29.459,0.6484,0.64865,4.80,2.30
2010.05.18 06:46:29.588,0.6484,0.64865,4.80,3.10
2010.05.18 06:46:29.719,0.64835,0.64865,9.60,3.10
2010.05.18 06:46:30.872,0.64835,0.64865,11.20,2.30
2010.05.18 06:46:31.211,0.64835,0.6487,10.80,20.10
2010.05.18 06:46:32.038,0.64835,0.6487,12.00,15.20
2010.05.18 06:46:32.295,0.64835,0.6487,10.40,20.30
2010.05.18 06:46:37.028,0.64835,0.6487,11.20,19.50
2010.05.18 06:46:37.371,0.6484,0.6487,9.60,6.30
2010.05.18 06:46:40.598,0.64835,0.6487,12.00,15.90
2010.05.18 06:46:42.429,0.64835,0.6487,10.40,17.90
2010.05.18 06:46:42.918,0.64835,0.64865,5.60,4.80
2010.05.18 06:46:43.158,0.64835,0.6487,10.40,17.90
2010.05.18 06:46:45.571,0.6484,0.6487,4.80,6.30
2010.05.18 06:46:47.123,0.64835,0.6487,10.40,17.90
2010.05.18 06:46:53.670,0.64835,0.64865,5.60,4.80
2010.05.18 06:46:54.005,0.64835,0.6487,10.40,17.90
2010.05.18 06:46:57.749,0.64835,0.64865,1.00,9.60
2010.05.18 06:46:57.969,0.64835,0.6487,10.40,17.90
2010.05.18 06:47:02.920,0.64835,0.64865,9.60,1.00
2010.05.18 06:47:03.263,0.6483,0.64865,14.40,11.20
2010.05.18 06:47:03.598,0.6483,0.64865,13.60,14.30
2010.05.18 06:47:04.649,0.6483,0.6486,12.80,1.00
2010.05.18 06:47:04.783,0.64825,0.6486,13.60,15.20
2010.05.18 06:47:06.330,0.64825,0.6486,11.20,15.10
2010.05.18 06:47:06.619,0.6483,0.6486,12.80,1.50
2010.05.18 06:47:09.488,0.6483,0.64865,12.80,15.10
2010.05.18 06:47:09.835,0.64835,0.64865,1.00,14.30
2010.05.18 06:47:10.022,0.64835,0.64865,10.40,3.90
2010.05.18 06:47:15.875,0.64835,0.64865,1.00,13.50
2010.05.18 06:47:16.296,0.64835,0.64865,1.00,13.70
2010.05.18 06:47:16.489,0.64835,0.64865,1.00,13.50
2010.05.18 06:47:17.421,0.64835,0.6486,9.60,1.00
2010.05.18 06:47:17.700,0.6483,0.6486,4.80,3.90
2010.05.18 06:47:20.872,0.6483,0.64855,4.80,1.00
2010.05.18 06:47:21.211,0.64825,0.6486,11.60,9.50
2010.05.18 06:47:21.550,0.6483,0.6486,4.80,4.70
2010.05.18 06:47:22.530,0.6483,0.6486,9.60,4.70
2010.05.18 06:47:23.959,0.6483,0.64855,9.60,1.00
2010.05.18 06:47:24.775,0.64825,0.64855,9.60,1.00
2010.05.18 06:47:26.621,0.64825,0.64845,9.60,1.00
2010.05.18 06:47:26.870,0.64825,0.64845,4.80,1.00
2010.05.18 06:47:27.553,0.6482,0.64845,1.00,1.00
2010.05.18 06:47:27.718,0.64815,0.64845,5.60,5.60
2010.05.18 06:47:29.196,0.64805,0.64835,10.40,3.20
2010.05.18 06:47:29.332,0.64805,0.64835,1.00,12.80
2010.05.18 06:47:29.462,0.64805,0.64835,1.00,5.60
2010.05.18 06:47:30.262,0.64805,0.64835,5.60,5.60
2010.05.18 06:47:31.314,0.64805,0.64835,10.40,5.60
2010.05.18 06:47:32.322,0.64805,0.64835,10.40,1.00
2010.05.18 06:47:35.975,0.64805,0.64835,9.60,5.50
2010.05.18 06:47:36.118,0.648,0.64825,10.40,1.00
2010.05.18 06:47:38.589,0.648,0.64825,5.60,1.00
2010.05.18 06:47:39.597,0.648,0.64825,10.40,1.00
2010.05.18 06:47:40.346,0.648,0.64825,9.60,1.00
2010.05.18 06:47:41.368,0.648,0.64825,5.60,1.00
2010.05.18 06:47:41.629,0.648,0.64825,10.40,1.00
2010.05.18 06:47:45.886,0.64805,0.64825,4.80,1.00
2010.05.18 06:47:46.100,0.64805,0.64825,5.60,1.00
2010.05.18 06:47:46.308,0.64805,0.64825,10.40,1.00
2010.05.18 06:47:47.684,0.64805,0.64825,10.40,1.00
2010.05.18 06:47:47.885,0.6481,0.64825,10.40,1.00
2010.05.18 06:47:49.340,0.6481,0.64825,5.60,1.00
2010.05.18 06:47:49.618,0.6481,0.64825,10.40,1.00
2010.05.18 06:47:49.897,0.6481,0.64825,10.40,1.00
2010.05.18 06:47:53.484,0.64805,0.64825,12.80,1.00
2010.05.18 06:47:58.486,0.64805,0.64825,13.00,1.00
2010.05.18 06:48:00.046,0.64805,0.64825,12.80,1.00
2010.05.18 06:48:01.196,0.64805,0.64825,10.40,1.00
2010.05.18 06:48:08.024,0.6481,0.64825,3.20,1.00
2010.05.18 06:48:08.243,0.64815,0.64825,5.60,1.00
2010.05.18 06:48:08.450,0.64815,0.64825,4.80,1.00
2010.05.18 06:48:08.649,0.6481,0.64825,15.20,1.00
2010.05.18 06:48:09.489,0.6481,0.64825,12.80,1.00
2010.05.18 06:48:10.799,0.64805,0.64825,1.00,1.00
2010.05.18 06:48:12.860,0.648,0.64825,8.50,1.00
2010.05.18 06:48:13.089,0.648,0.64825,12.80,1.00
2010.05.18 06:48:14.259,0.64805,0.64825,9.60,1.00
2010.05.18 06:48:15.127,0.64805,0.64825,4.80,1.00
2010.05.18 06:48:15.944,0.64805,0.64825,10.40,1.00
2010.05.18 06:48:17.642,0.64815,0.64825,4.80,1.00
2010.05.18 06:48:17.839,0.64805,0.64825,10.40,1.00
2010.05.18 06:48:18.039,0.64805,0.64825,9.60,1.00
2010.05.18 06:48:19.278,0.64805,0.64825,10.40,1.00
2010.05.18 06:48:19.621,0.6481,0.64825,4.80,1.00
2010.05.18 06:48:20.580,0.64805,0.64825,9.60,1.00
2010.05.18 06:48:21.148,0.64805,0.64825,10.40,1.00
2010.05.18 06:48:22.154,0.6481,0.64825,4.80,1.00
2010.05.18 06:48:22.473,0.64805,0.64825,4.80,1.00
2010.05.18 06:48:37.413,0.64805,0.64825,10.40,1.00
2010.05.18 06:48:38.415,0.64815,0.64825,1.00,1.00
2010.05.18 06:48:42.151,0.6482,0.64825,9.20,1.00
2010.05.18 06:48:42.326,0.64825,0.6485,1.00,1.70
2010.05.18 06:48:42.417,0.6482,0.6485,8.00,1.70
2010.05.18 06:48:42.508,0.6482,0.6485,5.60,3.90
2010.05.18 06:48:43.226,0.6482,0.6485,5.60,7.20
2010.05.18 06:48:43.573,0.6482,0.64855,5.60,11.30
2010.05.18 06:48:43.918,0.6482,0.6485,4.80,1.00
2010.05.18 06:48:44.259,0.64815,0.6485,13.60,13.60
2010.05.18 06:48:45.121,0.6482,0.6485,5.60,8.00
2010.05.18 06:48:45.321,0.64825,0.64855,2.40,10.40
2010.05.18 06:48:45.570,0.64825,0.6486,12.80,15.10
2010.05.18 06:48:46.846,0.6483,0.6486,1.00,14.30
2010.05.18 06:48:47.048,0.64835,0.6486,4.80,4.00
2010.05.18 06:48:47.258,0.64825,0.6486,12.80,13.60
2010.05.18 06:48:47.984,0.64825,0.6486,12.80,15.10
2010.05.18 06:48:48.187,0.64825,0.6486,11.20,15.10
2010.05.18 06:48:52.249,0.64835,0.6486,1.00,8.00
2010.05.18 06:48:52.529,0.6483,0.64865,8.80,15.30
2010.05.18 06:48:53.492,0.6483,0.6486,5.60,4.00
2010.05.18 06:48:53.776,0.6483,0.6486,5.60,3.90
2010.05.18 06:48:57.439,0.6483,0.64855,4.80,1.00
2010.05.18 06:48:57.728,0.64825,0.64855,12.00,1.00
2010.05.18 06:48:58.017,0.64825,0.64855,10.40,1.00
2010.05.18 06:49:01.359,0.64835,0.64855,1.00,1.00
2010.05.18 06:49:02.147,0.64835,0.6486,5.60,3.90
2010.05.18 06:49:02.459,0.6483,0.6486,5.60,3.90
2010.05.18 06:49:02.778,0.6483,0.6486,4.80,4.70
2010.05.18 06:49:03.097,0.64825,0.64855,10.40,1.00
2010.05.18 06:49:04.341,0.6482,0.6485,10.40,2.40
2010.05.18 06:49:07.619,0.6482,0.6485,9.60,3.20
2010.05.18 06:49:08.502,0.6482,0.6485,9.60,4.00
2010.05.18 06:49:08.772,0.6482,0.6485,10.40,2.40
2010.05.18 06:49:09.877,0.6483,0.64855,5.60,4.70
2010.05.18 06:49:10.167,0.64835,0.6486,1.00,11.90
2010.05.18 06:49:10.440,0.64835,0.64865,1.00,15.30
2010.05.18 06:49:12.025,0.6483,0.64855,4.80,1.00
2010.05.18 06:49:12.110,0.64825,0.64855,10.40,1.00
2010.05.18 06:49:22.321,0.6483,0.6486,5.60,3.90
2010.05.18 06:49:26.188,0.6483,0.64855,4.80,1.00
2010.05.18 06:49:26.377,0.64825,0.64855,10.40,1.00
2010.05.18 06:49:32.473,0.64825,0.64855,9.60,1.60
2010.05.18 06:49:33.310,0.64825,0.64855,4.80,6.40
2010.05.18 06:49:33.538,0.64825,0.64855,9.60,6.40
2010.05.18 06:49:34.336,0.6482,0.64855,11.20,11.20
2010.05.18 06:49:34.582,0.64825,0.6485,4.80,1.00
2010.05.18 06:49:34.831,0.6482,0.6485,10.40,4.00
2010.05.18 06:49:35.770,0.6482,0.6485,10.40,8.80
2010.05.18 06:49:36.100,0.6482,0.6485,10.40,4.00
2010.05.18 06:49:39.049,0.6482,0.6485,10.40,3.20
2010.05.18 06:49:39.197,0.6482,0.6485,10.40,4.00
2010.05.18 06:49:41.300,0.6482,0.6485,10.40,3.20
2010.05.18 06:49:42.149,0.64825,0.6485,4.80,1.00
2010.05.18 06:49:42.339,0.64825,0.64855,4.80,10.30
2010.05.18 06:49:48.238,0.64825,0.6485,4.80,1.00
2010.05.18 06:49:48.582,0.64825,0.6485,4.80,4.00
2010.05.18 06:49:50.450,0.6482,0.6485,1.00,13.70
2010.05.18 06:49:50.688,0.6482,0.6485,1.00,13.60
2010.05.18 06:49:52.587,0.64825,0.6485,4.80,4.00
2010.05.18 06:49:55.694,0.6482,0.6485,10.40,4.00
2010.05.18 06:50:00.555,0.6482,0.64845,10.40,1.00
2010.05.18 06:50:00.627,0.6482,0.64845,9.60,1.60
2010.05.18 06:50:00.697,0.6482,0.64845,4.80,1.60
2010.05.18 06:50:01.754,0.6481,0.64835,4.80,1.00
2010.05.18 06:50:05.031,0.64815,0.6484,4.80,4.40
2010.05.18 06:50:05.262,0.64815,0.6484,4.80,3.20
2010.05.18 06:50:06.480,0.6481,0.64835,4.80,1.00
2010.05.18 06:50:11.818,0.6481,0.64835,1.00,1.00
2010.05.18 06:50:12.148,0.6481,0.6484,10.40,3.20
2010.05.18 06:50:21.529,0.6481,0.6483,9.60,1.60
2010.05.18 06:50:21.668,0.6481,0.64825,9.60,1.00
2010.05.18 06:50:21.809,0.64815,0.64825,1.00,1.00
2010.05.18 06:50:22.089,0.64815,0.6483,1.00,9.60
2010.05.18 06:50:22.762,0.64815,0.6484,10.40,2.10
2010.05.18 06:50:23.107,0.64805,0.64835,10.40,1.00
2010.05.18 06:50:23.450,0.64805,0.6483,9.60,2.00
2010.05.18 06:50:24.493,0.648,0.6483,10.40,3.20
2010.05.18 06:50:34.040,0.648,0.6483,9.60,4.00
2010.05.18 06:50:35.265,0.64795,0.64825,10.40,1.60
2010.05.18 06:50:35.598,0.64795,0.64825,9.60,1.60
2010.05.18 06:50:37.281,0.64795,0.64825,10.40,1.00
2010.05.18 06:50:39.328,0.64795,0.64825,10.50,1.00
2010.05.18 06:50:40.053,0.64795,0.64825,10.60,1.00
2010.05.18 06:50:40.319,0.648,0.6483,5.60,7.20
2010.05.18 06:50:40.660,0.64805,0.6483,10.40,2.40
2010.05.18 06:50:40.997,0.64805,0.64835,10.40,1.00
2010.05.18 06:50:43.548,0.6481,0.6484,1.00,16.70
2010.05.18 06:50:43.889,0.6481,0.64835,9.60,1.00
2010.05.18 06:50:44.867,0.6481,0.6484,4.80,8.80
2010.05.18 06:50:46.954,0.6481,0.6484,12.00,2.40
2010.05.18 06:50:47.138,0.6481,0.6484,12.80,2.40
2010.05.18 06:50:48.318,0.6482,0.64845,1.00,9.60
2010.05.18 06:50:48.629,0.6482,0.6485,1.00,13.60
2010.05.18 06:50:49.289,0.64815,0.6485,14.80,14.40
2010.05.18 06:50:50.290,0.64815,0.6485,10.40,14.50
2010.05.18 06:50:50.418,0.64815,0.64845,9.60,1.00
2010.05.18 06:50:50.546,0.64815,0.6484,9.60,2.40
2010.05.18 06:50:50.677,0.6481,0.6484,12.80,2.40
2010.05.18 06:50:50.807,0.64815,0.6484,4.80,2.40
2010.05.18 06:50:51.486,0.6481,0.6484,12.80,2.40
2010.05.18 06:50:54.127,0.6481,0.6484,1.00,12.80
2010.05.18 06:50:55.097,0.64815,0.6484,1.00,9.60
2010.05.18 06:50:55.183,0.64805,0.6484,12.80,13.60
2010.05.18 06:50:55.823,0.64805,0.6484,12.80,15.20
2010.05.18 06:50:56.892,0.6481,0.6484,1.00,12.00
2010.05.18 06:50:57.228,0.6481,0.6484,10.40,2.40
2010.05.18 06:50:59.089,0.6482,0.6484,1.00,2.40
2010.05.18 06:50:59.389,0.6482,0.64845,1.00,4.80
2010.05.18 06:50:59.537,0.6482,0.6485,1.00,13.60
2010.05.18 06:51:00.891,0.64815,0.6485,10.40,14.50
2010.05.18 06:51:01.560,0.64815,0.64845,9.60,1.00
2010.05.18 06:51:02.377,0.64815,0.64845,9.60,1.60
2010.05.18 06:51:02.720,0.64815,0.6484,1.00,2.40
2010.05.18 06:51:03.387,0.6482,0.6484,1.00,2.40
2010.05.18 06:51:03.548,0.6482,0.6485,5.60,8.80
2010.05.18 06:51:04.697,0.6482,0.6485,1.00,13.60
2010.05.18 06:51:07.351,0.6482,0.64855,14.00,14.30
2010.05.18 06:51:07.426,0.6482,0.64855,14.00,11.20
2010.05.18 06:51:07.508,0.6482,0.6485,13.20,1.00
2010.05.18 06:51:07.678,0.6482,0.6485,8.40,5.60
2010.05.18 06:51:08.426,0.6482,0.6485,3.20,11.20
2010.05.18 06:51:08.773,0.64815,0.6484,2.40,8.80
2010.05.18 06:51:09.111,0.6482,0.64855,14.80,11.20
2010.05.18 06:51:09.451,0.6482,0.6485,11.20,4.00
2010.05.18 06:51:10.463,0.64815,0.6484,12.00,1.00
2010.05.18 06:51:10.660,0.6482,0.6484,2.00,2.40
2010.05.18 06:51:10.859,0.64825,0.6485,4.80,4.80
2010.05.18 06:51:11.709,0.64825,0.6485,9.60,1.00
2010.05.18 06:51:12.009,0.6482,0.6485,10.40,4.00
2010.05.18 06:51:12.588,0.6482,0.6484,10.40,3.20
2010.05.18 06:51:13.561,0.6482,0.6485,10.40,4.00
2010.05.18 06:51:13.820,0.6482,0.6484,9.60,1.00
2010.05.18 06:51:14.083,0.6482,0.6484,1.00,3.20
2010.05.18 06:51:15.074,0.6482,0.6485,10.40,4.00
2010.05.18 06:51:15.700,0.6482,0.6484,9.60,4.00
2010.05.18 06:51:16.663,0.64825,0.6485,1.00,3.20
2010.05.18 06:51:16.940,0.6483,0.64855,4.80,1.60
2010.05.18 06:51:17.219,0.6483,0.64855,4.80,1.00
2010.05.18 06:51:18.233,0.6482,0.6485,4.80,4.00
2010.05.18 06:51:18.541,0.6482,0.6485,6.40,2.40
2010.05.18 06:51:18.852,0.64825,0.6485,4.80,2.40
2010.05.18 06:51:19.161,0.64825,0.64855,7.20,1.60
2010.05.18 06:51:20.299,0.64845,0.64865,1.00,4.80
2010.05.18 06:51:20.438,0.64845,0.6487,2.40,13.70
2010.05.18 06:51:20.577,0.64845,0.6487,3.20,9.70
2010.05.18 06:51:21.381,0.6484,0.64855,1.00,9.60
2010.05.18 06:51:21.719,0.64835,0.6486,1.20,9.60
2010.05.18 06:51:22.058,0.64835,0.64865,1.00,10.40
2010.05.18 06:51:22.931,0.6483,0.64865,13.60,12.40
2010.05.18 06:51:23.129,0.64835,0.64865,1.60,9.60
2010.05.18 06:51:23.328,0.64835,0.6487,11.20,11.90
2010.05.18 06:51:23.527,0.64835,0.64865,6.40,4.80
2010.05.18 06:51:23.718,0.64835,0.64865,10.40,1.00
2010.05.18 06:51:24.446,0.64835,0.64865,10.40,1.60
2010.05.18 06:51:24.794,0.6483,0.6486,13.60,1.00
2010.05.18 06:51:24.968,0.6483,0.6486,12.80,2.00
2010.05.18 06:51:25.148,0.6483,0.6486,4.80,9.20
2010.05.18 06:51:26.160,0.64825,0.6486,10.40,17.10
2010.05.18 06:51:26.487,0.64825,0.6486,10.40,17.90
2010.05.18 06:51:28.097,0.64825,0.6486,10.40,16.70
2010.05.18 06:51:29.583,0.64825,0.6486,10.40,15.20
2010.05.18 06:51:29.720,0.64825,0.6486,10.40,12.80
2010.05.18 06:51:30.619,0.6483,0.6486,1.00,12.80
2010.05.18 06:51:30.930,0.6483,0.64865,14.00,14.30
2010.05.18 06:51:34.122,0.64835,0.6486,9.60,1.00
2010.05.18 06:51:35.147,0.6483,0.6486,5.60,1.00
2010.05.18 06:51:35.583,0.6483,0.64855,4.80,6.80
2010.05.18 06:51:36.302,0.64825,0.64855,1.60,11.60
2010.05.18 06:51:36.643,0.6482,0.6485,8.00,5.60
2010.05.18 06:51:37.830,0.64825,0.64855,4.80,9.50
2010.05.18 06:51:38.071,0.64825,0.64855,4.80,5.60
2010.05.18 06:51:38.311,0.64825,0.64855,5.60,4.80
2010.05.18 06:51:38.552,0.64825,0.64855,4.80,5.60
2010.05.18 06:51:39.900,0.64825,0.6485,1.00,9.60
2010.05.18 06:51:40.073,0.64825,0.6486,11.20,19.10
2010.05.18 06:51:40.922,0.64825,0.64855,1.60,9.60
2010.05.18 06:51:41.222,0.6482,0.6485,9.20,4.80
2010.05.18 06:51:42.010,0.64825,0.64855,4.80,9.10
2010.05.18 06:51:42.331,0.64825,0.6485,4.80,3.20
2010.05.18 06:51:43.242,0.6482,0.6485,10.40,2.40
2010.05.18 06:51:43.544,0.6482,0.64855,8.00,13.90
2010.05.18 06:51:43.850,0.6482,0.64855,8.00,13.90
2010.05.18 06:51:44.822,0.6482,0.64855,12.80,13.10
2010.05.18 06:51:45.112,0.6482,0.6485,8.90,1.00
2010.05.18 06:51:45.689,0.6482,0.6485,13.70,1.00
2010.05.18 06:51:46.709,0.6482,0.6485,4.00,10.40
2010.05.18 06:51:47.049,0.6482,0.6485,8.80,5.60
2010.05.18 06:51:48.060,0.6482,0.6485,13.60,1.00
2010.05.18 06:51:50.011,0.6482,0.6485,12.00,1.60
2010.05.18 06:51:50.141,0.64815,0.6485,12.80,14.00
2010.05.18 06:51:51.375,0.64825,0.6486,11.20,18.70
2010.05.18 06:51:57.290,0.64825,0.6486,11.20,18.90
2010.05.18 06:51:57.590,0.64825,0.64855,10.40,1.00
2010.05.18 06:51:58.549,0.64825,0.64855,4.80,1.00
2010.05.18 06:51:58.679,0.6482,0.6485,6.40,4.80
2010.05.18 06:51:59.018,0.64815,0.64845,12.80,1.00
2010.05.18 06:51:59.358,0.64815,0.64845,1.00,10.40
2010.05.18 06:51:59.698,0.6481,0.64845,15.20,10.40
2010.05.18 06:52:00.753,0.64825,0.64855,10.40,4.70
2010.05.18 06:52:00.941,0.64825,0.64845,4.80,1.00
2010.05.18 06:52:01.119,0.6482,0.64845,10.40,1.00
2010.05.18 06:52:01.299,0.64815,0.64845,2.40,10.40
2010.05.18 06:52:02.770,0.64815,0.64845,7.20,5.60
2010.05.18 06:52:03.477,0.64815,0.64845,5.60,5.60
2010.05.18 06:52:03.824,0.64815,0.6485,12.80,10.40
2010.05.18 06:52:05.029,0.64815,0.6485,13.60,10.40
2010.05.18 06:52:06.839,0.64815,0.64845,12.80,1.00
2010.05.18 06:52:07.180,0.6483,0.6484,1.00,4.80
2010.05.18 06:52:07.868,0.6483,0.6484,1.00,4.80
2010.05.18 06:52:07.984,0.64835,0.64865,12.00,1.00
2010.05.18 06:52:09.544,0.64835,0.6486,12.00,2.40
2010.05.18 06:52:09.825,0.64835,0.6486,9.60,1.00
2010.05.18 06:52:10.099,0.6483,0.6486,16.00,1.00
2010.05.18 06:52:11.309,0.64835,0.6486,4.80,1.00
2010.05.18 06:52:12.215,0.6483,0.6486,16.00,1.00
2010.05.18 06:52:12.478,0.6483,0.6486,6.40,10.40
2010.05.18 06:52:12.740,0.6483,0.6486,16.00,1.00
2010.05.18 06:52:12.997,0.64835,0.6486,4.80,1.00
2010.05.18 06:52:13.259,0.64835,0.64865,9.60,1.00
2010.05.18 06:52:13.980,0.64835,0.64865,11.20,1.00
2010.05.18 06:52:14.321,0.6483,0.6486,4.80,1.00
2010.05.18 06:52:15.543,0.6483,0.6486,4.80,1.20
2010.05.18 06:52:15.829,0.6483,0.6486,4.80,1.00
2010.05.18 06:52:16.987,0.6483,0.6486,4.80,3.20
2010.05.18 06:52:17.230,0.64825,0.6486,13.80,14.80
2010.05.18 06:52:17.478,0.64825,0.6486,13.60,14.80
2010.05.18 06:52:20.255,0.64835,0.6487,7.20,13.20
2010.05.18 06:52:20.519,0.64835,0.6487,12.80,12.80
2010.05.18 06:52:21.677,0.64835,0.64865,8.00,4.80
2010.05.18 06:52:22.018,0.64835,0.64865,7.20,5.60
2010.05.18 06:52:22.358,0.64835,0.6486,2.40,1.00
2010.05.18 06:52:23.324,0.64835,0.6486,1.00,9.60
2010.05.18 06:52:23.610,0.64835,0.6486,1.60,9.60
2010.05.18 06:52:24.297,0.64835,0.64865,1.60,10.40
2010.05.18 06:52:24.580,0.6485,0.64875,3.20,9.60
2010.05.18 06:52:24.899,0.64855,0.6488,1.00,9.60
2010.05.18 06:52:25.929,0.64855,0.64885,1.00,10.40
2010.05.18 06:52:26.269,0.6485,0.64885,8.00,11.30
2010.05.18 06:52:27.032,0.64855,0.6488,1.00,4.80
2010.05.18 06:52:27.325,0.6485,0.6488,2.40,10.40
2010.05.18 06:52:28.908,0.6485,0.6488,2.40,1.00
2010.05.18 06:52:29.230,0.64845,0.6488,14.00,1.00
2010.05.18 06:52:29.549,0.6485,0.6488,3.20,4.80
2010.05.18 06:52:30.262,0.6485,0.6488,4.00,4.80
2010.05.18 06:52:32.512,0.6485,0.6488,2.40,5.60
2010.05.18 06:52:32.718,0.64845,0.64875,2.80,1.00
2010.05.18 06:52:33.625,0.6484,0.6486,5.60,1.00
2010.05.18 06:52:33.960,0.6483,0.6486,12.80,4.80
2010.05.18 06:52:34.954,0.64835,0.6487,10.40,11.10
2010.05.18 06:52:35.167,0.6484,0.6487,4.80,11.10
2010.05.18 06:52:36.840,0.64835,0.6487,10.40,11.20
2010.05.18 06:52:37.178,0.6484,0.6487,4.80,11.10
2010.05.18 06:52:38.978,0.6484,0.6487,4.80,11.20
2010.05.18 06:52:39.168,0.6484,0.6487,4.80,9.50
2010.05.18 06:52:40.090,0.64835,0.6487,2.40,12.80
2010.05.18 06:52:41.607,0.64835,0.6487,12.00,8.00
2010.05.18 06:52:42.330,0.64835,0.6487,7.20,8.00
2010.05.18 06:52:42.448,0.64835,0.6487,2.40,12.80
2010.05.18 06:52:44.431,0.6484,0.6487,1.00,12.00
2010.05.18 06:52:44.627,0.6484,0.6487,1.00,12.00
2010.05.18 06:52:45.401,0.6484,0.6487,1.00,7.20
2010.05.18 06:52:45.713,0.64845,0.64875,2.40,4.80
2010.05.18 06:52:46.019,0.64845,0.6488,7.20,10.40
2010.05.18 06:52:46.995,0.6485,0.64875,4.80,6.80
2010.05.18 06:52:47.510,0.64845,0.64875,4.80,6.80
2010.05.18 06:52:47.804,0.6484,0.64875,15.20,11.60
2010.05.18 06:52:51.169,0.6484,0.6487,12.00,2.00
2010.05.18 06:52:51.880,0.6484,0.64865,2.40,9.60
2010.05.18 06:52:52.143,0.64835,0.6487,10.40,11.60
2010.05.18 06:52:54.789,0.64835,0.64865,9.60,1.00
2010.05.18 06:52:55.809,0.64835,0.64865,4.80,5.60
2010.05.18 06:52:56.669,0.64835,0.64865,4.80,10.40
2010.05.18 06:52:56.849,0.64835,0.64865,4.80,5.60
2010.05.18 06:53:00.083,0.6483,0.6486,7.20,6.40
2010.05.18 06:53:00.862,0.6483,0.6486,10.40,4.80
2010.05.18 06:53:01.211,0.64835,0.64865,4.80,5.60
2010.05.18 06:53:02.241,0.64835,0.64865,4.80,7.50
2010.05.18 06:53:02.571,0.6483,0.6486,4.80,1.00
2010.05.18 06:53:02.898,0.6483,0.6486,5.60,1.00
2010.05.18 06:53:04.623,0.6483,0.6486,5.60,1.60
2010.05.18 06:53:05.554,0.6483,0.6486,7.20,1.00
2010.05.18 06:53:05.808,0.64835,0.6486,4.80,1.00
2010.05.18 06:53:07.036,0.6484,0.64875,12.80,14.50
2010.05.18 06:53:07.292,0.6484,0.6487,12.80,1.00
2010.05.18 06:53:08.254,0.6484,0.6487,4.80,1.00
2010.05.18 06:53:10.969,0.64845,0.64875,1.00,14.00
2010.05.18 06:53:11.109,0.64845,0.6487,1.00,4.80
2010.05.18 06:53:11.969,0.64855,0.64885,4.80,9.50
2010.05.18 06:53:13.451,0.64855,0.6488,9.60,3.90
2010.05.18 06:53:13.709,0.6485,0.6488,7.20,4.70
2010.05.18 06:53:13.967,0.6485,0.6488,2.40,14.30
2010.05.18 06:53:14.678,0.6485,0.6488,2.40,9.50
2010.05.18 06:53:14.951,0.6485,0.6488,2.40,14.30
2010.05.18 06:53:15.479,0.6485,0.6488,3.20,13.50
2010.05.18 06:53:15.752,0.6485,0.6488,3.20,9.60
2010.05.18 06:53:16.898,0.6485,0.64885,3.20,14.30
2010.05.18 06:53:17.320,0.6485,0.64885,3.20,14.40
2010.05.18 06:53:18.191,0.6485,0.6488,2.40,1.00
2010.05.18 06:53:18.532,0.6485,0.6488,2.40,11.20
2010.05.18 06:53:18.870,0.6485,0.6488,12.00,1.60
2010.05.18 06:53:20.048,0.6485,0.6488,12.00,1.00
2010.05.18 06:53:21.349,0.6485,0.6488,2.40,10.40
2010.05.18 06:53:22.731,0.6485,0.6488,2.40,10.40
2010.05.18 06:53:22.979,0.6485,0.6488,3.20,9.60
2010.05.18 06:53:23.229,0.6485,0.6488,3.20,4.80
2010.05.18 06:53:23.717,0.6485,0.64885,12.80,10.40
2010.05.18 06:53:24.689,0.6485,0.64885,15.20,10.40
2010.05.18 06:53:28.257,0.6485,0.64885,10.40,10.40
2010.05.18 06:53:28.467,0.6485,0.6488,10.40,4.80
2010.05.18 06:53:29.404,0.6488,0.6489,1.20,1.00
2010.05.18 06:53:29.664,0.64885,0.6491,1.60,4.80
2010.05.18 06:53:30.575,0.6489,0.649,4.80,4.80
2010.05.18 06:53:30.829,0.64885,0.6491,2.40,10.40
2010.05.18 06:53:31.139,0.64885,0.6491,2.40,12.80
2010.05.18 06:53:31.450,0.64885,0.6491,1.00,12.80
2010.05.18 06:53:32.227,0.6488,0.6491,2.40,12.80
2010.05.18 06:53:32.500,0.6488,0.6491,3.20,10.40
2010.05.18 06:53:35.628,0.6488,0.6491,2.40,10.40
2010.05.18 06:53:36.440,0.6488,0.6491,2.40,12.80
2010.05.18 06:53:38.300,0.6488,0.6491,3.20,12.00
2010.05.18 06:53:38.636,0.6488,0.64915,13.60,12.40
2010.05.18 06:53:40.220,0.6488,0.6491,12.00,1.00
2010.05.18 06:53:41.115,0.64875,0.6491,15.20,12.80
2010.05.18 06:53:41.701,0.6488,0.6491,1.00,12.80
2010.05.18 06:53:41.989,0.64875,0.6491,15.20,12.80
2010.05.18 06:53:42.968,0.6488,0.6491,1.00,10.40
2010.05.18 06:53:44.488,0.6488,0.6491,5.60,5.60
2010.05.18 06:53:45.179,0.6488,0.6491,5.60,5.70
2010.05.18 06:53:45.421,0.6488,0.6491,1.00,12.80
2010.05.18 06:53:46.449,0.64875,0.6491,12.80,12.80
2010.05.18 06:53:47.780,0.6487,0.64905,11.20,12.00
2010.05.18 06:53:49.080,0.6486,0.6489,1.00,12.80
2010.05.18 06:53:49.418,0.6486,0.6489,1.00,12.80
2010.05.18 06:53:50.593,0.64855,0.6489,12.80,12.80
2010.05.18 06:53:51.091,0.6486,0.6489,4.80,8.00
2010.05.18 06:53:54.140,0.6486,0.64895,3.20,10.80
2010.05.18 06:53:54.477,0.6486,0.64895,4.00,10.40
2010.05.18 06:53:54.807,0.6486,0.64895,6.40,10.40
2010.05.18 06:53:56.402,0.64865,0.64895,1.00,9.60
2010.05.18 06:53:56.708,0.64865,0.649,1.60,16.70
2010.05.18 06:53:56.807,0.64865,0.649,1.60,18.30
2010.05.18 06:53:58.129,0.64865,0.649,1.60,14.40
2010.05.18 06:53:58.328,0.64865,0.649,6.40,9.60
2010.05.18 06:53:58.527,0.6487,0.649,4.80,9.60
2010.05.18 06:54:03.077,0.6487,0.649,4.80,8.00
2010.05.18 06:54:03.328,0.6487,0.64905,8.00,17.30
2010.05.18 06:54:04.271,0.64875,0.64905,9.60,6.30
2010.05.18 06:54:09.337,0.64875,0.64905,9.60,7.10
2010.05.18 06:54:09.457,0.6487,0.64905,12.80,17.10
2010.05.18 06:54:10.582,0.64875,0.64905,1.00,15.10
2010.05.18 06:54:10.881,0.64875,0.6491,10.40,17.90
2010.05.18 06:54:11.868,0.64875,0.6491,10.40,16.70
2010.05.18 06:54:12.168,0.6488,0.6491,8.00,2.30
2010.05.18 06:54:13.131,0.6488,0.64905,2.40,10.40
2010.05.18 06:54:13.380,0.6488,0.64915,8.00,16.10
2010.05.18 06:54:21.797,0.6488,0.6491,8.00,4.80
2010.05.18 06:54:22.437,0.6488,0.6491,7.20,5.60
2010.05.18 06:54:23.189,0.6488,0.6491,7.20,1.00
2010.05.18 06:54:23.947,0.6488,0.6491,8.00,1.00
2010.05.18 06:54:25.768,0.6488,0.6491,12.80,1.00
2010.05.18 06:54:26.147,0.6488,0.6491,12.00,1.00
2010.05.18 06:54:26.825,0.6488,0.6491,9.60,3.20
2010.05.18 06:54:27.129,0.64875,0.64905,9.60,1.00
2010.05.18 06:54:33.239,0.64875,0.64905,4.80,1.00
2010.05.18 06:54:33.919,0.64875,0.64905,4.80,5.60
2010.05.18 06:54:34.257,0.64875,0.64905,9.60,1.00
2010.05.18 06:54:38.737,0.64875,0.64895,9.60,1.00
2010.05.18 06:54:39.062,0.64875,0.64905,9.60,1.00
2010.05.18 06:54:40.301,0.64875,0.64905,4.80,1.00
2010.05.18 06:54:40.554,0.64875,0.64905,8.00,4.80
2010.05.18 06:54:41.470,0.64875,0.6491,13.60,13.70
2010.05.18 06:54:41.810,0.6488,0.6491,2.40,10.40
2010.05.18 06:54:42.148,0.6488,0.6491,3.20,9.60
2010.05.18 06:54:45.679,0.6488,0.6491,8.00,4.80
2010.05.18 06:54:46.013,0.6488,0.64905,7.20,1.00
2010.05.18 06:54:46.990,0.64875,0.649,4.80,3.20
2010.05.18 06:54:47.198,0.6487,0.649,5.60,8.00
2010.05.18 06:54:48.100,0.64865,0.649,14.40,12.80
2010.05.18 06:54:48.782,0.6487,0.649,7.20,7.20
2010.05.18 06:54:49.121,0.64875,0.64905,9.60,2.30
2010.05.18 06:54:50.128,0.64875,0.64905,9.60,1.60
2010.05.18 06:54:53.971,0.64875,0.64905,4.80,1.60
2010.05.18 06:54:54.097,0.6487,0.64905,16.40,1.60
2010.05.18 06:54:54.216,0.6487,0.64905,14.80,1.60
2010.05.18 06:54:54.336,0.6487,0.64905,14.80,1.60
2010.05.18 06:54:54.457,0.6487,0.64905,9.20,11.20
2010.05.18 06:54:56.024,0.6487,0.649,4.80,9.60
2010.05.18 06:54:56.803,0.6487,0.649,6.40,9.60
2010.05.18 06:54:58.352,0.6487,0.649,4.80,9.60
2010.05.18 06:55:00.883,0.64865,0.64895,4.40,9.60
2010.05.18 06:55:00.999,0.6487,0.64895,1.60,9.60
2010.05.18 06:55:01.117,0.6487,0.64895,4.80,9.60
2010.05.18 06:55:01.227,0.6487,0.649,4.80,9.60
2010.05.18 06:55:02.291,0.64875,0.649,4.80,4.80
2010.05.18 06:55:02.551,0.6487,0.64905,9.60,15.10
2010.05.18 06:55:03.061,0.64875,0.64905,1.60,14.30
2010.05.18 06:55:03.322,0.6488,0.64905,1.00,1.50
2010.05.18 06:55:04.059,0.6488,0.6491,1.60,15.90
2010.05.18 06:55:04.402,0.64885,0.64915,4.80,10.50
2010.05.18 06:55:04.569,0.64885,0.64915,4.80,5.60
2010.05.18 06:55:04.738,0.64885,0.64915,4.80,5.50
2010.05.18 06:55:04.907,0.64885,0.64915,4.80,3.90
2010.05.18 06:55:05.077,0.64885,0.64915,4.80,2.40
2010.05.18 06:55:05.247,0.64885,0.64915,4.80,2.50
2010.05.18 06:55:06.399,0.6488,0.64915,13.60,2.50
2010.05.18 06:55:07.068,0.6488,0.64915,8.80,7.30
2010.05.18 06:55:07.921,0.6488,0.64915,13.60,2.50
2010.05.18 06:55:08.420,0.6488,0.6491,11.20,2.40
2010.05.18 06:55:09.098,0.6488,0.64915,13.60,5.70
2010.05.18 06:55:09.290,0.64885,0.64915,4.80,5.70
2010.05.18 06:55:09.479,0.6488,0.6491,8.00,1.00
2010.05.18 06:55:09.669,0.6488,0.6491,4.80,7.10
2010.05.18 06:55:10.408,0.64875,0.6491,12.00,17.10
2010.05.18 06:55:10.721,0.64865,0.649,13.20,12.80
2010.05.18 06:55:12.960,0.64865,0.64895,13.20,4.80
2010.05.18 06:55:13.685,0.64865,0.64895,8.40,4.80
2010.05.18 06:55:14.371,0.64865,0.64895,3.60,9.60
2010.05.18 06:55:18.924,0.64865,0.64895,3.60,4.80
2010.05.18 06:55:19.221,0.64865,0.649,13.20,12.90
2010.05.18 06:55:19.518,0.64865,0.649,13.20,12.80
2010.05.18 06:55:19.820,0.64865,0.649,11.60,12.80
2010.05.18 06:55:21.129,0.64865,0.649,13.20,12.80
2010.05.18 06:55:21.399,0.6487,0.649,4.80,8.00
2010.05.18 06:55:22.111,0.64865,0.649,11.60,12.80
2010.05.18 06:55:22.384,0.6487,0.649,4.80,11.90
2010.05.18 06:55:22.659,0.6487,0.649,4.80,8.00
2010.05.18 06:55:23.627,0.6487,0.649,9.60,4.00
2010.05.18 06:55:23.914,0.64885,0.649,2.00,3.90
2010.05.18 06:55:24.202,0.64895,0.64905,4.80,4.80
2010.05.18 06:55:24.482,0.6489,0.64925,14.40,1.60
2010.05.18 06:55:25.180,0.6489,0.6492,9.60,4.80
2010.05.18 06:55:25.490,0.6489,0.6492,4.80,9.60
2010.05.18 06:55:25.799,0.6489,0.6492,4.40,9.60
2010.05.18 06:55:27.391,0.64905,0.6492,4.80,3.20
2010.05.18 06:55:27.519,0.64885,0.6491,3.20,4.80
2010.05.18 06:55:27.647,0.64885,0.6491,3.20,9.60
2010.05.18 06:55:30.305,0.64885,0.649,3.20,4.80
2010.05.18 06:55:30.590,0.64885,0.64905,3.20,9.60
2010.05.18 06:55:32.568,0.64885,0.6492,12.80,14.40
2010.05.18 06:55:32.817,0.64885,0.6492,12.80,14.40
2010.05.18 06:55:34.212,0.64885,0.6492,12.80,16.00
2010.05.18 06:55:36.022,0.64895,0.6492,1.00,14.40
2010.05.18 06:55:37.035,0.64895,0.6492,1.60,4.80
2010.05.18 06:55:37.210,0.64895,0.64925,1.60,4.80
2010.05.18 06:55:37.748,0.64895,0.64925,1.60,9.60
2010.05.18 06:55:38.448,0.64905,0.64925,4.80,4.80
2010.05.18 06:55:38.789,0.64905,0.6493,9.60,8.50
2010.05.18 06:55:39.128,0.64905,0.6493,9.60,8.10
2010.05.18 06:55:40.588,0.64895,0.64925,3.20,4.80
2010.05.18 06:55:40.858,0.64895,0.64925,1.60,4.80
2010.05.18 06:55:41.754,0.64895,0.6492,1.60,4.80
2010.05.18 06:55:42.011,0.64895,0.6492,1.60,9.60
2010.05.18 06:55:43.610,0.64895,0.6492,1.00,9.60
2010.05.18 06:55:45.678,0.64895,0.6492,2.40,9.60
2010.05.18 06:55:50.878,0.64895,0.6492,2.80,4.80
2010.05.18 06:55:51.018,0.64895,0.6492,2.80,9.60
2010.05.18 06:55:51.357,0.64895,0.6492,1.00,9.60
2010.05.18 06:55:52.798,0.64895,0.6492,2.40,9.60
2010.05.18 06:55:53.883,0.64895,0.6492,2.40,4.80
2010.05.18 06:55:54.210,0.64895,0.64925,2.40,9.60
2010.05.18 06:55:56.999,0.64895,0.64925,3.20,9.60
2010.05.18 06:55:57.907,0.64895,0.64925,3.60,9.60
2010.05.18 06:55:59.181,0.64895,0.64925,2.80,9.60
2010.05.18 06:55:59.379,0.64895,0.64925,1.00,10.40
2010.05.18 06:55:59.580,0.64895,0.6492,1.00,9.60
2010.05.18 06:56:02.753,0.649,0.64925,1.00,9.60
2010.05.18 06:56:03.028,0.64895,0.64925,1.00,10.40
2010.05.18 06:56:03.756,0.6489,0.6492,10.80,9.60
2010.05.18 06:56:06.207,0.64895,0.6492,1.00,9.60
2010.05.18 06:56:11.098,0.64895,0.6492,2.40,9.60
2010.05.18 06:56:11.393,0.64895,0.6492,1.00,9.60
2010.05.18 06:56:11.679,0.64895,0.6492,1.00,4.80
2010.05.18 06:56:14.404,0.64895,0.6492,2.40,4.80
2010.05.18 06:56:14.510,0.64895,0.64925,2.40,9.60
2010.05.18 06:56:16.698,0.64895,0.6492,2.40,4.80
2010.05.18 06:56:17.038,0.64895,0.6492,2.40,9.60
2010.05.18 06:56:20.250,0.64895,0.6492,1.00,9.60
2010.05.18 06:56:21.649,0.64895,0.6492,2.80,4.80
2010.05.18 06:56:21.938,0.64895,0.64925,2.00,9.70
2010.05.18 06:56:22.178,0.64895,0.64925,3.60,9.70
2010.05.18 06:56:23.347,0.64895,0.6492,3.60,4.80
2010.05.18 06:56:25.004,0.649,0.6493,1.00,13.50
2010.05.18 06:56:26.293,0.64895,0.64925,2.40,9.60
2010.05.18 06:56:33.469,0.64895,0.6492,2.40,4.80
2010.05.18 06:56:33.948,0.64895,0.64925,2.40,9.60
2010.05.18 06:56:35.926,0.6489,0.6492,6.80,9.60
2010.05.18 06:56:36.005,0.6489,0.6492,2.40,9.60
2010.05.18 06:56:37.467,0.6489,0.6492,7.20,4.80
2010.05.18 06:56:37.807,0.6489,0.64925,12.00,15.90
2010.05.18 06:56:40.697,0.6489,0.6492,7.20,4.80
2010.05.18 06:56:41.078,0.6489,0.64925,12.00,15.90
2010.05.18 06:56:41.271,0.6489,0.64925,12.00,16.10
2010.05.18 06:56:41.467,0.6489,0.6492,2.40,9.60
2010.05.18 06:56:42.502,0.649,0.64935,10.40,15.90
2010.05.18 06:56:42.587,0.649,0.64935,10.40,14.30
2010.05.18 06:56:42.668,0.649,0.64935,10.40,15.10
2010.05.18 06:56:42.828,0.64905,0.64935,1.00,11.20
2010.05.18 06:56:43.636,0.64905,0.64935,1.00,10.40
2010.05.18 06:56:43.994,0.64905,0.6494,10.40,16.70
2010.05.18 06:56:44.994,0.64905,0.6494,10.40,18.30
2010.05.18 06:56:47.215,0.64905,0.6494,10.40,19.90
2010.05.18 06:56:47.293,0.649,0.64935,10.40,12.80
2010.05.18 06:56:47.638,0.649,0.64935,10.40,11.20
2010.05.18 06:56:48.387,0.649,0.64935,10.40,12.70
2010.05.18 06:56:48.733,0.64905,0.64935,10.40,1.00
2010.05.18 06:56:49.069,0.64905,0.64935,5.60,5.60
2010.05.18 06:56:49.410,0.64905,0.64935,10.40,1.00
2010.05.18 06:56:50.502,0.6491,0.6494,5.60,8.00
2010.05.18 06:56:51.636,0.64905,0.64935,1.00,11.60
2010.05.18 06:56:51.973,0.6491,0.64935,1.00,9.60
2010.05.18 06:56:53.004,0.649,0.64935,17.20,11.20
2010.05.18 06:56:53.969,0.64905,0.64935,4.00,9.60
2010.05.18 06:56:54.647,0.64905,0.64935,8.80,4.80
2010.05.18 06:56:54.994,0.64905,0.6494,14.40,13.60
2010.05.18 06:56:55.230,0.64905,0.64935,12.00,1.60
2010.05.18 06:56:55.349,0.64905,0.64935,6.40,6.40
2010.05.18 06:56:56.384,0.6491,0.6494,9.60,1.00
2010.05.18 06:56:56.729,0.64905,0.6494,12.80,12.80
2010.05.18 06:56:57.069,0.64915,0.6494,5.60,4.80
2010.05.18 06:56:57.739,0.64915,0.64945,10.40,1.50
2010.05.18 06:56:58.084,0.64925,0.6495,1.00,16.70
2010.05.18 06:56:58.258,0.64925,0.6495,1.00,11.20
2010.05.18 06:56:58.429,0.64925,0.64955,5.60,10.30
2010.05.18 06:56:59.471,0.6492,0.6495,9.60,4.70
2010.05.18 06:56:59.809,0.64915,0.6495,10.40,16.70
2010.05.18 06:57:01.691,0.64915,0.64945,9.60,1.00
2010.05.18 06:57:01.942,0.6491,0.6494,4.80,5.60
2010.05.18 06:57:02.624,0.6491,0.6494,4.80,8.00
2010.05.18 06:57:02.859,0.6491,0.6494,1.00,13.60
2010.05.18 06:57:05.201,0.64915,0.6495,10.40,15.20
2010.05.18 06:57:05.318,0.64915,0.6495,10.40,15.30
2010.05.18 06:57:06.749,0.64915,0.6495,10.40,18.50
2010.05.18 06:57:07.088,0.64915,0.6495,10.40,18.30
2010.05.18 06:57:07.428,0.6492,0.6495,1.00,17.50
2010.05.18 06:57:08.468,0.64915,0.64945,4.80,6.40
2010.05.18 06:57:10.532,0.6492,0.6494,4.80,1.00
2010.05.18 06:57:10.668,0.64915,0.6494,4.80,1.00
2010.05.18 06:57:10.808,0.64915,0.6494,4.80,3.20
2010.05.18 06:57:12.013,0.6491,0.64935,10.40,1.00
2010.05.18 06:57:12.349,0.6491,0.64935,10.40,1.00
2010.05.18 06:57:12.690,0.6491,0.64935,5.60,1.00
2010.05.18 06:57:12.962,0.64925,0.6494,5.20,2.40
2010.05.18 06:57:13.681,0.6493,0.6494,4.80,2.40
2010.05.18 06:57:13.980,0.64915,0.6494,5.60,3.20
2010.05.18 06:57:15.161,0.64925,0.6494,11.60,1.00
2010.05.18 06:57:15.395,0.64925,0.6494,9.60,1.00
2010.05.18 06:57:16.321,0.64915,0.6494,10.80,3.20
2010.05.18 06:57:16.665,0.64915,0.6494,4.80,3.20
2010.05.18 06:57:16.998,0.64915,0.6494,1.60,3.20
2010.05.18 06:57:17.985,0.64915,0.6494,2.40,2.40
2010.05.18 06:57:18.333,0.64915,0.64945,12.00,1.00
2010.05.18 06:57:18.500,0.64915,0.64945,11.20,1.60
2010.05.18 06:57:18.670,0.64915,0.6494,9.60,3.20
2010.05.18 06:57:19.514,0.64925,0.64955,12.00,4.70
2010.05.18 06:57:20.184,0.64915,0.64945,10.40,1.00
2010.05.18 06:57:21.032,0.64925,0.6495,1.00,15.90
2010.05.18 06:57:21.353,0.6493,0.64955,6.40,4.70
2010.05.18 06:57:22.571,0.64945,0.64975,10.40,1.00
2010.05.18 06:57:22.821,0.64945,0.6497,12.00,2.40
2010.05.18 06:57:23.319,0.64945,0.6497,12.00,3.20
2010.05.18 06:57:24.977,0.64945,0.6497,7.20,3.20
2010.05.18 06:57:25.177,0.6494,0.6496,12.80,2.40
2010.05.18 06:57:25.369,0.6494,0.6496,12.00,1.20
2010.05.18 06:57:25.570,0.6493,0.6496,6.40,8.00
2010.05.18 06:57:26.590,0.64935,0.6496,13.20,3.20
2010.05.18 06:57:28.442,0.64945,0.6496,5.60,2.40
2010.05.18 06:57:28.680,0.64945,0.64965,5.60,4.80
2010.05.18 06:57:28.918,0.64945,0.6497,10.40,3.20
2010.05.18 06:57:30.270,0.64945,0.6497,5.60,8.00
2010.05.18 06:57:30.476,0.64935,0.6496,14.00,3.20
2010.05.18 06:57:33.452,0.64945,0.6496,9.60,3.20
2010.05.18 06:57:33.538,0.64945,0.6496,4.80,3.20
2010.05.18 06:57:33.628,0.64935,0.6496,14.00,3.20
2010.05.18 06:57:33.708,0.6494,0.6496,4.80,3.20
2010.05.18 06:57:34.772,0.64935,0.6496,14.00,3.20
2010.05.18 06:57:35.729,0.64935,0.64955,2.40,1.00
2010.05.18 06:57:36.781,0.6493,0.6495,4.80,3.20
2010.05.18 06:57:38.537,0.6493,0.6495,11.60,2.40
2010.05.18 06:57:38.702,0.64935,0.6496,1.00,3.20
2010.05.18 06:57:38.859,0.64935,0.6496,10.40,3.20
2010.05.18 06:57:39.980,0.64935,0.6496,5.60,3.20
2010.05.18 06:57:40.548,0.64935,0.6496,10.40,3.20
2010.05.18 06:57:41.509,0.64935,0.6496,4.80,3.20
2010.05.18 06:57:41.830,0.6493,0.6496,5.60,3.20
2010.05.18 06:57:43.629,0.6493,0.6496,4.80,4.80
2010.05.18 06:57:43.880,0.64925,0.6496,10.40,17.50
2010.05.18 06:57:44.618,0.64925,0.6495,10.40,1.00
2010.05.18 06:57:44.964,0.6492,0.6494,4.80,3.20
2010.05.18 06:57:45.152,0.64915,0.6494,10.40,3.20
2010.05.18 06:57:46.358,0.64915,0.6494,5.60,3.20
2010.05.18 06:57:47.107,0.64915,0.6494,10.40,3.20
2010.05.18 06:57:47.782,0.6491,0.6493,5.60,2.40
2010.05.18 06:57:48.733,0.6491,0.64935,10.40,1.00
2010.05.18 06:57:49.657,0.6491,0.64935,10.40,1.00
2010.05.18 06:57:50.687,0.6491,0.64935,10.40,1.00
2010.05.18 06:57:57.458,0.6491,0.6493,9.60,2.40
2010.05.18 06:57:58.288,0.64905,0.64925,4.00,1.00
2010.05.18 06:57:58.643,0.6491,0.6493,10.40,1.00
2010.05.18 06:57:58.781,0.6491,0.64935,12.00,1.00
2010.05.18 06:57:58.918,0.6491,0.64935,12.80,1.00
2010.05.18 06:57:59.738,0.6491,0.64935,12.80,1.00
2010.05.18 06:58:01.076,0.64915,0.64935,1.00,1.00
2010.05.18 06:58:01.923,0.64915,0.6494,1.00,3.20
2010.05.18 06:58:02.134,0.6492,0.6494,5.60,2.40
2010.05.18 06:58:02.521,0.6492,0.6494,4.80,2.40
2010.05.18 06:58:03.500,0.64915,0.6494,12.80,3.20
2010.05.18 06:58:06.805,0.6492,0.6494,5.60,2.40
2010.05.18 06:58:09.482,0.64915,0.6494,10.40,3.20
2010.05.18 06:58:12.814,0.64915,0.6494,10.40,2.40
2010.05.18 06:58:12.997,0.64915,0.64945,10.40,1.00
2010.05.18 06:58:14.997,0.64915,0.6495,10.40,15.10
2010.05.18 06:58:16.008,0.64915,0.6495,10.40,15.30
2010.05.18 06:58:16.197,0.64915,0.6495,10.40,15.20
2010.05.18 06:58:17.125,0.64915,0.6495,10.40,15.10
2010.05.18 06:58:17.447,0.64915,0.6495,10.40,15.20
2010.05.18 06:58:17.767,0.64915,0.6495,10.40,15.10
2010.05.18 06:58:18.731,0.64915,0.6495,10.40,15.20
2010.05.18 06:58:19.020,0.64915,0.6495,10.40,15.10
2010.05.18 06:58:20.153,0.64915,0.6495,10.40,15.30
2010.05.18 06:58:21.168,0.64915,0.6495,10.40,15.10
2010.05.18 06:58:25.868,0.6492,0.6495,4.80,10.30
2010.05.18 06:58:26.471,0.64915,0.6495,10.40,10.30
2010.05.18 06:58:27.258,0.64915,0.6495,10.40,15.10
2010.05.18 06:58:27.600,0.64915,0.64935,5.60,4.80
2010.05.18 06:58:27.944,0.64915,0.64935,1.00,9.60
2010.05.18 06:58:29.007,0.64915,0.6494,1.00,9.60
2010.05.18 06:58:29.353,0.64915,0.64935,1.00,9.60
2010.05.18 06:58:29.589,0.6492,0.64935,1.00,4.80
2010.05.18 06:58:29.830,0.6492,0.6494,1.00,9.60
2010.05.18 06:58:31.149,0.64915,0.6494,1.20,9.60
2010.05.18 06:58:31.953,0.64915,0.6494,1.00,9.60
2010.05.18 06:58:32.288,0.64915,0.64935,1.00,9.60
2010.05.18 06:58:32.627,0.64915,0.64935,5.60,4.80
2010.05.18 06:58:32.968,0.64915,0.64945,10.40,2.40
2010.05.18 06:58:35.690,0.64915,0.64945,10.40,3.20
2010.05.18 06:58:47.600,0.64915,0.64945,5.60,3.20
2010.05.18 06:58:47.729,0.64915,0.64945,4.80,8.80
2010.05.18 06:58:47.989,0.64915,0.6494,1.00,2.40
2010.05.18 06:58:48.117,0.6491,0.6494,10.40,2.40
2010.05.18 06:58:48.648,0.6491,0.64945,12.80,12.00
2010.05.18 06:58:48.988,0.64915,0.64945,4.80,7.20
2010.05.18 06:58:50.211,0.6491,0.6494,10.40,2.40
2010.05.18 06:58:51.555,0.6491,0.6494,4.80,4.00
2010.05.18 06:58:51.850,0.64905,0.6494,12.80,13.60
2010.05.18 06:58:53.758,0.6491,0.6494,4.80,8.80
2010.05.18 06:58:53.988,0.64905,0.6494,13.60,13.60
2010.05.18 06:58:54.703,0.64905,0.6494,14.40,13.60
2010.05.18 06:58:55.004,0.64905,0.64935,7.20,4.80
2010.05.18 06:58:55.309,0.64905,0.64935,10.80,1.00
2010.05.18 06:58:56.188,0.64905,0.64935,10.40,1.00
2010.05.18 06:59:05.412,0.64905,0.64935,1.00,10.40
2010.05.18 06:59:05.749,0.64905,0.64935,10.40,1.00
2010.05.18 06:59:07.159,0.64905,0.6494,12.00,15.20
2010.05.18 06:59:10.648,0.64905,0.6494,14.40,14.40
2010.05.18 06:59:10.741,0.64905,0.6494,14.40,15.20
2010.05.18 06:59:12.423,0.6491,0.6494,9.60,4.00
2010.05.18 06:59:12.760,0.64905,0.6494,14.40,15.20
2010.05.18 06:59:17.001,0.64905,0.6494,14.60,15.20
2010.05.18 06:59:17.434,0.64905,0.6494,14.40,15.20
2010.05.18 06:59:20.532,0.6491,0.6494,4.80,10.40
2010.05.18 06:59:20.831,0.6491,0.6494,4.80,3.20
2010.05.18 06:59:21.129,0.64905,0.6494,14.40,15.20
2010.05.18 06:59:21.980,0.64905,0.6494,14.60,15.20
2010.05.18 06:59:26.917,0.64905,0.6494,14.60,13.60
2010.05.18 06:59:27.040,0.64905,0.64935,14.00,1.60
2010.05.18 06:59:27.169,0.64905,0.6493,12.00,2.40
2010.05.18 06:59:27.299,0.64905,0.6493,9.20,2.40
2010.05.18 06:59:27.996,0.64905,0.6493,4.40,2.40
2010.05.18 06:59:28.312,0.64905,0.6494,14.00,13.60
2010.05.18 06:59:32.582,0.6491,0.6494,10.40,2.80
2010.05.18 06:59:34.215,0.6491,0.64935,9.60,1.00
2010.05.18 06:59:34.344,0.64905,0.6494,11.60,15.30
2010.05.18 06:59:34.898,0.64905,0.6494,11.60,15.10
2010.05.18 06:59:35.623,0.64905,0.6494,11.60,15.30
2010.05.18 06:59:35.890,0.64905,0.6494,11.60,15.10
2010.05.18 06:59:36.157,0.64905,0.6494,11.60,15.30
2010.05.18 06:59:36.769,0.64905,0.6493,9.60,3.20
2010.05.18 06:59:37.098,0.649,0.6493,10.40,3.20
2010.05.18 06:59:38.968,0.649,0.6493,10.40,3.20
2010.05.18 06:59:40.667,0.649,0.6493,10.40,3.30
2010.05.18 06:59:40.917,0.649,0.6493,10.40,3.20
2010.05.18 06:59:44.520,0.649,0.6493,10.40,3.30
2010.05.18 06:59:48.923,0.649,0.6493,10.40,3.20
2010.05.18 06:59:51.560,0.649,0.6493,10.40,3.30
2010.05.18 06:59:51.770,0.649,0.6493,9.60,4.10
2010.05.18 06:59:51.857,0.649,0.6493,9.60,5.60
2010.05.18 06:59:51.999,0.64895,0.64925,10.40,1.00
2010.05.18 06:59:59.451,0.649,0.64925,1.00,1.00
2010.05.18 06:59:59.737,0.649,0.6493,1.00,14.30
