2015.10.09 17:00:00.747,0.80619,0.80645,1.75,1.12
2015.10.09 17:00:01.050,0.80615,0.80643,3.00,1.00
2015.10.09 17:00:01.353,0.80614,0.80642,1.75,1.50
2015.10.09 17:00:01.744,0.80612,0.80639,1.75,1.00
2015.10.09 17:00:01.896,0.80613,0.8064,1.75,1.37
2015.10.09 17:00:02.047,0.80614,0.80641,1.50,2.25
2015.10.09 17:00:03.895,0.80613,0.8064,1.75,1.00
2015.10.09 17:00:06.104,0.80616,0.80641,1.75,1.12
2015.10.09 17:00:06.632,0.80613,0.8064,1.75,1.00
2015.10.09 17:00:07.810,0.80616,0.80643,1.75,1.75
2015.10.09 17:00:08.566,0.80616,0.80641,1.37,1.37
2015.10.09 17:00:08.794,0.80616,0.80639,1.00,1.00
2015.10.09 17:00:09.343,0.80619,0.80639,1.00,1.00
2015.10.09 17:00:10.018,0.80617,0.80639,1.00,1.00
2015.10.09 17:00:10.220,0.80617,0.80643,1.50,1.75
2015.10.09 17:00:11.654,0.8062,0.80643,1.00,1.75
2015.10.09 17:00:12.313,0.80617,0.80643,1.50,1.75
2015.10.09 17:00:12.669,0.80614,0.80638,1.37,1.37
2015.10.09 17:00:12.721,0.8061,0.80637,2.25,1.75
2015.10.09 17:00:15.661,0.80612,0.80639,1.37,2.25
2015.10.09 17:00:15.965,0.80616,0.80643,1.75,2.25
2015.10.09 17:00:16.184,0.80614,0.80641,1.75,1.37
2015.10.09 17:00:16.499,0.8061,0.80637,3.00,1.37
2015.10.09 17:00:16.550,0.8061,0.80636,2.25,1.12
2015.10.09 17:00:25.359,0.80614,0.80638,1.00,1.75
2015.10.09 17:00:26.510,0.80612,0.80639,1.50,2.25
2015.10.09 17:00:28.913,0.80611,0.80635,1.37,1.37
2015.10.09 17:00:28.964,0.8061,0.80635,1.00,1.75
2015.10.09 17:00:29.401,0.80605,0.8063,1.75,1.00
2015.10.09 17:00:29.653,0.8061,0.80633,1.00,1.50
2015.10.09 17:00:29.915,0.8061,0.80635,1.37,2.25
2015.10.09 17:00:30.585,0.8061,0.80636,1.75,2.25
2015.10.09 17:00:30.888,0.8061,0.80636,1.75,1.50
2015.10.09 17:00:30.990,0.8061,0.80636,1.50,2.25
2015.10.09 17:00:31.962,0.8061,0.80633,1.50,1.00
2015.10.09 17:00:32.474,0.8061,0.80634,1.50,1.12
2015.10.09 17:00:33.529,0.8061,0.80636,1.50,1.37
2015.10.09 17:00:33.732,0.80613,0.80637,1.00,1.50
2015.10.09 17:00:33.936,0.80612,0.8064,2.25,2.25
2015.10.09 17:00:33.987,0.80612,0.8064,2.25,1.12
2015.10.09 17:00:36.261,0.80614,0.80641,1.75,1.12
2015.10.09 17:00:41.220,0.80615,0.80641,1.75,1.50
2015.10.09 17:00:58.718,0.80617,0.8064,1.00,1.00
2015.10.09 17:00:59.462,0.80617,0.80641,1.00,1.00
2015.10.09 17:01:01.580,0.80615,0.80641,1.75,1.00
2015.10.09 17:01:02.264,0.80615,0.80642,1.75,1.00
2015.10.09 17:01:02.782,0.80615,0.80642,1.75,1.37
2015.10.09 17:01:02.833,0.80615,0.80641,1.75,1.12
2015.10.09 17:01:08.857,0.80615,0.80637,1.75,1.00
2015.10.09 17:01:09.008,0.80615,0.80636,1.12,1.00
2015.10.09 17:01:09.059,0.80615,0.80634,1.12,1.00
2015.10.09 17:01:09.110,0.8061,0.80634,2.25,1.00
2015.10.09 17:01:10.579,0.80609,0.80635,1.75,1.12
2015.10.09 17:01:10.863,0.80611,0.80638,1.75,3.00
2015.10.09 17:01:10.914,0.80611,0.80638,1.75,3.00
2015.10.09 17:01:11.248,0.8061,0.80633,1.50,1.00
2015.10.09 17:01:11.554,0.80609,0.8063,1.50,1.12
2015.10.09 17:01:11.857,0.80605,0.80627,1.12,1.00
2015.10.09 17:01:12.373,0.80602,0.80628,1.75,1.12
2015.10.09 17:01:12.475,0.80602,0.80626,1.37,1.00
2015.10.09 17:01:12.526,0.80602,0.80626,1.37,1.37
2015.10.09 17:01:12.846,0.806,0.80625,1.75,1.00
2015.10.09 17:01:12.947,0.806,0.80626,1.75,1.50
2015.10.09 17:01:13.152,0.80604,0.80628,1.00,1.50
2015.10.09 17:01:13.676,0.80604,0.80629,1.00,1.50
2015.10.09 17:01:14.186,0.80604,0.80628,1.00,1.00
2015.10.09 17:01:14.889,0.80604,0.80629,1.00,1.00
2015.10.09 17:01:14.939,0.80604,0.80626,1.00,1.00
2015.10.09 17:01:15.242,0.80603,0.8063,1.75,1.12
2015.10.09 17:01:15.444,0.80602,0.80629,1.75,2.25
2015.10.09 17:01:16.033,0.806,0.80626,2.25,1.00
2015.10.09 17:01:16.456,0.80602,0.80629,1.75,1.50
2015.10.09 17:01:16.658,0.80603,0.8063,1.75,1.37
2015.10.09 17:01:16.759,0.80603,0.8063,1.75,1.12
2015.10.09 17:01:22.065,0.80602,0.80629,1.75,1.00
2015.10.09 17:01:24.487,0.80603,0.8063,1.75,1.12
2015.10.09 17:01:27.651,0.80605,0.8063,1.75,1.00
2015.10.09 17:01:28.277,0.8061,0.80631,1.12,1.00
2015.10.09 17:01:28.581,0.80615,0.80638,1.00,1.87
2015.10.09 17:01:28.733,0.80616,0.80639,1.00,1.50
2015.10.09 17:01:29.432,0.80616,0.8064,1.00,1.50
2015.10.09 17:01:34.283,0.80615,0.80642,2.25,1.00
2015.10.09 17:01:34.685,0.80616,0.80643,1.75,1.00
2015.10.09 17:01:34.988,0.80625,0.80646,1.00,3.00
2015.10.09 17:01:35.505,0.80625,0.80644,1.00,1.00
2015.10.09 17:01:35.606,0.80617,0.80644,1.75,1.00
2015.10.09 17:01:36.032,0.80616,0.80642,1.75,1.00
2015.10.09 17:01:37.893,0.80616,0.80643,1.75,1.00
2015.10.09 17:01:38.194,0.80616,0.80642,1.75,1.12
2015.10.09 17:01:38.830,0.80615,0.80641,1.75,1.00
2015.10.09 17:01:39.545,0.80613,0.8064,1.75,1.00
2015.10.09 17:01:40.323,0.80613,0.80641,1.75,1.00
2015.10.09 17:01:40.870,0.80615,0.80642,2.25,1.12
2015.10.09 17:01:42.849,0.80615,0.80641,1.75,1.00
2015.10.09 17:01:43.459,0.80615,0.80642,1.75,1.87
2015.10.09 17:01:44.042,0.80615,0.80641,1.75,1.00
2015.10.09 17:01:44.590,0.80615,0.80642,2.25,1.87
2015.10.09 17:01:45.661,0.80615,0.80641,2.25,1.00
2015.10.09 17:01:48.982,0.80615,0.80642,2.25,1.87
2015.10.09 17:01:49.546,0.80615,0.80641,2.25,1.00
2015.10.09 17:01:50.086,0.80615,0.80642,2.25,1.12
2015.10.09 17:01:50.540,0.80615,0.8064,1.75,1.00
2015.10.09 17:01:52.549,0.80614,0.80641,2.25,1.50
2015.10.09 17:01:53.062,0.80615,0.80642,1.75,1.87
2015.10.09 17:01:53.586,0.80618,0.80641,1.00,1.50
2015.10.09 17:01:54.151,0.80618,0.8064,1.00,1.00
2015.10.09 17:01:54.632,0.80613,0.80638,1.75,1.00
2015.10.09 17:01:55.156,0.80613,0.80639,1.75,1.12
2015.10.09 17:01:59.441,0.80615,0.80642,2.25,1.87
2015.10.09 17:01:59.772,0.8062,0.80643,1.75,1.00
2015.10.09 17:02:00.090,0.80622,0.80646,1.35,1.00
2015.10.09 17:02:00.544,0.80628,0.8065,1.00,1.00
2015.10.09 17:02:02.601,0.80628,0.80651,1.00,1.00
2015.10.09 17:02:03.497,0.80628,0.8065,1.00,1.00
2015.10.09 17:02:04.293,0.80628,0.80651,1.00,1.00
2015.10.09 17:02:05.721,0.80628,0.80652,1.00,1.00
2015.10.09 17:02:06.266,0.80628,0.8065,1.00,1.00
2015.10.09 17:02:07.567,0.80628,0.80651,1.00,1.00
2015.10.09 17:02:08.072,0.80628,0.80652,1.50,1.00
2015.10.09 17:02:10.881,0.80628,0.80651,1.00,1.00
2015.10.09 17:02:11.539,0.80628,0.80653,1.00,2.25
2015.10.09 17:02:12.090,0.80628,0.80652,1.00,1.00
2015.10.09 17:02:12.923,0.80628,0.80653,1.50,1.50
2015.10.09 17:02:14.513,0.80628,0.80652,1.00,1.00
2015.10.09 17:02:17.881,0.80627,0.80652,1.50,1.75
2015.10.09 17:02:23.754,0.80625,0.80652,2.25,1.00
2015.10.09 17:02:24.299,0.80626,0.80653,1.75,1.87
2015.10.09 17:02:25.000,0.8063,0.80655,1.50,1.37
2015.10.09 17:02:25.101,0.80635,0.80658,1.12,1.12
2015.10.09 17:02:25.202,0.8064,0.80658,1.00,1.12
2015.10.09 17:02:25.303,0.80635,0.80659,1.12,1.37
2015.10.09 17:02:25.623,0.80635,0.80659,1.50,1.37
2015.10.09 17:02:25.775,0.80635,0.80661,1.75,1.12
2015.10.09 17:02:30.092,0.80638,0.80665,1.75,1.50
2015.10.09 17:02:30.244,0.8064,0.80658,1.37,1.00
2015.10.09 17:02:30.346,0.80635,0.80658,1.37,1.37
2015.10.09 17:02:30.447,0.80635,0.80658,1.00,1.75
2015.10.09 17:02:30.599,0.80633,0.80659,1.12,1.75
2015.10.09 17:02:31.583,0.80635,0.80658,1.00,2.25
2015.10.09 17:02:31.792,0.8063,0.80654,2.25,1.00
2015.10.09 17:02:32.364,0.80629,0.80656,2.25,2.25
2015.10.09 17:02:32.874,0.80629,0.80654,1.50,1.12
2015.10.09 17:02:32.925,0.80629,0.80652,1.50,1.00
2015.10.09 17:02:33.439,0.80628,0.80653,1.75,1.12
2015.10.09 17:02:33.706,0.80626,0.80653,1.75,2.25
2015.10.09 17:02:43.524,0.80626,0.80649,1.75,1.00
2015.10.09 17:02:44.097,0.80626,0.8065,1.75,1.12
2015.10.09 17:02:51.982,0.80626,0.80653,1.75,1.50
2015.10.09 17:02:52.888,0.8063,0.80655,1.75,1.50
2015.10.09 17:02:53.423,0.80635,0.80656,1.00,1.87
2015.10.09 17:02:54.303,0.80635,0.80656,1.50,1.00
2015.10.09 17:02:54.353,0.80632,0.80659,1.75,1.87
2015.10.09 17:02:56.481,0.80638,0.8066,1.00,1.00
2015.10.09 17:02:57.162,0.80638,0.80662,1.00,1.50
2015.10.09 17:02:57.213,0.8064,0.80662,1.00,1.50
2015.10.09 17:02:57.364,0.8064,0.80665,1.75,1.87
2015.10.09 17:03:00.963,0.80641,0.80668,1.50,2.25
2015.10.09 17:03:02.261,0.80641,0.80665,1.75,1.00
2015.10.09 17:03:06.005,0.8064,0.80666,2.25,1.50
2015.10.09 17:03:06.734,0.80641,0.80668,1.75,1.50
2015.10.09 17:03:07.270,0.80641,0.80666,1.75,1.00
2015.10.09 17:03:07.790,0.80641,0.80667,1.75,1.12
2015.10.09 17:03:08.426,0.80645,0.80666,1.12,1.00
2015.10.09 17:03:08.950,0.80645,0.80667,1.12,1.12
2015.10.09 17:03:09.102,0.8064,0.80666,1.75,1.50
2015.10.09 17:03:09.622,0.80645,0.80667,1.00,1.75
2015.10.09 17:03:11.383,0.80642,0.80668,1.12,1.75
2015.10.09 17:03:11.719,0.80642,0.80669,1.75,2.62
2015.10.09 17:03:15.405,0.80643,0.80667,1.50,1.00
2015.10.09 17:03:16.138,0.80643,0.80668,1.50,1.12
2015.10.09 17:03:16.442,0.80642,0.80666,1.00,1.00
2015.10.09 17:03:20.529,0.80642,0.80665,1.00,1.00
2015.10.09 17:03:21.084,0.80642,0.80666,1.00,1.50
2015.10.09 17:03:32.152,0.80642,0.80667,1.00,2.25
2015.10.09 17:03:36.195,0.80642,0.80668,1.75,1.50
2015.10.09 17:03:46.046,0.80645,0.8067,1.37,1.37
2015.10.09 17:03:46.364,0.80646,0.80672,1.75,1.50
2015.10.09 17:03:59.136,0.80645,0.8067,1.75,1.00
2015.10.09 17:03:59.751,0.80645,0.80669,1.75,1.00
2015.10.09 17:04:00.241,0.80641,0.80666,1.75,1.00
2015.10.09 17:04:00.794,0.80643,0.80668,1.75,1.50
2015.10.09 17:04:04.880,0.80641,0.80668,1.50,2.25
2015.10.09 17:04:20.683,0.8064,0.80667,1.75,2.25
2015.10.09 17:04:26.438,0.80642,0.80669,1.75,1.12
2015.10.09 17:04:27.990,0.80641,0.80668,2.25,1.00
2015.10.09 17:04:28.041,0.80643,0.80667,1.00,1.00
2015.10.09 17:04:28.445,0.80644,0.80671,1.50,2.25
2015.10.09 17:04:28.869,0.80641,0.8067,2.25,1.75
2015.10.09 17:04:45.037,0.80642,0.80669,1.75,1.37
2015.10.09 17:04:45.088,0.80642,0.80669,1.75,1.12
2015.10.09 17:04:48.449,0.80642,0.80669,1.50,2.25
2015.10.09 17:04:48.500,0.80642,0.80669,1.50,2.25
2015.10.09 17:04:49.528,0.80643,0.80669,1.12,1.75
2015.10.09 17:04:50.159,0.80643,0.80669,1.00,1.75
2015.10.09 17:04:51.058,0.80641,0.80668,1.12,1.75
2015.10.09 17:05:00.882,0.80633,0.8066,3.00,2.25
2015.10.09 17:05:01.692,0.80631,0.80657,1.50,1.50
2015.10.09 17:05:02.212,0.80634,0.80658,1.00,1.75
2015.10.09 17:05:07.668,0.80635,0.80657,1.00,1.75
2015.10.09 17:05:08.135,0.8063,0.80657,1.75,1.75
2015.10.09 17:05:09.676,0.8063,0.80656,1.37,1.75
2015.10.09 17:05:09.778,0.8063,0.80655,1.00,1.75
2015.10.09 17:05:11.741,0.80635,0.80655,1.00,2.25
2015.10.09 17:05:11.999,0.8063,0.80655,1.00,2.25
2015.10.09 17:05:12.350,0.8063,0.80652,1.00,1.75
2015.10.09 17:05:12.451,0.8063,0.80652,1.00,1.50
2015.10.09 17:05:21.655,0.80635,0.80655,1.00,1.75
2015.10.09 17:05:21.857,0.8063,0.80655,1.00,2.25
2015.10.09 17:05:22.144,0.80635,0.80655,1.00,1.75
2015.10.09 17:05:23.187,0.80629,0.80655,1.35,1.75
2015.10.09 17:05:23.725,0.8063,0.80652,1.00,1.50
2015.10.09 17:05:26.950,0.80625,0.8065,1.50,1.12
2015.10.09 17:05:27.255,0.80625,0.80649,1.00,1.75
2015.10.09 17:05:27.721,0.80625,0.80644,1.00,1.00
2015.10.09 17:05:27.923,0.8062,0.80642,1.00,1.75
2015.10.09 17:05:28.024,0.80615,0.8064,1.87,2.25
2015.10.09 17:05:28.075,0.80615,0.8064,1.50,2.25
2015.10.09 17:05:29.927,0.8062,0.80639,1.00,1.75
2015.10.09 17:05:31.660,0.8062,0.80644,1.00,1.75
2015.10.09 17:05:35.709,0.8062,0.80641,1.00,1.50
2015.10.09 17:05:36.382,0.8062,0.8064,1.00,1.75
2015.10.09 17:05:38.588,0.80615,0.80641,1.00,2.25
2015.10.09 17:05:39.800,0.8062,0.80641,1.00,2.25
2015.10.09 17:05:44.090,0.80615,0.8064,1.50,1.75
2015.10.09 17:05:44.773,0.80611,0.80635,1.75,1.00
2015.10.09 17:05:45.042,0.8061,0.80635,1.75,1.50
2015.10.09 17:05:46.616,0.80607,0.80634,1.75,1.37
2015.10.09 17:05:46.920,0.80615,0.80637,1.00,1.75
2015.10.09 17:05:46.970,0.8061,0.80637,1.50,1.75
2015.10.09 17:05:47.071,0.80615,0.80638,1.00,2.25
2015.10.09 17:05:53.117,0.80615,0.80638,1.00,2.25
2015.10.09 17:05:53.659,0.80615,0.80638,1.00,2.25
2015.10.09 17:06:03.228,0.8061,0.80636,1.75,1.75
2015.10.09 17:06:03.430,0.80611,0.80637,2.10,1.75
2015.10.09 17:06:04.157,0.80615,0.80638,1.00,1.75
2015.10.09 17:06:05.800,0.8062,0.80637,1.00,1.75
2015.10.09 17:06:08.880,0.80615,0.80637,1.00,1.75
2015.10.09 17:06:09.295,0.8062,0.80638,1.00,1.75
2015.10.09 17:06:12.357,0.80615,0.80636,1.00,1.50
2015.10.09 17:06:12.797,0.8062,0.80637,1.00,1.75
2015.10.09 17:06:13.576,0.80615,0.80637,1.00,1.75
2015.10.09 17:06:15.296,0.80615,0.80638,1.00,1.50
2015.10.09 17:06:15.548,0.8062,0.80638,1.00,1.50
2015.10.09 17:06:16.097,0.80615,0.80638,1.00,1.50
2015.10.09 17:06:19.225,0.80613,0.80637,1.67,1.12
2015.10.09 17:06:21.002,0.8061,0.80636,2.47,1.50
2015.10.09 17:06:21.127,0.80611,0.80636,1.30,1.50
2015.10.09 17:06:21.178,0.80615,0.80636,1.00,1.50
2015.10.09 17:06:25.369,0.80611,0.80636,1.30,1.50
2015.10.09 17:06:26.148,0.80615,0.80636,1.00,2.25
2015.10.09 17:06:26.472,0.80611,0.80636,1.30,2.25
2015.10.09 17:06:26.673,0.80615,0.80636,1.00,1.50
2015.10.09 17:06:30.537,0.80611,0.80637,1.30,3.00
2015.10.09 17:06:30.817,0.80615,0.80637,1.00,3.00
2015.10.09 17:06:33.059,0.8062,0.80637,1.00,2.25
2015.10.09 17:06:35.658,0.80614,0.80638,1.00,1.75
2015.10.09 17:06:35.709,0.80609,0.80636,1.50,1.50
2015.10.09 17:06:35.810,0.80604,0.80631,1.75,1.50
2015.10.09 17:06:36.013,0.80604,0.80631,1.50,1.75
2015.10.09 17:06:36.215,0.80601,0.80627,2.25,1.75
2015.10.09 17:06:39.647,0.80603,0.80629,1.00,1.75
2015.10.09 17:06:40.285,0.80601,0.80627,1.50,1.75
2015.10.09 17:06:41.301,0.80601,0.80627,1.50,1.50
2015.10.09 17:06:41.352,0.80601,0.80627,1.75,1.12
2015.10.09 17:06:41.859,0.80605,0.8063,1.00,3.00
2015.10.09 17:06:44.748,0.80605,0.8063,1.75,1.12
2015.10.09 17:06:45.129,0.8061,0.8063,1.12,1.00
2015.10.09 17:06:45.457,0.80615,0.80634,1.00,1.50
2015.10.09 17:06:55.031,0.80615,0.80635,1.00,1.50
2015.10.09 17:06:55.082,0.80615,0.80635,1.00,1.37
2015.10.09 17:06:55.384,0.80615,0.8063,1.00,1.50
2015.10.09 17:06:55.485,0.8061,0.80626,1.00,1.12
2015.10.09 17:06:55.943,0.80615,0.80626,1.00,1.12
2015.10.09 17:06:56.046,0.8061,0.80626,1.00,1.12
2015.10.09 17:06:57.796,0.8061,0.80625,1.00,1.35
2015.10.09 17:06:57.898,0.80605,0.80625,1.00,1.72
2015.10.09 17:06:58.252,0.80605,0.80624,1.00,1.50
2015.10.09 17:06:58.454,0.80605,0.80622,1.00,1.00
2015.10.09 17:06:58.606,0.806,0.80622,1.37,1.87
2015.10.09 17:06:58.707,0.806,0.80619,1.00,1.00
2015.10.09 17:06:59.259,0.806,0.80617,1.00,1.00
2015.10.09 17:06:59.815,0.80599,0.80618,1.27,1.50
2015.10.09 17:06:59.966,0.80596,0.80619,1.27,1.12
2015.10.09 17:07:00.329,0.80596,0.80619,1.57,1.87
2015.10.09 17:07:00.431,0.80596,0.80619,1.27,1.87
2015.10.09 17:07:00.960,0.80596,0.80618,1.27,1.00
2015.10.09 17:07:01.477,0.80595,0.80619,1.75,1.87
2015.10.09 17:07:02.057,0.80595,0.80618,2.02,1.00
2015.10.09 17:07:03.276,0.80595,0.80619,1.75,1.12
2015.10.09 17:07:03.779,0.80594,0.80618,1.75,1.00
2015.10.09 17:07:04.786,0.80594,0.80619,1.75,1.87
2015.10.09 17:07:05.089,0.80595,0.80618,1.00,1.50
2015.10.09 17:07:06.598,0.80595,0.80617,1.00,1.00
2015.10.09 17:07:07.101,0.80595,0.80619,1.00,3.00
2015.10.09 17:07:08.162,0.806,0.80619,1.00,1.75
2015.10.09 17:07:10.986,0.80595,0.80618,1.00,1.75
2015.10.09 17:07:12.456,0.80591,0.80618,1.35,1.75
2015.10.09 17:07:13.023,0.80595,0.80618,1.00,1.75
2015.10.09 17:07:13.326,0.806,0.80618,1.00,1.75
2015.10.09 17:07:14.651,0.80595,0.80616,1.00,1.12
2015.10.09 17:07:14.803,0.80595,0.80615,1.00,1.75
2015.10.09 17:07:14.854,0.8059,0.80613,1.50,1.12
2015.10.09 17:07:15.106,0.8059,0.80613,1.00,1.75
2015.10.09 17:07:15.575,0.80595,0.80613,1.00,1.75
2015.10.09 17:07:16.393,0.80595,0.80614,1.00,1.75
2015.10.09 17:07:17.053,0.80595,0.80614,1.00,1.37
2015.10.09 17:07:19.203,0.80599,0.80616,1.00,2.25
2015.10.09 17:07:19.406,0.80599,0.80616,1.00,1.12
2015.10.09 17:07:25.326,0.80599,0.80619,1.00,2.25
2015.10.09 17:07:26.327,0.806,0.80619,1.00,1.50
2015.10.09 17:07:28.438,0.806,0.80619,1.00,1.75
2015.10.09 17:07:29.337,0.80595,0.80617,1.00,1.37
2015.10.09 17:07:33.948,0.806,0.80619,1.00,1.75
2015.10.09 17:07:37.670,0.80595,0.8062,1.00,2.25
2015.10.09 17:07:37.877,0.806,0.8062,1.00,1.75
2015.10.09 17:07:41.736,0.80595,0.8062,1.00,1.75
2015.10.09 17:07:41.888,0.80595,0.8062,2.25,1.75
2015.10.09 17:07:43.509,0.80599,0.8062,1.00,1.75
2015.10.09 17:07:47.115,0.80595,0.8062,1.50,2.25
2015.10.09 17:07:51.859,0.806,0.80621,1.00,2.25
2015.10.09 17:07:55.084,0.80595,0.80621,1.50,2.25
2015.10.09 17:07:55.689,0.80595,0.8062,1.00,1.75
2015.10.09 17:07:58.460,0.80594,0.80616,1.00,1.12
2015.10.09 17:07:58.796,0.80594,0.80617,1.00,2.25
2015.10.09 17:07:59.301,0.80595,0.80618,1.00,3.00
2015.10.09 17:08:03.638,0.80595,0.80618,1.00,1.75
2015.10.09 17:08:03.689,0.80595,0.80618,1.00,1.75
2015.10.09 17:08:17.068,0.806,0.80621,1.00,1.75
2015.10.09 17:08:17.169,0.80595,0.8062,1.50,1.75
2015.10.09 17:08:17.930,0.806,0.80622,1.00,1.75
2015.10.09 17:08:18.465,0.80599,0.80622,1.00,1.75
2015.10.09 17:08:21.175,0.80599,0.80622,1.00,1.75
2015.10.09 17:08:21.226,0.80599,0.80622,1.00,1.50
2015.10.09 17:08:22.437,0.806,0.80622,1.00,2.25
2015.10.09 17:08:22.538,0.806,0.80621,1.00,1.37
2015.10.09 17:08:31.445,0.80594,0.8062,1.75,1.75
2015.10.09 17:08:36.455,0.80595,0.8062,1.37,2.25
2015.10.09 17:08:37.057,0.80595,0.8062,1.00,2.25
2015.10.09 17:08:38.191,0.806,0.80619,1.00,1.75
2015.10.09 17:08:38.393,0.80595,0.80619,1.00,1.75
2015.10.09 17:08:39.917,0.806,0.80619,1.00,1.75
2015.10.09 17:08:46.521,0.80595,0.80618,1.00,1.75
2015.10.09 17:08:47.506,0.806,0.80618,1.00,1.75
2015.10.09 17:08:54.504,0.806,0.80619,1.00,1.75
2015.10.09 17:08:54.658,0.80595,0.80619,1.12,1.75
2015.10.09 17:08:54.874,0.806,0.80619,1.00,1.75
2015.10.09 17:08:55.383,0.806,0.80619,1.00,1.75
2015.10.09 17:08:55.433,0.80595,0.80619,1.00,1.75
2015.10.09 17:08:55.787,0.8059,0.80616,1.75,1.50
2015.10.09 17:08:57.105,0.80595,0.80616,1.00,1.50
2015.10.09 17:08:58.152,0.80595,0.80617,1.00,2.25
2015.10.09 17:09:01.146,0.8059,0.80614,1.00,1.50
2015.10.09 17:09:01.350,0.8059,0.80611,1.00,1.75
2015.10.09 17:09:01.502,0.8058,0.80607,1.75,1.75
2015.10.09 17:09:01.553,0.8058,0.80607,1.00,1.75
2015.10.09 17:09:02.261,0.80576,0.80602,1.75,1.50
2015.10.09 17:09:03.713,0.8058,0.80603,1.00,1.75
2015.10.09 17:09:05.786,0.80576,0.80603,3.00,1.75
2015.10.09 17:09:06.433,0.8058,0.80601,1.00,1.12
2015.10.09 17:09:06.943,0.80575,0.806,1.75,1.00
2015.10.09 17:09:10.845,0.8058,0.80602,1.00,1.50
2015.10.09 17:09:13.202,0.80575,0.806,1.75,1.00
2015.10.09 17:09:14.170,0.8058,0.80602,1.00,1.50
2015.10.09 17:09:14.773,0.8058,0.80603,1.50,1.00
2015.10.09 17:09:15.274,0.8058,0.80605,1.50,1.50
2015.10.09 17:09:15.806,0.8058,0.80603,1.50,1.00
2015.10.09 17:09:16.964,0.8058,0.80604,1.50,1.12
2015.10.09 17:09:17.553,0.80585,0.80604,1.00,1.12
2015.10.09 17:09:17.709,0.80585,0.80608,1.00,2.10
2015.10.09 17:09:18.091,0.80586,0.80612,1.50,1.75
2015.10.09 17:09:18.898,0.8059,0.80613,1.00,1.75
2015.10.09 17:09:19.100,0.8059,0.80615,1.00,1.75
2015.10.09 17:09:19.383,0.8059,0.80616,1.00,1.75
2015.10.09 17:09:19.535,0.80585,0.80612,2.25,1.75
2015.10.09 17:09:19.587,0.80585,0.80612,1.50,1.75
2015.10.09 17:09:19.891,0.80584,0.80608,1.00,1.75
2015.10.09 17:09:20.097,0.8058,0.80605,2.25,1.37
2015.10.09 17:09:20.502,0.80583,0.8061,1.37,1.75
2015.10.09 17:09:20.603,0.80583,0.8061,1.75,1.75
2015.10.09 17:09:21.604,0.8058,0.80607,2.25,1.37
2015.10.09 17:09:21.705,0.8058,0.80604,1.75,1.12
2015.10.09 17:09:21.806,0.8058,0.80604,1.37,1.37
2015.10.09 17:09:21.958,0.80577,0.80604,1.50,1.75
2015.10.09 17:09:22.008,0.80577,0.80604,1.12,1.75
2015.10.09 17:09:22.548,0.80574,0.80601,2.25,1.75
2015.10.09 17:09:22.850,0.8058,0.80602,1.00,1.75
2015.10.09 17:09:23.053,0.80577,0.80603,1.00,1.75
2015.10.09 17:09:23.710,0.80575,0.806,1.50,1.50
2015.10.09 17:09:23.761,0.8058,0.80602,1.00,1.75
2015.10.09 17:09:23.811,0.80575,0.80601,1.50,1.75
2015.10.09 17:09:24.822,0.80578,0.80603,1.00,1.75
2015.10.09 17:09:25.373,0.80577,0.80604,1.00,1.75
2015.10.09 17:09:25.977,0.80576,0.80603,1.12,1.75
2015.10.09 17:09:27.985,0.80577,0.80604,1.00,1.75
2015.10.09 17:09:28.613,0.80576,0.80603,1.87,1.75
2015.10.09 17:09:29.742,0.80577,0.80604,1.00,1.75
2015.10.09 17:09:30.071,0.8058,0.80605,1.00,1.75
2015.10.09 17:09:32.504,0.80577,0.80604,1.00,1.75
2015.10.09 17:09:32.714,0.8058,0.80604,1.00,1.75
2015.10.09 17:09:32.948,0.80577,0.80604,1.00,1.75
2015.10.09 17:09:33.573,0.80578,0.80605,1.00,1.75
2015.10.09 17:09:34.110,0.80577,0.80604,1.00,1.75
2015.10.09 17:09:34.510,0.80575,0.80602,1.12,1.75
2015.10.09 17:09:55.075,0.80572,0.80597,1.75,1.50
2015.10.09 17:09:55.277,0.80565,0.80592,1.87,1.75
2015.10.09 17:09:55.378,0.80565,0.8059,1.50,1.75
2015.10.09 17:09:55.779,0.80565,0.80588,1.00,3.00
2015.10.09 17:09:56.284,0.80561,0.80588,1.00,3.75
2015.10.09 17:09:56.591,0.80565,0.80583,1.00,1.75
2015.10.09 17:09:58.815,0.80559,0.80584,1.35,1.75
2015.10.09 17:09:59.069,0.80559,0.80584,1.35,1.75
2015.10.09 17:10:01.127,0.8056,0.80583,1.00,2.25
2015.10.09 17:10:01.984,0.80555,0.8058,1.00,2.25
2015.10.09 17:10:02.136,0.8056,0.8058,1.00,2.25
2015.10.09 17:10:04.408,0.80559,0.80582,1.00,1.75
2015.10.09 17:10:05.164,0.8056,0.80583,1.00,2.25
2015.10.09 17:10:05.315,0.80555,0.80582,1.00,1.75
2015.10.09 17:10:13.530,0.80555,0.80578,1.00,1.75
2015.10.09 17:10:14.395,0.80555,0.80578,1.00,1.50
2015.10.09 17:10:21.408,0.80555,0.80578,1.00,1.75
2015.10.09 17:10:21.459,0.80551,0.80575,1.30,1.50
2015.10.09 17:10:21.684,0.80555,0.80576,1.00,1.75
2015.10.09 17:10:21.902,0.8055,0.80575,2.25,1.50
2015.10.09 17:10:22.154,0.80555,0.80577,1.00,1.75
2015.10.09 17:10:22.896,0.8055,0.80574,1.50,1.12
2015.10.09 17:10:23.098,0.8055,0.80574,1.37,1.50
2015.10.09 17:10:23.642,0.8055,0.80574,1.00,1.75
2015.10.09 17:10:25.653,0.80549,0.80575,1.12,1.75
2015.10.09 17:10:26.034,0.80549,0.80575,1.75,1.50
2015.10.09 17:10:29.159,0.8055,0.80573,1.75,1.00
2015.10.09 17:10:29.361,0.80546,0.80573,1.75,1.37
2015.10.09 17:10:29.841,0.80545,0.80568,1.00,1.00
2015.10.09 17:10:34.234,0.80545,0.80571,1.37,1.50
2015.10.09 17:10:34.284,0.80545,0.80571,1.75,1.50
2015.10.09 17:10:36.120,0.8055,0.80571,1.00,1.50
2015.10.09 17:10:38.972,0.8055,0.80572,1.12,1.00
2015.10.09 17:10:39.476,0.8055,0.80573,1.12,1.12
2015.10.09 17:10:39.728,0.8055,0.80569,1.12,1.00
2015.10.09 17:10:40.105,0.80545,0.8057,1.50,1.50
2015.10.09 17:10:40.844,0.80549,0.80571,1.00,1.75
2015.10.09 17:10:41.365,0.8055,0.80572,1.00,1.75
2015.10.09 17:10:42.301,0.8055,0.80573,1.00,1.75
2015.10.09 17:10:47.167,0.8055,0.8057,1.00,1.00
2015.10.09 17:10:47.974,0.80545,0.80569,1.00,1.50
2015.10.09 17:10:48.075,0.8055,0.80569,1.00,1.50
2015.10.09 17:10:52.606,0.80545,0.80569,1.50,1.50
2015.10.09 17:10:54.427,0.80545,0.80565,1.00,1.00
2015.10.09 17:10:54.708,0.80538,0.80559,1.00,1.00
2015.10.09 17:10:54.809,0.80535,0.80558,1.00,1.00
2015.10.09 17:10:54.910,0.8054,0.80558,1.00,1.75
2015.10.09 17:10:55.011,0.8054,0.80559,1.87,1.00
2015.10.09 17:10:55.112,0.8054,0.80566,1.87,1.75
2015.10.09 17:10:55.213,0.8054,0.80566,2.25,1.12
2015.10.09 17:10:55.264,0.80545,0.80566,1.00,1.12
2015.10.09 17:10:55.741,0.80545,0.80569,1.50,1.72
2015.10.09 17:10:56.246,0.80549,0.80568,1.00,1.00
2015.10.09 17:10:56.447,0.80545,0.80569,2.25,1.72
2015.10.09 17:10:56.599,0.80545,0.80568,2.25,1.00
2015.10.09 17:10:56.984,0.80547,0.8057,1.75,1.00
2015.10.09 17:10:57.650,0.8055,0.80569,1.00,1.00
2015.10.09 17:10:58.452,0.80547,0.8057,1.75,1.00
2015.10.09 17:10:58.966,0.80547,0.80569,1.75,1.00
2015.10.09 17:11:00.398,0.80547,0.8057,1.75,1.00
2015.10.09 17:11:02.893,0.80546,0.80571,1.75,1.12
2015.10.09 17:11:03.105,0.80548,0.80572,1.75,1.00
2015.10.09 17:11:03.408,0.8055,0.80573,1.75,1.00
2015.10.09 17:11:05.214,0.8055,0.80572,1.75,1.00
2015.10.09 17:11:05.756,0.8055,0.80573,1.75,1.00
2015.10.09 17:11:06.562,0.80549,0.80572,1.75,1.00
2015.10.09 17:11:06.714,0.80548,0.80571,1.75,1.00
2015.10.09 17:11:07.248,0.8055,0.80572,1.50,1.00
2015.10.09 17:11:07.737,0.8055,0.80574,2.25,1.00
2015.10.09 17:11:08.308,0.8055,0.80575,2.25,1.50
2015.10.09 17:11:08.665,0.80555,0.80575,1.00,1.00
2015.10.09 17:11:09.766,0.80551,0.80574,1.50,1.00
2015.10.09 17:11:10.871,0.80551,0.80575,1.50,1.00
2015.10.09 17:11:12.373,0.80555,0.80575,1.00,1.00
2015.10.09 17:11:14.821,0.80554,0.80575,1.00,1.00
2015.10.09 17:11:15.170,0.80555,0.80576,1.50,1.00
2015.10.09 17:11:15.920,0.80551,0.80575,1.75,1.00
2015.10.09 17:11:16.787,0.8055,0.80574,2.25,1.00
2015.10.09 17:11:19.895,0.8055,0.80573,1.75,1.00
2015.10.09 17:11:20.485,0.8055,0.80575,1.75,1.00
2015.10.09 17:11:21.144,0.8055,0.80574,2.25,1.00
2015.10.09 17:11:21.856,0.8055,0.80574,2.25,1.12
2015.10.09 17:11:22.399,0.80555,0.80575,1.00,1.50
2015.10.09 17:11:24.160,0.80555,0.80576,1.00,1.12
2015.10.09 17:11:25.577,0.80554,0.80576,1.12,1.12
2015.10.09 17:11:30.311,0.80555,0.80577,1.00,1.50
2015.10.09 17:11:30.974,0.8056,0.80579,1.00,1.12
2015.10.09 17:11:35.143,0.80555,0.8058,1.75,2.25
2015.10.09 17:11:35.371,0.8056,0.8058,1.00,1.50
2015.10.09 17:11:35.836,0.80555,0.8058,1.75,1.50
2015.10.09 17:11:43.589,0.80552,0.8057,1.75,1.00
2015.10.09 17:11:43.640,0.8055,0.8057,1.75,1.00
2015.10.09 17:11:43.691,0.8055,0.8057,1.00,1.12
2015.10.09 17:11:43.792,0.8055,0.8057,1.00,1.75
2015.10.09 17:11:44.095,0.8055,0.80569,1.00,1.75
2015.10.09 17:11:53.864,0.80549,0.80567,1.00,1.75
2015.10.09 17:11:54.818,0.80549,0.80567,1.00,1.12
2015.10.09 17:11:56.635,0.80549,0.80566,1.00,1.00
2015.10.09 17:11:56.736,0.80549,0.80566,1.00,1.75
2015.10.09 17:11:57.464,0.80549,0.80568,1.00,1.75
2015.10.09 17:11:58.137,0.80549,0.80568,1.00,1.75
2015.10.09 17:11:59.898,0.80545,0.8057,1.00,1.75
2015.10.09 17:12:00.049,0.8055,0.80569,1.00,1.75
2015.10.09 17:12:00.603,0.8055,0.80571,1.00,1.75
2015.10.09 17:12:01.108,0.8055,0.8057,1.00,1.00
2015.10.09 17:12:01.651,0.8055,0.80571,1.00,1.00
2015.10.09 17:12:03.612,0.8055,0.80571,1.00,1.50
2015.10.09 17:12:05.869,0.80549,0.8057,1.00,1.37
2015.10.09 17:12:10.167,0.8055,0.80573,1.00,1.75
2015.10.09 17:12:10.471,0.80555,0.80573,1.00,1.50
2015.10.09 17:12:10.686,0.8055,0.80574,1.00,2.25
2015.10.09 17:12:11.232,0.8055,0.80571,1.00,1.00
2015.10.09 17:12:11.642,0.80545,0.80569,1.75,1.00
2015.10.09 17:12:12.382,0.80545,0.80568,1.50,1.00
2015.10.09 17:12:12.848,0.80545,0.8057,1.50,1.00
2015.10.09 17:12:13.405,0.80545,0.80569,1.50,1.00
2015.10.09 17:12:15.913,0.80545,0.8057,1.50,2.25
2015.10.09 17:12:16.052,0.8055,0.8057,1.00,1.50
2015.10.09 17:12:17.067,0.8055,0.80571,1.00,1.00
2015.10.09 17:12:17.573,0.8055,0.80573,1.00,1.50
2015.10.09 17:12:23.947,0.8055,0.80571,1.00,1.00
2015.10.09 17:12:28.776,0.8055,0.80569,1.00,1.00
2015.10.09 17:12:28.971,0.8055,0.80572,1.00,1.12
2015.10.09 17:12:34.403,0.8055,0.80573,1.12,1.12
2015.10.09 17:12:35.397,0.80549,0.80572,1.50,1.00
2015.10.09 17:12:36.341,0.80549,0.80571,1.50,1.00
2015.10.09 17:12:45.119,0.80549,0.80571,1.00,1.50
2015.10.09 17:12:47.831,0.80555,0.80572,1.00,1.75
2015.10.09 17:12:48.533,0.80555,0.80572,1.00,1.00
2015.10.09 17:12:50.522,0.80555,0.80573,1.00,1.12
2015.10.09 17:12:53.837,0.80555,0.80578,1.00,1.75
2015.10.09 17:12:53.888,0.8056,0.80578,1.00,1.75
2015.10.09 17:12:54.090,0.80555,0.80578,1.00,1.75
2015.10.09 17:12:54.987,0.8056,0.80578,1.00,1.75
2015.10.09 17:12:55.226,0.80555,0.80578,1.00,1.75
2015.10.09 17:12:57.731,0.80555,0.80578,1.50,1.00
2015.10.09 17:12:58.287,0.80555,0.80579,1.50,1.12
2015.10.09 17:13:01.988,0.80555,0.80578,1.50,1.00
2015.10.09 17:13:02.745,0.80555,0.80577,1.50,1.00
2015.10.09 17:13:03.445,0.80555,0.80577,1.00,1.50
2015.10.09 17:13:06.666,0.80555,0.80576,1.00,1.75
2015.10.09 17:13:06.969,0.80555,0.80576,1.00,1.00
2015.10.09 17:13:07.483,0.80555,0.80577,1.00,1.12
2015.10.09 17:13:08.839,0.8056,0.80579,1.00,1.75
2015.10.09 17:13:08.940,0.80555,0.80578,1.00,1.50
2015.10.09 17:13:09.451,0.80555,0.80576,1.00,1.00
2015.10.09 17:13:11.799,0.80555,0.80577,1.00,1.12
2015.10.09 17:13:12.862,0.80555,0.80577,1.75,1.00
2015.10.09 17:13:13.169,0.8056,0.80579,1.00,1.00
2015.10.09 17:13:22.178,0.8056,0.80581,1.00,1.50
2015.10.09 17:13:24.109,0.8056,0.80579,1.00,1.00
2015.10.09 17:13:24.495,0.8056,0.80579,1.75,1.00
2015.10.09 17:13:24.646,0.8056,0.80583,1.75,1.00
2015.10.09 17:13:25.175,0.8056,0.80582,1.75,1.00
2015.10.09 17:13:25.679,0.8056,0.80581,1.75,1.00
2015.10.09 17:13:28.924,0.80558,0.80578,1.00,1.00
2015.10.09 17:13:30.907,0.80558,0.80579,1.00,1.00
2015.10.09 17:13:30.958,0.8056,0.80579,1.00,1.00
2015.10.09 17:13:31.466,0.8056,0.8058,1.00,1.00
2015.10.09 17:13:38.102,0.8056,0.80581,1.00,1.00
2015.10.09 17:13:38.405,0.8056,0.80583,1.75,1.00
2015.10.09 17:13:38.759,0.80556,0.80581,1.75,1.00
2015.10.09 17:13:39.362,0.80556,0.80582,1.75,1.00
2015.10.09 17:13:41.339,0.80556,0.80581,1.75,1.00
2015.10.09 17:13:43.362,0.80557,0.80582,1.75,1.00
2015.10.09 17:13:43.514,0.80558,0.80582,1.50,1.12
2015.10.09 17:13:44.290,0.8056,0.80582,1.00,1.12
2015.10.09 17:13:51.425,0.8056,0.80583,1.37,1.37
2015.10.09 17:13:51.475,0.8056,0.80583,1.75,1.00
2015.10.09 17:13:52.395,0.8056,0.80584,1.75,1.00
2015.10.09 17:13:54.596,0.8056,0.80585,1.75,1.12
2015.10.09 17:13:55.037,0.8056,0.80582,1.75,1.00
2015.10.09 17:13:56.977,0.8056,0.80583,1.00,1.50
2015.10.09 17:13:58.326,0.8056,0.80581,1.00,1.00
2015.10.09 17:13:58.898,0.8056,0.80582,1.00,1.12
2015.10.09 17:14:00.929,0.8056,0.8058,1.00,1.00
2015.10.09 17:14:01.356,0.80555,0.8058,1.75,1.00
2015.10.09 17:14:02.280,0.8056,0.8058,1.00,1.00
2015.10.09 17:14:03.063,0.80555,0.80578,1.37,1.00
2015.10.09 17:14:03.114,0.80555,0.80578,1.12,1.12
2015.10.09 17:14:06.448,0.80555,0.80577,1.12,1.37
2015.10.09 17:14:06.906,0.8055,0.80575,1.75,1.12
2015.10.09 17:14:07.709,0.80555,0.80575,1.00,1.12
2015.10.09 17:14:23.289,0.8055,0.80576,1.75,1.50
2015.10.09 17:14:26.309,0.80555,0.80576,1.00,1.50
2015.10.09 17:14:28.622,0.8055,0.80576,1.75,1.50
2015.10.09 17:14:30.245,0.80555,0.80576,1.00,1.50
2015.10.09 17:14:35.094,0.8055,0.80575,1.37,1.50
2015.10.09 17:14:35.145,0.8055,0.80575,1.00,1.75
2015.10.09 17:14:43.940,0.8055,0.80576,1.37,1.50
2015.10.09 17:14:44.271,0.80555,0.80577,1.00,1.75
2015.10.09 17:14:45.344,0.80551,0.80577,2.10,1.75
2015.10.09 17:14:45.717,0.8055,0.80574,1.72,1.50
2015.10.09 17:14:47.086,0.8055,0.80574,1.12,1.50
2015.10.09 17:14:52.439,0.80545,0.80572,1.75,2.25
2015.10.09 17:15:00.067,0.8055,0.80572,1.00,1.75
2015.10.09 17:15:00.606,0.8055,0.80574,1.00,2.25
2015.10.09 17:15:02.266,0.8055,0.80576,1.37,3.00
2015.10.09 17:15:02.548,0.8055,0.80576,1.75,2.25
2015.10.09 17:15:06.250,0.80555,0.80577,1.00,1.75
2015.10.09 17:15:08.892,0.8055,0.80576,2.25,1.50
2015.10.09 17:15:10.496,0.80555,0.80578,1.00,2.25
2015.10.09 17:15:11.051,0.80551,0.80578,1.50,2.25
2015.10.09 17:15:12.799,0.80552,0.80578,1.50,1.50
2015.10.09 17:15:13.047,0.80552,0.80578,1.75,1.50
2015.10.09 17:15:14.103,0.80552,0.80578,1.37,1.75
2015.10.09 17:15:14.204,0.80551,0.80576,1.50,1.50
2015.10.09 17:15:14.739,0.80552,0.80576,1.00,1.50
2015.10.09 17:15:14.941,0.8055,0.80577,2.25,1.87
2015.10.09 17:15:15.481,0.80552,0.80577,1.12,1.75
2015.10.09 17:15:15.633,0.80552,0.80577,1.75,1.00
2015.10.09 17:15:16.104,0.8055,0.80567,1.00,1.87
2015.10.09 17:15:16.155,0.8054,0.80567,2.25,2.25
2015.10.09 17:15:16.471,0.80538,0.80564,1.75,1.00
2015.10.09 17:15:21.151,0.80536,0.80564,2.25,1.37
2015.10.09 17:15:21.302,0.80536,0.80561,1.75,1.00
2015.10.09 17:15:21.454,0.80535,0.80561,1.75,1.75
2015.10.09 17:15:22.086,0.80535,0.80558,1.75,1.00
2015.10.09 17:15:22.245,0.80535,0.80559,1.00,1.75
2015.10.09 17:15:25.590,0.80535,0.8056,1.37,2.25
2015.10.09 17:15:25.691,0.80535,0.80561,1.75,1.75
2015.10.09 17:15:26.349,0.8054,0.80562,1.00,2.25
2015.10.09 17:15:26.803,0.80535,0.8056,1.75,1.50
2015.10.09 17:15:27.690,0.80534,0.80562,3.00,1.37
2015.10.09 17:15:27.791,0.80534,0.80562,3.75,1.12
2015.10.09 17:15:28.311,0.8054,0.80565,1.37,1.37
2015.10.09 17:15:28.362,0.8054,0.80565,1.75,1.00
2015.10.09 17:15:30.329,0.8054,0.80563,1.75,1.00
2015.10.09 17:15:31.956,0.80536,0.80562,3.00,1.00
2015.10.09 17:15:32.107,0.80535,0.80562,1.75,1.00
2015.10.09 17:15:34.266,0.80535,0.80561,1.75,1.00
2015.10.09 17:15:34.517,0.80535,0.80561,1.75,1.12
2015.10.09 17:15:34.943,0.80534,0.80559,1.75,1.50
2015.10.09 17:15:38.988,0.80535,0.8056,2.25,1.37
2015.10.09 17:15:39.359,0.80538,0.80562,1.00,1.50
2015.10.09 17:15:40.123,0.80535,0.80563,5.25,1.00
2015.10.09 17:15:40.224,0.80538,0.80565,1.75,1.12
2015.10.09 17:15:40.539,0.80539,0.80563,1.00,1.50
2015.10.09 17:15:41.840,0.8054,0.80563,1.00,1.00
2015.10.09 17:15:53.284,0.80539,0.80563,1.50,1.00
2015.10.09 17:15:57.599,0.8054,0.80563,1.00,1.00
2015.10.09 17:15:59.043,0.8054,0.80564,1.75,1.12
2015.10.09 17:16:00.147,0.8054,0.80562,1.75,1.00
2015.10.09 17:16:00.589,0.80535,0.8056,1.75,1.12
2015.10.09 17:16:01.253,0.80535,0.8056,1.00,2.25
2015.10.09 17:16:05.347,0.8053,0.80557,2.25,1.37
2015.10.09 17:16:13.921,0.80535,0.80556,1.00,1.12
2015.10.09 17:16:14.449,0.80534,0.80557,1.12,1.37
2015.10.09 17:16:15.176,0.80535,0.8056,1.00,1.75
2015.10.09 17:16:15.545,0.80535,0.8056,1.37,1.50
2015.10.09 17:16:15.595,0.80535,0.8056,2.25,1.12
2015.10.09 17:16:15.646,0.8054,0.8056,1.00,1.12
2015.10.09 17:16:17.758,0.80535,0.8056,1.75,1.12
2015.10.09 17:16:18.369,0.80535,0.8056,3.00,1.00
2015.10.09 17:16:18.470,0.8054,0.80565,1.50,1.12
2015.10.09 17:16:18.521,0.8054,0.80567,2.25,1.87
2015.10.09 17:16:18.823,0.80542,0.80565,1.75,1.00
2015.10.09 17:16:22.041,0.8054,0.80567,2.25,1.12
2015.10.09 17:16:23.237,0.8054,0.80566,2.25,1.00
2015.10.09 17:16:23.869,0.8054,0.80565,2.25,1.00
2015.10.09 17:16:24.519,0.8054,0.80564,1.75,1.00
2015.10.09 17:16:26.691,0.8054,0.80564,1.75,1.00
2015.10.09 17:16:26.742,0.8054,0.80564,1.75,1.00
2015.10.09 17:16:27.254,0.80539,0.80563,1.75,1.00
2015.10.09 17:16:27.857,0.80539,0.80564,1.75,1.00
2015.10.09 17:16:28.358,0.80539,0.80563,1.75,1.00
2015.10.09 17:16:29.070,0.80539,0.80564,2.25,1.00
2015.10.09 17:16:29.814,0.8054,0.80565,1.75,1.50
2015.10.09 17:16:32.438,0.80541,0.80566,1.75,1.00
2015.10.09 17:16:33.933,0.80541,0.80565,1.75,1.00
2015.10.09 17:16:34.578,0.8054,0.80566,2.25,1.00
2015.10.09 17:16:36.692,0.8054,0.80564,1.75,1.00
2015.10.09 17:16:39.967,0.8054,0.80566,1.75,1.00
2015.10.09 17:16:40.429,0.8054,0.80566,3.75,1.00
2015.10.09 17:16:40.580,0.80541,0.80569,2.25,1.00
2015.10.09 17:16:40.833,0.80543,0.80567,1.75,1.00
2015.10.09 17:16:41.148,0.80542,0.80567,3.00,1.00
2015.10.09 17:16:44.209,0.80545,0.80569,1.75,1.00
2015.10.09 17:16:46.921,0.80545,0.80569,1.75,1.00
2015.10.09 17:16:47.521,0.80545,0.80568,1.75,1.00
2015.10.09 17:16:48.145,0.80545,0.80567,1.75,1.00
2015.10.09 17:16:50.030,0.80545,0.80567,1.00,1.12
2015.10.09 17:16:50.081,0.8054,0.80565,2.25,1.50
2015.10.09 17:16:50.493,0.8054,0.80563,1.75,1.00
2015.10.09 17:16:51.034,0.8054,0.80562,1.75,1.00
2015.10.09 17:16:52.371,0.80545,0.80566,1.75,1.00
2015.10.09 17:16:52.893,0.80541,0.80565,1.75,1.00
2015.10.09 17:16:54.146,0.80545,0.80567,1.75,1.00
2015.10.09 17:16:54.855,0.80545,0.80568,1.75,1.00
2015.10.09 17:16:55.451,0.80545,0.80567,1.75,1.00
2015.10.09 17:16:56.571,0.80545,0.80566,1.75,1.00
2015.10.09 17:16:56.773,0.80545,0.80566,1.50,1.00
2015.10.09 17:16:58.211,0.80542,0.80569,1.75,1.87
2015.10.09 17:17:00.623,0.80543,0.80566,1.75,1.00
2015.10.09 17:17:02.388,0.80544,0.80566,1.75,1.00
2015.10.09 17:17:02.489,0.80544,0.80568,1.75,1.00
2015.10.09 17:17:04.575,0.80544,0.8057,1.75,1.00
2015.10.09 17:17:04.994,0.80549,0.80572,1.12,1.12
2015.10.09 17:17:05.146,0.80549,0.80569,1.12,1.00
2015.10.09 17:17:12.297,0.80544,0.80571,2.25,1.00
2015.10.09 17:17:14.371,0.80544,0.80572,2.25,1.12
2015.10.09 17:17:14.705,0.80545,0.80572,3.75,1.00
2015.10.09 17:17:15.253,0.80545,0.80573,3.00,1.00
2015.10.09 17:17:18.142,0.8055,0.80574,1.75,1.00
2015.10.09 17:17:19.119,0.80547,0.80575,1.75,1.12
2015.10.09 17:17:19.651,0.80547,0.80574,2.25,1.00
2015.10.09 17:17:20.305,0.80547,0.80573,1.75,1.00
2015.10.09 17:17:20.456,0.80547,0.80574,1.75,1.75
2015.10.09 17:17:20.508,0.80545,0.8057,2.25,1.00
2015.10.09 17:17:21.125,0.80545,0.80571,2.25,1.00
2015.10.09 17:17:22.534,0.80545,0.80573,2.25,1.50
2015.10.09 17:17:23.081,0.80545,0.80571,1.75,1.00
2015.10.09 17:17:27.802,0.80545,0.80572,3.00,1.12
2015.10.09 17:17:31.629,0.8055,0.80575,1.75,1.50
2015.10.09 17:17:43.223,0.80554,0.80579,1.37,1.75
2015.10.09 17:17:43.324,0.80555,0.80582,2.25,1.00
2015.10.09 17:17:43.426,0.8056,0.80585,1.50,1.50
2015.10.09 17:17:43.477,0.8056,0.80585,1.50,1.12
2015.10.09 17:17:43.982,0.80565,0.80586,1.00,1.12
2015.10.09 17:17:44.646,0.80565,0.80584,1.00,1.00
2015.10.09 17:17:45.428,0.80565,0.80585,1.00,1.00
2015.10.09 17:17:50.607,0.80565,0.80584,1.00,1.00
2015.10.09 17:17:51.242,0.80565,0.80585,1.00,1.50
2015.10.09 17:17:51.343,0.8056,0.80584,1.50,1.12
2015.10.09 17:17:51.444,0.80565,0.80583,1.00,1.00
2015.10.09 17:17:51.647,0.8056,0.80583,1.50,1.00
2015.10.09 17:17:52.194,0.8056,0.80582,1.50,1.00
2015.10.09 17:17:53.318,0.8056,0.80582,1.12,1.87
2015.10.09 17:17:54.718,0.80555,0.8058,1.75,1.12
2015.10.09 17:17:56.698,0.8056,0.80581,1.00,1.50
2015.10.09 17:18:01.450,0.80555,0.8058,1.75,1.12
2015.10.09 17:18:06.295,0.80555,0.80578,1.12,1.12
2015.10.09 17:18:06.946,0.80555,0.80577,1.12,1.00
2015.10.09 17:18:10.569,0.80555,0.80577,1.12,1.37
2015.10.09 17:18:11.214,0.80555,0.80577,1.00,1.75
2015.10.09 17:18:12.135,0.8055,0.80575,1.75,1.87
2015.10.09 17:18:12.681,0.8055,0.80574,1.75,1.00
2015.10.09 17:18:14.436,0.8055,0.80575,1.75,1.87
2015.10.09 17:18:18.632,0.80555,0.80579,1.00,1.75
2015.10.09 17:18:18.733,0.80555,0.80579,1.12,1.50
2015.10.09 17:18:19.717,0.8055,0.80577,2.25,1.00
2015.10.09 17:18:23.420,0.80551,0.80578,1.75,1.12
2015.10.09 17:18:24.943,0.80552,0.80577,1.75,1.00
2015.10.09 17:18:26.096,0.80552,0.80578,1.75,1.12
2015.10.09 17:18:28.125,0.80552,0.80579,1.75,1.00
2015.10.09 17:18:29.501,0.80555,0.80579,1.37,1.37
2015.10.09 17:18:29.552,0.80555,0.80579,1.12,1.75
2015.10.09 17:18:34.697,0.80555,0.80581,1.75,1.87
2015.10.09 17:18:34.798,0.8056,0.80581,1.00,1.12
2015.10.09 17:18:35.327,0.80555,0.8058,1.75,1.00
2015.10.09 17:18:36.469,0.80555,0.80582,3.00,1.50
2015.10.09 17:18:38.097,0.8056,0.80585,1.75,1.00
2015.10.09 17:18:38.437,0.8056,0.80584,1.37,1.37
2015.10.09 17:18:42.196,0.80556,0.80582,1.75,1.00
2015.10.09 17:18:45.483,0.80556,0.80583,1.75,1.12
2015.10.09 17:18:50.246,0.80556,0.80583,1.75,1.75
2015.10.09 17:18:55.692,0.80552,0.80579,3.00,1.00
2015.10.09 17:18:56.422,0.80552,0.80579,2.25,1.37
2015.10.09 17:18:56.472,0.80552,0.80579,2.25,1.50
2015.10.09 17:18:59.430,0.80552,0.80579,2.25,1.00
2015.10.09 17:18:59.935,0.80554,0.80581,2.25,1.50
2015.10.09 17:19:00.634,0.8056,0.80582,1.00,1.75
2015.10.09 17:19:00.685,0.8056,0.80584,1.50,1.12
2015.10.09 17:19:01.193,0.80556,0.80583,2.25,1.50
2015.10.09 17:19:01.244,0.80556,0.80581,2.25,1.00
2015.10.09 17:19:01.345,0.80557,0.80581,1.00,1.00
2015.10.09 17:19:04.991,0.80557,0.80582,1.50,1.00
2015.10.09 17:19:05.143,0.8056,0.80582,1.00,1.00
2015.10.09 17:19:05.244,0.8056,0.80584,1.50,1.12
2015.10.09 17:19:06.510,0.80559,0.80583,1.75,1.00
2015.10.09 17:19:07.180,0.80559,0.80585,1.75,1.50
2015.10.09 17:19:17.772,0.80558,0.80583,1.75,1.00
2015.10.09 17:19:17.874,0.80557,0.80583,1.50,1.75
2015.10.09 17:19:20.482,0.80555,0.80581,2.25,1.75
2015.10.09 17:19:23.995,0.80556,0.80582,1.75,1.00
2015.10.09 17:19:24.600,0.80556,0.80583,1.75,1.87
2015.10.09 17:19:25.596,0.8056,0.80585,1.75,1.12
2015.10.09 17:19:32.399,0.8056,0.80584,2.25,1.00
2015.10.09 17:19:32.880,0.8056,0.80582,2.25,1.00
2015.10.09 17:19:33.192,0.8056,0.8058,2.25,1.00
2015.10.09 17:19:33.769,0.80558,0.8058,1.75,1.00
2015.10.09 17:19:35.681,0.80559,0.80578,1.50,1.00
2015.10.09 17:19:36.238,0.80557,0.80577,2.25,1.00
2015.10.09 17:19:36.340,0.80557,0.80579,2.25,1.00
2015.10.09 17:19:36.876,0.80557,0.8058,2.25,1.00
2015.10.09 17:19:37.304,0.80557,0.80577,2.25,1.00
2015.10.09 17:19:37.424,0.80557,0.80579,2.25,1.00
2015.10.09 17:19:37.826,0.80557,0.80579,1.75,1.00
2015.10.09 17:19:38.073,0.80557,0.80579,1.75,1.00
2015.10.09 17:19:38.780,0.80557,0.8058,2.25,1.00
2015.10.09 17:19:39.682,0.80557,0.80579,2.25,1.00
2015.10.09 17:19:41.160,0.80557,0.80578,2.25,1.00
2015.10.09 17:19:41.690,0.80555,0.80577,1.75,1.00
2015.10.09 17:19:42.192,0.80556,0.80578,1.75,1.00
2015.10.09 17:19:42.894,0.80557,0.80579,1.75,1.00
2015.10.09 17:19:43.396,0.80557,0.80578,1.75,1.00
2015.10.09 17:19:45.251,0.80557,0.80579,1.75,1.00
2015.10.09 17:19:45.352,0.80555,0.80577,2.25,1.00
2015.10.09 17:19:45.453,0.80555,0.80577,2.25,1.00
2015.10.09 17:19:45.979,0.80555,0.80576,2.25,1.00
2015.10.09 17:19:49.012,0.80555,0.80578,2.25,1.00
2015.10.09 17:19:49.063,0.80558,0.80578,1.00,1.00
2015.10.09 17:19:51.495,0.80558,0.80581,1.00,1.00
2015.10.09 17:19:51.647,0.80555,0.80577,1.50,1.00
2015.10.09 17:19:52.154,0.80555,0.80576,1.50,1.00
2015.10.09 17:19:53.144,0.80555,0.80577,1.50,1.00
2015.10.09 17:19:54.049,0.80555,0.80578,2.25,1.00
2015.10.09 17:19:54.376,0.80557,0.80581,1.75,1.00
2015.10.09 17:19:54.795,0.80557,0.80583,2.25,1.00
2015.10.09 17:19:55.276,0.80558,0.8058,1.75,1.00
2015.10.09 17:19:55.778,0.80557,0.80579,1.75,1.00
2015.10.09 17:19:58.798,0.80555,0.80578,2.25,1.00
2015.10.09 17:19:59.450,0.80555,0.80577,2.25,1.00
2015.10.09 17:19:59.967,0.80555,0.80578,2.25,1.00
2015.10.09 17:20:00.885,0.80556,0.80579,1.75,1.00
2015.10.09 17:20:01.605,0.80556,0.80578,1.75,1.00
2015.10.09 17:20:07.005,0.80556,0.80579,1.75,1.00
2015.10.09 17:20:07.582,0.80556,0.8058,1.75,1.00
2015.10.09 17:20:12.517,0.80557,0.80581,1.75,1.00
2015.10.09 17:20:12.836,0.80557,0.80583,1.75,1.12
2015.10.09 17:20:16.819,0.80557,0.80581,1.75,1.00
2015.10.09 17:20:17.827,0.80557,0.8058,1.75,1.00
2015.10.09 17:20:18.365,0.80557,0.8058,1.50,1.00
2015.10.09 17:20:18.416,0.80557,0.8058,1.50,1.00
2015.10.09 17:20:24.431,0.80557,0.80582,1.50,1.50
2015.10.09 17:20:24.482,0.80557,0.80582,1.75,1.00
2015.10.09 17:20:24.987,0.80557,0.80581,1.75,1.00
2015.10.09 17:20:31.351,0.80557,0.8058,1.75,1.00
2015.10.09 17:20:31.535,0.80555,0.80578,3.00,1.00
2015.10.09 17:20:32.053,0.80556,0.80579,1.75,1.00
2015.10.09 17:20:32.763,0.80556,0.8058,1.75,1.00
2015.10.09 17:20:37.035,0.80556,0.80579,1.75,1.00
2015.10.09 17:20:37.145,0.80556,0.80583,1.75,2.25
2015.10.09 17:20:41.924,0.80555,0.80583,2.25,1.50
2015.10.09 17:20:56.105,0.8056,0.80585,1.00,1.75
2015.10.09 17:21:01.873,0.8056,0.80585,1.50,2.25
2015.10.09 17:21:07.565,0.8056,0.80586,1.75,1.12
2015.10.09 17:21:17.565,0.8056,0.80587,2.25,1.75
2015.10.09 17:21:18.069,0.8056,0.80587,3.00,1.12
2015.10.09 17:21:18.567,0.8057,0.80588,1.00,2.25
2015.10.09 17:21:19.538,0.80565,0.80588,1.00,1.50
2015.10.09 17:21:26.391,0.80565,0.80589,1.75,1.12
2015.10.09 17:21:29.795,0.80565,0.80586,1.00,1.00
2015.10.09 17:21:30.317,0.80565,0.80588,1.00,1.50
2015.10.09 17:21:32.310,0.80565,0.80589,1.37,1.37
2015.10.09 17:21:32.858,0.80565,0.80589,1.75,1.00
2015.10.09 17:21:38.129,0.80569,0.80589,1.00,1.00
2015.10.09 17:21:38.982,0.80569,0.8059,1.00,1.12
2015.10.09 17:21:42.392,0.80569,0.80589,1.00,1.00
2015.10.09 17:21:42.894,0.80565,0.80589,1.75,1.00
2015.10.09 17:21:48.631,0.80565,0.80589,1.50,1.87
2015.10.09 17:21:48.733,0.80565,0.80589,1.12,2.25
2015.10.09 17:21:49.668,0.80565,0.80589,1.37,1.12
2015.10.09 17:21:50.139,0.8057,0.80591,1.00,1.50
2015.10.09 17:21:50.553,0.8057,0.80589,1.00,1.37
2015.10.09 17:21:50.855,0.8057,0.80585,1.00,1.12
2015.10.09 17:21:50.906,0.80565,0.80585,1.00,1.12
2015.10.09 17:21:50.957,0.80565,0.80585,1.00,1.37
2015.10.09 17:21:51.274,0.80565,0.80584,1.00,1.50
2015.10.09 17:21:51.698,0.80565,0.80581,1.00,2.25
2015.10.09 17:21:51.874,0.8056,0.8058,1.00,1.75
2015.10.09 17:21:55.864,0.80555,0.80581,1.00,2.25
2015.10.09 17:22:03.580,0.80555,0.80579,1.37,1.12
2015.10.09 17:22:05.951,0.80555,0.8058,1.75,1.12
2015.10.09 17:22:21.456,0.80555,0.80581,1.75,1.37
2015.10.09 17:22:21.744,0.80559,0.80582,1.50,1.12
2015.10.09 17:22:21.846,0.8056,0.80582,1.50,1.12
2015.10.09 17:22:21.947,0.8056,0.80585,1.75,1.00
2015.10.09 17:22:22.464,0.8056,0.80589,2.25,1.75
2015.10.09 17:22:22.767,0.8056,0.80589,2.25,1.50
2015.10.09 17:22:22.818,0.8056,0.80589,2.25,1.50
2015.10.09 17:22:41.939,0.80565,0.80589,1.50,2.25
2015.10.09 17:22:54.600,0.80565,0.80591,1.75,1.12
2015.10.09 17:22:57.944,0.80563,0.8059,1.75,1.00
2015.10.09 17:22:58.204,0.80567,0.80594,1.87,1.37
2015.10.09 17:22:58.259,0.8057,0.80595,1.75,1.87
2015.10.09 17:23:01.209,0.8057,0.80595,1.12,1.75
2015.10.09 17:23:03.016,0.8057,0.80598,3.00,1.37
2015.10.09 17:23:03.708,0.80575,0.80598,1.00,1.37
2015.10.09 17:23:04.713,0.80575,0.80599,1.37,1.00
2015.10.09 17:23:05.103,0.8058,0.80602,1.00,1.37
2015.10.09 17:23:05.154,0.8058,0.80602,1.00,1.00
2015.10.09 17:23:05.307,0.8058,0.80603,1.00,1.87
2015.10.09 17:23:05.509,0.80574,0.80599,1.12,1.75
2015.10.09 17:23:05.812,0.80574,0.80595,1.00,1.37
2015.10.09 17:23:06.333,0.80575,0.80594,1.00,1.12
2015.10.09 17:23:12.628,0.80575,0.80594,1.00,1.37
2015.10.09 17:23:16.674,0.8057,0.80594,1.00,1.75
2015.10.09 17:23:20.832,0.8057,0.80592,1.00,2.25
2015.10.09 17:23:21.375,0.8057,0.80588,1.00,1.00
2015.10.09 17:23:21.426,0.80565,0.80588,1.12,1.37
2015.10.09 17:23:22.625,0.80565,0.80589,1.00,3.00
2015.10.09 17:23:22.928,0.8057,0.80591,1.00,2.25
2015.10.09 17:23:23.224,0.8057,0.80591,1.00,2.25
2015.10.09 17:23:24.387,0.80565,0.80591,1.00,2.25
2015.10.09 17:23:25.124,0.80566,0.80593,1.37,1.75
2015.10.09 17:23:25.174,0.80566,0.80593,1.50,1.75
2015.10.09 17:23:32.827,0.80565,0.80591,1.75,1.37
2015.10.09 17:23:32.878,0.80565,0.80591,1.75,1.00
2015.10.09 17:23:35.499,0.80565,0.80592,1.75,1.12
2015.10.09 17:23:38.005,0.80565,0.8059,1.75,1.00
2015.10.09 17:23:38.056,0.80565,0.8059,1.75,1.12
2015.10.09 17:23:38.610,0.80565,0.8059,1.75,1.12
2015.10.09 17:23:38.863,0.80561,0.80588,3.00,1.00
2015.10.09 17:23:39.557,0.80562,0.80589,2.25,1.00
2015.10.09 17:23:40.317,0.80565,0.80592,1.75,1.75
2015.10.09 17:23:57.240,0.80566,0.80592,1.75,1.50
2015.10.09 17:23:57.774,0.80567,0.80593,1.75,1.75
2015.10.09 17:24:01.084,0.80572,0.80599,1.87,1.75
2015.10.09 17:24:01.135,0.80572,0.80599,2.25,1.75
2015.10.09 17:24:01.186,0.80572,0.80599,2.25,1.50
2015.10.09 17:24:01.337,0.80576,0.80603,1.75,1.50
2015.10.09 17:24:01.838,0.80575,0.80601,2.25,1.00
2015.10.09 17:24:02.851,0.8058,0.80601,1.00,1.00
2015.10.09 17:24:03.393,0.8058,0.80603,1.00,1.50
2015.10.09 17:24:13.362,0.80575,0.80602,3.00,1.12
2015.10.09 17:24:13.902,0.80575,0.80601,2.25,1.00
2015.10.09 17:24:18.425,0.80576,0.80601,1.75,1.37
2015.10.09 17:24:18.729,0.80575,0.80596,1.37,1.00
2015.10.09 17:24:19.055,0.80571,0.80597,1.75,1.12
2015.10.09 17:24:19.567,0.80575,0.80596,1.00,1.00
2015.10.09 17:24:20.085,0.8057,0.80595,1.75,1.00
2015.10.09 17:24:20.702,0.80575,0.80595,1.00,1.00
2015.10.09 17:24:22.581,0.80575,0.80594,1.00,1.00
2015.10.09 17:24:24.002,0.80569,0.80594,1.75,1.12
2015.10.09 17:24:24.491,0.80574,0.80594,1.00,1.12
2015.10.09 17:24:29.796,0.8057,0.80593,1.75,1.12
2015.10.09 17:24:29.852,0.8057,0.80593,1.50,1.12
2015.10.09 17:24:33.156,0.8057,0.80595,1.75,1.37
2015.10.09 17:24:33.261,0.8057,0.80595,1.75,1.00
2015.10.09 17:24:37.834,0.8057,0.80594,1.75,1.00
2015.10.09 17:24:42.041,0.80575,0.80594,1.00,1.00
2015.10.09 17:24:42.417,0.8057,0.80594,1.50,1.50
2015.10.09 17:24:59.838,0.80569,0.80596,2.25,1.75
2015.10.09 17:25:10.824,0.8057,0.80593,1.75,1.00
2015.10.09 17:25:11.239,0.8057,0.80591,1.37,1.00
2015.10.09 17:25:11.290,0.8057,0.80591,1.00,1.12
2015.10.09 17:25:11.391,0.80565,0.80591,1.75,1.12
2015.10.09 17:25:16.359,0.80565,0.8059,1.75,1.00
2015.10.09 17:25:17.424,0.80565,0.80591,1.75,1.12
2015.10.09 17:25:18.193,0.80565,0.8059,1.75,1.00
2015.10.09 17:25:18.786,0.80566,0.80593,1.75,1.75
2015.10.09 17:25:19.171,0.8057,0.80593,1.00,1.75
2015.10.09 17:25:19.273,0.8057,0.80595,1.50,1.75
2015.10.09 17:25:22.062,0.8057,0.80591,1.50,1.00
2015.10.09 17:25:22.702,0.80569,0.80591,1.37,1.37
2015.10.09 17:25:22.803,0.80569,0.80591,1.00,1.75
2015.10.09 17:25:25.863,0.80565,0.8059,1.50,1.50
2015.10.09 17:25:34.825,0.80567,0.80593,1.37,1.50
2015.10.09 17:25:34.876,0.80567,0.80593,1.75,1.50
2015.10.09 17:25:35.401,0.8057,0.80593,1.00,1.50
2015.10.09 17:25:39.139,0.80569,0.80593,1.12,1.50
2015.10.09 17:25:42.197,0.80569,0.80591,1.12,1.00
2015.10.09 17:25:43.008,0.80567,0.80592,1.75,1.12
2015.10.09 17:25:52.079,0.80565,0.80588,2.25,1.00
2015.10.09 17:25:52.129,0.80565,0.80588,1.00,1.75
2015.10.09 17:25:52.460,0.8056,0.80583,1.00,1.75
2015.10.09 17:25:52.561,0.80564,0.80583,1.00,1.75
2015.10.09 17:25:52.880,0.8056,0.80586,1.00,1.75
2015.10.09 17:25:55.562,0.80565,0.80583,1.00,1.75
2015.10.09 17:25:55.664,0.80559,0.80583,1.12,1.75
2015.10.09 17:26:08.350,0.80555,0.80582,1.50,1.75
2015.10.09 17:26:14.660,0.80551,0.8058,2.25,1.50
2015.10.09 17:26:15.333,0.80551,0.80578,1.75,1.75
2015.10.09 17:26:29.724,0.80552,0.80578,1.75,1.12
2015.10.09 17:26:39.219,0.80555,0.80581,3.00,1.00
2015.10.09 17:26:39.320,0.80565,0.8059,1.00,1.75
2015.10.09 17:26:41.414,0.80565,0.80589,1.37,1.37
2015.10.09 17:26:41.464,0.80565,0.80589,2.25,1.00
2015.10.09 17:26:47.376,0.80565,0.80589,1.37,1.37
2015.10.09 17:26:47.427,0.80565,0.80589,1.00,1.75
2015.10.09 17:26:48.132,0.80563,0.80589,1.50,1.75
2015.10.09 17:26:48.736,0.80565,0.80587,1.00,1.12
2015.10.09 17:26:49.538,0.8056,0.80585,2.25,1.50
2015.10.09 17:26:49.740,0.8056,0.80585,1.50,2.25
2015.10.09 17:26:49.892,0.80565,0.80585,1.00,1.50
2015.10.09 17:26:52.755,0.80565,0.80586,1.00,1.50
2015.10.09 17:26:53.329,0.80565,0.80586,1.00,1.12
2015.10.09 17:26:54.482,0.8056,0.80585,1.75,1.37
2015.10.09 17:26:54.532,0.8056,0.80585,1.37,1.37
2015.10.09 17:26:54.811,0.80565,0.80586,1.00,1.50
2015.10.09 17:26:55.164,0.80565,0.80586,1.00,1.00
2015.10.09 17:26:58.921,0.80561,0.80587,1.75,1.50
2015.10.09 17:27:00.540,0.80565,0.80586,1.00,1.12
2015.10.09 17:27:02.091,0.8056,0.80587,3.00,1.50
2015.10.09 17:27:02.699,0.8056,0.80587,1.87,1.50
2015.10.09 17:27:02.750,0.8056,0.80584,1.50,1.75
2015.10.09 17:27:02.901,0.8056,0.80583,1.00,1.75
2015.10.09 17:27:03.104,0.80555,0.80576,1.00,1.00
2015.10.09 17:27:04.271,0.80555,0.80577,1.12,1.12
2015.10.09 17:27:12.710,0.80552,0.80578,1.75,1.12
2015.10.09 17:27:24.022,0.80552,0.80578,1.75,1.37
2015.10.09 17:27:24.123,0.80551,0.80578,1.75,1.75
2015.10.09 17:27:32.998,0.8055,0.80578,2.25,1.37
2015.10.09 17:27:33.049,0.8055,0.80578,2.25,1.00
2015.10.09 17:27:46.709,0.80555,0.80579,1.50,1.12
2015.10.09 17:27:46.861,0.80558,0.80581,1.00,1.00
2015.10.09 17:27:49.923,0.80558,0.80582,1.50,1.00
2015.10.09 17:27:59.969,0.80555,0.80582,3.00,1.00
2015.10.09 17:28:00.272,0.8056,0.80584,1.75,1.00
2015.10.09 17:28:00.475,0.8056,0.80587,1.75,1.00
2015.10.09 17:28:01.043,0.8056,0.80586,1.75,1.00
2015.10.09 17:28:01.094,0.8056,0.80586,1.75,1.37
2015.10.09 17:28:01.195,0.8056,0.80586,1.75,1.75
2015.10.09 17:28:02.092,0.8056,0.80583,1.75,1.00
2015.10.09 17:28:02.614,0.8056,0.80586,1.75,1.75
2015.10.09 17:28:03.118,0.8056,0.80583,1.75,1.00
2015.10.09 17:28:03.718,0.8056,0.80586,1.75,1.75
2015.10.09 17:28:04.474,0.80565,0.80588,1.00,1.50
2015.10.09 17:28:04.524,0.80565,0.80588,1.00,1.00
2015.10.09 17:28:05.668,0.80563,0.80588,1.00,1.00
2015.10.09 17:28:20.956,0.80561,0.80588,2.25,1.50
2015.10.09 17:28:36.419,0.8056,0.80587,2.25,1.37
2015.10.09 17:28:37.478,0.80561,0.80588,1.75,1.37
2015.10.09 17:28:37.982,0.80561,0.80588,1.75,1.75
2015.10.09 17:28:44.266,0.80563,0.80589,1.75,1.37
2015.10.09 17:28:44.318,0.80564,0.80591,1.75,2.25
2015.10.09 17:28:48.980,0.80561,0.80587,1.75,1.00
2015.10.09 17:28:49.535,0.80561,0.80589,1.75,1.12
2015.10.09 17:28:53.182,0.80561,0.80588,1.75,1.00
2015.10.09 17:28:55.035,0.80561,0.80588,1.75,1.37
2015.10.09 17:28:55.086,0.80561,0.80588,1.75,1.50
2015.10.09 17:28:57.227,0.80561,0.80588,2.25,1.12
2015.10.09 17:28:57.745,0.80566,0.80589,1.00,1.50
2015.10.09 17:28:58.049,0.80561,0.80587,1.75,1.50
2015.10.09 17:28:58.563,0.80559,0.80585,1.75,1.00
2015.10.09 17:28:59.152,0.80565,0.80585,1.00,1.00
2015.10.09 17:28:59.454,0.80565,0.80589,1.00,1.00
2015.10.09 17:29:02.084,0.80565,0.8059,1.00,1.50
2015.10.09 17:29:02.737,0.80565,0.80587,1.00,1.00
2015.10.09 17:29:04.168,0.80565,0.80589,1.00,1.00
2015.10.09 17:29:04.810,0.80565,0.8059,1.50,2.25
2015.10.09 17:29:05.358,0.80565,0.80589,1.00,1.50
2015.10.09 17:29:05.661,0.80562,0.80589,1.75,1.87
2015.10.09 17:29:06.023,0.8056,0.80585,1.75,1.00
2015.10.09 17:29:06.384,0.8056,0.80584,1.37,2.62
2015.10.09 17:29:06.434,0.80559,0.80583,1.50,1.50
2015.10.09 17:29:06.536,0.80559,0.80583,1.00,2.25
2015.10.09 17:29:07.189,0.80555,0.80583,2.25,1.75
2015.10.09 17:29:13.737,0.8055,0.80576,3.00,1.00
2015.10.09 17:29:14.296,0.8055,0.80577,3.00,1.00
2015.10.09 17:29:15.917,0.8055,0.80579,3.00,1.00
2015.10.09 17:29:17.823,0.80551,0.80578,1.75,1.00
2015.10.09 17:29:21.868,0.80551,0.80578,1.75,1.12
2015.10.09 17:29:22.383,0.8055,0.80578,1.75,1.12
2015.10.09 17:29:30.109,0.80549,0.80576,2.25,1.00
2015.10.09 17:29:36.109,0.8055,0.80577,2.25,1.00
2015.10.09 17:29:36.653,0.80551,0.80578,1.75,1.12
2015.10.09 17:29:37.310,0.80551,0.80578,2.25,1.50
2015.10.09 17:29:48.194,0.8055,0.80576,1.75,1.00
2015.10.09 17:29:48.783,0.8055,0.80577,2.25,1.12
2015.10.09 17:29:49.350,0.80549,0.80576,2.25,1.00
2015.10.09 17:29:50.844,0.8055,0.80578,1.75,1.50
2015.10.09 17:29:51.229,0.80549,0.80578,1.75,1.75
2015.10.09 17:29:51.280,0.8055,0.80577,1.75,1.75
2015.10.09 17:29:52.366,0.80551,0.80578,2.25,1.50
2015.10.09 17:29:57.038,0.80554,0.80578,1.75,1.37
2015.10.09 17:29:57.140,0.80555,0.80579,1.75,1.00
2015.10.09 17:29:57.653,0.80557,0.80583,1.75,1.37
2015.10.09 17:29:57.704,0.8056,0.80585,3.00,1.12
2015.10.09 17:29:57.755,0.8056,0.80585,3.00,1.12
2015.10.09 17:29:57.856,0.8056,0.80588,3.75,1.50
2015.10.09 17:30:00.456,0.8056,0.80586,1.75,1.00
2015.10.09 17:30:02.607,0.80561,0.80588,1.75,1.50
2015.10.09 17:30:03.474,0.8056,0.80588,2.25,1.75
2015.10.09 17:30:03.525,0.8056,0.80586,2.25,1.50
2015.10.09 17:30:03.929,0.80556,0.80581,1.75,1.00
2015.10.09 17:30:04.248,0.80555,0.80581,1.75,1.00
2015.10.09 17:30:04.776,0.80555,0.80582,1.75,1.12
2015.10.09 17:30:07.691,0.80555,0.80581,2.25,1.00
2015.10.09 17:30:08.363,0.80555,0.8058,2.25,1.00
2015.10.09 17:30:10.527,0.80555,0.80581,2.25,1.00
2015.10.09 17:30:21.038,0.8056,0.80581,1.37,1.00
2015.10.09 17:30:21.790,0.8056,0.80584,1.37,1.87
2015.10.09 17:30:29.491,0.8056,0.80581,1.37,1.00
2015.10.09 17:30:31.438,0.80557,0.8058,1.75,1.00
2015.10.09 17:30:31.975,0.8056,0.80581,1.37,1.00
2015.10.09 17:30:34.282,0.80556,0.8058,1.75,1.00
2015.10.09 17:30:34.787,0.8056,0.80581,1.37,1.00
2015.10.09 17:30:38.445,0.8056,0.80581,1.50,1.00
2015.10.09 17:30:38.596,0.8056,0.80583,1.75,1.00
2015.10.09 17:30:38.748,0.8056,0.80583,1.37,1.12
2015.10.09 17:30:39.355,0.80558,0.8058,1.75,1.00
2015.10.09 17:30:54.006,0.80556,0.8058,1.75,1.00
2015.10.09 17:31:07.587,0.8056,0.80583,1.50,1.00
2015.10.09 17:31:08.102,0.8056,0.80582,1.50,1.00
2015.10.09 17:31:08.376,0.8056,0.8058,1.00,1.00
2015.10.09 17:31:09.207,0.80555,0.8058,1.75,1.12
2015.10.09 17:31:09.824,0.8055,0.80577,2.25,1.12
2015.10.09 17:31:10.620,0.8055,0.80576,1.75,1.00
2015.10.09 17:31:13.820,0.8055,0.80572,1.00,1.37
2015.10.09 17:31:14.123,0.80545,0.80568,1.00,1.75
2015.10.09 17:31:17.595,0.80542,0.80568,1.50,1.75
2015.10.09 17:31:22.809,0.80542,0.80568,1.75,1.37
2015.10.09 17:31:22.860,0.8054,0.80568,3.00,1.12
2015.10.09 17:31:25.667,0.8054,0.80566,2.25,1.00
2015.10.09 17:31:29.321,0.80541,0.80567,1.75,1.00
2015.10.09 17:31:29.627,0.8054,0.80566,2.25,1.12
2015.10.09 17:31:31.290,0.8054,0.80564,2.25,1.00
2015.10.09 17:31:31.799,0.8054,0.80565,1.75,1.00
2015.10.09 17:31:32.939,0.8054,0.80563,1.75,1.00
2015.10.09 17:31:34.145,0.8054,0.80562,1.75,1.00
2015.10.09 17:31:37.458,0.8054,0.80564,1.75,1.00
2015.10.09 17:31:39.315,0.80539,0.80565,1.75,1.00
2015.10.09 17:31:39.724,0.8054,0.80567,3.00,1.37
2015.10.09 17:31:39.968,0.80541,0.80569,1.75,1.12
2015.10.09 17:31:40.267,0.80541,0.80569,3.75,1.00
2015.10.09 17:31:40.973,0.80543,0.8057,1.75,1.50
2015.10.09 17:31:45.239,0.80543,0.80569,1.75,1.00
2015.10.09 17:31:45.392,0.80543,0.80569,1.75,1.12
2015.10.09 17:32:01.885,0.80545,0.80571,1.50,1.50
2015.10.09 17:32:02.508,0.80547,0.80571,1.00,1.50
2015.10.09 17:32:05.120,0.80545,0.80571,1.75,1.12
2015.10.09 17:32:06.181,0.80545,0.8057,1.75,1.00
2015.10.09 17:32:06.282,0.80545,0.8057,1.75,1.12
2015.10.09 17:32:09.215,0.80545,0.80568,1.75,1.00
2015.10.09 17:32:09.681,0.80545,0.8057,1.75,1.12
2015.10.09 17:32:10.545,0.80545,0.80569,1.75,1.00
2015.10.09 17:32:11.063,0.80545,0.80568,1.75,1.00
2015.10.09 17:32:14.955,0.80545,0.80569,1.75,1.00
2015.10.09 17:32:17.465,0.80545,0.80568,1.75,1.00
2015.10.09 17:32:18.336,0.80545,0.80568,1.50,1.12
2015.10.09 17:32:18.387,0.80545,0.80568,1.12,1.12
2015.10.09 17:32:21.644,0.80545,0.80566,1.12,1.00
2015.10.09 17:32:23.445,0.80541,0.80567,1.75,1.00
2015.10.09 17:32:25.392,0.80541,0.80568,2.25,1.12
2015.10.09 17:32:26.055,0.80541,0.80566,1.75,1.00
2015.10.09 17:32:26.608,0.80541,0.80567,1.75,1.00
2015.10.09 17:32:27.129,0.80541,0.80568,2.25,1.12
2015.10.09 17:32:30.361,0.80544,0.8057,1.87,1.50
2015.10.09 17:32:36.992,0.80546,0.80566,1.37,1.00
2015.10.09 17:32:37.144,0.80542,0.80563,1.00,1.50
2015.10.09 17:32:37.195,0.8054,0.8056,1.00,1.00
2015.10.09 17:32:37.498,0.8054,0.80555,1.00,1.00
2015.10.09 17:32:38.590,0.8054,0.80556,1.00,1.00
2015.10.09 17:32:39.412,0.8054,0.80555,1.00,1.00
2015.10.09 17:32:40.192,0.80535,0.80554,1.75,1.00
2015.10.09 17:32:46.943,0.80535,0.80553,1.75,1.00
2015.10.09 17:32:47.960,0.8054,0.80553,1.00,1.00
2015.10.09 17:32:48.112,0.80535,0.80549,1.00,1.00
2015.10.09 17:32:48.163,0.80535,0.80551,1.00,1.00
2015.10.09 17:32:48.315,0.80535,0.80556,1.00,1.37
2015.10.09 17:32:48.619,0.80535,0.80557,1.37,1.12
2015.10.09 17:32:49.142,0.80535,0.80558,1.75,1.00
2015.10.09 17:32:49.689,0.80535,0.80559,1.75,1.00
2015.10.09 17:32:52.445,0.80535,0.80555,1.12,1.00
2015.10.09 17:32:52.748,0.8053,0.80555,1.50,1.50
2015.10.09 17:32:53.124,0.80535,0.80555,1.00,1.50
2015.10.09 17:32:55.016,0.8053,0.80555,1.50,1.50
2015.10.09 17:32:56.237,0.80535,0.80555,1.00,1.50
2015.10.09 17:32:58.801,0.8053,0.80555,1.50,1.50
2015.10.09 17:33:02.338,0.8053,0.80553,1.50,1.00
2015.10.09 17:33:02.439,0.8053,0.80553,1.12,1.37
2015.10.09 17:33:05.213,0.8053,0.80552,1.50,1.00
2015.10.09 17:33:05.768,0.8053,0.80553,1.50,1.87
2015.10.09 17:33:08.526,0.8053,0.80552,1.50,1.00
2015.10.09 17:33:09.535,0.8053,0.80553,1.50,1.87
2015.10.09 17:33:10.208,0.80535,0.80553,1.00,1.87
2015.10.09 17:33:10.395,0.8053,0.80553,1.50,1.87
2015.10.09 17:33:10.849,0.80535,0.80553,1.00,1.87
2015.10.09 17:33:12.244,0.80535,0.80552,1.00,1.00
2015.10.09 17:33:14.280,0.8053,0.80552,1.50,1.00
2015.10.09 17:33:14.382,0.80529,0.80549,1.75,1.00
2015.10.09 17:33:22.018,0.8053,0.80549,1.00,1.00
2015.10.09 17:33:25.539,0.8053,0.8055,1.00,1.00
2015.10.09 17:33:43.953,0.8053,0.80552,1.12,1.50
2015.10.09 17:33:44.054,0.80535,0.80552,1.00,1.00
2015.10.09 17:33:44.407,0.8053,0.80552,1.12,1.50
2015.10.09 17:33:47.804,0.8053,0.80551,1.12,1.00
2015.10.09 17:33:51.164,0.8053,0.80551,1.00,1.50
2015.10.09 17:33:51.316,0.80525,0.80549,1.75,1.00
2015.10.09 17:33:57.802,0.8053,0.80549,1.00,1.00
2015.10.09 17:34:03.542,0.8053,0.80551,1.00,1.50
2015.10.09 17:34:03.795,0.8053,0.80552,1.12,1.50
2015.10.09 17:34:04.312,0.8053,0.80551,1.12,1.00
2015.10.09 17:34:04.363,0.8053,0.80548,1.12,1.00
2015.10.09 17:34:05.157,0.8053,0.8055,1.00,2.25
2015.10.09 17:34:13.423,0.80525,0.8055,1.75,2.25
2015.10.09 17:34:13.972,0.80525,0.80547,1.75,1.00
2015.10.09 17:34:14.591,0.80525,0.80547,1.00,1.12
2015.10.09 17:34:20.650,0.80525,0.80546,1.00,1.00
2015.10.09 17:34:21.539,0.80525,0.80547,1.00,1.87
2015.10.09 17:34:31.043,0.80525,0.8055,1.12,2.25
2015.10.09 17:34:52.155,0.8053,0.80548,1.00,1.87
2015.10.09 17:34:52.659,0.8053,0.8055,1.00,1.50
2015.10.09 17:35:13.309,0.8053,0.80552,1.12,1.12
2015.10.09 17:35:20.604,0.8053,0.80554,1.75,1.50
2015.10.09 17:35:32.199,0.80535,0.80554,1.00,1.00
2015.10.09 17:35:32.655,0.8053,0.80554,1.75,1.00
2015.10.09 17:35:34.543,0.8053,0.80554,1.12,1.50
2015.10.09 17:35:40.166,0.8053,0.80552,1.12,1.00
2015.10.09 17:35:43.490,0.8053,0.80552,1.50,1.00
2015.10.09 17:35:43.541,0.8053,0.80554,1.75,1.50
2015.10.09 17:35:43.642,0.8053,0.80554,1.12,2.25
2015.10.09 17:35:45.350,0.80529,0.80551,1.50,1.00
2015.10.09 17:35:45.872,0.80529,0.80551,1.00,1.00
2015.10.09 17:35:46.423,0.80524,0.8055,2.25,1.37
2015.10.09 17:35:46.474,0.80524,0.8055,2.25,1.75
2015.10.09 17:35:46.697,0.80524,0.80547,1.12,1.37
2015.10.09 17:35:46.747,0.80525,0.80546,1.00,1.50
2015.10.09 17:35:46.849,0.8052,0.80547,1.75,2.25
2015.10.09 17:35:47.001,0.80518,0.80545,1.37,1.50
2015.10.09 17:35:47.052,0.80518,0.80544,1.00,1.75
2015.10.09 17:35:47.735,0.80515,0.8054,1.75,1.12
2015.10.09 17:35:48.096,0.8052,0.8054,1.00,1.12
2015.10.09 17:35:48.147,0.8052,0.80544,2.25,1.12
2015.10.09 17:35:48.400,0.80522,0.80545,1.00,1.75
2015.10.09 17:35:48.653,0.80525,0.80548,1.37,1.12
2015.10.09 17:35:49.160,0.80525,0.80547,1.87,1.00
2015.10.09 17:35:49.701,0.80525,0.80547,1.50,1.50
2015.10.09 17:35:50.383,0.80526,0.80547,1.00,1.50
2015.10.09 17:35:50.553,0.8053,0.80548,1.00,1.75
2015.10.09 17:35:51.267,0.8053,0.80551,1.00,1.50
2015.10.09 17:35:51.670,0.80526,0.80547,1.50,1.00
2015.10.09 17:35:52.917,0.80526,0.80549,1.50,1.50
2015.10.09 17:35:53.690,0.8053,0.80549,1.00,1.00
2015.10.09 17:35:53.794,0.80526,0.80549,1.50,1.00
2015.10.09 17:35:54.073,0.8053,0.80549,1.00,1.00
2015.10.09 17:35:54.842,0.80528,0.80549,1.00,1.00
2015.10.09 17:36:00.963,0.80527,0.80549,1.12,1.50
2015.10.09 17:36:04.975,0.80527,0.80549,1.00,1.87
2015.10.09 17:36:08.432,0.80526,0.80547,1.00,1.00
2015.10.09 17:36:08.973,0.8053,0.80547,1.00,1.50
2015.10.09 17:36:09.363,0.80527,0.80546,1.00,1.00
2015.10.09 17:36:09.414,0.80525,0.80545,1.50,1.00
2015.10.09 17:36:09.515,0.80525,0.80542,1.50,1.00
2015.10.09 17:36:09.616,0.80522,0.80542,1.00,1.37
2015.10.09 17:36:09.913,0.80515,0.8054,1.00,1.75
2015.10.09 17:36:10.167,0.80516,0.80537,1.00,1.12
2015.10.09 17:36:10.605,0.8052,0.80537,1.00,1.12
2015.10.09 17:36:11.892,0.80518,0.80537,1.00,1.12
2015.10.09 17:36:14.045,0.80517,0.80537,1.00,1.12
2015.10.09 17:36:15.147,0.80516,0.80537,1.00,1.87
2015.10.09 17:36:15.771,0.80516,0.80536,1.00,1.00
2015.10.09 17:36:16.340,0.80515,0.80536,1.12,1.00
2015.10.09 17:36:20.593,0.8052,0.80536,1.00,1.00
2015.10.09 17:36:20.644,0.8052,0.8054,1.00,1.00
2015.10.09 17:36:21.188,0.80521,0.80542,1.00,1.50
2015.10.09 17:36:21.441,0.80523,0.80544,1.00,1.50
2015.10.09 17:36:21.815,0.80525,0.80546,1.50,1.75
2015.10.09 17:36:22.598,0.80524,0.80545,1.00,2.25
2015.10.09 17:36:23.134,0.80523,0.8054,1.00,1.00
2015.10.09 17:36:23.185,0.8052,0.8054,1.50,1.00
2015.10.09 17:36:23.236,0.8052,0.80538,1.50,1.37
2015.10.09 17:36:23.741,0.8052,0.80539,1.00,1.50
2015.10.09 17:36:24.267,0.8052,0.80539,1.00,1.12
2015.10.09 17:36:24.469,0.80516,0.80538,1.00,1.50
2015.10.09 17:36:24.520,0.80514,0.80538,1.87,1.50
2015.10.09 17:36:24.672,0.80514,0.80535,1.50,1.37
2015.10.09 17:36:25.188,0.80515,0.80536,1.50,1.50
2015.10.09 17:36:26.024,0.80517,0.80537,1.00,1.75
2015.10.09 17:36:26.175,0.80517,0.80538,1.12,1.00
2015.10.09 17:36:26.400,0.80519,0.80542,1.00,2.25
2015.10.09 17:36:26.922,0.8052,0.80541,1.50,1.75
2015.10.09 17:36:27.451,0.80521,0.80542,1.00,1.75
2015.10.09 17:36:32.181,0.80522,0.80542,1.00,1.75
2015.10.09 17:36:35.465,0.80525,0.80542,1.00,1.75
2015.10.09 17:36:35.718,0.80525,0.80543,1.00,1.50
2015.10.09 17:36:39.584,0.80528,0.80548,1.00,1.75
2015.10.09 17:36:39.635,0.80528,0.80548,1.00,1.75
2015.10.09 17:36:39.787,0.80526,0.80548,1.00,1.75
2015.10.09 17:36:40.063,0.8053,0.80548,1.00,1.75
2015.10.09 17:36:40.323,0.80532,0.8055,1.00,1.00
2015.10.09 17:36:40.712,0.8053,0.8055,1.50,1.00
2015.10.09 17:36:41.219,0.8053,0.80549,1.00,1.00
2015.10.09 17:36:41.371,0.80526,0.80549,1.00,1.00
2015.10.09 17:36:41.624,0.8053,0.8055,1.00,1.00
2015.10.09 17:36:41.830,0.80526,0.8055,1.50,1.00
2015.10.09 17:36:42.483,0.80526,0.80549,1.50,1.00
2015.10.09 17:36:43.058,0.80526,0.8055,1.50,1.00
2015.10.09 17:36:44.083,0.80527,0.8055,1.00,1.00
2015.10.09 17:36:44.615,0.80528,0.8055,1.00,1.00
2015.10.09 17:36:44.666,0.8053,0.8055,1.00,1.00
2015.10.09 17:36:44.767,0.80528,0.8055,1.00,1.00
2015.10.09 17:36:45.206,0.8053,0.8055,1.00,1.00
2015.10.09 17:36:47.032,0.8053,0.80553,1.50,1.50
2015.10.09 17:36:47.499,0.80532,0.80554,1.00,1.75
2015.10.09 17:36:49.063,0.80535,0.80555,1.00,2.25
2015.10.09 17:36:52.605,0.80535,0.80556,1.00,1.75
2015.10.09 17:36:53.159,0.80535,0.80557,1.00,1.75
2015.10.09 17:36:55.997,0.80535,0.80558,1.12,2.25
2015.10.09 17:36:56.048,0.80535,0.80558,1.12,1.87
2015.10.09 17:36:56.301,0.80538,0.80559,1.00,1.50
2015.10.09 17:36:56.453,0.8054,0.80563,1.12,1.50
2015.10.09 17:36:56.705,0.8054,0.80566,1.87,1.12
2015.10.09 17:36:56.756,0.80541,0.80566,1.50,1.37
2015.10.09 17:37:00.386,0.80543,0.80568,1.00,1.75
2015.10.09 17:37:00.739,0.80544,0.80569,1.00,1.00
2015.10.09 17:37:00.992,0.80544,0.80564,1.50,1.00
2015.10.09 17:37:01.093,0.80544,0.80568,1.00,1.00
2015.10.09 17:37:01.639,0.80545,0.80571,1.37,1.50
2015.10.09 17:37:01.790,0.8055,0.80572,1.00,2.25
2015.10.09 17:37:03.109,0.80551,0.80572,1.00,1.50
2015.10.09 17:37:04.015,0.80551,0.80573,1.37,1.37
2015.10.09 17:37:04.066,0.80551,0.80575,1.50,2.25
2015.10.09 17:37:10.280,0.80554,0.80575,1.00,1.50
2015.10.09 17:37:10.700,0.80552,0.80574,1.12,1.12
2015.10.09 17:37:12.201,0.8055,0.80573,1.75,1.00
2015.10.09 17:37:12.972,0.8055,0.80572,1.75,1.00
2015.10.09 17:37:13.724,0.8055,0.80572,1.00,1.12
2015.10.09 17:37:15.210,0.80548,0.80572,1.50,1.12
2015.10.09 17:37:15.261,0.80548,0.8057,1.50,1.00
2015.10.09 17:37:20.088,0.80545,0.80571,2.25,1.00
2015.10.09 17:37:20.632,0.80546,0.80572,1.75,2.47
2015.10.09 17:37:22.793,0.80546,0.80571,1.75,1.00
2015.10.09 17:37:23.694,0.80547,0.8057,1.75,1.00
2015.10.09 17:37:23.845,0.80547,0.80572,1.75,1.30
2015.10.09 17:37:29.059,0.80547,0.80571,1.75,1.00
2015.10.09 17:37:29.250,0.80547,0.80571,1.12,1.50
2015.10.09 17:37:33.889,0.80548,0.80572,1.00,1.35
2015.10.09 17:37:34.192,0.8055,0.80574,1.00,2.25
2015.10.09 17:37:41.300,0.8055,0.80574,1.37,1.37
2015.10.09 17:37:41.401,0.8055,0.80574,1.75,1.12
2015.10.09 17:37:47.777,0.8055,0.80577,2.25,1.37
2015.10.09 17:37:47.827,0.80555,0.80577,1.12,1.00
2015.10.09 17:37:51.301,0.80555,0.80579,1.12,1.50
2015.10.09 17:37:51.508,0.80555,0.8058,1.75,1.12
2015.10.09 17:38:06.700,0.80557,0.80581,1.12,1.50
2015.10.09 17:38:07.932,0.80554,0.80578,1.00,2.25
2015.10.09 17:38:08.441,0.80552,0.80577,1.50,1.50
2015.10.09 17:38:09.117,0.80552,0.80575,1.12,1.37
2015.10.09 17:38:09.991,0.80551,0.80575,1.12,1.75
2015.10.09 17:38:17.094,0.80552,0.80575,1.00,1.75
2015.10.09 17:38:20.072,0.80553,0.80575,1.00,1.75
2015.10.09 17:38:21.167,0.80549,0.80573,1.75,1.12
2015.10.09 17:38:25.025,0.8055,0.80574,1.12,1.50
2015.10.09 17:38:27.962,0.80549,0.80575,1.12,1.75
2015.10.09 17:38:28.319,0.80551,0.80575,1.00,1.75
2015.10.09 17:38:28.521,0.80549,0.80575,1.12,1.75
2015.10.09 17:38:29.202,0.80545,0.80567,1.50,1.00
2015.10.09 17:38:31.039,0.80545,0.80568,1.50,1.00
2015.10.09 17:38:31.591,0.80545,0.80569,1.50,1.00
2015.10.09 17:38:35.904,0.80545,0.80568,1.00,1.00
2015.10.09 17:38:36.391,0.8054,0.80567,3.00,1.50
2015.10.09 17:38:38.318,0.80545,0.80567,1.00,1.50
2015.10.09 17:38:39.406,0.80542,0.80567,1.75,1.50
2015.10.09 17:38:40.293,0.80545,0.80567,1.00,1.50
2015.10.09 17:38:40.923,0.80545,0.80567,1.37,1.37
2015.10.09 17:38:40.974,0.80545,0.80571,1.75,1.87
2015.10.09 17:38:41.589,0.80545,0.80569,1.75,1.00
2015.10.09 17:38:48.451,0.80542,0.80567,2.25,1.00
2015.10.09 17:38:50.027,0.80545,0.80567,1.00,1.37
2015.10.09 17:38:50.609,0.8054,0.80567,2.25,1.37
2015.10.09 17:38:51.716,0.8054,0.80565,2.25,1.00
2015.10.09 17:38:51.817,0.8054,0.80565,2.25,1.37
2015.10.09 17:38:52.120,0.8054,0.80564,1.12,1.87
2015.10.09 17:38:57.839,0.8054,0.80563,2.25,1.00
2015.10.09 17:38:57.889,0.8054,0.80567,3.00,1.50
2015.10.09 17:38:58.041,0.80545,0.80567,1.75,1.00
2015.10.09 17:38:58.092,0.80545,0.80569,1.75,1.00
2015.10.09 17:38:58.467,0.8055,0.80572,1.50,1.00
2015.10.09 17:39:03.306,0.8055,0.80573,1.00,1.00
2015.10.09 17:39:03.856,0.80545,0.80571,1.50,1.12
2015.10.09 17:39:03.908,0.80545,0.80571,1.50,1.50
2015.10.09 17:39:04.211,0.80545,0.80568,1.00,2.25
2015.10.09 17:39:05.351,0.8054,0.80568,2.25,1.50
2015.10.09 17:39:05.856,0.8054,0.80566,2.25,1.00
2015.10.09 17:39:06.459,0.80545,0.80568,1.00,1.50
2015.10.09 17:39:06.781,0.8054,0.80561,2.25,1.00
2015.10.09 17:39:12.324,0.8054,0.80561,1.12,1.00
2015.10.09 17:39:12.425,0.8054,0.80559,1.00,1.00
2015.10.09 17:39:12.729,0.80535,0.80557,1.12,1.00
2015.10.09 17:39:13.237,0.80535,0.80556,1.12,1.00
2015.10.09 17:39:13.571,0.80535,0.80556,1.50,1.00
2015.10.09 17:39:14.094,0.80535,0.80556,1.75,1.00
2015.10.09 17:39:15.358,0.80535,0.80555,1.75,1.00
2015.10.09 17:39:16.288,0.80535,0.80557,2.25,1.00
2015.10.09 17:39:16.817,0.8054,0.80558,1.12,1.00
2015.10.09 17:39:17.120,0.8054,0.80559,1.75,1.00
2015.10.09 17:39:17.599,0.8054,0.80561,1.75,1.00
2015.10.09 17:39:19.127,0.8054,0.80561,1.75,1.00
2015.10.09 17:39:19.631,0.8054,0.80561,1.75,1.00
2015.10.09 17:39:20.748,0.8054,0.80564,1.75,1.00
2015.10.09 17:39:21.056,0.8054,0.80561,1.75,1.00
2015.10.09 17:39:22.534,0.80545,0.8056,1.12,1.00
2015.10.09 17:39:22.840,0.8054,0.80558,1.75,1.00
2015.10.09 17:39:22.891,0.8054,0.80558,1.75,1.00
2015.10.09 17:39:23.093,0.8054,0.8056,1.75,1.00
2015.10.09 17:39:23.678,0.8054,0.80556,1.00,1.12
2015.10.09 17:39:23.830,0.80535,0.80552,1.00,1.00
2015.10.09 17:39:24.200,0.80535,0.8055,1.00,1.00
2015.10.09 17:39:24.267,0.80535,0.80552,1.00,1.00
2015.10.09 17:39:24.954,0.80535,0.80553,1.00,1.00
2015.10.09 17:39:28.363,0.80535,0.80552,1.00,1.00
2015.10.09 17:39:29.563,0.80535,0.80554,1.00,1.00
2015.10.09 17:39:30.240,0.80535,0.80552,1.00,1.00
2015.10.09 17:39:30.796,0.80535,0.80554,1.00,1.00
2015.10.09 17:39:33.851,0.80539,0.80555,1.00,1.00
2015.10.09 17:39:38.637,0.80539,0.80555,1.37,1.00
2015.10.09 17:39:39.259,0.8054,0.80557,1.12,1.00
2015.10.09 17:39:40.046,0.80535,0.80554,1.75,1.00
2015.10.09 17:39:40.298,0.80535,0.80554,1.75,1.00
2015.10.09 17:39:40.551,0.80531,0.80552,2.25,1.00
2015.10.09 17:39:41.256,0.80535,0.80554,1.75,1.00
2015.10.09 17:39:41.409,0.80535,0.80555,1.75,1.00
2015.10.09 17:39:41.931,0.80535,0.80556,2.25,1.00
2015.10.09 17:39:43.397,0.8054,0.80556,1.00,1.00
2015.10.09 17:39:44.014,0.80535,0.80555,1.75,1.00
2015.10.09 17:39:45.048,0.8054,0.80555,1.00,1.00
2015.10.09 17:39:45.645,0.80535,0.80554,1.75,1.00
2015.10.09 17:39:47.268,0.80536,0.8056,1.75,1.00
2015.10.09 17:39:47.723,0.80535,0.80559,1.75,1.00
2015.10.09 17:39:47.824,0.80535,0.80555,1.75,1.00
2015.10.09 17:39:48.490,0.80535,0.80556,2.25,1.00
2015.10.09 17:39:52.647,0.80536,0.80558,1.75,1.00
2015.10.09 17:39:54.871,0.80538,0.80557,1.50,1.00
2015.10.09 17:39:55.288,0.80539,0.8056,1.75,1.00
2015.10.09 17:39:56.947,0.80538,0.80559,1.75,1.00
2015.10.09 17:39:59.488,0.8054,0.80561,1.75,1.00
2015.10.09 17:39:59.590,0.8054,0.80564,1.75,1.00
2015.10.09 17:39:59.691,0.80543,0.80567,1.50,1.37
2015.10.09 17:39:59.742,0.80543,0.8057,1.75,1.37
2015.10.09 17:39:59.944,0.8055,0.80573,1.00,2.25
2015.10.09 17:40:00.045,0.8055,0.80573,1.37,1.37
2015.10.09 17:40:00.096,0.8055,0.80574,1.50,1.12
2015.10.09 17:40:01.395,0.8055,0.80575,1.75,1.37
2015.10.09 17:40:02.126,0.8055,0.80575,1.75,1.00
2015.10.09 17:40:03.020,0.8055,0.80576,1.75,1.12
2015.10.09 17:40:04.709,0.8055,0.80577,1.50,2.25
2015.10.09 17:40:04.760,0.8055,0.80574,1.50,1.12
2015.10.09 17:40:05.113,0.80546,0.80574,2.25,1.12
2015.10.09 17:40:05.780,0.80546,0.80574,3.00,1.00
2015.10.09 17:40:08.970,0.8055,0.80575,1.37,1.37
2015.10.09 17:40:10.785,0.80547,0.80573,1.75,1.00
2015.10.09 17:40:10.887,0.80547,0.80572,1.50,1.50
2015.10.09 17:40:12.636,0.80547,0.80574,1.75,1.37
2015.10.09 17:40:12.687,0.80547,0.80574,1.75,1.12
2015.10.09 17:40:19.294,0.80553,0.80577,1.00,2.25
2015.10.09 17:40:21.184,0.8055,0.80577,1.75,1.50
2015.10.09 17:40:21.235,0.8055,0.80576,1.37,1.50
2015.10.09 17:40:24.783,0.8055,0.80573,1.37,1.00
2015.10.09 17:40:25.380,0.8055,0.80573,1.00,1.37
2015.10.09 17:40:26.125,0.80545,0.80573,2.25,2.25
2015.10.09 17:40:26.277,0.80545,0.80567,1.37,1.12
2015.10.09 17:40:26.600,0.80545,0.80565,1.00,1.00
2015.10.09 17:40:27.588,0.80545,0.80564,1.00,1.00
2015.10.09 17:40:27.962,0.80545,0.80566,1.00,2.25
2015.10.09 17:40:28.013,0.8054,0.80566,1.00,2.25
2015.10.09 17:40:29.478,0.8054,0.80565,1.50,1.50
2015.10.09 17:40:36.658,0.80535,0.80562,2.25,1.50
2015.10.09 17:40:39.541,0.80536,0.80562,1.12,1.75
2015.10.09 17:40:40.629,0.80535,0.80559,1.50,1.00
2015.10.09 17:40:40.730,0.80538,0.80561,1.00,1.00
2015.10.09 17:40:41.336,0.80538,0.80562,1.00,1.50
2015.10.09 17:40:50.872,0.80536,0.80563,1.75,1.37
2015.10.09 17:40:51.816,0.80536,0.80563,1.75,1.00
2015.10.09 17:40:59.252,0.80536,0.80563,1.75,2.25
2015.10.09 17:41:13.478,0.80535,0.8056,1.00,1.00
2015.10.09 17:41:19.684,0.80535,0.80557,1.00,1.00
2015.10.09 17:41:19.786,0.80532,0.80557,1.50,2.25
2015.10.09 17:41:20.328,0.8053,0.80555,1.37,1.37
2015.10.09 17:41:20.379,0.8053,0.80555,1.12,1.75
2015.10.09 17:41:20.837,0.8053,0.80555,1.50,1.37
2015.10.09 17:41:20.888,0.8053,0.80555,1.75,1.12
2015.10.09 17:41:24.036,0.8053,0.80556,1.75,1.37
2015.10.09 17:41:24.515,0.8053,0.80557,3.00,1.00
2015.10.09 17:41:26.262,0.8053,0.80555,1.75,1.12
2015.10.09 17:41:26.313,0.8053,0.80555,1.75,1.50
2015.10.09 17:41:28.693,0.8053,0.80556,1.75,1.37
2015.10.09 17:41:28.896,0.8053,0.80557,2.25,1.87
2015.10.09 17:41:29.341,0.8053,0.80557,2.25,2.25
2015.10.09 17:41:33.520,0.8053,0.8055,1.37,1.50
2015.10.09 17:41:33.672,0.80525,0.80549,1.00,1.75
2015.10.09 17:41:36.959,0.8053,0.80548,1.00,1.75
2015.10.09 17:41:37.731,0.8053,0.8055,1.00,1.75
2015.10.09 17:41:37.782,0.8053,0.8055,1.00,1.50
2015.10.09 17:41:39.794,0.8053,0.80552,1.00,1.50
2015.10.09 17:41:40.298,0.80529,0.80551,1.50,1.00
2015.10.09 17:41:40.400,0.8053,0.80556,1.12,2.25
2015.10.09 17:41:40.450,0.8053,0.80557,1.37,1.37
2015.10.09 17:41:40.501,0.80535,0.80557,1.12,1.00
2015.10.09 17:41:40.552,0.80535,0.80557,1.37,1.00
2015.10.09 17:41:40.602,0.80535,0.80561,1.75,2.25
2015.10.09 17:41:40.934,0.80535,0.80562,2.25,1.00
2015.10.09 17:41:41.556,0.80535,0.80561,1.75,1.00
2015.10.09 17:41:44.916,0.80535,0.80562,2.25,1.00
2015.10.09 17:41:46.878,0.80535,0.80561,1.75,1.00
2015.10.09 17:41:47.530,0.80535,0.80561,1.75,1.00
2015.10.09 17:41:47.632,0.80542,0.80563,1.00,1.00
2015.10.09 17:41:50.843,0.80542,0.80562,1.00,1.00
2015.10.09 17:41:55.108,0.8054,0.80564,1.12,2.25
2015.10.09 17:41:59.202,0.8054,0.8056,1.12,1.00
2015.10.09 17:41:59.404,0.80535,0.8056,1.75,1.12
2015.10.09 17:42:00.418,0.80533,0.80556,1.37,1.00
2015.10.09 17:42:00.721,0.8053,0.80552,1.00,2.25
2015.10.09 17:42:01.378,0.80525,0.80551,2.25,1.50
2015.10.09 17:42:01.758,0.8053,0.80551,1.00,1.50
2015.10.09 17:42:02.061,0.8053,0.80549,1.00,1.75
2015.10.09 17:42:02.703,0.80524,0.80547,1.12,1.12
2015.10.09 17:42:07.866,0.80525,0.80548,1.00,1.50
2015.10.09 17:42:08.674,0.8053,0.80548,1.00,2.25
2015.10.09 17:42:15.567,0.80524,0.80549,1.12,2.25
2015.10.09 17:42:17.228,0.80521,0.80547,1.75,1.37
2015.10.09 17:42:17.756,0.80519,0.80547,2.25,1.75
2015.10.09 17:42:18.084,0.80525,0.80547,1.00,1.75
2015.10.09 17:42:32.730,0.80525,0.80545,1.00,1.00
2015.10.09 17:42:36.222,0.80525,0.80547,1.37,1.37
2015.10.09 17:42:36.606,0.80525,0.80548,1.50,1.50
2015.10.09 17:42:36.758,0.80525,0.80551,1.50,1.50
2015.10.09 17:42:37.421,0.8053,0.80555,1.50,1.50
2015.10.09 17:42:37.573,0.80535,0.80557,1.00,1.00
2015.10.09 17:42:41.746,0.80535,0.80556,1.00,1.00
2015.10.09 17:42:47.149,0.80535,0.80551,1.00,1.00
2015.10.09 17:42:47.200,0.8053,0.80551,1.12,1.00
2015.10.09 17:42:50.043,0.80526,0.80552,1.75,1.12
2015.10.09 17:42:50.850,0.80526,0.80551,1.75,1.00
2015.10.09 17:42:54.645,0.80526,0.80552,1.75,1.12
2015.10.09 17:42:59.810,0.80526,0.80553,2.25,1.00
2015.10.09 17:43:00.775,0.80526,0.80552,2.25,1.00
2015.10.09 17:43:01.986,0.80528,0.80553,1.75,1.00
2015.10.09 17:43:02.240,0.8053,0.80556,1.75,1.50
2015.10.09 17:43:02.716,0.80532,0.80559,2.25,1.50
2015.10.09 17:43:04.079,0.80533,0.80557,1.75,1.00
2015.10.09 17:43:06.274,0.80531,0.80555,1.75,1.00
2015.10.09 17:43:06.765,0.80533,0.80557,1.75,1.00
2015.10.09 17:43:07.718,0.80531,0.80558,3.00,1.12
2015.10.09 17:43:13.964,0.8054,0.8056,1.00,1.75
2015.10.09 17:43:14.698,0.8054,0.80562,1.12,1.50
2015.10.09 17:43:14.749,0.8054,0.80562,1.12,1.12
2015.10.09 17:43:19.009,0.80541,0.80565,1.75,1.00
2015.10.09 17:43:19.060,0.80541,0.80567,1.75,1.00
2015.10.09 17:43:19.531,0.80545,0.80567,1.37,1.00
2015.10.09 17:43:19.633,0.80541,0.80569,4.50,1.00
2015.10.09 17:43:19.784,0.80543,0.80569,1.75,1.12
2015.10.09 17:43:19.835,0.8055,0.80566,1.00,1.00
2015.10.09 17:43:19.936,0.8055,0.8057,1.00,1.37
2015.10.09 17:43:20.263,0.8055,0.80571,1.00,1.12
2015.10.09 17:43:24.325,0.8055,0.80569,1.00,1.00
2015.10.09 17:43:24.830,0.8055,0.80569,1.00,1.50
2015.10.09 17:43:25.758,0.8055,0.80566,1.00,1.00
2015.10.09 17:43:25.859,0.80545,0.80567,1.00,1.50
2015.10.09 17:43:26.313,0.80545,0.80565,1.00,1.00
2015.10.09 17:43:26.415,0.80542,0.80565,1.00,2.85
2015.10.09 17:43:26.466,0.80542,0.80563,1.00,1.00
2015.10.09 17:43:26.801,0.80534,0.8056,1.37,1.75
2015.10.09 17:43:27.104,0.80529,0.80553,1.75,1.00
2015.10.09 17:43:27.205,0.80529,0.80556,3.00,1.12
2015.10.09 17:43:27.256,0.80529,0.80556,2.25,1.50
2015.10.09 17:43:27.357,0.80529,0.80551,1.50,1.00
2015.10.09 17:43:28.194,0.80527,0.80554,1.75,1.75
2015.10.09 17:43:31.600,0.80527,0.80553,1.75,1.37
2015.10.09 17:43:31.702,0.80531,0.80556,1.75,1.37
2015.10.09 17:43:31.803,0.80534,0.80559,2.25,1.12
2015.10.09 17:43:39.868,0.8054,0.80563,1.00,1.75
2015.10.09 17:43:40.686,0.8054,0.80562,1.00,1.12
2015.10.09 17:43:42.191,0.8054,0.80562,1.37,1.12
2015.10.09 17:43:42.869,0.8054,0.80562,1.75,1.00
2015.10.09 17:43:44.033,0.8054,0.80565,1.75,1.50
2015.10.09 17:43:45.643,0.80545,0.80568,1.00,2.25
2015.10.09 17:43:45.795,0.80545,0.80568,1.12,1.37
2015.10.09 17:44:01.875,0.80545,0.80568,1.00,1.37
2015.10.09 17:44:06.901,0.80542,0.80568,1.50,1.75
2015.10.09 17:44:07.217,0.80545,0.80568,1.00,1.75
2015.10.09 17:44:09.414,0.8054,0.80568,3.00,1.75
2015.10.09 17:44:12.284,0.80545,0.80568,1.00,1.75
2015.10.09 17:44:18.216,0.80542,0.80569,2.25,1.75
2015.10.09 17:44:18.789,0.80542,0.80569,1.50,1.50
2015.10.09 17:44:25.364,0.80545,0.80569,1.00,1.50
2015.10.09 17:44:25.949,0.80541,0.80568,2.25,1.37
2015.10.09 17:44:38.658,0.80543,0.80568,1.12,1.75
2015.10.09 17:44:39.165,0.80544,0.80567,1.00,1.75
2015.10.09 17:44:39.471,0.8054,0.80567,3.00,1.75
2015.10.09 17:44:39.522,0.8054,0.80567,2.62,1.75
2015.10.09 17:44:41.854,0.8054,0.80568,3.37,1.75
2015.10.09 17:44:41.905,0.80542,0.80566,1.00,1.50
2015.10.09 17:44:42.157,0.8054,0.80566,3.00,1.12
2015.10.09 17:44:44.551,0.80544,0.80569,1.00,1.00
2015.10.09 17:44:45.743,0.80545,0.80569,1.00,1.00
2015.10.09 17:44:48.903,0.80544,0.80569,1.00,1.00
2015.10.09 17:44:50.443,0.80545,0.80569,1.00,1.00
2015.10.09 17:45:00.994,0.80542,0.80569,1.50,1.75
2015.10.09 17:45:03.117,0.80544,0.80567,1.00,1.50
2015.10.09 17:45:03.661,0.8054,0.80568,2.25,1.50
2015.10.09 17:45:06.726,0.8054,0.80566,1.75,1.00
2015.10.09 17:45:06.827,0.80541,0.80565,1.00,1.00
2015.10.09 17:45:08.598,0.8054,0.80568,3.00,2.25
2015.10.09 17:45:08.649,0.8054,0.80568,3.00,2.25
2015.10.09 17:45:16.213,0.8054,0.80567,2.25,1.37
2015.10.09 17:45:16.729,0.80538,0.80564,1.75,1.12
2015.10.09 17:45:39.073,0.80539,0.80565,1.75,1.50
2015.10.09 17:45:50.524,0.80545,0.80567,1.00,1.37
2015.10.09 17:45:50.575,0.80545,0.80568,1.00,1.00
2015.10.09 17:46:00.872,0.80544,0.80568,1.00,1.00
2015.10.09 17:46:01.427,0.80544,0.80567,1.00,1.00
2015.10.09 17:46:04.637,0.8054,0.80567,3.00,1.37
2015.10.09 17:46:04.738,0.8054,0.80567,2.25,1.75
2015.10.09 17:46:21.940,0.8054,0.80567,3.75,1.50
2015.10.09 17:46:29.579,0.80541,0.80568,1.75,1.37
2015.10.09 17:46:29.680,0.80544,0.80568,1.50,1.12
2015.10.09 17:46:29.983,0.80544,0.80568,1.75,1.00
2015.10.09 17:46:30.345,0.8055,0.80568,1.00,1.00
2015.10.09 17:46:30.402,0.8055,0.80573,1.37,1.37
2015.10.09 17:46:30.453,0.8055,0.80575,2.25,1.50
2015.10.09 17:46:30.705,0.80552,0.80575,1.50,1.00
2015.10.09 17:46:31.238,0.80552,0.80575,1.75,1.00
2015.10.09 17:46:32.453,0.80555,0.80579,1.12,1.50
2015.10.09 17:46:46.730,0.80554,0.80581,2.25,1.75
2015.10.09 17:46:49.233,0.80555,0.80581,2.25,1.50
2015.10.09 17:46:49.284,0.80555,0.80582,2.25,1.75
2015.10.09 17:46:55.372,0.80555,0.80579,1.75,1.00
2015.10.09 17:46:55.874,0.80555,0.80582,1.75,1.75
2015.10.09 17:47:03.510,0.80559,0.80586,1.37,2.25
2015.10.09 17:47:03.815,0.8056,0.80583,1.12,1.12
2015.10.09 17:47:03.865,0.8056,0.80584,1.50,1.37
2015.10.09 17:47:04.118,0.8057,0.80591,1.12,1.00
2015.10.09 17:47:04.647,0.8057,0.80595,1.12,1.75
2015.10.09 17:47:04.697,0.80575,0.80596,1.00,1.75
2015.10.09 17:47:04.906,0.80566,0.80594,1.75,1.50
2015.10.09 17:47:06.514,0.80567,0.80591,1.75,1.00
2015.10.09 17:47:06.716,0.80561,0.80583,1.00,1.00
2015.10.09 17:47:07.103,0.80561,0.80579,1.00,1.00
2015.10.09 17:47:07.255,0.80556,0.80579,1.75,1.00
2015.10.09 17:47:07.356,0.80557,0.80585,1.75,1.75
2015.10.09 17:47:11.643,0.80556,0.80581,1.75,1.00
2015.10.09 17:47:12.173,0.80554,0.80582,1.75,1.12
2015.10.09 17:47:13.174,0.80554,0.80581,1.75,1.00
2015.10.09 17:47:13.535,0.80556,0.80583,2.25,1.00
2015.10.09 17:47:13.691,0.80561,0.80583,1.00,1.00
2015.10.09 17:47:13.742,0.80563,0.80585,1.00,1.00
2015.10.09 17:47:13.894,0.80569,0.80594,1.00,1.50
2015.10.09 17:47:17.476,0.80569,0.80593,1.00,1.00
2015.10.09 17:47:17.980,0.80569,0.80594,1.00,1.50
2015.10.09 17:47:21.075,0.8057,0.80594,1.00,1.50
2015.10.09 17:47:24.899,0.8057,0.80594,2.25,1.00
2015.10.09 17:47:24.950,0.8057,0.80596,2.25,1.00
2015.10.09 17:47:25.152,0.8057,0.80599,3.00,1.12
2015.10.09 17:47:25.458,0.80574,0.80602,1.75,1.75
2015.10.09 17:47:26.151,0.80574,0.80601,1.75,1.12
2015.10.09 17:47:26.714,0.80574,0.806,1.75,1.50
2015.10.09 17:47:27.603,0.80571,0.80597,1.75,1.00
2015.10.09 17:47:30.751,0.80569,0.80599,4.50,1.12
2015.10.09 17:47:31.302,0.8057,0.80597,1.75,1.37
2015.10.09 17:47:31.352,0.80566,0.80592,1.75,1.00
2015.10.09 17:47:31.403,0.80565,0.80592,3.00,1.75
2015.10.09 17:47:38.531,0.80563,0.8059,1.50,1.75
2015.10.09 17:47:41.512,0.80564,0.80589,1.75,1.00
2015.10.09 17:47:42.057,0.80566,0.80592,1.50,1.75
2015.10.09 17:47:44.686,0.80564,0.80588,1.00,1.50
2015.10.09 17:47:45.280,0.80564,0.80587,1.00,1.00
2015.10.09 17:47:46.949,0.80564,0.80586,1.00,1.00
2015.10.09 17:47:48.332,0.8056,0.80586,2.25,1.75
2015.10.09 17:47:54.821,0.80557,0.80584,1.75,1.87
2015.10.09 17:47:54.923,0.80556,0.80579,1.50,1.37
2015.10.09 17:47:54.973,0.80555,0.80575,1.50,1.00
2015.10.09 17:47:55.277,0.80555,0.80573,1.00,1.00
2015.10.09 17:47:55.745,0.80555,0.80575,1.00,1.00
2015.10.09 17:47:55.947,0.80555,0.80573,1.00,1.00
2015.10.09 17:47:56.562,0.8055,0.80573,1.50,1.00
2015.10.09 17:47:56.663,0.8055,0.80575,1.50,1.50
2015.10.09 17:48:01.271,0.80555,0.80575,1.00,1.50
2015.10.09 17:48:02.665,0.80554,0.80575,1.00,1.00
2015.10.09 17:48:03.175,0.80555,0.80579,1.00,2.25
2015.10.09 17:48:03.578,0.80555,0.80577,1.00,1.75
2015.10.09 17:48:04.741,0.80555,0.80577,1.00,1.75
2015.10.09 17:48:05.423,0.80555,0.80577,1.00,1.50
2015.10.09 17:48:05.960,0.8055,0.80576,1.75,1.12
2015.10.09 17:48:08.753,0.80551,0.80579,2.25,1.12
2015.10.09 17:48:12.563,0.80551,0.80578,3.00,1.00
2015.10.09 17:48:15.120,0.80552,0.8058,1.75,1.50
2015.10.09 17:48:16.195,0.80558,0.80583,1.75,1.00
2015.10.09 17:48:16.701,0.80563,0.80589,1.75,1.00
2015.10.09 17:48:17.402,0.80564,0.80592,1.75,1.75
2015.10.09 17:48:17.928,0.80565,0.80589,1.75,1.00
2015.10.09 17:48:18.300,0.80565,0.80592,1.75,1.12
2015.10.09 17:48:18.913,0.80568,0.80592,1.75,1.00
2015.10.09 17:48:19.417,0.80565,0.80592,2.25,1.50
2015.10.09 17:48:19.669,0.80567,0.80592,1.50,1.12
2015.10.09 17:48:20.217,0.80566,0.80594,1.75,1.50
2015.10.09 17:48:20.719,0.80571,0.80598,1.75,1.50
2015.10.09 17:48:21.321,0.80575,0.80599,1.00,1.75
2015.10.09 17:48:21.423,0.80575,0.806,1.75,1.50
2015.10.09 17:48:39.345,0.80573,0.80601,1.75,2.25
2015.10.09 17:48:40.121,0.80568,0.80593,2.25,1.50
2015.10.09 17:48:40.172,0.80567,0.80593,1.75,2.25
2015.10.09 17:48:40.700,0.80564,0.80591,1.75,1.00
2015.10.09 17:48:49.410,0.80564,0.8059,1.75,1.00
2015.10.09 17:48:50.230,0.80564,0.80591,1.75,1.00
2015.10.09 17:48:50.432,0.80562,0.80589,2.25,1.00
2015.10.09 17:48:50.483,0.80561,0.80589,1.75,1.12
2015.10.09 17:48:50.534,0.80559,0.80587,3.75,1.00
2015.10.09 17:48:58.998,0.80559,0.80586,2.25,1.00
2015.10.09 17:48:59.577,0.80559,0.80587,3.00,1.00
2015.10.09 17:49:00.498,0.8056,0.80588,1.75,1.50
2015.10.09 17:49:00.600,0.8056,0.80588,1.75,2.25
2015.10.09 17:49:03.373,0.80558,0.80583,1.75,1.00
2015.10.09 17:49:03.590,0.80555,0.80582,1.75,1.12
2015.10.09 17:49:06.301,0.80558,0.80583,2.25,1.00
2015.10.09 17:49:06.465,0.80558,0.80586,3.00,1.50
2015.10.09 17:49:06.944,0.8056,0.80587,1.75,1.00
2015.10.09 17:49:09.777,0.8056,0.80586,1.75,1.00
2015.10.09 17:49:13.083,0.80559,0.80587,1.75,1.87
2015.10.09 17:49:13.134,0.80559,0.80587,1.75,2.25
2015.10.09 17:49:20.118,0.80556,0.80584,2.25,1.00
2015.10.09 17:49:20.905,0.80557,0.80585,2.25,1.12
2015.10.09 17:49:24.538,0.80557,0.80582,1.75,1.00
2015.10.09 17:49:24.740,0.80557,0.80582,1.75,1.12
2015.10.09 17:49:30.987,0.80558,0.80583,1.75,1.12
2015.10.09 17:49:31.038,0.80558,0.80586,3.00,1.50
2015.10.09 17:49:32.128,0.80557,0.80584,1.75,1.00
2015.10.09 17:49:34.872,0.80558,0.80585,1.75,1.12
2015.10.09 17:49:36.939,0.80558,0.80584,1.75,1.00
2015.10.09 17:49:37.731,0.80558,0.80586,2.25,1.37
2015.10.09 17:49:38.002,0.80559,0.80588,1.75,1.12
2015.10.09 17:49:41.634,0.8056,0.80587,3.75,1.00
2015.10.09 17:49:42.361,0.80564,0.80587,1.75,1.00
2015.10.09 17:49:42.664,0.80565,0.80587,1.75,1.00
2015.10.09 17:49:46.306,0.80564,0.8059,3.75,1.00
2015.10.09 17:49:48.282,0.80564,0.8059,1.75,1.00
2015.10.09 17:49:48.484,0.80562,0.80589,2.25,1.12
2015.10.09 17:49:50.732,0.8056,0.80588,2.25,1.00
2015.10.09 17:49:54.395,0.80564,0.80589,1.75,1.12
2015.10.09 17:49:58.997,0.80562,0.8059,1.75,1.00
2015.10.09 17:49:59.700,0.8057,0.80591,1.75,1.00
2015.10.09 17:49:59.751,0.8057,0.80594,2.25,1.00
2015.10.09 17:49:59.801,0.8057,0.80594,3.75,1.00
2015.10.09 17:49:59.852,0.80573,0.80597,1.75,1.00
2015.10.09 17:50:00.054,0.80573,0.80599,1.75,1.00
2015.10.09 17:50:00.369,0.80573,0.80595,1.75,1.00
2015.10.09 17:50:00.823,0.80575,0.80599,1.75,1.00
2015.10.09 17:50:01.618,0.80573,0.806,2.25,1.87
2015.10.09 17:50:03.486,0.80573,0.80595,1.75,1.00
2015.10.09 17:50:09.089,0.8057,0.80593,3.00,1.00
2015.10.09 17:50:09.140,0.8057,0.80593,1.75,1.00
2015.10.09 17:50:10.640,0.80567,0.80593,2.25,1.00
2015.10.09 17:50:11.186,0.80567,0.8059,1.75,1.00
2015.10.09 17:50:11.544,0.80564,0.80587,1.00,1.75
2015.10.09 17:50:11.594,0.80557,0.80584,1.75,1.75
2015.10.09 17:50:12.113,0.80555,0.80581,2.25,1.00
2015.10.09 17:50:16.362,0.80555,0.80582,1.75,1.12
2015.10.09 17:50:21.315,0.80556,0.80581,1.75,1.00
2015.10.09 17:50:21.820,0.80553,0.8058,2.25,1.00
2015.10.09 17:50:24.070,0.80556,0.80581,1.75,1.00
2015.10.09 17:50:24.661,0.80557,0.80584,1.75,1.75
2015.10.09 17:50:24.766,0.80558,0.80584,1.75,1.00
2015.10.09 17:50:27.672,0.8056,0.80586,1.75,2.10
2015.10.09 17:50:28.222,0.80555,0.80579,2.25,1.00
2015.10.09 17:50:28.374,0.80551,0.80579,1.75,1.87
2015.10.09 17:50:28.648,0.80552,0.80577,1.00,1.50
2015.10.09 17:50:28.864,0.80552,0.80575,1.00,1.00
2015.10.09 17:50:28.969,0.80552,0.80577,1.00,2.25
2015.10.09 17:50:31.773,0.8055,0.80575,1.50,1.75
2015.10.09 17:50:38.594,0.80551,0.80577,1.75,1.12
2015.10.09 17:50:40.851,0.80552,0.80575,1.75,1.00
2015.10.09 17:50:41.103,0.80552,0.80579,1.75,1.75
2015.10.09 17:50:41.317,0.80548,0.80575,1.75,1.00
2015.10.09 17:50:41.469,0.80548,0.80575,1.75,1.50
2015.10.09 17:50:42.708,0.80549,0.80576,3.00,1.00
2015.10.09 17:50:42.860,0.80551,0.80579,1.75,1.50
2015.10.09 17:50:49.030,0.8055,0.80577,2.25,1.00
2015.10.09 17:50:53.742,0.80551,0.80578,1.75,1.12
2015.10.09 17:50:55.499,0.8055,0.80577,1.75,1.00
2015.10.09 17:50:57.618,0.8055,0.80576,1.75,1.00
2015.10.09 17:51:00.230,0.8055,0.80577,1.75,1.00
2015.10.09 17:51:01.236,0.8055,0.80577,1.75,1.12
2015.10.09 17:51:03.097,0.80549,0.80576,1.75,1.00
2015.10.09 17:51:04.098,0.80547,0.80575,1.75,1.00
2015.10.09 17:51:04.958,0.80547,0.80574,1.75,1.00
2015.10.09 17:51:05.916,0.80547,0.80574,1.75,1.12
2015.10.09 17:51:08.271,0.80546,0.80573,1.75,1.00
2015.10.09 17:51:08.775,0.80546,0.80574,1.75,2.62
2015.10.09 17:51:08.927,0.80546,0.80573,1.00,1.75
2015.10.09 17:51:09.982,0.80543,0.8057,1.50,2.25
2015.10.09 17:51:10.529,0.8054,0.80567,1.75,1.00
2015.10.09 17:51:10.862,0.80539,0.80567,1.12,1.75
2015.10.09 17:51:11.028,0.80538,0.80564,1.50,1.50
2015.10.09 17:51:11.331,0.80545,0.80565,1.75,1.00
2015.10.09 17:51:11.433,0.80545,0.80569,1.75,1.00
2015.10.09 17:51:15.859,0.80545,0.80571,1.75,1.50
2015.10.09 17:51:16.663,0.80546,0.80574,1.75,1.50
2015.10.09 17:51:19.776,0.80547,0.80574,2.25,1.00
2015.10.09 17:51:20.079,0.80555,0.80578,1.00,2.25
2015.10.09 17:51:21.782,0.8055,0.80578,2.25,2.25
2015.10.09 17:51:23.912,0.8055,0.80575,2.25,1.00
2015.10.09 17:51:25.810,0.80555,0.80579,1.00,2.10
2015.10.09 17:51:25.911,0.80555,0.80579,1.50,1.72
2015.10.09 17:51:38.907,0.80552,0.80579,3.00,1.00
2015.10.09 17:51:40.285,0.80552,0.8058,4.50,1.50
2015.10.09 17:51:41.141,0.80552,0.80579,4.50,1.00
2015.10.09 17:51:43.002,0.80553,0.8058,2.25,1.00
2015.10.09 17:51:45.446,0.80553,0.80579,1.75,1.00
2015.10.09 17:51:45.888,0.80552,0.80579,2.25,1.12
2015.10.09 17:51:57.765,0.80552,0.80577,1.75,1.00
2015.10.09 17:51:57.866,0.80552,0.80579,1.75,1.12
2015.10.09 17:52:01.816,0.80552,0.80578,1.75,1.00
2015.10.09 17:52:08.406,0.8055,0.80575,1.75,1.00
2015.10.09 17:52:08.459,0.80548,0.80575,1.75,2.25
2015.10.09 17:52:08.841,0.80548,0.80574,1.50,1.75
2015.10.09 17:52:09.756,0.80545,0.80571,2.25,1.75
2015.10.09 17:52:10.093,0.80545,0.80567,1.50,1.00
2015.10.09 17:52:10.295,0.80545,0.8057,1.50,2.25
2015.10.09 17:52:16.482,0.80543,0.80567,1.75,1.00
2015.10.09 17:52:16.684,0.80543,0.80569,1.75,1.12
2015.10.09 17:52:25.053,0.80543,0.8057,1.75,1.50
2015.10.09 17:52:30.435,0.80546,0.80568,1.00,1.00
2015.10.09 17:52:30.486,0.80542,0.80568,1.75,1.50
2015.10.09 17:52:31.067,0.80539,0.80566,1.75,1.00
2015.10.09 17:52:31.427,0.80539,0.80564,1.75,1.00
2015.10.09 17:52:31.478,0.80539,0.80564,1.50,1.75
2015.10.09 17:52:34.490,0.80535,0.80562,1.75,1.75
2015.10.09 17:52:39.719,0.80537,0.80564,1.75,1.50
2015.10.09 17:52:45.685,0.80536,0.80564,1.75,1.50
2015.10.09 17:52:45.836,0.80536,0.80561,1.00,1.75
2015.10.09 17:52:46.104,0.80537,0.80561,1.00,1.00
2015.10.09 17:52:46.787,0.80538,0.80561,1.00,1.00
2015.10.09 17:52:47.567,0.80537,0.80561,1.50,1.00
2015.10.09 17:52:47.920,0.80535,0.80561,1.12,1.75
2015.10.09 17:53:02.141,0.80536,0.8056,1.00,1.75
2015.10.09 17:53:05.013,0.80536,0.8056,1.00,1.50
2015.10.09 17:53:05.063,0.80536,0.8056,1.00,1.12
2015.10.09 17:53:09.743,0.80534,0.8056,1.50,1.12
2015.10.09 17:53:10.846,0.80534,0.80559,1.50,1.00
2015.10.09 17:53:11.387,0.80536,0.80559,1.00,1.00
2015.10.09 17:53:12.050,0.80532,0.80559,1.75,1.00
2015.10.09 17:53:15.862,0.80536,0.80559,1.00,1.00
2015.10.09 17:53:16.664,0.80534,0.80559,1.50,1.00
2015.10.09 17:53:17.169,0.80536,0.80561,1.00,1.50
2015.10.09 17:53:20.443,0.80536,0.80561,1.75,1.12
2015.10.09 17:53:25.897,0.80536,0.80565,2.25,1.75
2015.10.09 17:53:29.461,0.8054,0.80566,1.75,1.00
2015.10.09 17:53:31.587,0.8054,0.80565,1.75,1.00
2015.10.09 17:53:35.244,0.80543,0.80569,1.75,1.50
2015.10.09 17:53:35.395,0.80543,0.80569,2.25,1.00
2015.10.09 17:53:35.447,0.80546,0.80571,1.75,1.12
2015.10.09 17:53:35.721,0.80546,0.80571,1.75,1.00
2015.10.09 17:53:35.772,0.80547,0.80575,2.25,1.50
2015.10.09 17:53:35.873,0.80547,0.80575,1.75,1.00
2015.10.09 17:53:36.524,0.80547,0.80574,1.75,1.00
2015.10.09 17:53:38.438,0.8055,0.80575,1.75,1.00
2015.10.09 17:53:40.067,0.80549,0.80576,1.75,1.72
2015.10.09 17:53:40.370,0.80546,0.80573,2.25,1.00
2015.10.09 17:53:41.167,0.80549,0.80576,1.75,1.87
2015.10.09 17:53:41.375,0.80549,0.80573,1.75,1.00
2015.10.09 17:53:41.968,0.8055,0.80574,1.75,1.00
2015.10.09 17:53:46.783,0.8055,0.80575,1.75,1.50
2015.10.09 17:53:47.743,0.8055,0.80575,1.75,2.10
2015.10.09 17:53:48.048,0.80545,0.80571,1.75,1.00
2015.10.09 17:53:50.175,0.80545,0.8057,1.75,1.00
2015.10.09 17:53:52.272,0.80545,0.80571,1.75,1.00
2015.10.09 17:53:55.935,0.8055,0.80572,1.50,1.00
2015.10.09 17:53:56.494,0.8055,0.80573,1.50,1.12
2015.10.09 17:54:00.201,0.80555,0.80574,1.00,1.50
2015.10.09 17:54:04.036,0.8055,0.80575,1.50,2.25
2015.10.09 17:54:05.104,0.8055,0.80575,1.75,1.87
2015.10.09 17:54:05.155,0.8055,0.80575,1.75,1.87
2015.10.09 17:54:05.576,0.80555,0.80575,1.00,1.12
2015.10.09 17:54:11.858,0.8055,0.80575,1.75,1.87
2015.10.09 17:54:17.967,0.8055,0.80575,1.75,1.00
2015.10.09 17:54:20.536,0.80555,0.80576,1.50,1.00
2015.10.09 17:54:24.166,0.80555,0.80575,1.50,1.00
2015.10.09 17:54:24.368,0.8055,0.80573,1.12,1.50
2015.10.09 17:54:25.148,0.8055,0.80573,1.00,3.00
2015.10.09 17:54:25.943,0.8055,0.80568,1.00,1.00
2015.10.09 17:54:26.036,0.80545,0.80568,1.75,1.00
2015.10.09 17:54:26.246,0.80545,0.80568,1.00,1.50
2015.10.09 17:54:33.636,0.80541,0.80569,1.75,2.25
2015.10.09 17:54:33.687,0.80541,0.80569,1.75,1.87
2015.10.09 17:54:33.737,0.80539,0.80564,3.00,1.00
2015.10.09 17:54:33.788,0.80537,0.80564,2.25,1.12
2015.10.09 17:54:34.630,0.80538,0.80565,1.75,1.00
2015.10.09 17:54:35.135,0.8054,0.80567,2.25,1.50
2015.10.09 17:54:35.455,0.80539,0.80567,4.50,1.00
2015.10.09 17:54:35.708,0.8054,0.80567,2.25,1.50
2015.10.09 17:54:35.961,0.80539,0.80567,3.75,1.00
2015.10.09 17:54:38.066,0.80539,0.80565,3.00,1.00
2015.10.09 17:54:39.801,0.80542,0.80567,1.75,1.00
2015.10.09 17:54:39.903,0.80542,0.80571,2.25,1.12
2015.10.09 17:54:40.306,0.80545,0.80568,1.50,1.00
2015.10.09 17:54:40.856,0.8054,0.80569,2.25,1.50
2015.10.09 17:54:40.907,0.8054,0.80569,2.25,1.75
2015.10.09 17:54:41.699,0.8054,0.80565,1.50,1.00
2015.10.09 17:54:45.843,0.8054,0.80563,1.00,1.00
2015.10.09 17:54:48.943,0.8054,0.80564,1.00,1.00
2015.10.09 17:54:49.705,0.8054,0.80565,1.50,1.50
2015.10.09 17:54:50.008,0.8054,0.80565,1.75,1.00
2015.10.09 17:54:50.680,0.8054,0.80566,1.75,1.12
2015.10.09 17:54:53.770,0.8054,0.80564,1.75,1.00
2015.10.09 17:54:55.084,0.8054,0.80565,1.75,1.00
2015.10.09 17:54:56.258,0.80538,0.80564,2.25,1.00
2015.10.09 17:54:56.309,0.80538,0.80564,1.75,1.12
2015.10.09 17:54:56.740,0.80535,0.8056,1.75,1.00
2015.10.09 17:54:56.841,0.80536,0.8056,1.00,1.50
2015.10.09 17:54:57.313,0.80536,0.80558,1.00,1.00
2015.10.09 17:55:00.726,0.80536,0.80559,1.00,1.00
2015.10.09 17:55:01.576,0.80536,0.8056,1.00,1.00
2015.10.09 17:55:02.115,0.80536,0.80559,1.00,1.00
2015.10.09 17:55:02.676,0.80536,0.8056,1.00,1.50
2015.10.09 17:55:02.985,0.80536,0.80558,1.00,1.00
2015.10.09 17:55:03.769,0.80536,0.8056,1.00,2.25
2015.10.09 17:55:04.134,0.80535,0.80561,1.75,1.00
2015.10.09 17:55:04.736,0.80535,0.80563,2.25,1.87
2015.10.09 17:55:06.538,0.80542,0.80567,1.00,1.75
2015.10.09 17:55:06.640,0.80542,0.80567,1.75,1.00
2015.10.09 17:55:07.143,0.80543,0.80568,1.75,1.00
2015.10.09 17:55:07.346,0.80539,0.80566,2.25,1.00
2015.10.09 17:55:07.549,0.80541,0.80565,1.00,2.25
2015.10.09 17:55:08.774,0.80541,0.80563,1.00,1.00
2015.10.09 17:55:09.876,0.80541,0.80564,1.00,1.50
2015.10.09 17:55:13.006,0.80541,0.80565,1.00,2.25
2015.10.09 17:55:15.476,0.80541,0.80563,1.00,1.00
2015.10.09 17:55:16.371,0.80541,0.80562,1.00,1.00
2015.10.09 17:55:16.875,0.80541,0.80559,1.00,1.00
2015.10.09 17:55:17.079,0.80534,0.80559,1.75,1.00
2015.10.09 17:55:17.375,0.80533,0.80558,1.75,1.00
2015.10.09 17:55:17.933,0.80533,0.80559,1.75,1.12
2015.10.09 17:55:18.347,0.80534,0.80559,1.75,1.00
2015.10.09 17:55:18.865,0.80533,0.8056,1.75,1.00
2015.10.09 17:55:21.055,0.80534,0.80561,1.75,1.12
2015.10.09 17:55:22.395,0.80533,0.8056,1.75,1.00
2015.10.09 17:55:22.703,0.80532,0.80558,1.75,1.00
2015.10.09 17:55:23.206,0.80532,0.80559,1.75,1.00
2015.10.09 17:55:24.714,0.80533,0.8056,1.75,1.00
2015.10.09 17:55:25.216,0.80533,0.80559,1.75,1.00
2015.10.09 17:55:27.792,0.80531,0.80559,1.75,2.25
2015.10.09 17:55:38.445,0.80531,0.80557,1.75,1.00
2015.10.09 17:55:38.985,0.80528,0.80556,4.50,1.00
2015.10.09 17:55:40.889,0.80528,0.80556,2.25,1.50
2015.10.09 17:55:46.246,0.80528,0.80554,2.25,1.00
2015.10.09 17:55:46.574,0.80528,0.80552,2.25,1.00
2015.10.09 17:55:46.688,0.80528,0.80554,2.25,1.00
2015.10.09 17:55:47.191,0.80528,0.80555,2.25,1.12
2015.10.09 17:55:49.305,0.80528,0.80554,1.75,1.00
2015.10.09 17:55:49.516,0.80527,0.80553,1.75,1.75
2015.10.09 17:55:52.519,0.80528,0.80554,1.75,1.12
2015.10.09 17:55:53.369,0.80528,0.80553,1.75,1.00
2015.10.09 17:55:58.797,0.80527,0.80552,1.75,1.00
2015.10.09 17:56:05.274,0.80528,0.80553,1.75,1.00
2015.10.09 17:56:05.805,0.80528,0.80552,1.75,1.00
2015.10.09 17:56:06.323,0.80528,0.80553,1.75,1.00
2015.10.09 17:56:06.866,0.80528,0.80552,1.75,1.00
2015.10.09 17:56:08.278,0.80528,0.80554,1.75,1.12
2015.10.09 17:56:08.847,0.8053,0.80556,1.75,1.50
2015.10.09 17:56:10.339,0.80532,0.80558,1.75,1.00
2015.10.09 17:56:10.889,0.8053,0.80557,2.25,1.00
2015.10.09 17:56:12.441,0.8053,0.80558,2.25,1.50
2015.10.09 17:56:12.976,0.80531,0.80557,1.75,1.00
2015.10.09 17:56:14.304,0.80531,0.80558,1.75,1.00
2015.10.09 17:56:14.811,0.80531,0.80557,1.75,1.00
2015.10.09 17:56:15.420,0.8053,0.80556,1.75,1.00
2015.10.09 17:56:15.975,0.80531,0.80558,1.75,1.00
2015.10.09 17:56:16.745,0.80534,0.80559,1.75,1.00
2015.10.09 17:56:17.044,0.80534,0.80561,1.75,1.87
2015.10.09 17:56:19.993,0.80533,0.8056,1.75,1.00
2015.10.09 17:56:23.903,0.80535,0.80561,1.75,1.87
2015.10.09 17:56:24.005,0.80535,0.80559,1.75,1.00
2015.10.09 17:56:24.592,0.80535,0.8056,1.75,1.00
2015.10.09 17:56:25.134,0.80535,0.80559,1.75,1.00
2015.10.09 17:56:25.653,0.80535,0.80559,1.75,1.00
2015.10.09 17:56:26.288,0.80537,0.8056,1.75,1.00
2015.10.09 17:56:32.455,0.80535,0.80558,1.75,1.00
2015.10.09 17:56:32.506,0.80538,0.80558,1.00,1.00
2015.10.09 17:56:33.124,0.80538,0.80559,1.00,1.00
2015.10.09 17:56:53.029,0.80538,0.8056,1.00,1.00
2015.10.09 17:57:01.043,0.80538,0.80562,1.00,1.50
2015.10.09 17:57:01.878,0.80535,0.80562,2.25,2.25
2015.10.09 17:57:05.372,0.80535,0.80561,2.25,1.00
2015.10.09 17:57:05.874,0.80535,0.8056,1.75,1.00
2015.10.09 17:57:06.425,0.80535,0.80561,1.75,1.00
2015.10.09 17:57:07.084,0.80535,0.8056,1.75,1.00
2015.10.09 17:57:08.332,0.80535,0.80559,1.75,1.00
2015.10.09 17:57:08.756,0.80535,0.80561,1.75,1.00
2015.10.09 17:57:09.493,0.80535,0.80562,1.75,1.87
2015.10.09 17:57:09.766,0.80535,0.8056,1.75,1.00
2015.10.09 17:57:10.286,0.80535,0.80561,1.75,1.50
2015.10.09 17:57:15.562,0.80535,0.8056,1.75,1.00
2015.10.09 17:57:17.811,0.80535,0.80561,1.75,1.00
2015.10.09 17:57:20.077,0.80535,0.80559,1.75,1.00
2015.10.09 17:57:20.621,0.80535,0.8056,1.75,1.00
2015.10.09 17:57:25.599,0.80535,0.80561,2.25,1.12
2015.10.09 17:57:26.607,0.80535,0.8056,1.75,1.00
2015.10.09 17:57:31.414,0.80535,0.80563,2.25,1.75
2015.10.09 17:57:31.616,0.8054,0.80566,2.25,1.75
2015.10.09 17:57:31.667,0.8054,0.80567,2.25,1.37
2015.10.09 17:57:31.997,0.80547,0.80573,1.37,1.37
2015.10.09 17:57:32.049,0.80545,0.80573,1.75,1.50
2015.10.09 17:57:37.982,0.8055,0.80572,1.50,1.00
2015.10.09 17:57:38.498,0.8055,0.80573,1.50,1.00
2015.10.09 17:57:40.001,0.8055,0.80572,1.50,1.00
2015.10.09 17:57:40.502,0.8055,0.80573,1.50,1.00
2015.10.09 17:57:41.942,0.8055,0.80574,1.50,1.87
2015.10.09 17:57:43.067,0.8055,0.80572,1.50,1.00
2015.10.09 17:57:43.576,0.8055,0.80573,1.50,1.50
2015.10.09 17:57:44.365,0.8055,0.80574,1.50,1.87
2015.10.09 17:57:44.916,0.8055,0.80573,1.50,1.00
2015.10.09 17:57:47.329,0.8055,0.80574,1.50,1.87
2015.10.09 17:57:49.883,0.8055,0.80573,1.50,1.00
2015.10.09 17:57:50.186,0.80555,0.80578,1.00,2.25
2015.10.09 17:57:50.287,0.80555,0.80578,1.00,1.75
2015.10.09 17:57:50.894,0.80555,0.80583,1.87,2.25
2015.10.09 17:57:51.416,0.80555,0.80576,1.00,1.50
2015.10.09 17:57:51.946,0.80552,0.80576,1.12,1.50
2015.10.09 17:57:52.546,0.80553,0.80576,1.00,1.50
2015.10.09 17:57:56.772,0.80555,0.80576,1.00,1.50
2015.10.09 17:58:09.575,0.80555,0.80576,1.50,1.00
2015.10.09 17:58:18.992,0.80553,0.80578,1.12,1.75
2015.10.09 17:58:23.752,0.80554,0.80576,1.00,1.12
2015.10.09 17:58:24.921,0.80554,0.80575,1.00,1.37
2015.10.09 17:58:24.971,0.80551,0.80575,1.00,2.25
2015.10.09 17:58:25.503,0.8055,0.80574,1.12,1.50
2015.10.09 17:58:28.431,0.8055,0.80572,1.12,1.00
2015.10.09 17:58:30.100,0.8055,0.80573,1.12,1.12
2015.10.09 17:58:30.453,0.8055,0.80573,1.00,1.37
2015.10.09 17:58:32.962,0.80547,0.80572,1.50,1.75
2015.10.09 17:58:33.064,0.80547,0.80572,1.00,1.75
2015.10.09 17:58:33.383,0.8055,0.80571,1.00,1.75
2015.10.09 17:58:35.842,0.8055,0.80575,1.00,2.25
2015.10.09 17:58:35.893,0.8055,0.80575,1.00,2.25
2015.10.09 17:58:35.994,0.80552,0.80573,1.00,1.75
2015.10.09 17:58:36.561,0.80553,0.80576,1.00,1.75
2015.10.09 17:58:37.111,0.8055,0.80573,1.50,1.75
2015.10.09 17:58:39.966,0.80551,0.80573,1.00,1.75
2015.10.09 17:58:40.496,0.8055,0.80571,1.50,1.12
2015.10.09 17:58:48.002,0.8055,0.80571,1.00,1.50
2015.10.09 17:58:48.104,0.80548,0.8057,1.00,2.25
2015.10.09 17:58:48.801,0.80547,0.80568,1.00,1.12
2015.10.09 17:58:50.821,0.80546,0.80569,1.12,1.50
2015.10.09 17:58:51.339,0.80545,0.8057,1.50,3.00
2015.10.09 17:58:53.122,0.80543,0.80566,1.00,1.75
2015.10.09 17:58:53.173,0.8054,0.80566,2.25,1.75
2015.10.09 17:58:53.425,0.80545,0.80565,1.00,1.50
2015.10.09 17:58:53.995,0.80544,0.80565,1.00,1.50
2015.10.09 17:59:05.939,0.80545,0.80565,1.00,1.50
2015.10.09 17:59:09.291,0.80545,0.80563,1.00,1.00
2015.10.09 17:59:10.340,0.80545,0.80564,1.00,1.00
2015.10.09 17:59:14.748,0.80545,0.80567,1.00,1.75
2015.10.09 17:59:28.820,0.8055,0.80567,1.00,1.75
2015.10.09 17:59:30.961,0.8055,0.80568,1.00,2.25
2015.10.09 17:59:31.207,0.8055,0.80568,1.00,1.00
2015.10.09 17:59:31.732,0.80549,0.80569,1.00,1.12
2015.10.09 17:59:31.833,0.80549,0.80568,1.00,1.37
2015.10.09 17:59:32.778,0.80547,0.80567,1.00,1.50
2015.10.09 17:59:33.249,0.8055,0.80567,1.00,1.50
2015.10.09 17:59:36.213,0.80546,0.80567,1.00,1.50
2015.10.09 17:59:36.301,0.8055,0.80567,1.00,1.50
2015.10.09 17:59:38.430,0.80546,0.8057,1.00,1.75
2015.10.09 17:59:38.866,0.8055,0.80569,1.00,1.75
2015.10.09 17:59:39.068,0.8055,0.80571,1.00,1.75
2015.10.09 17:59:42.393,0.80549,0.80569,1.00,1.12
2015.10.09 17:59:42.494,0.80547,0.80569,1.12,1.12
2015.10.09 17:59:45.738,0.80548,0.80569,1.00,1.12
2015.10.09 17:59:47.808,0.80549,0.8057,1.00,1.50
2015.10.09 17:59:50.260,0.8055,0.8057,1.00,1.50
2015.10.09 17:59:51.281,0.8055,0.80567,1.00,1.00
2015.10.09 17:59:51.382,0.80547,0.80567,1.00,1.50
2015.10.09 17:59:52.268,0.8055,0.80567,1.00,1.00
2015.10.09 17:59:52.710,0.80547,0.80567,1.00,1.00
2015.10.09 17:59:53.221,0.80546,0.80567,1.00,1.00
2015.10.09 17:59:53.754,0.80545,0.80566,1.00,1.00
2015.10.09 17:59:56.131,0.80545,0.80565,1.00,1.75
