2017.12.01 12:00:00.075,0.7695,0.76958,1.00,1.50
2017.12.01 12:00:05.882,0.76952,0.76958,1.00,1.00
2017.12.01 12:00:08.299,0.76952,0.7696,1.00,3.00
2017.12.01 12:00:10.396,0.76955,0.7696,1.00,1.00
2017.12.01 12:00:10.498,0.76956,0.76962,1.00,1.00
2017.12.01 12:00:12.759,0.76955,0.76962,1.00,1.50
2017.12.01 12:00:14.368,0.76954,0.76961,1.00,1.00
2017.12.01 12:00:14.869,0.76954,0.76962,1.00,3.19
2017.12.01 12:00:15.579,0.76955,0.76962,1.00,2.25
2017.12.01 12:00:15.630,0.76951,0.76958,1.00,1.00
2017.12.01 12:00:15.935,0.76953,0.76959,1.00,1.00
2017.12.01 12:00:16.899,0.76953,0.7696,1.00,1.50
2017.12.01 12:00:20.128,0.76952,0.7696,1.00,1.50
2017.12.01 12:00:21.121,0.76953,0.7696,1.00,1.50
2017.12.01 12:00:22.039,0.76952,0.7696,1.00,1.50
2017.12.01 12:00:22.630,0.76953,0.7696,1.00,1.50
2017.12.01 12:00:23.166,0.7695,0.76957,1.50,1.00
2017.12.01 12:00:23.505,0.76948,0.76955,1.00,1.50
2017.12.01 12:00:25.723,0.76953,0.76957,1.00,1.12
2017.12.01 12:00:25.774,0.76953,0.76959,1.00,1.50
2017.12.01 12:00:26.149,0.7695,0.76957,1.00,1.00
2017.12.01 12:00:26.765,0.76949,0.76957,1.50,1.69
2017.12.01 12:00:26.868,0.76949,0.76955,1.00,1.00
2017.12.01 12:00:28.399,0.76949,0.76956,1.50,1.00
2017.12.01 12:00:31.061,0.76948,0.76955,1.00,1.50
2017.12.01 12:00:31.367,0.76952,0.76959,1.50,1.12
2017.12.01 12:00:32.439,0.76953,0.76959,1.00,1.00
2017.12.01 12:00:32.946,0.76953,0.7696,1.00,1.00
2017.12.01 12:00:38.805,0.76955,0.7696,1.00,1.00
2017.12.01 12:00:46.110,0.7696,0.76964,1.00,1.50
2017.12.01 12:00:46.251,0.76961,0.76965,1.00,1.00
2017.12.01 12:00:46.307,0.76964,0.7697,1.00,1.00
2017.12.01 12:00:46.359,0.76965,0.76972,1.00,1.69
2017.12.01 12:00:49.259,0.76964,0.76971,1.00,1.00
2017.12.01 12:00:49.778,0.76964,0.7697,1.00,1.00
2017.12.01 12:00:50.331,0.76963,0.7697,1.00,1.00
2017.12.01 12:00:50.965,0.76962,0.7697,1.00,2.62
2017.12.01 12:00:52.713,0.76962,0.7697,1.00,1.69
2017.12.01 12:00:52.764,0.76964,0.76968,1.00,1.00
2017.12.01 12:00:52.815,0.76964,0.7697,1.00,1.00
2017.12.01 12:00:53.771,0.76963,0.7697,1.00,1.69
2017.12.01 12:00:53.925,0.76959,0.76965,1.00,1.25
2017.12.01 12:00:53.976,0.76956,0.76963,1.00,1.00
2017.12.01 12:01:00.313,0.76956,0.76962,1.00,1.00
2017.12.01 12:01:05.316,0.76956,0.76963,1.50,2.44
2017.12.01 12:01:08.101,0.76958,0.76963,1.00,1.50
2017.12.01 12:01:08.152,0.76958,0.76965,1.50,2.44
2017.12.01 12:01:08.656,0.76958,0.76964,1.00,1.00
2017.12.01 12:01:09.166,0.76959,0.76965,1.00,1.50
2017.12.01 12:01:09.523,0.76958,0.76963,1.00,1.00
2017.12.01 12:01:09.978,0.76956,0.76963,1.00,1.69
2017.12.01 12:01:10.542,0.76955,0.76962,1.00,1.00
2017.12.01 12:01:10.958,0.76958,0.76965,1.00,1.50
2017.12.01 12:01:11.959,0.76959,0.76965,1.00,1.00
2017.12.01 12:01:16.193,0.76958,0.76965,1.00,1.50
2017.12.01 12:01:17.338,0.76959,0.76965,1.00,1.87
2017.12.01 12:01:17.953,0.76961,0.76965,1.00,1.00
2017.12.01 12:01:18.219,0.76962,0.76967,1.00,1.00
2017.12.01 12:01:18.270,0.76964,0.76969,1.00,1.12
2017.12.01 12:01:18.524,0.76968,0.76974,1.00,1.50
2017.12.01 12:01:18.626,0.7697,0.76975,1.00,1.12
2017.12.01 12:01:18.782,0.76973,0.7698,1.50,2.81
2017.12.01 12:01:19.313,0.76974,0.76981,1.00,1.50
2017.12.01 12:01:19.862,0.76975,0.7698,1.00,1.00
2017.12.01 12:01:20.412,0.76975,0.76981,1.00,1.00
2017.12.01 12:01:20.463,0.76972,0.76978,1.50,1.00
2017.12.01 12:01:20.809,0.76972,0.76976,1.00,1.00
2017.12.01 12:01:20.912,0.76968,0.76973,1.00,1.00
2017.12.01 12:01:20.963,0.76964,0.76968,1.50,1.00
2017.12.01 12:01:21.014,0.76964,0.76968,1.50,1.00
2017.12.01 12:01:21.116,0.76965,0.76972,1.00,3.94
2017.12.01 12:01:21.421,0.76968,0.76972,1.00,1.00
2017.12.01 12:01:21.777,0.7697,0.76974,1.00,1.12
2017.12.01 12:01:21.880,0.76971,0.76976,1.00,1.00
2017.12.01 12:01:22.487,0.76972,0.76978,1.00,1.87
2017.12.01 12:01:22.994,0.76972,0.76977,1.00,1.00
2017.12.01 12:01:24.830,0.76973,0.76977,1.00,1.00
2017.12.01 12:01:25.609,0.76974,0.76978,1.00,1.12
2017.12.01 12:01:26.142,0.7697,0.76976,1.00,1.00
2017.12.01 12:01:26.671,0.7697,0.76977,1.00,2.44
2017.12.01 12:01:26.990,0.76969,0.76975,1.00,1.00
2017.12.01 12:01:27.244,0.7697,0.76977,1.00,2.44
2017.12.01 12:01:27.708,0.76972,0.76977,1.00,1.00
2017.12.01 12:01:28.662,0.76972,0.76976,1.00,1.00
2017.12.01 12:01:28.764,0.7697,0.76977,1.50,1.50
2017.12.01 12:01:28.866,0.7697,0.76975,1.50,1.00
2017.12.01 12:01:32.150,0.76971,0.76977,1.00,1.50
2017.12.01 12:01:32.658,0.7697,0.76976,1.50,1.00
2017.12.01 12:01:33.329,0.76971,0.76976,1.00,1.00
2017.12.01 12:01:33.544,0.76969,0.76975,1.00,1.00
2017.12.01 12:01:34.128,0.76968,0.76975,1.50,1.00
2017.12.01 12:01:34.646,0.76968,0.76975,1.50,1.88
2017.12.01 12:01:35.079,0.7697,0.76976,1.00,1.00
2017.12.01 12:01:35.395,0.76969,0.76974,1.00,1.00
2017.12.01 12:01:36.649,0.76969,0.76974,1.00,1.50
2017.12.01 12:01:36.701,0.76967,0.76972,1.00,2.25
2017.12.01 12:01:36.879,0.76965,0.76969,1.00,1.00
2017.12.01 12:01:38.213,0.76965,0.76969,1.50,1.00
2017.12.01 12:01:38.264,0.76967,0.76972,1.00,1.00
2017.12.01 12:01:38.813,0.76968,0.76973,1.00,1.00
2017.12.01 12:01:39.597,0.76967,0.76972,1.00,1.00
2017.12.01 12:01:40.103,0.76967,0.76971,1.00,1.00
2017.12.01 12:01:40.633,0.76966,0.76971,1.00,1.00
2017.12.01 12:01:41.157,0.76966,0.76972,1.00,1.69
2017.12.01 12:01:42.162,0.76965,0.76972,1.50,1.50
2017.12.01 12:01:44.817,0.76967,0.76972,1.00,1.00
2017.12.01 12:01:44.868,0.76967,0.76974,1.00,2.63
2017.12.01 12:01:45.390,0.76968,0.76974,1.00,1.88
2017.12.01 12:01:45.992,0.76968,0.76972,1.00,1.00
2017.12.01 12:01:46.498,0.76969,0.76974,1.00,1.00
2017.12.01 12:01:47.776,0.7697,0.76975,1.00,1.25
2017.12.01 12:01:48.554,0.7697,0.76976,1.00,3.00
2017.12.01 12:01:48.956,0.76969,0.76973,1.00,1.00
2017.12.01 12:01:49.108,0.76969,0.76975,1.00,1.50
2017.12.01 12:01:50.300,0.76972,0.76976,1.00,1.50
2017.12.01 12:01:50.839,0.76973,0.76977,1.00,1.00
2017.12.01 12:01:52.331,0.76973,0.76978,1.00,1.50
2017.12.01 12:01:52.862,0.76972,0.76978,1.00,1.50
2017.12.01 12:01:53.297,0.76972,0.76976,1.00,1.00
2017.12.01 12:01:53.830,0.76971,0.76976,1.00,1.00
2017.12.01 12:01:54.068,0.76971,0.76978,1.00,1.88
2017.12.01 12:01:54.778,0.76972,0.76978,1.00,1.00
2017.12.01 12:01:55.633,0.76973,0.76978,1.00,1.00
2017.12.01 12:01:56.149,0.76972,0.76978,1.50,1.00
2017.12.01 12:01:56.251,0.76974,0.76981,1.00,3.00
2017.12.01 12:01:56.302,0.76974,0.76981,1.00,1.50
2017.12.01 12:01:57.049,0.76975,0.76981,1.00,1.50
2017.12.01 12:01:57.649,0.76974,0.76979,1.00,1.00
2017.12.01 12:01:57.701,0.76973,0.76981,1.00,2.25
2017.12.01 12:01:57.854,0.76972,0.76978,1.50,1.00
2017.12.01 12:01:58.405,0.76972,0.76979,1.00,2.62
2017.12.01 12:02:00.173,0.76973,0.76979,1.00,1.00
2017.12.01 12:02:00.773,0.76974,0.76979,1.00,1.50
2017.12.01 12:02:01.110,0.76973,0.76977,1.00,1.00
2017.12.01 12:02:01.369,0.76973,0.76979,1.00,1.00
2017.12.01 12:02:01.573,0.76975,0.76981,1.00,1.00
2017.12.01 12:02:02.940,0.76976,0.76981,1.00,1.00
2017.12.01 12:02:05.001,0.76975,0.76981,1.00,1.00
2017.12.01 12:02:06.456,0.76976,0.76981,1.00,1.00
2017.12.01 12:02:11.789,0.76977,0.76983,1.00,1.87
2017.12.01 12:02:12.060,0.76978,0.76985,1.00,1.69
2017.12.01 12:02:12.602,0.76979,0.76985,1.00,1.00
2017.12.01 12:02:12.755,0.7698,0.76987,1.00,3.19
2017.12.01 12:02:13.008,0.76978,0.76987,1.00,3.00
2017.12.01 12:02:13.355,0.7698,0.76989,1.00,3.75
2017.12.01 12:02:14.520,0.7698,0.76986,1.00,1.25
2017.12.01 12:02:14.971,0.76978,0.76983,1.00,1.00
2017.12.01 12:02:16.149,0.76978,0.76985,1.00,1.87
2017.12.01 12:02:19.023,0.7698,0.76988,1.00,1.50
2017.12.01 12:02:19.378,0.76978,0.76983,1.00,1.00
2017.12.01 12:02:19.923,0.76977,0.76984,1.00,1.00
2017.12.01 12:02:20.472,0.76977,0.76985,1.00,1.25
2017.12.01 12:02:21.033,0.76977,0.76984,1.00,1.00
2017.12.01 12:02:23.881,0.76978,0.76987,1.69,2.25
2017.12.01 12:02:23.983,0.76979,0.76988,1.00,1.00
2017.12.01 12:02:24.632,0.76979,0.76987,1.00,1.00
2017.12.01 12:02:25.157,0.76979,0.76988,1.00,1.00
2017.12.01 12:02:25.697,0.7698,0.76989,1.00,1.25
2017.12.01 12:02:27.333,0.7698,0.7699,1.00,3.75
2017.12.01 12:02:28.393,0.76981,0.7699,1.00,1.12
2017.12.01 12:02:28.866,0.76981,0.76988,1.00,1.00
2017.12.01 12:02:31.316,0.7698,0.76988,1.00,3.00
2017.12.01 12:02:32.591,0.7698,0.76987,1.00,1.00
2017.12.01 12:02:33.123,0.7698,0.76986,1.00,1.00
2017.12.01 12:02:36.715,0.7698,0.76987,1.00,2.06
2017.12.01 12:02:37.547,0.7698,0.76988,1.00,1.87
2017.12.01 12:02:46.741,0.76982,0.76988,1.00,1.00
2017.12.01 12:02:47.123,0.76982,0.7699,1.25,1.12
2017.12.01 12:02:47.353,0.76981,0.76988,1.00,1.00
2017.12.01 12:02:47.928,0.76982,0.76988,1.00,1.00
2017.12.01 12:02:48.181,0.76982,0.7699,1.25,1.12
2017.12.01 12:02:48.804,0.76983,0.7699,1.00,1.12
2017.12.01 12:02:49.573,0.76982,0.7699,1.25,1.00
2017.12.01 12:02:50.083,0.76981,0.7699,1.50,1.00
2017.12.01 12:02:50.197,0.76983,0.76991,1.00,1.69
2017.12.01 12:02:50.730,0.7698,0.76984,1.00,1.44
2017.12.01 12:02:50.782,0.76978,0.76982,1.50,1.50
2017.12.01 12:02:50.833,0.76976,0.7698,1.00,1.50
2017.12.01 12:02:50.884,0.76973,0.7698,1.00,1.50
2017.12.01 12:02:51.073,0.76971,0.7698,1.25,2.44
2017.12.01 12:02:51.124,0.7697,0.76976,3.19,1.00
2017.12.01 12:02:51.711,0.7697,0.76977,2.44,1.00
2017.12.01 12:02:52.223,0.76971,0.76978,1.00,1.00
2017.12.01 12:02:52.630,0.76971,0.76976,1.00,1.31
2017.12.01 12:02:52.682,0.76969,0.76974,1.50,1.00
2017.12.01 12:02:52.829,0.76967,0.76972,1.00,1.00
2017.12.01 12:02:53.823,0.76965,0.76972,1.00,1.50
2017.12.01 12:02:59.059,0.76965,0.76971,1.00,1.00
2017.12.01 12:03:00.483,0.76965,0.76972,1.00,1.50
2017.12.01 12:03:01.645,0.76965,0.76971,1.00,1.00
2017.12.01 12:03:02.508,0.76963,0.7697,1.00,1.00
2017.12.01 12:03:02.712,0.76961,0.76969,1.00,1.13
2017.12.01 12:03:03.226,0.76961,0.76968,1.00,1.00
2017.12.01 12:03:05.618,0.76959,0.76966,1.00,1.69
2017.12.01 12:03:10.546,0.76958,0.76966,1.00,2.63
2017.12.01 12:03:11.068,0.76958,0.76966,1.00,2.44
2017.12.01 12:03:12.640,0.76958,0.76965,1.00,1.00
2017.12.01 12:03:14.461,0.76958,0.76966,1.00,2.44
2017.12.01 12:03:15.862,0.76958,0.76967,2.25,2.44
2017.12.01 12:03:16.207,0.7696,0.76966,1.00,1.44
2017.12.01 12:03:16.755,0.7696,0.76966,1.00,1.69
2017.12.01 12:03:17.583,0.76958,0.76966,1.50,1.69
2017.12.01 12:03:19.309,0.76958,0.76964,1.00,1.00
2017.12.01 12:03:19.914,0.76958,0.76965,1.00,1.50
2017.12.01 12:03:20.519,0.76958,0.76965,1.00,3.38
2017.12.01 12:03:20.672,0.76956,0.76964,1.00,1.00
2017.12.01 12:03:21.622,0.76956,0.76963,1.00,1.50
2017.12.01 12:03:25.829,0.76956,0.76963,1.00,1.88
2017.12.01 12:03:26.032,0.76958,0.76965,2.44,1.00
2017.12.01 12:03:26.185,0.76961,0.7697,1.50,1.88
2017.12.01 12:03:26.236,0.76963,0.7697,1.00,1.00
2017.12.01 12:03:26.791,0.76963,0.76971,1.00,2.44
2017.12.01 12:03:27.096,0.76965,0.76972,1.00,1.25
2017.12.01 12:03:28.620,0.76965,0.76971,1.00,1.00
2017.12.01 12:03:29.762,0.76965,0.76973,1.00,3.00
2017.12.01 12:03:30.272,0.76965,0.76973,1.00,2.25
2017.12.01 12:03:30.633,0.76965,0.76972,1.00,1.88
2017.12.01 12:03:31.193,0.76965,0.76972,1.00,1.25
2017.12.01 12:03:32.751,0.76965,0.76971,1.00,1.25
2017.12.01 12:03:37.767,0.76965,0.76972,1.00,1.25
2017.12.01 12:03:38.341,0.76965,0.76973,1.00,1.31
2017.12.01 12:03:38.647,0.76965,0.76972,1.00,2.06
2017.12.01 12:03:39.790,0.76965,0.7697,1.00,1.00
2017.12.01 12:03:41.889,0.76965,0.76971,1.00,1.25
2017.12.01 12:03:43.528,0.76965,0.76969,1.00,1.00
2017.12.01 12:03:44.036,0.76963,0.76969,1.00,1.00
2017.12.01 12:03:47.842,0.76961,0.76969,1.00,1.88
2017.12.01 12:03:48.047,0.76963,0.7697,1.00,1.00
2017.12.01 12:03:48.945,0.76961,0.76968,3.00,1.00
2017.12.01 12:03:49.452,0.76961,0.76968,1.50,1.00
2017.12.01 12:03:50.835,0.76963,0.7697,1.00,1.69
2017.12.01 12:03:51.364,0.76963,0.76969,1.00,1.00
2017.12.01 12:03:51.990,0.76961,0.76969,1.00,1.00
2017.12.01 12:03:52.532,0.76961,0.76969,1.00,1.88
2017.12.01 12:03:53.041,0.76962,0.76969,1.00,1.88
2017.12.01 12:03:53.570,0.76961,0.76968,1.50,1.00
2017.12.01 12:03:54.080,0.76963,0.76969,1.00,1.50
2017.12.01 12:03:54.881,0.76964,0.76969,1.00,1.00
2017.12.01 12:03:55.394,0.76964,0.7697,1.00,1.00
2017.12.01 12:03:56.070,0.76964,0.76971,1.00,2.44
2017.12.01 12:03:57.805,0.76963,0.76969,1.50,1.00
2017.12.01 12:03:57.957,0.76964,0.76971,1.00,2.63
2017.12.01 12:03:59.173,0.76963,0.76971,1.50,2.44
2017.12.01 12:03:59.376,0.76963,0.76971,1.50,2.44
2017.12.01 12:03:59.428,0.76964,0.76971,1.00,2.44
2017.12.01 12:03:59.858,0.76964,0.76971,1.00,1.88
2017.12.01 12:04:00.207,0.76964,0.76971,1.00,1.50
2017.12.01 12:04:00.724,0.76965,0.76971,1.00,1.00
2017.12.01 12:04:01.275,0.76964,0.76971,1.00,2.25
2017.12.01 12:04:03.703,0.76965,0.76971,1.00,1.69
2017.12.01 12:04:04.449,0.76964,0.76971,1.00,1.69
2017.12.01 12:04:07.123,0.76964,0.76969,1.00,1.00
2017.12.01 12:04:08.231,0.76964,0.7697,1.00,1.00
2017.12.01 12:04:11.610,0.76964,0.76971,1.00,1.88
2017.12.01 12:04:12.353,0.76964,0.76972,1.00,1.69
2017.12.01 12:04:12.924,0.76964,0.76971,1.00,1.00
2017.12.01 12:04:13.463,0.76965,0.76973,1.50,3.56
2017.12.01 12:04:14.206,0.76966,0.76973,1.00,3.56
2017.12.01 12:04:14.358,0.76967,0.76974,1.50,2.44
2017.12.01 12:04:14.409,0.76966,0.7697,1.00,1.00
2017.12.01 12:04:14.460,0.76963,0.7697,3.00,1.25
2017.12.01 12:04:14.512,0.76963,0.76968,1.50,1.00
2017.12.01 12:04:15.021,0.76962,0.76969,1.00,2.25
2017.12.01 12:04:15.661,0.76964,0.76971,1.00,2.44
2017.12.01 12:04:16.997,0.76964,0.76969,1.00,1.00
2017.12.01 12:04:17.530,0.76964,0.7697,1.00,1.00
2017.12.01 12:04:20.088,0.76963,0.7697,1.50,1.50
2017.12.01 12:04:20.565,0.76963,0.76968,1.50,1.00
2017.12.01 12:04:21.149,0.76963,0.76969,1.50,1.25
2017.12.01 12:04:21.454,0.76967,0.76973,1.00,2.06
2017.12.01 12:04:22.157,0.76967,0.76973,1.00,2.06
2017.12.01 12:04:22.671,0.76966,0.76972,1.00,1.00
2017.12.01 12:04:23.842,0.76965,0.76972,1.50,1.00
2017.12.01 12:04:25.565,0.76966,0.76972,1.00,1.00
2017.12.01 12:04:26.090,0.76967,0.76972,1.00,1.00
2017.12.01 12:04:28.394,0.76966,0.76972,1.50,1.00
2017.12.01 12:04:28.699,0.76964,0.7697,1.50,1.00
2017.12.01 12:04:30.256,0.76964,0.76968,1.50,1.00
2017.12.01 12:04:30.865,0.76963,0.76968,1.00,1.00
2017.12.01 12:04:31.375,0.76962,0.76968,1.00,1.00
2017.12.01 12:04:31.903,0.76963,0.76969,1.00,1.00
2017.12.01 12:04:32.439,0.76963,0.7697,1.00,1.69
2017.12.01 12:04:33.344,0.76965,0.76971,1.00,1.00
2017.12.01 12:04:33.862,0.76966,0.76972,1.50,1.50
2017.12.01 12:04:34.622,0.76967,0.76972,1.00,1.50
2017.12.01 12:04:35.624,0.76966,0.76972,1.50,1.50
2017.12.01 12:04:36.239,0.76966,0.76971,1.00,1.31
2017.12.01 12:04:36.444,0.76958,0.76964,1.00,1.00
2017.12.01 12:04:36.546,0.7696,0.76965,1.00,1.00
2017.12.01 12:04:36.700,0.76962,0.76969,1.50,1.25
2017.12.01 12:04:37.220,0.76963,0.7697,1.00,2.25
2017.12.01 12:04:37.757,0.76963,0.7697,1.00,2.06
2017.12.01 12:04:38.083,0.76965,0.76972,1.00,1.25
2017.12.01 12:04:38.701,0.76965,0.76972,1.00,1.44
2017.12.01 12:04:39.305,0.76964,0.76971,1.50,1.69
2017.12.01 12:04:39.721,0.76964,0.76969,1.50,1.00
2017.12.01 12:04:40.244,0.76964,0.76971,1.50,1.25
2017.12.01 12:04:40.964,0.76964,0.7697,1.50,1.00
2017.12.01 12:04:41.736,0.76964,0.76971,1.50,1.69
2017.12.01 12:04:43.064,0.76965,0.76971,1.00,1.25
2017.12.01 12:04:44.102,0.76964,0.76971,1.50,1.25
2017.12.01 12:04:46.243,0.76964,0.7697,1.50,1.00
2017.12.01 12:04:48.865,0.76963,0.7697,1.00,1.50
2017.12.01 12:04:51.021,0.76962,0.7697,1.50,2.06
2017.12.01 12:04:51.225,0.76961,0.76968,1.00,2.06
2017.12.01 12:04:52.102,0.76962,0.76969,1.00,1.69
2017.12.01 12:04:52.731,0.76962,0.76968,1.00,1.00
2017.12.01 12:04:54.132,0.76962,0.76969,1.00,2.44
2017.12.01 12:04:55.731,0.76961,0.76968,1.00,1.00
2017.12.01 12:05:00.180,0.76961,0.76967,1.00,1.00
2017.12.01 12:05:01.058,0.76961,0.76968,1.00,1.69
2017.12.01 12:05:01.566,0.76962,0.76968,1.00,1.25
2017.12.01 12:05:02.423,0.76961,0.76968,1.00,1.69
2017.12.01 12:05:02.984,0.76962,0.76968,1.00,1.00
2017.12.01 12:05:05.188,0.76963,0.76968,1.00,1.00
2017.12.01 12:05:05.727,0.76963,0.76969,1.00,1.50
2017.12.01 12:05:06.300,0.76964,0.76969,1.00,1.00
2017.12.01 12:05:07.104,0.76964,0.7697,1.00,1.00
2017.12.01 12:05:07.617,0.76963,0.7697,1.50,1.00
2017.12.01 12:05:10.152,0.76963,0.7697,1.00,2.06
2017.12.01 12:05:10.684,0.76962,0.76969,2.25,1.88
2017.12.01 12:05:11.026,0.76964,0.76969,1.00,1.00
2017.12.01 12:05:11.820,0.76965,0.7697,1.00,1.25
2017.12.01 12:05:12.640,0.76963,0.7697,3.37,1.69
2017.12.01 12:05:13.397,0.76964,0.7697,1.00,1.00
2017.12.01 12:05:13.993,0.76964,0.76971,1.50,1.88
2017.12.01 12:05:16.278,0.76964,0.76969,1.00,1.00
2017.12.01 12:05:16.848,0.76965,0.76969,1.00,1.00
2017.12.01 12:05:17.574,0.76966,0.7697,1.00,1.00
2017.12.01 12:05:18.377,0.76966,0.76971,1.00,1.00
2017.12.01 12:05:18.920,0.76967,0.76972,1.00,1.00
2017.12.01 12:05:20.385,0.76968,0.76972,1.00,1.00
2017.12.01 12:05:20.639,0.76969,0.76974,1.00,1.00
2017.12.01 12:05:22.239,0.76968,0.76972,1.50,1.00
2017.12.01 12:05:22.394,0.76967,0.76973,1.50,1.00
2017.12.01 12:05:22.597,0.76967,0.76971,1.50,1.00
2017.12.01 12:05:23.104,0.76967,0.76972,1.50,1.00
2017.12.01 12:05:26.048,0.76966,0.76972,1.50,1.00
2017.12.01 12:05:28.449,0.76966,0.76971,1.00,1.00
2017.12.01 12:05:29.315,0.76966,0.76972,1.00,1.25
2017.12.01 12:05:30.497,0.76967,0.76972,1.00,1.00
2017.12.01 12:05:30.846,0.76965,0.7697,1.00,1.00
2017.12.01 12:05:30.898,0.76962,0.76969,1.87,1.13
2017.12.01 12:05:30.949,0.76962,0.76967,1.50,1.00
2017.12.01 12:05:31.000,0.7696,0.76967,1.88,1.00
2017.12.01 12:05:31.052,0.76962,0.7697,1.00,1.88
2017.12.01 12:05:31.104,0.76964,0.76972,1.00,2.81
2017.12.01 12:05:31.633,0.76964,0.76972,1.00,1.25
2017.12.01 12:05:31.997,0.76966,0.76972,1.00,1.25
2017.12.01 12:05:33.147,0.76968,0.76974,1.00,1.69
2017.12.01 12:05:33.452,0.76965,0.7697,1.50,1.00
2017.12.01 12:05:34.006,0.76964,0.76968,1.00,1.00
2017.12.01 12:05:34.058,0.76965,0.76971,1.00,1.44
2017.12.01 12:05:34.161,0.76963,0.76969,1.00,1.25
2017.12.01 12:05:34.365,0.76967,0.76973,1.50,1.00
2017.12.01 12:05:34.685,0.76974,0.76981,1.50,1.69
2017.12.01 12:05:35.976,0.76974,0.76978,1.00,1.00
2017.12.01 12:05:36.478,0.76973,0.76978,1.00,1.00
2017.12.01 12:05:36.581,0.76974,0.7698,1.00,2.63
2017.12.01 12:05:36.735,0.76977,0.76981,1.00,1.25
2017.12.01 12:05:37.243,0.76977,0.76981,1.00,1.31
2017.12.01 12:05:37.759,0.76977,0.76982,1.00,1.25
2017.12.01 12:05:37.810,0.76974,0.76981,1.50,1.31
2017.12.01 12:05:38.376,0.76975,0.76982,1.00,1.81
2017.12.01 12:05:38.427,0.76974,0.76981,1.50,1.75
2017.12.01 12:05:38.937,0.76974,0.7698,1.00,1.69
2017.12.01 12:05:39.444,0.76973,0.76978,1.00,1.25
2017.12.01 12:05:40.450,0.76972,0.76978,1.87,1.31
2017.12.01 12:05:42.495,0.76972,0.76977,1.87,1.00
2017.12.01 12:05:42.813,0.7697,0.76974,1.00,1.50
2017.12.01 12:05:42.865,0.76968,0.76973,1.50,1.13
2017.12.01 12:05:42.917,0.76966,0.76973,1.50,1.13
2017.12.01 12:05:43.917,0.76967,0.76973,1.00,1.00
2017.12.01 12:05:44.432,0.76967,0.76972,1.50,1.00
2017.12.01 12:05:44.635,0.76968,0.76974,1.00,1.25
2017.12.01 12:05:44.736,0.7697,0.76974,1.00,1.13
2017.12.01 12:05:45.368,0.7697,0.76975,1.00,1.69
2017.12.01 12:05:47.066,0.76971,0.76976,1.00,1.00
2017.12.01 12:05:47.118,0.76971,0.76978,1.00,1.00
2017.12.01 12:05:47.322,0.76974,0.76981,1.00,1.44
2017.12.01 12:05:47.373,0.76975,0.76982,1.50,2.44
2017.12.01 12:05:47.945,0.76976,0.76983,1.00,2.81
2017.12.01 12:05:48.447,0.76976,0.76983,1.00,1.25
2017.12.01 12:05:49.409,0.76977,0.76983,1.00,1.25
2017.12.01 12:05:49.958,0.76976,0.76983,1.00,1.69
2017.12.01 12:05:50.400,0.76978,0.76984,1.00,1.69
2017.12.01 12:05:50.906,0.76977,0.76984,1.00,1.50
2017.12.01 12:05:51.410,0.76976,0.76983,1.00,1.13
2017.12.01 12:05:52.091,0.76976,0.76982,1.00,1.00
2017.12.01 12:05:52.779,0.76975,0.76982,1.50,1.00
2017.12.01 12:05:53.287,0.76976,0.76982,1.00,1.00
2017.12.01 12:05:53.918,0.76976,0.76983,1.00,1.69
2017.12.01 12:05:54.037,0.76974,0.76983,1.50,1.69
2017.12.01 12:05:54.386,0.76972,0.76982,1.50,2.81
2017.12.01 12:05:54.896,0.76973,0.7698,1.00,1.00
2017.12.01 12:05:55.429,0.76974,0.7698,1.00,1.00
2017.12.01 12:05:55.966,0.76974,0.76981,1.00,1.69
2017.12.01 12:05:56.808,0.76974,0.76983,2.25,1.69
2017.12.01 12:05:58.914,0.76974,0.76982,1.00,1.44
2017.12.01 12:05:59.016,0.76972,0.7698,1.00,1.50
2017.12.01 12:05:59.518,0.76971,0.76978,1.50,1.00
2017.12.01 12:05:59.773,0.76968,0.76977,1.87,1.88
2017.12.01 12:05:59.926,0.7697,0.76977,1.00,1.50
2017.12.01 12:06:00.444,0.7697,0.76978,3.00,1.13
2017.12.01 12:06:00.496,0.76971,0.7698,2.62,1.13
2017.12.01 12:06:00.598,0.76971,0.76979,1.87,1.56
2017.12.01 12:06:00.956,0.76969,0.76977,1.00,1.25
2017.12.01 12:06:01.552,0.76969,0.76976,1.00,1.00
2017.12.01 12:06:01.757,0.76967,0.76975,1.69,1.00
2017.12.01 12:06:01.808,0.76967,0.76977,2.44,2.06
2017.12.01 12:06:01.859,0.76967,0.76976,1.50,1.44
2017.12.01 12:06:02.506,0.76968,0.76977,1.50,1.69
2017.12.01 12:06:02.846,0.7697,0.76977,1.00,1.25
2017.12.01 12:06:04.461,0.7697,0.76977,1.00,1.31
2017.12.01 12:06:05.371,0.7697,0.76978,1.00,2.06
2017.12.01 12:06:06.159,0.76971,0.76978,1.00,2.06
2017.12.01 12:06:06.210,0.76969,0.76978,1.25,1.88
2017.12.01 12:06:06.261,0.76968,0.76976,1.50,1.31
2017.12.01 12:06:06.802,0.76967,0.76975,1.50,1.25
2017.12.01 12:06:08.287,0.76967,0.76976,2.25,1.88
2017.12.01 12:06:09.109,0.76967,0.76977,2.44,3.37
2017.12.01 12:06:09.718,0.76968,0.76977,1.00,2.81
2017.12.01 12:06:11.855,0.76968,0.76977,1.00,1.69
2017.12.01 12:06:12.914,0.76968,0.76976,1.00,1.00
2017.12.01 12:06:13.571,0.76968,0.76977,1.00,2.63
2017.12.01 12:06:14.107,0.76968,0.76976,1.00,1.25
2017.12.01 12:06:14.618,0.76968,0.76975,1.00,1.00
2017.12.01 12:06:15.504,0.76968,0.76977,1.00,2.63
2017.12.01 12:06:15.880,0.7697,0.76977,1.00,1.88
2017.12.01 12:06:16.476,0.7697,0.76977,1.00,1.88
2017.12.01 12:06:16.781,0.76968,0.76974,1.00,1.44
2017.12.01 12:06:16.963,0.76966,0.76974,1.50,1.44
2017.12.01 12:06:17.065,0.76966,0.76975,1.69,1.00
2017.12.01 12:06:17.117,0.76968,0.76976,1.00,1.13
2017.12.01 12:06:17.423,0.7697,0.76978,1.00,1.50
2017.12.01 12:06:23.044,0.7697,0.76978,1.50,1.25
2017.12.01 12:06:23.548,0.76971,0.76978,1.00,1.25
2017.12.01 12:06:24.604,0.7697,0.76979,1.50,3.00
2017.12.01 12:06:25.119,0.76971,0.76979,1.00,1.88
2017.12.01 12:06:25.626,0.7697,0.76977,1.50,1.00
2017.12.01 12:06:26.134,0.7697,0.76976,1.00,1.25
2017.12.01 12:06:27.850,0.7697,0.76977,1.00,1.69
2017.12.01 12:06:31.646,0.76968,0.76976,1.00,1.88
2017.12.01 12:06:32.087,0.76966,0.76972,1.00,1.69
2017.12.01 12:06:32.138,0.76964,0.76971,1.00,1.25
2017.12.01 12:06:32.688,0.76964,0.7697,1.00,1.00
2017.12.01 12:06:32.739,0.76962,0.7697,1.50,1.00
2017.12.01 12:06:33.415,0.76965,0.76971,1.00,1.25
2017.12.01 12:06:33.616,0.76966,0.76973,1.00,1.00
2017.12.01 12:06:34.743,0.76966,0.76972,1.50,1.00
2017.12.01 12:06:36.491,0.76968,0.76976,1.50,1.00
2017.12.01 12:06:36.542,0.7697,0.76977,1.00,1.50
2017.12.01 12:06:37.537,0.7697,0.76976,1.00,1.00
2017.12.01 12:06:45.182,0.76968,0.76974,1.50,1.00
2017.12.01 12:06:45.699,0.76968,0.76975,1.00,1.00
2017.12.01 12:06:46.328,0.76968,0.76976,1.00,1.25
2017.12.01 12:06:47.008,0.76968,0.76978,1.50,3.19
2017.12.01 12:06:47.059,0.7697,0.76978,1.00,1.69
2017.12.01 12:06:47.785,0.7697,0.76977,1.50,1.00
2017.12.01 12:06:48.310,0.76969,0.76976,1.00,1.12
2017.12.01 12:06:49.007,0.76969,0.76975,1.00,1.00
2017.12.01 12:06:49.515,0.76969,0.76976,1.00,1.12
2017.12.01 12:06:59.532,0.76969,0.76975,1.00,1.00
2017.12.01 12:07:01.702,0.76969,0.76974,1.00,1.00
2017.12.01 12:07:01.753,0.76967,0.76974,1.50,1.00
2017.12.01 12:07:02.267,0.76967,0.76973,1.50,1.00
2017.12.01 12:07:03.693,0.76967,0.76972,1.00,1.00
2017.12.01 12:07:04.216,0.76967,0.76973,1.00,1.25
2017.12.01 12:07:10.958,0.76968,0.76974,1.00,1.69
2017.12.01 12:07:11.832,0.76968,0.76976,1.00,1.25
2017.12.01 12:07:12.087,0.7697,0.76976,1.00,1.25
2017.12.01 12:07:12.710,0.76969,0.76976,1.50,1.25
2017.12.01 12:07:13.365,0.7697,0.76976,1.00,1.00
2017.12.01 12:07:15.157,0.7697,0.76977,1.00,1.25
2017.12.01 12:07:15.704,0.76971,0.76977,1.00,1.00
2017.12.01 12:07:16.504,0.7697,0.76977,1.00,1.00
2017.12.01 12:07:17.148,0.76971,0.76977,1.00,1.25
2017.12.01 12:07:18.436,0.7697,0.76977,1.00,1.25
2017.12.01 12:07:18.966,0.7697,0.76976,1.00,1.00
2017.12.01 12:07:22.803,0.7697,0.76977,1.00,1.25
2017.12.01 12:07:23.479,0.7697,0.76976,1.00,1.00
2017.12.01 12:07:24.963,0.7697,0.76977,1.00,1.25
2017.12.01 12:07:28.291,0.76971,0.76977,1.00,1.25
2017.12.01 12:07:28.967,0.7697,0.76977,1.00,1.25
2017.12.01 12:07:29.516,0.76969,0.76976,1.50,1.25
2017.12.01 12:07:31.373,0.7697,0.76976,1.00,1.25
2017.12.01 12:07:33.860,0.7697,0.76977,1.00,1.25
2017.12.01 12:07:35.013,0.76971,0.76977,1.00,1.25
2017.12.01 12:07:37.634,0.76971,0.76978,1.00,1.69
2017.12.01 12:07:37.737,0.76971,0.7698,1.50,2.06
2017.12.01 12:07:37.960,0.76973,0.7698,1.00,1.69
2017.12.01 12:07:40.623,0.76974,0.7698,1.00,1.69
2017.12.01 12:07:40.826,0.76972,0.7698,2.25,1.00
2017.12.01 12:07:47.669,0.76972,0.76979,2.25,1.00
2017.12.01 12:07:49.179,0.76972,0.76978,1.00,1.00
2017.12.01 12:07:50.202,0.76971,0.76978,1.50,1.00
2017.12.01 12:07:50.798,0.76971,0.76977,1.50,1.25
2017.12.01 12:07:51.598,0.76971,0.76978,1.50,1.69
2017.12.01 12:07:52.207,0.76971,0.76977,1.50,1.00
2017.12.01 12:07:54.022,0.76972,0.76977,1.00,1.00
2017.12.01 12:07:54.594,0.76971,0.76977,1.50,1.00
2017.12.01 12:07:56.399,0.76971,0.76978,1.00,1.69
2017.12.01 12:07:56.948,0.76971,0.76979,1.00,1.00
2017.12.01 12:07:57.101,0.76971,0.76976,1.50,1.00
2017.12.01 12:07:58.507,0.76971,0.76977,1.00,1.25
2017.12.01 12:08:05.092,0.76971,0.76978,1.00,1.69
2017.12.01 12:08:05.539,0.76971,0.7698,1.00,3.19
2017.12.01 12:08:06.765,0.76972,0.7698,1.50,1.50
2017.12.01 12:08:35.613,0.76973,0.7698,1.00,1.00
2017.12.01 12:08:36.647,0.76972,0.7698,1.50,1.00
2017.12.01 12:08:44.291,0.76973,0.76981,1.00,1.50
2017.12.01 12:08:44.935,0.76974,0.76983,1.50,1.69
2017.12.01 12:08:45.234,0.76974,0.7698,1.00,1.25
2017.12.01 12:08:45.337,0.76972,0.76979,1.12,1.69
2017.12.01 12:08:50.906,0.76972,0.7698,2.25,1.00
2017.12.01 12:08:51.247,0.76974,0.76982,2.25,1.25
2017.12.01 12:08:51.842,0.76975,0.76982,1.00,1.25
2017.12.01 12:08:52.822,0.76975,0.76983,1.00,1.25
2017.12.01 12:08:53.545,0.76976,0.76983,1.00,1.25
2017.12.01 12:08:53.851,0.76974,0.76981,1.50,1.00
2017.12.01 12:08:54.957,0.76974,0.7698,2.25,1.00
2017.12.01 12:08:57.987,0.76974,0.76981,1.00,1.25
2017.12.01 12:09:00.740,0.76974,0.76982,1.00,1.50
2017.12.01 12:09:01.249,0.76975,0.76982,1.00,1.00
2017.12.01 12:09:01.798,0.76975,0.76983,1.00,1.00
2017.12.01 12:09:02.616,0.76975,0.76982,1.00,1.00
2017.12.01 12:09:03.154,0.76974,0.76981,1.00,1.25
2017.12.01 12:09:03.829,0.76974,0.7698,1.00,1.25
2017.12.01 12:09:05.698,0.76974,0.76979,1.50,1.00
2017.12.01 12:09:06.235,0.76973,0.76979,1.50,1.00
2017.12.01 12:09:06.758,0.76974,0.7698,1.00,1.69
2017.12.01 12:09:07.615,0.76974,0.76979,1.00,1.00
2017.12.01 12:09:09.083,0.76973,0.76979,1.00,1.00
2017.12.01 12:09:10.156,0.76973,0.7698,1.50,1.69
2017.12.01 12:09:10.720,0.76973,0.76979,1.50,1.00
2017.12.01 12:09:11.519,0.76973,0.7698,1.50,1.00
2017.12.01 12:09:24.795,0.76971,0.76978,1.50,1.69
2017.12.01 12:09:25.476,0.76972,0.76978,1.00,1.00
2017.12.01 12:09:25.885,0.76971,0.76976,1.00,1.00
2017.12.01 12:09:25.937,0.76969,0.76976,1.50,1.00
2017.12.01 12:09:28.369,0.76969,0.76977,1.00,1.69
2017.12.01 12:09:28.916,0.7697,0.76978,1.00,1.87
2017.12.01 12:09:30.003,0.76969,0.76978,2.25,1.87
2017.12.01 12:09:30.903,0.76971,0.76978,1.00,1.12
2017.12.01 12:09:31.887,0.7697,0.76978,1.00,1.69
2017.12.01 12:09:32.401,0.76971,0.76978,1.00,1.00
2017.12.01 12:09:34.465,0.7697,0.76978,1.00,1.69
2017.12.01 12:09:35.177,0.7697,0.76977,1.00,1.00
2017.12.01 12:09:41.558,0.7697,0.76976,1.00,1.00
2017.12.01 12:09:42.147,0.76969,0.76976,1.50,1.00
2017.12.01 12:09:45.914,0.76969,0.76978,2.25,1.12
2017.12.01 12:09:45.965,0.76971,0.76978,1.00,1.12
2017.12.01 12:09:47.029,0.76971,0.76979,2.25,1.25
2017.12.01 12:09:47.371,0.76971,0.76977,1.50,1.00
2017.12.01 12:09:47.879,0.7697,0.76976,1.00,1.00
2017.12.01 12:09:55.562,0.76968,0.76975,1.50,1.00
2017.12.01 12:09:56.114,0.76969,0.76977,1.00,1.25
2017.12.01 12:09:56.280,0.76971,0.7698,1.50,1.00
2017.12.01 12:09:56.586,0.76973,0.76981,1.00,1.00
2017.12.01 12:09:57.136,0.76974,0.76982,1.00,1.00
2017.12.01 12:09:58.056,0.76974,0.76983,1.00,2.06
2017.12.01 12:09:58.576,0.76974,0.76982,1.00,1.00
2017.12.01 12:09:59.517,0.76974,0.76981,1.00,1.00
2017.12.01 12:10:00.860,0.76974,0.76982,1.50,1.00
2017.12.01 12:10:01.188,0.76976,0.76983,1.50,1.25
2017.12.01 12:10:02.442,0.76976,0.76984,1.50,1.25
2017.12.01 12:10:03.679,0.76976,0.76982,1.50,1.00
2017.12.01 12:10:03.990,0.76971,0.76977,1.00,1.69
2017.12.01 12:10:04.639,0.76969,0.76977,1.00,1.69
2017.12.01 12:10:07.421,0.7697,0.76977,1.00,1.69
2017.12.01 12:10:10.984,0.76969,0.76977,1.50,1.69
2017.12.01 12:10:11.634,0.76969,0.76976,1.50,1.00
2017.12.01 12:10:13.048,0.76969,0.76977,1.50,1.69
2017.12.01 12:10:16.086,0.76969,0.76976,1.50,1.00
2017.12.01 12:10:18.083,0.76969,0.76975,1.00,1.50
2017.12.01 12:10:18.601,0.76968,0.76975,1.00,1.00
2017.12.01 12:10:19.175,0.76969,0.76976,1.00,1.00
2017.12.01 12:10:20.974,0.76969,0.76975,1.50,1.00
2017.12.01 12:10:21.801,0.76969,0.76974,1.00,1.00
2017.12.01 12:10:22.358,0.76969,0.76975,1.50,1.50
2017.12.01 12:10:23.000,0.76971,0.76975,1.00,1.00
2017.12.01 12:10:23.052,0.76971,0.76977,1.00,1.12
2017.12.01 12:10:23.538,0.7697,0.76975,1.00,1.00
2017.12.01 12:10:26.712,0.76969,0.76975,1.50,1.00
2017.12.01 12:10:27.920,0.7697,0.76976,1.00,1.12
2017.12.01 12:10:28.227,0.76967,0.76971,1.00,1.25
2017.12.01 12:10:28.278,0.76965,0.76971,1.00,1.25
2017.12.01 12:10:28.556,0.76963,0.7697,1.00,1.50
2017.12.01 12:10:30.708,0.76964,0.7697,1.00,1.00
2017.12.01 12:10:31.239,0.76963,0.7697,1.00,1.00
2017.12.01 12:10:31.566,0.76964,0.76972,1.00,3.00
2017.12.01 12:10:31.668,0.76966,0.76974,1.00,4.31
2017.12.01 12:10:32.003,0.76969,0.76976,1.00,1.87
2017.12.01 12:10:33.350,0.76969,0.76977,1.50,2.06
2017.12.01 12:10:33.900,0.76969,0.76977,1.50,2.44
2017.12.01 12:10:34.438,0.7697,0.76977,1.00,1.25
2017.12.01 12:10:34.743,0.76969,0.76975,1.00,1.00
2017.12.01 12:10:35.882,0.76969,0.76976,1.50,1.69
2017.12.01 12:10:36.088,0.7697,0.76978,1.00,1.00
2017.12.01 12:10:36.190,0.76972,0.7698,1.00,2.44
2017.12.01 12:10:37.103,0.76971,0.76979,1.50,1.00
2017.12.01 12:10:39.137,0.76973,0.7698,1.00,1.25
2017.12.01 12:10:39.675,0.76972,0.7698,1.00,1.87
2017.12.01 12:10:41.020,0.76973,0.7698,1.00,1.25
2017.12.01 12:10:43.108,0.76972,0.7698,1.50,1.87
2017.12.01 12:10:43.881,0.76973,0.7698,1.00,1.25
2017.12.01 12:10:44.830,0.76974,0.7698,1.00,1.25
2017.12.01 12:10:47.116,0.76974,0.76981,1.50,1.25
2017.12.01 12:10:48.720,0.76975,0.76983,1.00,2.25
2017.12.01 12:10:49.339,0.76975,0.76983,1.50,2.25
2017.12.01 12:10:49.659,0.76975,0.76981,1.00,1.00
2017.12.01 12:10:50.079,0.76975,0.76983,1.50,2.25
2017.12.01 12:10:50.795,0.76975,0.76982,2.25,1.00
2017.12.01 12:10:51.228,0.76977,0.76984,1.00,2.44
2017.12.01 12:10:51.773,0.76977,0.76984,1.50,1.25
2017.12.01 12:10:52.560,0.76976,0.76984,2.25,1.69
2017.12.01 12:10:53.533,0.76977,0.76984,1.00,1.69
2017.12.01 12:10:54.868,0.76978,0.76984,1.00,1.25
2017.12.01 12:10:55.177,0.76976,0.76983,1.50,1.50
2017.12.01 12:10:58.428,0.76977,0.76983,1.00,1.00
2017.12.01 12:10:59.086,0.76977,0.76984,1.00,1.25
2017.12.01 12:11:00.422,0.76977,0.76984,1.00,1.19
2017.12.01 12:11:01.032,0.76976,0.76983,1.50,1.00
2017.12.01 12:11:02.318,0.76976,0.76984,1.50,1.69
2017.12.01 12:11:02.471,0.76978,0.76984,1.00,1.00
2017.12.01 12:11:04.451,0.76978,0.76985,1.00,1.25
2017.12.01 12:11:04.973,0.76977,0.76985,1.50,1.25
2017.12.01 12:11:05.486,0.76977,0.76984,1.00,1.00
2017.12.01 12:11:06.170,0.76978,0.76985,1.50,1.00
2017.12.01 12:11:06.809,0.76978,0.76984,1.50,1.00
2017.12.01 12:11:06.972,0.76978,0.76986,2.25,1.12
2017.12.01 12:11:07.550,0.76979,0.76986,1.00,1.25
2017.12.01 12:11:07.826,0.76978,0.76983,1.50,1.00
2017.12.01 12:11:08.368,0.76978,0.76985,1.50,2.25
2017.12.01 12:11:08.802,0.76978,0.76983,1.50,1.00
2017.12.01 12:11:08.966,0.76978,0.76985,1.50,1.12
2017.12.01 12:11:09.925,0.76978,0.76983,1.50,1.00
2017.12.01 12:11:10.821,0.76978,0.76985,1.50,1.31
2017.12.01 12:11:11.752,0.76978,0.76984,1.00,1.00
2017.12.01 12:11:13.159,0.76979,0.76985,1.00,1.31
2017.12.01 12:11:13.709,0.76979,0.76986,1.50,1.69
2017.12.01 12:11:19.933,0.76979,0.76985,1.50,1.00
2017.12.01 12:11:20.442,0.76979,0.76986,1.00,2.25
2017.12.01 12:11:24.049,0.76979,0.76985,1.00,1.50
2017.12.01 12:11:24.650,0.76979,0.76986,1.00,1.69
2017.12.01 12:11:25.195,0.7698,0.76986,1.00,1.00
2017.12.01 12:11:25.505,0.76978,0.76985,1.50,1.00
2017.12.01 12:11:26.161,0.76979,0.76986,1.00,2.44
2017.12.01 12:11:26.350,0.76979,0.76984,1.00,1.00
2017.12.01 12:11:26.654,0.76977,0.76982,1.00,1.00
2017.12.01 12:11:27.260,0.76978,0.76982,1.00,1.00
2017.12.01 12:11:27.392,0.76978,0.76984,1.00,1.00
2017.12.01 12:11:29.748,0.76975,0.76979,1.00,1.69
2017.12.01 12:11:29.800,0.76972,0.76979,1.50,1.87
2017.12.01 12:11:32.155,0.76974,0.76979,1.00,1.00
2017.12.01 12:11:32.257,0.76975,0.76981,1.00,1.12
2017.12.01 12:11:35.277,0.76974,0.76979,1.50,1.00
2017.12.01 12:11:36.466,0.76972,0.76979,1.50,2.25
2017.12.01 12:11:37.021,0.76973,0.76979,1.00,1.50
2017.12.01 12:11:37.804,0.76972,0.76979,1.00,2.25
2017.12.01 12:11:38.415,0.76973,0.76979,1.00,1.50
2017.12.01 12:11:41.893,0.76974,0.76979,1.00,1.00
2017.12.01 12:11:43.720,0.76973,0.76979,1.00,2.44
2017.12.01 12:11:43.771,0.76972,0.76977,1.00,1.00
2017.12.01 12:11:43.923,0.76973,0.76979,1.00,2.25
2017.12.01 12:11:44.205,0.76974,0.76981,1.00,1.12
2017.12.01 12:11:44.823,0.76975,0.76981,1.00,1.00
2017.12.01 12:11:45.224,0.76977,0.76983,1.00,1.00
2017.12.01 12:11:45.662,0.76978,0.76985,1.00,2.44
2017.12.01 12:11:48.550,0.7698,0.76987,1.00,1.12
2017.12.01 12:11:48.984,0.76982,0.76988,1.00,1.00
2017.12.01 12:11:49.797,0.76982,0.76989,1.00,1.69
2017.12.01 12:11:50.392,0.76981,0.76988,1.50,1.00
2017.12.01 12:11:53.136,0.76981,0.76987,1.00,1.00
2017.12.01 12:11:53.640,0.76981,0.76986,1.00,1.00
2017.12.01 12:11:54.457,0.76979,0.76986,1.50,1.25
2017.12.01 12:11:56.893,0.76979,0.76987,1.50,1.87
2017.12.01 12:11:57.936,0.76981,0.76987,1.00,1.00
2017.12.01 12:11:57.987,0.76981,0.76989,1.00,3.37
2017.12.01 12:11:58.584,0.7698,0.76988,1.00,1.00
2017.12.01 12:11:59.095,0.7698,0.76987,1.00,1.00
2017.12.01 12:11:59.465,0.76978,0.76985,1.00,1.00
2017.12.01 12:12:00.325,0.76978,0.76984,1.00,1.00
2017.12.01 12:12:00.841,0.76978,0.76985,1.00,1.25
2017.12.01 12:12:01.428,0.76977,0.76984,1.00,1.69
2017.12.01 12:12:04.279,0.76976,0.76984,1.00,2.06
2017.12.01 12:12:05.539,0.76976,0.76983,1.00,1.00
2017.12.01 12:12:06.155,0.76976,0.76983,1.00,1.44
2017.12.01 12:12:06.709,0.76975,0.76982,1.50,1.50
2017.12.01 12:12:07.423,0.76975,0.7698,1.00,1.00
2017.12.01 12:12:07.524,0.76973,0.7698,1.50,1.00
2017.12.01 12:12:08.078,0.76974,0.7698,1.00,1.00
2017.12.01 12:12:08.603,0.76973,0.7698,1.50,1.00
2017.12.01 12:12:09.036,0.76973,0.76978,1.00,1.00
2017.12.01 12:12:09.088,0.76973,0.7698,1.50,1.00
2017.12.01 12:12:09.600,0.76974,0.76981,1.00,2.44
2017.12.01 12:12:10.111,0.76973,0.76981,1.50,2.44
2017.12.01 12:12:11.872,0.76974,0.76981,1.00,1.25
2017.12.01 12:12:13.170,0.76973,0.76981,2.25,1.69
2017.12.01 12:12:13.699,0.76973,0.7698,1.50,1.00
2017.12.01 12:12:14.717,0.76973,0.76981,1.50,1.69
2017.12.01 12:12:17.296,0.76973,0.7698,1.50,1.00
2017.12.01 12:12:17.603,0.76974,0.76982,1.00,1.31
2017.12.01 12:12:18.892,0.76974,0.7698,1.00,1.00
2017.12.01 12:12:19.400,0.76973,0.7698,1.50,1.50
2017.12.01 12:12:24.479,0.76973,0.76978,1.00,1.00
2017.12.01 12:12:27.403,0.76971,0.76978,1.00,1.00
2017.12.01 12:12:27.947,0.7697,0.76977,1.50,1.00
2017.12.01 12:12:28.494,0.7697,0.76976,1.00,1.00
2017.12.01 12:12:28.596,0.76972,0.76978,1.00,1.00
2017.12.01 12:12:28.871,0.76972,0.7698,1.00,3.37
2017.12.01 12:12:29.278,0.76972,0.76978,1.00,1.12
2017.12.01 12:12:31.631,0.7697,0.76977,1.50,1.00
2017.12.01 12:12:31.682,0.7697,0.76975,1.50,1.00
2017.12.01 12:12:34.383,0.7697,0.76977,1.00,1.69
2017.12.01 12:12:40.336,0.7697,0.76976,1.00,1.00
2017.12.01 12:12:41.446,0.76971,0.76977,1.00,1.87
2017.12.01 12:12:41.498,0.76973,0.76977,1.00,1.50
2017.12.01 12:12:41.600,0.76975,0.76982,1.00,3.00
2017.12.01 12:12:41.702,0.76977,0.76985,1.00,1.50
2017.12.01 12:12:41.905,0.76979,0.76985,1.00,1.00
2017.12.01 12:12:44.555,0.76978,0.76985,1.50,1.00
2017.12.01 12:12:45.445,0.76978,0.76984,1.50,1.00
2017.12.01 12:12:46.031,0.76978,0.76983,1.00,1.00
2017.12.01 12:12:47.231,0.76979,0.76983,1.00,1.00
2017.12.01 12:12:47.333,0.76979,0.76985,1.00,1.00
2017.12.01 12:12:48.570,0.7698,0.76985,1.00,1.00
2017.12.01 12:12:48.622,0.7698,0.76987,1.00,2.25
2017.12.01 12:12:49.126,0.76979,0.76986,1.00,1.00
2017.12.01 12:12:49.431,0.76978,0.76985,1.00,1.87
2017.12.01 12:12:49.960,0.76978,0.76985,1.00,1.87
2017.12.01 12:12:51.609,0.76978,0.76984,1.00,1.00
2017.12.01 12:12:51.762,0.76978,0.76986,1.50,1.31
2017.12.01 12:12:52.616,0.76979,0.76986,1.00,1.12
2017.12.01 12:12:54.515,0.76978,0.76985,1.50,1.00
2017.12.01 12:12:55.201,0.76979,0.76985,1.00,1.00
2017.12.01 12:12:55.833,0.76978,0.76985,1.50,1.50
2017.12.01 12:12:56.372,0.76979,0.76987,1.00,3.75
2017.12.01 12:12:56.924,0.76979,0.76986,1.00,1.00
2017.12.01 12:12:56.975,0.76978,0.76984,1.50,1.00
2017.12.01 12:12:58.414,0.76978,0.76982,1.00,1.00
2017.12.01 12:13:01.965,0.76977,0.76982,1.00,1.00
2017.12.01 12:13:02.433,0.76976,0.76984,1.50,1.00
2017.12.01 12:13:02.688,0.76978,0.76984,1.50,1.00
2017.12.01 12:13:04.060,0.76978,0.76982,1.00,1.00
2017.12.01 12:13:09.046,0.76976,0.76982,1.50,1.00
2017.12.01 12:13:09.453,0.76977,0.76985,1.00,1.00
2017.12.01 12:13:09.587,0.76979,0.76987,1.00,3.75
2017.12.01 12:13:09.912,0.76979,0.76985,1.00,1.00
2017.12.01 12:13:11.656,0.76978,0.76985,1.00,1.50
2017.12.01 12:13:13.020,0.76979,0.76985,1.00,1.00
2017.12.01 12:13:13.561,0.76978,0.76984,1.00,1.00
2017.12.01 12:13:13.714,0.76979,0.76986,1.00,1.25
2017.12.01 12:13:14.263,0.7698,0.76987,1.50,1.00
2017.12.01 12:13:14.470,0.7698,0.76985,1.00,1.00
2017.12.01 12:13:14.959,0.76977,0.76984,1.00,1.50
2017.12.01 12:13:15.327,0.76979,0.76987,1.00,3.00
2017.12.01 12:13:15.535,0.76983,0.76989,1.00,1.00
2017.12.01 12:13:16.146,0.76983,0.7699,1.00,1.00
2017.12.01 12:13:16.663,0.76982,0.76991,1.00,3.19
2017.12.01 12:13:16.765,0.7698,0.76989,1.25,2.44
2017.12.01 12:13:17.416,0.76979,0.76989,2.44,2.44
2017.12.01 12:13:17.957,0.76979,0.76988,2.25,1.00
2017.12.01 12:13:18.479,0.76979,0.76989,3.19,2.44
2017.12.01 12:13:18.993,0.7698,0.76989,1.69,1.50
2017.12.01 12:13:20.121,0.76981,0.76989,1.00,1.00
2017.12.01 12:13:23.796,0.76982,0.76989,1.00,1.00
2017.12.01 12:13:23.949,0.76982,0.76991,1.00,3.00
2017.12.01 12:13:24.476,0.76982,0.76991,1.00,3.00
2017.12.01 12:13:25.035,0.76982,0.76991,1.00,3.00
2017.12.01 12:13:28.257,0.76981,0.76991,2.25,3.00
2017.12.01 12:13:28.801,0.76981,0.76989,1.00,1.87
2017.12.01 12:13:31.061,0.76981,0.76988,1.00,1.00
2017.12.01 12:13:32.804,0.76981,0.76989,1.50,1.12
2017.12.01 12:13:33.059,0.76981,0.76987,1.00,1.00
2017.12.01 12:13:33.278,0.76983,0.76991,1.88,1.69
2017.12.01 12:13:35.193,0.76983,0.7699,2.25,1.00
2017.12.01 12:13:35.769,0.76983,0.76992,2.25,2.06
2017.12.01 12:13:36.401,0.76983,0.76989,1.00,1.38
2017.12.01 12:13:36.555,0.7698,0.76988,2.25,1.25
2017.12.01 12:13:36.903,0.7698,0.76986,1.00,1.25
2017.12.01 12:13:36.954,0.76978,0.76986,1.69,1.88
2017.12.01 12:13:37.741,0.76978,0.76985,1.00,1.00
2017.12.01 12:13:38.319,0.76978,0.76986,1.00,2.44
2017.12.01 12:13:39.605,0.76978,0.76985,1.00,1.00
2017.12.01 12:13:39.956,0.76976,0.76984,1.50,1.25
2017.12.01 12:13:40.468,0.76976,0.76983,1.00,1.00
2017.12.01 12:13:40.786,0.76978,0.76984,1.00,1.00
2017.12.01 12:13:41.142,0.7698,0.76986,1.00,1.00
2017.12.01 12:13:41.673,0.7698,0.76985,1.00,1.00
2017.12.01 12:13:43.737,0.76979,0.76983,1.50,1.00
2017.12.01 12:13:44.290,0.7698,0.76984,1.00,1.00
2017.12.01 12:13:44.532,0.76978,0.76984,1.00,1.88
2017.12.01 12:13:44.634,0.76976,0.76982,1.00,1.00
2017.12.01 12:13:45.205,0.76976,0.76983,1.00,1.88
2017.12.01 12:13:45.358,0.76974,0.76979,1.00,1.00
2017.12.01 12:13:45.511,0.76969,0.76977,1.50,1.13
2017.12.01 12:13:45.562,0.76969,0.76976,1.50,2.06
2017.12.01 12:13:48.531,0.76967,0.76973,1.00,1.00
2017.12.01 12:13:48.734,0.76965,0.76972,1.00,1.50
2017.12.01 12:13:49.038,0.76965,0.7697,1.00,1.25
2017.12.01 12:13:49.089,0.76963,0.7697,1.00,1.69
2017.12.01 12:13:50.450,0.76963,0.76968,1.00,1.00
2017.12.01 12:13:51.126,0.76961,0.76969,1.00,3.38
2017.12.01 12:13:51.939,0.76961,0.76969,1.00,2.44
2017.12.01 12:13:52.475,0.76961,0.76967,1.00,1.00
2017.12.01 12:13:52.994,0.76961,0.76968,1.00,1.00
2017.12.01 12:13:56.303,0.76963,0.76969,1.00,1.69
2017.12.01 12:13:56.405,0.76961,0.76969,1.25,2.25
2017.12.01 12:13:56.611,0.76961,0.76967,1.00,1.00
2017.12.01 12:13:57.125,0.76961,0.76968,1.00,1.50
2017.12.01 12:13:57.440,0.76961,0.76966,1.00,1.25
2017.12.01 12:13:58.421,0.76961,0.76967,1.00,2.44
2017.12.01 12:13:58.472,0.76959,0.76968,2.25,2.81
2017.12.01 12:13:58.524,0.76961,0.76968,1.00,2.44
2017.12.01 12:13:59.044,0.76961,0.76969,1.00,1.69
2017.12.01 12:13:59.628,0.76962,0.76968,1.00,1.00
2017.12.01 12:14:00.231,0.7696,0.76966,1.00,1.00
2017.12.01 12:14:01.075,0.7696,0.76967,1.00,1.00
2017.12.01 12:14:02.971,0.76961,0.76968,1.00,1.00
2017.12.01 12:14:03.381,0.76962,0.7697,2.25,1.25
2017.12.01 12:14:04.266,0.76962,0.76969,1.50,1.44
2017.12.01 12:14:04.318,0.76962,0.7697,1.00,1.88
2017.12.01 12:14:04.369,0.76964,0.7697,1.00,1.13
2017.12.01 12:14:04.896,0.76964,0.76969,1.00,1.50
2017.12.01 12:14:05.220,0.76961,0.76969,1.00,1.50
2017.12.01 12:14:06.179,0.76961,0.76968,1.00,1.00
2017.12.01 12:14:06.382,0.7696,0.76968,1.00,2.63
2017.12.01 12:14:06.760,0.7696,0.76967,1.00,1.25
2017.12.01 12:14:07.330,0.7696,0.76969,2.44,1.25
2017.12.01 12:14:07.381,0.76962,0.76969,1.00,1.25
2017.12.01 12:14:07.686,0.76959,0.76967,1.00,1.69
2017.12.01 12:14:07.838,0.76961,0.76969,1.00,2.63
2017.12.01 12:14:08.368,0.76961,0.76967,1.00,1.00
2017.12.01 12:14:08.571,0.76961,0.76969,1.00,1.25
2017.12.01 12:14:09.071,0.76961,0.76967,1.00,1.00
2017.12.01 12:14:09.123,0.76961,0.76969,1.00,2.63
2017.12.01 12:14:09.631,0.76961,0.76968,1.00,1.25
2017.12.01 12:14:10.173,0.76961,0.76968,1.00,1.44
2017.12.01 12:14:10.918,0.76961,0.76969,1.00,2.44
2017.12.01 12:14:11.020,0.76961,0.76968,1.00,1.31
2017.12.01 12:14:11.531,0.76959,0.76966,1.00,1.00
2017.12.01 12:14:12.039,0.7696,0.76967,1.00,1.69
2017.12.01 12:14:12.191,0.7696,0.76966,1.00,1.44
2017.12.01 12:14:12.735,0.7696,0.76967,1.00,1.44
2017.12.01 12:14:13.315,0.7696,0.76967,1.00,1.25
2017.12.01 12:14:13.629,0.7696,0.76966,1.00,1.44
2017.12.01 12:14:14.666,0.76959,0.76965,1.00,1.69
2017.12.01 12:14:14.718,0.76957,0.76964,1.00,1.00
2017.12.01 12:14:15.226,0.76957,0.76966,2.25,2.06
2017.12.01 12:14:16.143,0.76957,0.76965,1.00,2.25
2017.12.01 12:14:16.669,0.76957,0.76964,1.00,1.25
2017.12.01 12:14:17.587,0.76957,0.76965,1.00,2.81
2017.12.01 12:14:18.337,0.76957,0.76965,1.00,2.25
2017.12.01 12:14:20.759,0.76957,0.76965,1.00,1.31
2017.12.01 12:14:21.111,0.76957,0.76965,1.00,1.50
2017.12.01 12:14:21.226,0.76957,0.76965,1.00,1.31
2017.12.01 12:14:21.972,0.76959,0.76965,1.00,1.50
2017.12.01 12:14:22.282,0.76959,0.76965,1.00,1.31
2017.12.01 12:14:23.750,0.76959,0.76964,1.00,1.00
2017.12.01 12:14:24.105,0.76959,0.76966,1.00,1.69
2017.12.01 12:14:25.267,0.76959,0.76965,1.00,1.00
2017.12.01 12:14:25.818,0.76959,0.76964,1.00,1.13
2017.12.01 12:14:27.163,0.76959,0.76964,1.00,1.44
2017.12.01 12:14:27.670,0.76959,0.76964,1.00,1.00
2017.12.01 12:14:28.192,0.76959,0.76965,1.00,2.06
2017.12.01 12:14:29.857,0.76959,0.76963,1.00,1.00
2017.12.01 12:14:30.165,0.76957,0.76963,1.00,1.00
2017.12.01 12:14:30.673,0.76957,0.76964,1.00,1.25
2017.12.01 12:14:32.499,0.76957,0.76963,1.00,1.00
2017.12.01 12:14:32.746,0.76957,0.76965,1.50,1.31
2017.12.01 12:14:32.898,0.76959,0.76965,1.25,1.00
2017.12.01 12:14:32.949,0.76959,0.76967,1.25,2.44
2017.12.01 12:14:34.653,0.7696,0.76967,1.00,2.44
2017.12.01 12:14:35.485,0.7696,0.76965,1.00,1.00
2017.12.01 12:14:35.556,0.7696,0.76967,1.00,2.44
2017.12.01 12:14:35.810,0.76963,0.7697,1.38,1.00
2017.12.01 12:14:35.912,0.76965,0.76973,1.25,1.69
2017.12.01 12:14:36.014,0.76967,0.76975,1.00,2.25
2017.12.01 12:14:36.319,0.76971,0.76978,1.00,1.88
2017.12.01 12:14:36.572,0.76972,0.7698,1.00,1.88
2017.12.01 12:14:37.010,0.76974,0.7698,1.00,1.88
2017.12.01 12:14:38.186,0.76974,0.76981,1.00,1.25
2017.12.01 12:14:38.288,0.76974,0.76983,2.25,1.25
2017.12.01 12:14:38.340,0.76975,0.76984,1.44,3.00
2017.12.01 12:14:38.650,0.76976,0.76982,1.50,1.00
2017.12.01 12:14:39.005,0.76973,0.76979,1.00,1.44
2017.12.01 12:14:39.107,0.76971,0.76977,1.00,1.12
2017.12.01 12:14:39.209,0.76971,0.76981,2.63,3.38
2017.12.01 12:14:39.260,0.76973,0.76981,1.00,1.88
2017.12.01 12:14:39.802,0.76973,0.76981,1.25,1.25
2017.12.01 12:14:42.734,0.76973,0.7698,1.00,1.00
2017.12.01 12:14:44.640,0.76974,0.76981,1.25,1.50
2017.12.01 12:14:45.046,0.76975,0.76983,2.25,1.69
2017.12.01 12:14:47.837,0.76975,0.76982,1.50,1.25
2017.12.01 12:14:48.356,0.76975,0.76983,2.25,1.50
2017.12.01 12:14:48.767,0.76975,0.76981,1.00,1.00
2017.12.01 12:14:51.921,0.76975,0.76982,1.00,1.13
2017.12.01 12:14:52.801,0.76977,0.76984,1.00,1.69
2017.12.01 12:14:53.741,0.76977,0.76982,1.00,1.00
2017.12.01 12:14:54.352,0.76977,0.76983,1.00,1.88
2017.12.01 12:14:58.993,0.76975,0.7698,1.00,1.13
2017.12.01 12:14:59.165,0.76975,0.76982,1.50,1.50
2017.12.01 12:14:59.217,0.76976,0.76984,1.44,1.12
2017.12.01 12:15:00.021,0.76977,0.76984,1.00,1.88
2017.12.01 12:15:00.522,0.76977,0.76982,1.00,1.69
2017.12.01 12:15:01.269,0.76977,0.76983,1.00,2.25
2017.12.01 12:15:01.792,0.76977,0.76984,1.00,1.88
2017.12.01 12:15:03.016,0.76977,0.76985,1.50,1.50
2017.12.01 12:15:05.809,0.76977,0.76984,1.50,1.00
2017.12.01 12:15:07.454,0.76978,0.76984,1.00,1.00
2017.12.01 12:15:08.449,0.76978,0.76986,1.00,1.44
2017.12.01 12:15:08.964,0.76978,0.76986,1.69,1.13
2017.12.01 12:15:10.217,0.7698,0.76987,1.00,3.75
2017.12.01 12:15:11.197,0.7698,0.76987,1.00,3.56
2017.12.01 12:15:11.955,0.7698,0.76987,1.00,3.75
2017.12.01 12:15:13.225,0.7698,0.76987,1.00,3.56
2017.12.01 12:15:13.848,0.7698,0.76987,1.00,3.00
2017.12.01 12:15:14.841,0.7698,0.76987,1.00,2.81
2017.12.01 12:15:16.403,0.7698,0.76987,1.00,2.25
2017.12.01 12:15:16.951,0.7698,0.76987,1.00,2.06
2017.12.01 12:15:17.656,0.7698,0.76987,1.00,1.50
2017.12.01 12:15:18.439,0.7698,0.76987,1.00,1.31
2017.12.01 12:15:20.324,0.7698,0.76986,1.00,1.00
2017.12.01 12:15:25.551,0.7698,0.76984,1.00,1.00
2017.12.01 12:15:25.755,0.7698,0.76986,1.00,3.56
2017.12.01 12:15:26.241,0.76978,0.76986,1.00,2.63
2017.12.01 12:15:26.756,0.76978,0.76985,1.00,1.00
2017.12.01 12:15:28.824,0.76978,0.76986,1.00,2.63
2017.12.01 12:15:30.307,0.76978,0.76985,1.25,1.00
2017.12.01 12:15:31.251,0.76978,0.76986,1.00,2.63
2017.12.01 12:15:34.157,0.76978,0.76986,2.06,1.00
2017.12.01 12:15:34.695,0.76978,0.76985,1.00,1.69
2017.12.01 12:15:35.285,0.76978,0.76986,1.00,2.44
2017.12.01 12:15:37.553,0.76982,0.76989,1.44,1.00
2017.12.01 12:15:38.062,0.76982,0.7699,1.25,1.00
2017.12.01 12:15:38.687,0.76983,0.7699,1.00,1.00
2017.12.01 12:15:39.359,0.76984,0.76992,1.25,2.06
2017.12.01 12:15:40.363,0.76985,0.76993,1.00,1.69
2017.12.01 12:15:41.966,0.76985,0.76994,1.50,2.44
2017.12.01 12:15:43.931,0.76985,0.76994,2.63,1.44
2017.12.01 12:15:44.433,0.76985,0.76994,2.63,1.50
2017.12.01 12:15:47.454,0.76986,0.76994,1.00,1.00
2017.12.01 12:15:48.311,0.76987,0.76995,1.00,1.69
2017.12.01 12:15:48.848,0.76987,0.76994,1.00,1.00
2017.12.01 12:15:49.583,0.76987,0.76994,1.00,1.44
2017.12.01 12:15:50.167,0.76987,0.76994,1.00,1.13
2017.12.01 12:15:50.707,0.76986,0.76994,1.13,1.00
2017.12.01 12:15:51.877,0.76986,0.76994,1.00,1.44
2017.12.01 12:16:00.363,0.76986,0.76993,1.00,2.06
2017.12.01 12:16:00.566,0.76986,0.76994,1.25,1.69
2017.12.01 12:16:00.857,0.76986,0.76992,1.25,1.00
2017.12.01 12:16:01.364,0.76986,0.76993,1.25,1.00
2017.12.01 12:16:01.902,0.76987,0.76993,1.00,1.50
2017.12.01 12:16:02.106,0.76985,0.76993,1.50,1.50
2017.12.01 12:16:02.745,0.76985,0.76993,1.00,2.63
2017.12.01 12:16:03.914,0.76985,0.76993,1.00,2.44
2017.12.01 12:16:03.965,0.76987,0.76992,1.00,1.00
2017.12.01 12:16:04.170,0.76985,0.76992,2.06,1.00
2017.12.01 12:16:04.932,0.76985,0.76991,1.00,1.00
2017.12.01 12:16:05.447,0.76983,0.76991,1.25,1.69
2017.12.01 12:16:06.744,0.76983,0.76991,1.38,1.50
2017.12.01 12:16:07.254,0.76985,0.76991,1.00,1.00
2017.12.01 12:16:07.728,0.76984,0.76989,1.25,1.00
2017.12.01 12:16:08.692,0.76984,0.76988,1.00,1.00
2017.12.01 12:16:09.753,0.76982,0.76988,1.00,1.00
2017.12.01 12:16:09.855,0.76982,0.76986,1.00,1.00
2017.12.01 12:16:09.906,0.7698,0.76986,1.50,1.00
2017.12.01 12:16:10.315,0.76978,0.76985,1.50,1.50
2017.12.01 12:16:10.833,0.76978,0.76984,1.00,1.00
2017.12.01 12:16:11.339,0.76978,0.76985,1.50,1.00
2017.12.01 12:16:12.324,0.76978,0.76984,1.00,1.00
2017.12.01 12:16:14.587,0.76978,0.76985,1.00,1.00
2017.12.01 12:16:18.479,0.76978,0.76985,1.00,1.38
2017.12.01 12:16:19.024,0.76978,0.76984,1.00,1.13
2017.12.01 12:16:21.012,0.76978,0.76985,1.00,1.69
2017.12.01 12:16:21.627,0.76978,0.76986,1.00,1.13
2017.12.01 12:16:22.987,0.7698,0.76987,1.00,1.00
2017.12.01 12:16:23.503,0.7698,0.76988,1.25,1.00
2017.12.01 12:16:24.165,0.7698,0.76989,1.69,1.69
2017.12.01 12:16:24.613,0.76982,0.76989,1.00,1.69
2017.12.01 12:16:25.069,0.76982,0.76987,1.00,1.25
2017.12.01 12:16:25.401,0.7698,0.76985,1.00,1.25
2017.12.01 12:16:25.706,0.7698,0.76987,1.00,1.69
2017.12.01 12:16:27.981,0.7698,0.76988,1.44,1.50
2017.12.01 12:16:28.509,0.76982,0.76989,1.00,1.50
2017.12.01 12:16:29.071,0.76982,0.7699,1.44,1.25
2017.12.01 12:16:29.685,0.76983,0.76991,1.00,1.25
2017.12.01 12:16:30.231,0.76984,0.7699,1.00,1.00
2017.12.01 12:16:34.008,0.76984,0.76988,1.00,1.00
2017.12.01 12:16:34.059,0.76982,0.76988,1.00,1.00
2017.12.01 12:16:36.693,0.76982,0.76989,1.00,1.50
2017.12.01 12:16:38.179,0.76982,0.76988,1.00,1.00
2017.12.01 12:16:43.893,0.76982,0.76989,1.13,1.00
2017.12.01 12:16:44.631,0.76982,0.7699,2.63,1.00
2017.12.01 12:16:45.818,0.76982,0.76989,1.25,1.00
2017.12.01 12:16:48.835,0.76984,0.76989,1.00,1.00
2017.12.01 12:16:49.342,0.76984,0.7699,1.00,1.00
2017.12.01 12:16:49.753,0.76986,0.7699,1.00,1.00
2017.12.01 12:16:49.862,0.76984,0.7699,1.00,1.00
2017.12.01 12:16:50.517,0.76984,0.76989,1.00,1.00
2017.12.01 12:16:56.734,0.76981,0.76987,1.50,1.00
2017.12.01 12:16:57.471,0.76981,0.76986,1.00,1.00
2017.12.01 12:17:04.005,0.76981,0.76989,3.56,1.00
2017.12.01 12:17:04.057,0.76984,0.7699,1.00,1.00
2017.12.01 12:17:05.107,0.76984,0.76992,1.25,1.25
2017.12.01 12:17:05.766,0.76984,0.76991,1.00,1.00
2017.12.01 12:17:06.430,0.76983,0.76991,1.00,1.50
2017.12.01 12:17:06.792,0.76986,0.76994,1.25,1.50
2017.12.01 12:17:07.131,0.76985,0.7699,1.00,1.00
2017.12.01 12:17:07.945,0.76983,0.7699,1.00,1.50
2017.12.01 12:17:15.003,0.76984,0.7699,1.69,1.00
2017.12.01 12:17:18.370,0.76984,0.76989,1.00,1.00
2017.12.01 12:17:18.421,0.76982,0.76988,1.00,1.00
2017.12.01 12:17:18.472,0.7698,0.76988,1.12,1.50
2017.12.01 12:17:18.523,0.7698,0.76986,1.12,1.00
2017.12.01 12:17:18.574,0.7698,0.76988,1.87,1.25
2017.12.01 12:17:19.117,0.7698,0.76987,1.12,1.00
2017.12.01 12:17:21.314,0.7698,0.76986,1.00,1.00
2017.12.01 12:17:22.517,0.7698,0.76987,1.00,1.50
2017.12.01 12:17:23.026,0.7698,0.76987,1.00,1.88
2017.12.01 12:17:25.107,0.76979,0.76985,1.00,1.00
2017.12.01 12:17:26.093,0.76979,0.76984,1.00,1.00
2017.12.01 12:17:28.089,0.76978,0.76984,1.00,1.00
2017.12.01 12:17:34.530,0.76978,0.76985,1.00,1.69
2017.12.01 12:17:35.153,0.76976,0.7698,1.00,1.00
2017.12.01 12:17:35.204,0.76974,0.7698,1.13,1.00
2017.12.01 12:17:35.714,0.76974,0.76981,1.25,1.50
2017.12.01 12:17:37.342,0.76974,0.76981,1.44,1.00
2017.12.01 12:17:37.698,0.76977,0.76985,1.00,2.25
2017.12.01 12:17:37.901,0.76977,0.76985,1.63,1.50
2017.12.01 12:17:38.430,0.76977,0.76985,1.50,1.50
2017.12.01 12:17:38.934,0.76978,0.76985,1.00,2.63
2017.12.01 12:17:40.125,0.76978,0.76985,1.00,2.63
2017.12.01 12:17:40.631,0.76978,0.76986,1.44,2.25
2017.12.01 12:17:41.072,0.7698,0.76987,1.88,1.00
2017.12.01 12:17:41.123,0.76982,0.76989,1.00,1.25
2017.12.01 12:17:41.536,0.76982,0.76991,2.63,1.25
2017.12.01 12:17:42.109,0.76983,0.76991,1.00,1.25
2017.12.01 12:17:42.365,0.76983,0.76989,1.25,1.00
2017.12.01 12:17:42.669,0.76982,0.76991,1.88,1.00
2017.12.01 12:17:43.184,0.76982,0.7699,1.25,1.13
2017.12.01 12:17:43.693,0.76982,0.76991,1.69,1.50
2017.12.01 12:17:44.261,0.76983,0.76991,1.00,1.00
2017.12.01 12:17:46.057,0.76983,0.76992,1.88,2.81
2017.12.01 12:17:46.611,0.76984,0.76992,1.00,1.87
2017.12.01 12:17:47.264,0.76984,0.76991,1.00,1.25
2017.12.01 12:17:47.514,0.76984,0.76989,1.00,1.00
2017.12.01 12:17:47.565,0.76982,0.76989,1.00,1.69
2017.12.01 12:17:47.668,0.76982,0.76988,1.00,1.44
2017.12.01 12:17:47.720,0.76982,0.76989,1.00,2.44
2017.12.01 12:17:48.227,0.76982,0.7699,2.63,1.00
2017.12.01 12:17:48.818,0.76982,0.76991,2.63,1.69
2017.12.01 12:17:49.140,0.76982,0.76991,2.44,1.88
2017.12.01 12:17:50.011,0.76982,0.76991,1.88,1.88
2017.12.01 12:17:52.288,0.76982,0.76989,1.00,1.44
2017.12.01 12:17:54.588,0.76982,0.76987,1.00,1.00
2017.12.01 12:17:55.488,0.76982,0.76988,1.00,2.63
2017.12.01 12:17:56.343,0.76982,0.76989,1.69,1.00
2017.12.01 12:17:56.721,0.76982,0.76991,2.06,2.44
2017.12.01 12:17:56.856,0.76982,0.76991,1.88,2.63
2017.12.01 12:17:57.604,0.76982,0.76991,1.69,1.25
2017.12.01 12:18:02.657,0.76983,0.76991,1.00,1.00
2017.12.01 12:18:03.605,0.76983,0.76992,1.88,3.19
2017.12.01 12:18:04.118,0.76983,0.76992,1.88,3.38
2017.12.01 12:18:04.644,0.76984,0.76992,1.00,1.69
2017.12.01 12:18:10.392,0.76985,0.76993,1.00,1.88
2017.12.01 12:18:11.051,0.76985,0.76993,1.00,1.69
2017.12.01 12:18:13.132,0.76984,0.76993,2.06,1.50
2017.12.01 12:18:13.812,0.76985,0.76994,1.00,2.63
2017.12.01 12:18:17.136,0.76984,0.76993,3.38,1.00
2017.12.01 12:18:17.688,0.76984,0.76993,1.88,1.88
2017.12.01 12:18:18.221,0.76985,0.76993,1.69,1.00
2017.12.01 12:18:18.724,0.76984,0.76993,2.63,1.69
2017.12.01 12:18:20.883,0.76985,0.76994,1.00,1.88
2017.12.01 12:18:21.593,0.76986,0.76994,1.13,1.00
2017.12.01 12:18:22.433,0.76986,0.76995,1.88,2.44
2017.12.01 12:18:22.800,0.76988,0.76996,1.25,2.06
2017.12.01 12:18:23.054,0.76986,0.76995,2.25,1.00
2017.12.01 12:18:24.848,0.76986,0.76995,3.00,1.25
2017.12.01 12:18:25.384,0.76986,0.76995,3.56,1.25
2017.12.01 12:18:27.615,0.76987,0.76996,1.00,2.63
2017.12.01 12:18:28.241,0.76987,0.76996,1.00,2.44
2017.12.01 12:18:29.317,0.76986,0.76995,2.81,1.00
2017.12.01 12:18:29.984,0.76987,0.76996,1.31,3.19
2017.12.01 12:18:30.508,0.76988,0.76996,1.50,1.50
2017.12.01 12:18:31.510,0.76989,0.76996,1.00,1.00
2017.12.01 12:18:32.443,0.7699,0.76998,1.50,1.31
2017.12.01 12:18:32.994,0.76988,0.76997,2.06,1.25
2017.12.01 12:18:39.670,0.76987,0.76996,2.63,2.63
2017.12.01 12:18:40.266,0.76987,0.76994,1.00,1.00
2017.12.01 12:18:40.823,0.76987,0.76995,1.00,1.88
2017.12.01 12:18:42.006,0.76985,0.76994,1.50,2.06
2017.12.01 12:18:43.020,0.76985,0.76992,1.00,1.00
2017.12.01 12:18:43.362,0.76985,0.7699,1.00,1.50
2017.12.01 12:18:43.413,0.76983,0.7699,1.00,1.50
2017.12.01 12:18:44.909,0.76983,0.76991,1.69,1.25
2017.12.01 12:18:45.455,0.76985,0.76993,1.25,1.13
2017.12.01 12:18:45.962,0.76984,0.76992,1.25,1.25
2017.12.01 12:18:46.491,0.76984,0.76991,1.25,1.00
2017.12.01 12:18:51.086,0.76984,0.76992,1.13,1.88
2017.12.01 12:18:51.476,0.76984,0.76991,1.00,1.88
2017.12.01 12:18:52.864,0.76984,0.76991,1.00,1.00
2017.12.01 12:18:53.924,0.76983,0.76991,1.87,1.00
2017.12.01 12:18:57.607,0.76983,0.7699,1.00,1.00
2017.12.01 12:18:58.231,0.76983,0.76989,1.00,1.50
2017.12.01 12:18:58.882,0.76983,0.76989,1.00,1.88
2017.12.01 12:19:00.432,0.76983,0.76989,1.00,1.25
2017.12.01 12:19:00.635,0.76983,0.76991,1.00,1.25
2017.12.01 12:19:01.138,0.76983,0.7699,1.00,1.00
2017.12.01 12:19:01.656,0.76983,0.7699,1.00,1.44
2017.12.01 12:19:02.235,0.76983,0.7699,1.00,1.25
2017.12.01 12:19:02.489,0.76981,0.76987,1.50,1.00
2017.12.01 12:19:03.501,0.76981,0.76987,1.00,2.63
2017.12.01 12:19:04.047,0.76981,0.76987,1.00,1.69
2017.12.01 12:19:06.538,0.76978,0.76984,1.00,1.69
2017.12.01 12:19:06.589,0.76976,0.76984,1.00,1.25
2017.12.01 12:19:07.098,0.76978,0.76984,1.00,1.00
2017.12.01 12:19:07.149,0.76978,0.76986,1.69,1.12
2017.12.01 12:19:07.354,0.7698,0.76987,1.00,1.88
2017.12.01 12:19:08.233,0.76982,0.76987,1.00,1.00
2017.12.01 12:19:08.284,0.7698,0.76987,1.00,1.25
2017.12.01 12:19:08.489,0.76982,0.76989,1.69,1.12
2017.12.01 12:19:08.591,0.76984,0.76992,1.00,1.25
2017.12.01 12:19:09.099,0.76985,0.76992,1.00,1.25
2017.12.01 12:19:12.512,0.76985,0.76993,1.25,1.25
2017.12.01 12:19:13.114,0.76986,0.76993,1.00,1.25
2017.12.01 12:19:18.172,0.76986,0.76994,1.25,1.69
2017.12.01 12:19:18.905,0.76987,0.76994,1.00,1.88
2017.12.01 12:19:22.239,0.76986,0.76991,1.00,1.50
2017.12.01 12:19:22.291,0.76984,0.76992,1.50,2.06
2017.12.01 12:19:23.309,0.76984,0.7699,1.00,1.69
2017.12.01 12:19:24.249,0.76982,0.76989,1.00,1.00
2017.12.01 12:19:25.703,0.76982,0.76989,1.00,1.44
2017.12.01 12:19:26.238,0.76982,0.76989,1.00,1.25
2017.12.01 12:19:28.758,0.76982,0.7699,1.50,1.69
2017.12.01 12:19:33.174,0.76982,0.76989,1.50,1.00
2017.12.01 12:19:33.823,0.76982,0.76989,1.50,1.44
2017.12.01 12:19:34.824,0.76982,0.76989,1.50,1.25
2017.12.01 12:19:38.214,0.76982,0.76988,1.50,1.50
2017.12.01 12:19:38.744,0.76982,0.76989,1.00,1.00
2017.12.01 12:19:39.504,0.76982,0.76991,3.19,1.88
2017.12.01 12:19:39.657,0.76985,0.76992,1.00,1.00
2017.12.01 12:19:40.021,0.76989,0.76993,1.00,1.00
2017.12.01 12:19:40.123,0.76984,0.76991,1.12,1.50
2017.12.01 12:19:40.379,0.76982,0.76991,2.63,1.50
2017.12.01 12:19:42.412,0.76982,0.7699,1.13,1.00
2017.12.01 12:19:44.993,0.76982,0.76989,1.00,1.00
2017.12.01 12:19:45.514,0.76982,0.7699,1.00,1.31
2017.12.01 12:19:49.474,0.76983,0.7699,1.00,1.00
2017.12.01 12:19:50.021,0.76983,0.76991,1.50,1.25
2017.12.01 12:19:50.528,0.76983,0.76991,1.44,1.50
2017.12.01 12:19:56.194,0.76984,0.76989,1.00,1.00
2017.12.01 12:19:56.296,0.76981,0.76989,1.00,1.00
2017.12.01 12:19:57.123,0.76981,0.76989,1.00,1.44
2017.12.01 12:19:57.630,0.76981,0.76987,1.00,1.00
2017.12.01 12:19:58.139,0.7698,0.76989,1.69,2.63
2017.12.01 12:19:58.722,0.7698,0.76989,1.88,1.69
2017.12.01 12:19:59.963,0.76981,0.76989,1.00,1.25
2017.12.01 12:20:00.926,0.76981,0.7699,1.50,2.63
2017.12.01 12:20:01.632,0.76981,0.7699,2.06,1.69
2017.12.01 12:20:03.443,0.76981,0.7699,1.88,1.88
2017.12.01 12:20:05.324,0.76982,0.7699,1.00,1.13
2017.12.01 12:20:05.827,0.76983,0.7699,1.00,1.50
2017.12.01 12:20:06.857,0.76983,0.7699,1.00,1.44
2017.12.01 12:20:07.536,0.76983,0.7699,1.00,1.13
2017.12.01 12:20:08.447,0.76983,0.76989,1.00,1.00
2017.12.01 12:20:08.950,0.76983,0.7699,1.00,3.38
2017.12.01 12:20:14.409,0.76983,0.76989,1.00,1.00
2017.12.01 12:20:14.460,0.76981,0.76989,1.12,1.50
2017.12.01 12:20:14.838,0.7698,0.76987,1.00,1.00
2017.12.01 12:20:15.586,0.76979,0.76987,1.69,1.00
2017.12.01 12:20:16.127,0.76982,0.76987,1.00,1.00
2017.12.01 12:20:16.179,0.76979,0.76987,1.88,1.00
2017.12.01 12:20:16.688,0.7698,0.76987,1.00,1.25
2017.12.01 12:20:17.281,0.76979,0.76987,1.25,1.00
2017.12.01 12:20:18.072,0.7698,0.76987,1.88,1.00
2017.12.01 12:20:18.174,0.76981,0.76989,1.00,1.25
2017.12.01 12:20:18.689,0.7698,0.76989,1.88,1.69
2017.12.01 12:20:23.160,0.7698,0.76988,2.25,1.00
2017.12.01 12:20:24.948,0.7698,0.76987,1.00,1.00
2017.12.01 12:20:27.888,0.7698,0.76988,1.00,1.69
2017.12.01 12:20:33.285,0.7698,0.76989,1.50,1.69
2017.12.01 12:20:33.867,0.76981,0.76989,1.00,1.25
2017.12.01 12:20:36.321,0.7698,0.76989,1.69,1.69
2017.12.01 12:20:36.741,0.7698,0.76988,1.69,1.44
2017.12.01 12:20:37.532,0.76979,0.76988,1.50,2.81
2017.12.01 12:20:38.068,0.76979,0.76988,1.69,1.00
2017.12.01 12:20:38.377,0.76981,0.76988,1.00,1.00
2017.12.01 12:20:40.667,0.76981,0.76988,1.00,1.44
2017.12.01 12:20:41.193,0.76981,0.76988,1.00,1.00
2017.12.01 12:20:48.384,0.76981,0.76988,1.00,1.44
2017.12.01 12:20:48.886,0.76981,0.76986,1.00,1.00
2017.12.01 12:20:49.238,0.76979,0.76986,1.00,1.00
2017.12.01 12:20:52.838,0.76979,0.76985,1.00,1.00
2017.12.01 12:20:55.330,0.76979,0.76986,1.00,1.69
2017.12.01 12:20:59.239,0.76979,0.76987,1.00,1.69
2017.12.01 12:21:00.199,0.7698,0.76987,1.00,1.25
2017.12.01 12:21:00.707,0.7698,0.76988,1.69,1.25
2017.12.01 12:21:01.308,0.7698,0.76985,1.00,1.00
2017.12.01 12:21:02.047,0.76979,0.76986,1.00,2.81
2017.12.01 12:21:05.311,0.76979,0.76985,1.00,1.00
2017.12.01 12:21:05.851,0.76979,0.76986,1.00,2.06
2017.12.01 12:21:12.453,0.76981,0.76988,1.50,1.25
2017.12.01 12:21:12.984,0.76981,0.76989,1.50,1.69
2017.12.01 12:21:17.460,0.76981,0.76989,1.50,1.38
2017.12.01 12:21:18.711,0.76981,0.76989,1.50,1.25
2017.12.01 12:21:20.483,0.76981,0.76989,1.50,1.38
2017.12.01 12:21:21.018,0.7698,0.76988,2.25,1.13
2017.12.01 12:21:21.911,0.7698,0.76989,2.25,3.19
2017.12.01 12:21:22.968,0.76981,0.76989,1.00,1.69
2017.12.01 12:21:23.385,0.76981,0.76989,1.00,1.88
2017.12.01 12:21:23.436,0.76981,0.76989,1.00,1.69
2017.12.01 12:21:24.530,0.76981,0.7699,1.50,3.38
2017.12.01 12:21:24.581,0.76981,0.76989,1.00,1.88
2017.12.01 12:21:27.995,0.76981,0.76989,1.00,1.69
2017.12.01 12:21:31.661,0.76981,0.7699,1.50,2.44
2017.12.01 12:21:31.988,0.76983,0.76991,1.00,2.06
2017.12.01 12:21:32.648,0.76983,0.76991,1.00,1.69
2017.12.01 12:21:34.766,0.76983,0.76992,1.50,2.44
2017.12.01 12:21:36.933,0.76984,0.76992,1.00,1.88
2017.12.01 12:21:37.438,0.76985,0.76993,1.00,3.75
2017.12.01 12:21:37.777,0.76985,0.76991,1.00,1.44
2017.12.01 12:21:41.420,0.76985,0.76991,1.00,1.25
2017.12.01 12:21:42.336,0.76985,0.76992,1.00,2.44
2017.12.01 12:21:43.055,0.76985,0.76993,1.00,3.38
2017.12.01 12:21:44.119,0.76985,0.76993,1.00,3.38
2017.12.01 12:21:45.029,0.76985,0.76993,1.50,1.69
2017.12.01 12:21:45.336,0.76988,0.76995,1.00,1.44
2017.12.01 12:21:46.389,0.76987,0.76996,3.37,1.88
2017.12.01 12:21:46.738,0.76987,0.76993,1.00,1.00
2017.12.01 12:21:47.318,0.76987,0.76994,1.00,1.88
2017.12.01 12:22:00.822,0.76987,0.76995,1.50,1.69
2017.12.01 12:22:01.591,0.76985,0.76992,2.25,1.00
2017.12.01 12:22:02.100,0.76985,0.76993,1.50,1.25
2017.12.01 12:22:02.609,0.76985,0.76994,3.38,1.25
2017.12.01 12:22:03.079,0.76988,0.76995,1.00,1.69
2017.12.01 12:22:03.618,0.76991,0.76998,1.69,1.25
2017.12.01 12:22:04.362,0.76991,0.76997,1.00,1.00
2017.12.01 12:22:04.899,0.76991,0.76998,1.50,1.25
2017.12.01 12:22:06.949,0.76992,0.76999,1.00,1.44
2017.12.01 12:22:07.272,0.76992,0.77,1.00,1.88
2017.12.01 12:22:07.852,0.76993,0.77001,1.00,1.88
2017.12.01 12:22:08.810,0.76993,0.77001,1.00,1.69
2017.12.01 12:22:10.132,0.76993,0.77,1.00,1.00
2017.12.01 12:22:10.879,0.76993,0.77,1.00,1.44
2017.12.01 12:22:11.608,0.76993,0.77,1.00,1.25
2017.12.01 12:22:13.710,0.76993,0.76998,1.00,1.13
2017.12.01 12:22:13.940,0.7699,0.76997,1.00,2.62
2017.12.01 12:22:14.399,0.7699,0.76999,1.69,2.44
2017.12.01 12:22:14.930,0.7699,0.76998,1.00,1.69
2017.12.01 12:22:17.404,0.7699,0.76996,1.00,1.25
2017.12.01 12:22:17.907,0.76989,0.76997,1.50,2.63
2017.12.01 12:22:18.486,0.76989,0.76996,1.50,2.25
2017.12.01 12:22:20.698,0.76989,0.76994,1.00,1.00
2017.12.01 12:22:21.155,0.76989,0.76996,1.00,1.00
2017.12.01 12:22:22.425,0.76989,0.76994,1.00,1.00
2017.12.01 12:22:22.965,0.76989,0.76995,1.00,1.25
2017.12.01 12:22:24.996,0.76989,0.76994,1.00,1.00
2017.12.01 12:22:25.047,0.76989,0.76997,1.00,1.88
2017.12.01 12:22:25.099,0.76989,0.76997,1.00,2.06
2017.12.01 12:22:25.150,0.76989,0.76997,1.00,1.88
2017.12.01 12:22:25.252,0.76989,0.76995,1.00,1.00
2017.12.01 12:22:26.188,0.76989,0.76996,1.00,1.00
2017.12.01 12:22:28.746,0.76989,0.76996,1.00,1.44
2017.12.01 12:22:29.292,0.76989,0.76996,1.00,1.00
2017.12.01 12:22:30.699,0.76989,0.76995,1.00,1.00
2017.12.01 12:22:31.539,0.76989,0.76995,1.00,1.88
2017.12.01 12:22:32.117,0.76989,0.76993,1.00,1.00
2017.12.01 12:22:34.283,0.76989,0.76994,1.00,1.00
2017.12.01 12:22:34.613,0.76987,0.76994,1.00,1.13
2017.12.01 12:22:35.128,0.76987,0.76995,1.25,1.25
2017.12.01 12:22:35.658,0.76989,0.76996,1.00,1.13
2017.12.01 12:22:37.561,0.7699,0.76998,1.00,2.81
2017.12.01 12:22:38.554,0.7699,0.76998,1.88,1.25
2017.12.01 12:22:39.363,0.76992,0.76999,1.50,1.25
2017.12.01 12:22:39.465,0.76992,0.77001,2.63,1.00
2017.12.01 12:22:39.516,0.76995,0.77002,1.00,3.38
2017.12.01 12:22:40.061,0.76995,0.77003,1.50,1.69
2017.12.01 12:22:40.637,0.76996,0.77003,1.00,1.25
2017.12.01 12:22:41.031,0.76994,0.77002,1.00,1.50
2017.12.01 12:22:41.133,0.76994,0.77,1.00,1.25
2017.12.01 12:22:41.870,0.76994,0.76999,1.00,1.00
2017.12.01 12:22:43.898,0.76992,0.76999,1.00,1.00
2017.12.01 12:22:44.408,0.76992,0.77,1.00,1.88
2017.12.01 12:22:45.032,0.76992,0.76999,1.00,1.00
2017.12.01 12:22:47.808,0.76992,0.77,1.00,1.88
2017.12.01 12:22:47.859,0.76994,0.77,1.00,1.00
2017.12.01 12:22:48.385,0.76994,0.77001,1.00,3.19
2017.12.01 12:22:48.963,0.76994,0.77,1.00,1.50
2017.12.01 12:22:49.015,0.76991,0.76998,1.00,1.00
2017.12.01 12:22:49.521,0.76991,0.76997,1.00,1.25
2017.12.01 12:22:51.555,0.76991,0.76998,2.25,1.00
2017.12.01 12:22:51.607,0.76993,0.76999,1.50,1.00
2017.12.01 12:22:52.561,0.76993,0.77001,1.50,1.88
2017.12.01 12:22:53.814,0.76993,0.77,1.00,1.88
2017.12.01 12:22:53.866,0.76993,0.77,1.00,1.25
2017.12.01 12:22:54.019,0.76994,0.77002,1.25,1.88
2017.12.01 12:22:54.520,0.76995,0.77003,1.00,2.06
2017.12.01 12:22:54.572,0.76997,0.77003,1.00,1.88
2017.12.01 12:22:54.725,0.76997,0.77004,1.69,1.25
2017.12.01 12:22:55.133,0.76999,0.77007,1.00,1.69
2017.12.01 12:22:55.184,0.77001,0.77007,1.00,1.25
2017.12.01 12:22:57.162,0.77001,0.77005,1.50,1.25
2017.12.01 12:22:57.753,0.77001,0.77006,1.00,1.13
2017.12.01 12:22:57.804,0.76999,0.77006,1.50,1.13
2017.12.01 12:22:58.989,0.76999,0.77005,1.50,1.00
2017.12.01 12:22:59.750,0.76999,0.77006,1.50,1.00
2017.12.01 12:23:00.281,0.76999,0.77007,2.25,1.00
2017.12.01 12:23:01.261,0.77001,0.77007,1.25,1.00
2017.12.01 12:23:01.363,0.77001,0.7701,1.69,1.88
2017.12.01 12:23:01.516,0.77003,0.7701,1.50,1.00
2017.12.01 12:23:02.090,0.77003,0.77011,1.50,1.25
2017.12.01 12:23:02.612,0.77003,0.77012,2.25,1.25
2017.12.01 12:23:06.907,0.77003,0.77011,1.50,1.00
2017.12.01 12:23:08.319,0.77003,0.77011,1.50,1.88
2017.12.01 12:23:09.261,0.77003,0.77011,1.50,1.69
2017.12.01 12:23:10.568,0.77003,0.7701,1.50,1.00
2017.12.01 12:23:12.081,0.77003,0.77011,1.50,1.88
2017.12.01 12:23:12.626,0.77003,0.7701,1.50,1.00
2017.12.01 12:23:13.130,0.77003,0.77011,1.50,1.88
2017.12.01 12:23:13.678,0.77003,0.7701,1.50,1.00
2017.12.01 12:23:18.604,0.77003,0.77011,1.50,1.88
2017.12.01 12:23:19.623,0.77003,0.7701,1.50,1.00
2017.12.01 12:23:20.171,0.77003,0.77011,1.50,1.88
2017.12.01 12:23:24.165,0.77003,0.7701,1.50,1.00
2017.12.01 12:23:24.724,0.77003,0.7701,1.50,1.44
2017.12.01 12:23:25.233,0.77003,0.77011,1.00,1.44
2017.12.01 12:23:26.976,0.77003,0.77008,1.00,1.00
2017.12.01 12:23:27.487,0.77003,0.77009,1.00,1.00
2017.12.01 12:23:31.298,0.77001,0.77008,1.00,1.69
2017.12.01 12:23:33.649,0.77001,0.77007,1.00,1.00
2017.12.01 12:23:35.946,0.77001,0.77008,1.00,3.38
2017.12.01 12:23:36.496,0.77001,0.7701,1.25,3.38
2017.12.01 12:23:37.584,0.77001,0.77006,1.00,1.00
2017.12.01 12:23:38.083,0.76998,0.77005,1.00,1.25
2017.12.01 12:23:38.591,0.76998,0.77003,1.00,1.25
2017.12.01 12:23:38.939,0.76999,0.77005,1.00,1.69
2017.12.01 12:23:39.446,0.76999,0.77006,1.00,1.25
2017.12.01 12:23:53.352,0.76998,0.77006,1.25,1.69
2017.12.01 12:23:56.751,0.76998,0.77005,1.00,1.00
2017.12.01 12:23:57.402,0.76998,0.77005,1.00,1.88
2017.12.01 12:23:58.321,0.76998,0.77005,1.00,1.69
2017.12.01 12:23:58.796,0.76998,0.77003,1.00,1.00
2017.12.01 12:23:58.848,0.76996,0.77003,2.63,1.00
2017.12.01 12:23:59.002,0.76996,0.77005,1.88,1.25
2017.12.01 12:23:59.256,0.76999,0.77005,1.00,1.69
2017.12.01 12:23:59.763,0.76999,0.77006,1.00,1.69
2017.12.01 12:24:01.119,0.76999,0.77007,1.00,1.13
2017.12.01 12:24:01.888,0.77,0.77007,1.00,1.25
2017.12.01 12:24:02.419,0.77001,0.77006,1.00,1.69
2017.12.01 12:24:02.840,0.76999,0.77006,1.00,1.50
2017.12.01 12:24:03.732,0.76999,0.77004,1.00,1.25
2017.12.01 12:24:04.345,0.76999,0.77003,1.00,1.00
2017.12.01 12:24:04.658,0.76996,0.77002,1.00,1.25
2017.12.01 12:24:05.167,0.76996,0.77001,1.00,1.00
2017.12.01 12:24:05.704,0.76996,0.77002,1.00,1.69
2017.12.01 12:24:06.830,0.76996,0.77001,1.00,1.00
2017.12.01 12:24:07.137,0.76994,0.77001,1.00,1.50
2017.12.01 12:24:08.610,0.76994,0.76998,1.00,1.25
2017.12.01 12:24:08.661,0.76992,0.76998,1.00,1.25
2017.12.01 12:24:08.712,0.7699,0.76997,1.00,1.44
2017.12.01 12:24:09.238,0.7699,0.76997,1.00,1.25
2017.12.01 12:24:09.749,0.7699,0.76996,1.00,1.25
2017.12.01 12:24:10.004,0.76991,0.76999,1.25,2.06
2017.12.01 12:24:10.710,0.76992,0.76999,1.00,1.25
2017.12.01 12:24:14.257,0.76992,0.77,1.00,1.50
2017.12.01 12:24:15.428,0.76994,0.77001,1.00,1.13
2017.12.01 12:24:15.751,0.76992,0.76998,1.00,1.25
2017.12.01 12:24:16.313,0.76992,0.76996,1.00,1.25
2017.12.01 12:24:16.415,0.7699,0.76996,1.50,1.25
2017.12.01 12:24:18.724,0.7699,0.76995,1.50,1.00
2017.12.01 12:24:19.471,0.7699,0.76995,1.50,1.44
2017.12.01 12:24:19.522,0.76988,0.76995,1.00,1.63
2017.12.01 12:24:19.675,0.76986,0.76993,1.00,1.00
2017.12.01 12:24:21.953,0.76987,0.76993,1.00,1.00
2017.12.01 12:24:22.342,0.76984,0.76992,1.00,1.25
2017.12.01 12:24:26.484,0.76984,0.7699,1.00,1.00
2017.12.01 12:24:27.179,0.76983,0.7699,1.00,2.63
2017.12.01 12:24:30.040,0.76983,0.76988,1.00,1.44
2017.12.01 12:24:30.091,0.76981,0.76987,1.00,1.25
2017.12.01 12:24:30.142,0.76979,0.76985,1.00,1.25
2017.12.01 12:24:31.115,0.76979,0.76984,1.00,1.00
2017.12.01 12:24:31.620,0.76979,0.76985,1.00,1.69
2017.12.01 12:24:34.040,0.76978,0.76985,1.00,1.88
2017.12.01 12:24:34.194,0.76979,0.76986,1.00,1.00
2017.12.01 12:24:34.246,0.76982,0.76988,1.00,1.13
2017.12.01 12:24:34.548,0.76979,0.76985,1.00,1.25
2017.12.01 12:24:34.651,0.76977,0.76985,1.00,1.69
2017.12.01 12:24:35.161,0.76977,0.76984,1.00,1.00
2017.12.01 12:24:36.507,0.76977,0.76985,1.25,1.13
2017.12.01 12:24:36.654,0.76977,0.76983,1.50,1.50
2017.12.01 12:24:38.729,0.76977,0.76984,1.00,1.69
2017.12.01 12:24:40.150,0.76976,0.76984,1.50,1.88
2017.12.01 12:24:40.610,0.76978,0.76985,1.00,1.00
2017.12.01 12:24:41.041,0.76978,0.76987,1.50,1.25
2017.12.01 12:24:41.093,0.7698,0.76987,1.00,1.25
2017.12.01 12:24:41.754,0.7698,0.76988,1.00,1.50
2017.12.01 12:24:42.185,0.76978,0.76985,1.50,1.25
2017.12.01 12:24:42.493,0.76978,0.76984,1.00,1.44
2017.12.01 12:24:43.002,0.76978,0.76984,1.50,1.13
2017.12.01 12:24:43.599,0.76978,0.76985,1.50,1.00
2017.12.01 12:24:44.119,0.7698,0.76986,1.00,2.44
2017.12.01 12:24:49.346,0.7698,0.76987,1.00,3.19
2017.12.01 12:24:50.158,0.76979,0.76985,1.00,1.00
2017.12.01 12:24:50.262,0.76976,0.76983,1.00,1.00
2017.12.01 12:24:50.313,0.76974,0.76982,1.00,3.19
2017.12.01 12:24:50.851,0.76974,0.76983,1.69,1.88
2017.12.01 12:24:51.360,0.76975,0.76983,1.00,1.25
2017.12.01 12:24:51.883,0.76976,0.76983,1.00,1.25
2017.12.01 12:24:52.392,0.76976,0.76982,1.00,1.00
2017.12.01 12:24:54.524,0.76976,0.76983,1.00,1.69
2017.12.01 12:24:54.848,0.76975,0.76981,1.88,1.00
2017.12.01 12:24:55.478,0.76975,0.76982,1.00,1.25
2017.12.01 12:24:55.986,0.76976,0.76984,1.69,1.44
2017.12.01 12:24:56.300,0.76979,0.76986,1.00,1.88
2017.12.01 12:24:56.811,0.7698,0.76987,1.25,1.50
2017.12.01 12:24:57.066,0.76981,0.76989,1.25,2.81
2017.12.01 12:24:57.499,0.7698,0.76987,1.00,1.25
2017.12.01 12:25:01.250,0.7698,0.76987,1.00,1.88
2017.12.01 12:25:01.772,0.7698,0.76987,1.00,1.69
2017.12.01 12:25:03.931,0.7698,0.76986,1.00,1.00
2017.12.01 12:25:04.138,0.76977,0.76984,1.00,1.13
2017.12.01 12:25:04.485,0.76979,0.76983,1.00,1.00
2017.12.01 12:25:05.189,0.76979,0.76984,1.00,1.00
2017.12.01 12:25:06.889,0.76976,0.76984,1.00,1.88
2017.12.01 12:25:08.832,0.76976,0.76983,1.00,1.00
2017.12.01 12:25:09.633,0.76976,0.76985,1.50,3.94
2017.12.01 12:25:10.395,0.76976,0.76983,1.50,1.00
2017.12.01 12:25:10.985,0.76976,0.76984,1.50,1.25
2017.12.01 12:25:11.347,0.76977,0.76985,1.44,1.25
2017.12.01 12:25:11.686,0.76976,0.76983,1.00,1.50
2017.12.01 12:25:12.220,0.76976,0.76984,1.00,1.13
2017.12.01 12:25:12.987,0.76977,0.76985,1.25,1.12
2017.12.01 12:25:13.422,0.76979,0.76987,1.00,2.63
2017.12.01 12:25:14.098,0.76979,0.76987,1.00,2.44
2017.12.01 12:25:18.997,0.76979,0.76986,1.00,1.00
2017.12.01 12:25:19.308,0.76979,0.76984,1.00,1.13
2017.12.01 12:25:20.114,0.76979,0.76985,1.00,1.00
2017.12.01 12:25:20.228,0.76979,0.76987,1.25,1.69
2017.12.01 12:25:20.866,0.7698,0.76988,1.00,2.25
2017.12.01 12:25:21.486,0.7698,0.76988,1.13,2.06
2017.12.01 12:25:21.820,0.76982,0.7699,1.00,3.19
2017.12.01 12:25:22.837,0.76983,0.7699,1.25,1.00
2017.12.01 12:25:22.990,0.76984,0.76992,1.25,1.88
2017.12.01 12:25:23.333,0.76984,0.7699,1.00,1.00
2017.12.01 12:25:24.837,0.76982,0.7699,1.88,1.50
2017.12.01 12:25:25.432,0.76983,0.76992,1.44,3.56
2017.12.01 12:25:27.243,0.76984,0.76991,1.88,1.00
2017.12.01 12:25:27.869,0.76984,0.7699,1.00,1.00
2017.12.01 12:25:28.125,0.76982,0.7699,2.44,1.00
2017.12.01 12:25:29.201,0.76982,0.76991,2.25,2.44
2017.12.01 12:25:29.940,0.76982,0.7699,1.50,1.00
2017.12.01 12:25:30.568,0.76982,0.76991,1.69,1.50
2017.12.01 12:25:31.215,0.76983,0.76991,1.00,1.00
2017.12.01 12:25:32.282,0.76983,0.76992,1.88,2.06
2017.12.01 12:25:32.827,0.76984,0.76991,1.00,1.25
2017.12.01 12:25:33.498,0.76984,0.76993,1.50,2.06
2017.12.01 12:25:34.350,0.76985,0.76993,1.50,1.25
2017.12.01 12:25:34.965,0.76985,0.76992,1.00,1.00
2017.12.01 12:25:35.480,0.76985,0.76994,1.00,2.06
2017.12.01 12:25:35.869,0.76984,0.76993,1.69,1.63
2017.12.01 12:25:36.123,0.76985,0.76994,1.00,2.44
2017.12.01 12:25:37.506,0.76986,0.76994,1.00,2.63
2017.12.01 12:25:37.659,0.76984,0.76993,2.62,1.25
2017.12.01 12:25:37.710,0.76984,0.76992,1.69,1.44
2017.12.01 12:25:38.719,0.76984,0.76992,1.69,1.88
2017.12.01 12:25:39.311,0.76985,0.76992,1.00,1.00
2017.12.01 12:25:39.852,0.76985,0.76994,2.44,1.88
2017.12.01 12:25:40.004,0.76987,0.76995,1.00,1.31
2017.12.01 12:25:40.513,0.76987,0.76994,1.50,1.00
2017.12.01 12:25:44.017,0.76987,0.76995,1.00,1.13
2017.12.01 12:25:44.557,0.76986,0.76994,1.13,1.00
2017.12.01 12:25:47.783,0.76985,0.76994,1.69,1.88
2017.12.01 12:25:48.632,0.76986,0.76993,1.00,1.00
2017.12.01 12:25:49.144,0.76985,0.76994,2.63,1.69
2017.12.01 12:25:50.302,0.76985,0.76993,1.25,1.00
2017.12.01 12:25:51.855,0.76985,0.76994,1.69,1.88
2017.12.01 12:25:53.094,0.76986,0.76994,1.25,1.69
2017.12.01 12:25:54.074,0.76987,0.76994,1.00,1.50
2017.12.01 12:25:54.429,0.76989,0.76995,1.00,1.00
2017.12.01 12:25:54.566,0.76989,0.76997,1.00,2.63
2017.12.01 12:25:55.159,0.76988,0.76997,1.31,2.63
2017.12.01 12:25:56.940,0.76987,0.76996,4.69,1.00
2017.12.01 12:25:57.042,0.76987,0.76996,3.00,1.38
2017.12.01 12:25:57.093,0.76988,0.76997,1.00,4.13
2017.12.01 12:25:57.403,0.76987,0.76994,1.00,1.00
2017.12.01 12:25:57.811,0.76985,0.76994,3.75,1.00
2017.12.01 12:25:58.519,0.76985,0.76993,1.50,1.00
2017.12.01 12:26:03.736,0.76985,0.76992,1.00,1.00
2017.12.01 12:26:03.839,0.76983,0.76991,2.25,1.25
2017.12.01 12:26:04.387,0.76983,0.76992,3.00,1.25
2017.12.01 12:26:04.673,0.76986,0.76993,1.00,1.25
2017.12.01 12:26:05.804,0.76986,0.76992,1.00,1.00
2017.12.01 12:26:06.130,0.76983,0.76992,3.19,1.00
2017.12.01 12:26:06.335,0.76983,0.7699,1.00,1.00
2017.12.01 12:26:07.352,0.76983,0.76989,1.00,1.00
2017.12.01 12:26:07.894,0.76983,0.7699,1.00,1.00
2017.12.01 12:26:08.563,0.76983,0.76991,1.50,1.25
2017.12.01 12:26:09.107,0.76983,0.76991,1.00,1.88
2017.12.01 12:26:09.724,0.76983,0.7699,1.00,1.13
2017.12.01 12:26:11.254,0.76983,0.76989,1.00,1.00
2017.12.01 12:26:11.769,0.76983,0.76989,1.00,1.44
2017.12.01 12:26:12.313,0.76983,0.7699,1.00,1.44
2017.12.01 12:26:12.736,0.76984,0.76991,1.50,1.25
2017.12.01 12:26:14.947,0.76984,0.76989,1.00,1.00
2017.12.01 12:26:15.476,0.76983,0.7699,1.00,1.13
2017.12.01 12:26:19.087,0.76982,0.76988,1.00,1.25
2017.12.01 12:26:19.191,0.76985,0.76992,1.69,1.50
2017.12.01 12:26:19.731,0.76984,0.76992,2.63,1.00
2017.12.01 12:26:25.889,0.76984,0.76993,3.38,1.25
2017.12.01 12:26:26.403,0.76985,0.76994,1.25,4.31
2017.12.01 12:26:27.947,0.76987,0.76994,1.25,1.50
2017.12.01 12:26:28.503,0.76987,0.76995,1.25,1.00
2017.12.01 12:26:29.256,0.76986,0.76995,2.63,1.88
2017.12.01 12:26:29.849,0.76986,0.76993,2.44,1.00
2017.12.01 12:26:30.515,0.76986,0.76992,1.00,1.25
2017.12.01 12:26:31.099,0.76985,0.76992,1.00,1.00
2017.12.01 12:26:32.742,0.76985,0.76993,1.00,1.25
2017.12.01 12:26:34.045,0.76984,0.76993,2.63,1.69
2017.12.01 12:26:34.819,0.76984,0.76991,2.63,1.00
2017.12.01 12:26:35.342,0.76984,0.76992,2.63,1.00
2017.12.01 12:26:37.473,0.76984,0.76993,2.44,1.88
2017.12.01 12:26:37.801,0.76986,0.76993,1.50,1.00
2017.12.01 12:26:43.640,0.76986,0.76994,2.06,1.69
2017.12.01 12:26:45.074,0.76986,0.76994,3.00,1.00
2017.12.01 12:26:45.593,0.76986,0.76994,3.00,1.00
2017.12.01 12:26:50.553,0.76986,0.76995,2.81,1.69
2017.12.01 12:26:50.880,0.76989,0.76996,1.00,1.69
2017.12.01 12:26:53.636,0.76988,0.76996,1.25,1.50
2017.12.01 12:26:53.943,0.76992,0.76998,1.00,1.44
2017.12.01 12:26:54.463,0.7699,0.76998,3.75,1.44
2017.12.01 12:26:55.688,0.7699,0.76998,4.13,1.25
2017.12.01 12:26:56.865,0.7699,0.76999,3.56,1.69
2017.12.01 12:26:57.364,0.7699,0.76997,1.25,1.00
2017.12.01 12:26:58.240,0.7699,0.76998,1.00,1.25
2017.12.01 12:26:58.931,0.7699,0.76998,1.44,1.25
2017.12.01 12:27:00.446,0.7699,0.76999,3.75,1.44
2017.12.01 12:27:01.038,0.76992,0.76999,1.00,1.25
2017.12.01 12:27:06.776,0.7699,0.76999,4.50,1.88
2017.12.01 12:27:06.827,0.76993,0.76999,1.00,1.00
2017.12.01 12:27:07.458,0.76993,0.77,1.00,2.44
2017.12.01 12:27:08.831,0.76993,0.76999,1.00,1.00
2017.12.01 12:27:10.547,0.76993,0.77,1.00,2.63
2017.12.01 12:27:10.649,0.76991,0.77,2.44,2.81
2017.12.01 12:27:11.207,0.76991,0.77,1.44,2.63
2017.12.01 12:27:11.923,0.76991,0.77,1.00,2.63
2017.12.01 12:27:12.126,0.76993,0.77,1.00,2.63
2017.12.01 12:27:13.205,0.76993,0.76999,1.00,1.00
2017.12.01 12:27:13.256,0.76991,0.76998,1.50,1.00
2017.12.01 12:27:14.289,0.7699,0.76998,1.12,1.88
2017.12.01 12:27:15.042,0.76989,0.76996,1.00,1.88
2017.12.01 12:27:15.689,0.76987,0.76996,2.44,3.19
2017.12.01 12:27:16.821,0.76989,0.76996,1.00,1.00
2017.12.01 12:27:17.330,0.76989,0.76996,1.87,1.00
2017.12.01 12:27:18.329,0.76989,0.76997,1.00,2.25
2017.12.01 12:27:18.634,0.76987,0.76995,2.25,1.00
2017.12.01 12:27:23.954,0.76987,0.76993,2.25,1.00
2017.12.01 12:27:24.508,0.76987,0.76994,1.50,1.00
2017.12.01 12:27:27.086,0.76985,0.76994,3.37,1.50
2017.12.01 12:27:27.408,0.76985,0.76992,1.50,1.00
2017.12.01 12:27:28.650,0.76985,0.76991,1.50,1.25
2017.12.01 12:27:28.752,0.76983,0.7699,1.50,1.00
2017.12.01 12:27:29.702,0.76983,0.7699,1.50,1.44
2017.12.01 12:27:30.888,0.76983,0.7699,1.50,1.25
2017.12.01 12:27:32.272,0.76983,0.76989,1.50,1.00
2017.12.01 12:27:32.939,0.76983,0.7699,1.50,1.69
2017.12.01 12:27:33.832,0.76983,0.76989,1.00,1.00
2017.12.01 12:27:34.360,0.76983,0.76989,1.00,1.88
2017.12.01 12:27:35.791,0.76983,0.76989,1.00,1.25
2017.12.01 12:27:36.369,0.76983,0.76988,1.00,1.00
2017.12.01 12:27:38.083,0.76981,0.76986,1.00,1.88
2017.12.01 12:27:38.599,0.76981,0.76988,1.00,1.88
2017.12.01 12:27:39.768,0.76981,0.76988,1.00,1.69
2017.12.01 12:27:41.295,0.76981,0.7699,1.50,3.00
2017.12.01 12:27:41.821,0.76981,0.7699,1.50,2.25
2017.12.01 12:27:42.574,0.76982,0.7699,1.25,1.00
2017.12.01 12:27:42.983,0.76984,0.76991,1.00,1.00
2017.12.01 12:27:44.038,0.76984,0.76992,1.88,1.25
2017.12.01 12:27:54.067,0.76984,0.76991,1.25,1.00
2017.12.01 12:27:56.743,0.76984,0.76992,1.00,2.06
2017.12.01 12:28:02.469,0.76986,0.76992,1.00,1.25
2017.12.01 12:28:03.170,0.76987,0.76994,1.00,2.25
2017.12.01 12:28:03.451,0.76989,0.76996,1.00,1.00
2017.12.01 12:28:04.192,0.76986,0.76994,1.50,1.44
2017.12.01 12:28:04.243,0.76985,0.76993,1.87,1.00
2017.12.01 12:28:04.766,0.76985,0.76994,1.50,2.44
2017.12.01 12:28:07.902,0.76985,0.76993,1.00,1.00
2017.12.01 12:28:08.438,0.76984,0.76991,1.00,1.00
2017.12.01 12:28:08.540,0.76982,0.7699,1.50,1.25
2017.12.01 12:28:09.061,0.76982,0.76989,1.00,1.00
2017.12.01 12:28:11.643,0.76982,0.76987,1.00,1.00
2017.12.01 12:28:12.147,0.7698,0.76987,1.50,1.00
2017.12.01 12:28:13.400,0.7698,0.76989,1.88,2.25
2017.12.01 12:28:16.940,0.76982,0.7699,1.00,1.13
2017.12.01 12:28:17.589,0.76982,0.76991,1.50,2.44
2017.12.01 12:28:18.002,0.76982,0.76991,1.50,1.69
2017.12.01 12:28:18.053,0.76982,0.76991,1.50,1.69
2017.12.01 12:28:18.651,0.76982,0.76988,1.00,1.00
2017.12.01 12:28:18.956,0.76979,0.76985,1.00,1.00
2017.12.01 12:28:22.077,0.76979,0.76986,1.00,1.88
2017.12.01 12:28:22.910,0.76979,0.76987,1.69,1.25
2017.12.01 12:28:22.961,0.7698,0.76989,1.69,2.81
2017.12.01 12:28:23.488,0.76981,0.76989,1.00,2.06
2017.12.01 12:28:24.267,0.76981,0.76988,1.00,1.00
2017.12.01 12:28:24.804,0.76981,0.76989,1.00,2.25
2017.12.01 12:28:25.980,0.76981,0.76989,1.00,2.44
2017.12.01 12:28:28.005,0.76981,0.76987,1.00,1.00
2017.12.01 12:28:28.928,0.76981,0.76988,1.00,2.81
2017.12.01 12:28:30.228,0.76981,0.76987,1.00,1.00
2017.12.01 12:28:31.656,0.76981,0.76988,1.00,1.13
2017.12.01 12:28:31.960,0.76983,0.76989,1.00,1.69
2017.12.01 12:28:32.609,0.76983,0.76989,1.00,1.00
2017.12.01 12:28:33.130,0.76983,0.76989,1.00,2.81
2017.12.01 12:28:33.182,0.7698,0.76987,1.12,1.00
2017.12.01 12:28:33.721,0.7698,0.76989,1.13,2.25
2017.12.01 12:28:34.237,0.7698,0.76989,1.88,3.00
2017.12.01 12:28:34.658,0.76982,0.7699,1.50,1.88
2017.12.01 12:28:35.243,0.7698,0.76989,3.19,2.25
2017.12.01 12:28:35.782,0.7698,0.76988,1.00,2.63
2017.12.01 12:28:36.181,0.7698,0.76986,1.00,2.06
2017.12.01 12:28:36.384,0.76976,0.76982,1.00,1.00
2017.12.01 12:28:37.272,0.76976,0.76983,1.00,1.69
2017.12.01 12:28:37.820,0.76976,0.76984,1.00,1.69
2017.12.01 12:28:39.484,0.76978,0.76984,1.00,1.69
2017.12.01 12:28:40.104,0.76978,0.76985,1.00,1.25
2017.12.01 12:28:42.470,0.76978,0.76986,1.00,1.69
2017.12.01 12:28:42.808,0.76978,0.76984,1.00,1.00
2017.12.01 12:28:42.859,0.76978,0.76986,1.13,1.25
2017.12.01 12:28:43.366,0.76979,0.76986,1.25,1.88
2017.12.01 12:28:44.073,0.76979,0.76987,1.25,1.88
2017.12.01 12:28:45.679,0.7698,0.76987,1.00,1.00
2017.12.01 12:28:46.289,0.7698,0.76987,1.44,1.00
2017.12.01 12:28:47.153,0.7698,0.76989,1.31,3.19
2017.12.01 12:28:48.651,0.7698,0.76989,1.13,1.50
2017.12.01 12:28:48.702,0.76982,0.76989,1.00,1.00
2017.12.01 12:28:49.575,0.76984,0.76989,1.00,1.00
2017.12.01 12:28:49.645,0.76984,0.76991,1.00,1.50
2017.12.01 12:28:50.012,0.76984,0.7699,1.00,1.88
2017.12.01 12:28:50.383,0.76981,0.76988,1.50,1.00
2017.12.01 12:28:51.172,0.76982,0.76988,1.00,1.00
2017.12.01 12:28:51.460,0.76983,0.7699,1.00,1.00
2017.12.01 12:28:51.562,0.76984,0.76992,1.00,2.25
2017.12.01 12:28:52.172,0.76983,0.76992,1.69,2.81
2017.12.01 12:28:53.707,0.76985,0.76993,1.25,1.50
2017.12.01 12:28:54.014,0.76989,0.76994,1.00,1.00
2017.12.01 12:28:54.166,0.76987,0.76995,2.06,1.00
2017.12.01 12:28:58.201,0.76987,0.76995,2.44,1.00
2017.12.01 12:28:59.039,0.76989,0.76995,1.00,1.00
2017.12.01 12:28:59.402,0.76989,0.76998,2.63,2.63
2017.12.01 12:28:59.505,0.76988,0.76997,2.06,1.50
2017.12.01 12:29:00.488,0.76988,0.76997,1.88,1.88
2017.12.01 12:29:03.641,0.76987,0.76996,2.25,1.69
2017.12.01 12:29:04.187,0.76987,0.76995,1.00,1.00
2017.12.01 12:29:06.260,0.76988,0.76996,1.00,1.88
2017.12.01 12:29:06.769,0.76987,0.76996,1.50,2.63
2017.12.01 12:29:07.196,0.76989,0.76995,1.00,1.25
2017.12.01 12:29:07.248,0.76987,0.76995,1.00,1.69
2017.12.01 12:29:07.775,0.76987,0.76995,1.00,1.88
2017.12.01 12:29:08.138,0.76985,0.76994,1.88,1.69
2017.12.01 12:29:08.662,0.76986,0.76994,1.25,1.69
2017.12.01 12:29:10.740,0.76986,0.76994,1.25,1.88
2017.12.01 12:29:11.251,0.76986,0.76994,1.25,1.50
2017.12.01 12:29:11.759,0.76987,0.76994,1.00,1.00
2017.12.01 12:29:12.974,0.76987,0.76996,1.69,1.50
2017.12.01 12:29:13.542,0.76987,0.76994,1.50,1.00
2017.12.01 12:29:14.385,0.76987,0.76995,1.00,1.88
2017.12.01 12:29:14.713,0.76987,0.76993,1.00,1.00
2017.12.01 12:29:18.580,0.76985,0.76994,1.50,3.38
2017.12.01 12:29:19.175,0.76986,0.76994,1.25,1.13
2017.12.01 12:29:19.226,0.76988,0.76994,1.00,1.00
2017.12.01 12:29:19.277,0.76986,0.76994,1.88,1.00
2017.12.01 12:29:19.692,0.76988,0.76994,1.00,1.00
2017.12.01 12:29:20.201,0.76988,0.76996,1.13,1.88
2017.12.01 12:29:21.742,0.7699,0.76996,1.00,1.44
2017.12.01 12:29:21.793,0.76988,0.76996,1.69,1.44
2017.12.01 12:29:21.844,0.76991,0.76996,1.00,1.88
2017.12.01 12:29:28.450,0.76991,0.76996,1.00,1.25
2017.12.01 12:29:30.043,0.76991,0.76995,1.00,1.00
2017.12.01 12:29:30.953,0.76991,0.76996,1.00,1.88
2017.12.01 12:29:33.080,0.76988,0.76996,2.25,1.13
2017.12.01 12:29:33.768,0.76988,0.76996,1.88,1.25
2017.12.01 12:29:36.846,0.76988,0.76996,1.25,2.25
2017.12.01 12:29:37.072,0.76988,0.76994,1.00,1.25
2017.12.01 12:29:37.228,0.76985,0.76992,1.25,1.00
2017.12.01 12:29:37.737,0.76985,0.76994,1.69,3.19
2017.12.01 12:29:40.566,0.76986,0.76994,1.88,1.25
2017.12.01 12:29:41.078,0.76987,0.76995,1.00,1.25
2017.12.01 12:29:41.604,0.76988,0.76996,1.25,2.44
2017.12.01 12:29:42.752,0.76988,0.76995,1.25,1.00
2017.12.01 12:29:43.260,0.76988,0.76996,1.25,1.88
2017.12.01 12:29:45.426,0.76986,0.76995,3.94,1.50
2017.12.01 12:29:45.973,0.76986,0.76994,1.88,1.69
2017.12.01 12:29:49.399,0.76986,0.76995,2.81,1.69
2017.12.01 12:29:49.992,0.76986,0.76995,2.63,1.38
2017.12.01 12:29:50.707,0.76986,0.76995,2.81,1.25
2017.12.01 12:29:53.499,0.76987,0.76996,1.00,2.63
2017.12.01 12:29:55.199,0.76988,0.76996,2.44,1.13
2017.12.01 12:29:55.866,0.76988,0.76997,2.81,2.44
2017.12.01 12:29:56.090,0.76988,0.76997,2.63,1.88
2017.12.01 12:29:56.424,0.76988,0.76997,2.81,1.69
2017.12.01 12:29:58.078,0.76989,0.76998,1.88,1.69
2017.12.01 12:29:58.403,0.76988,0.76997,3.94,1.88
2017.12.01 12:29:58.992,0.76989,0.76998,1.00,2.63
2017.12.01 12:30:01.170,0.76988,0.76997,1.13,2.63
2017.12.01 12:30:02.485,0.76987,0.76996,2.44,1.13
2017.12.01 12:30:02.994,0.76987,0.76996,2.81,1.25
2017.12.01 12:30:03.864,0.76987,0.76995,2.63,1.00
2017.12.01 12:30:04.622,0.76989,0.76995,1.00,1.00
2017.12.01 12:30:04.776,0.76987,0.76995,1.25,1.69
2017.12.01 12:30:05.394,0.76987,0.76996,2.44,1.63
2017.12.01 12:30:06.004,0.76987,0.76996,2.44,1.44
2017.12.01 12:30:06.863,0.76987,0.76996,2.44,1.25
2017.12.01 12:30:09.338,0.76988,0.76997,1.44,2.44
2017.12.01 12:30:10.021,0.76988,0.76997,1.13,2.44
2017.12.01 12:30:12.209,0.7699,0.76997,1.25,1.00
2017.12.01 12:30:12.497,0.76991,0.76999,1.00,1.69
2017.12.01 12:30:13.304,0.76991,0.77,1.88,1.69
2017.12.01 12:30:14.176,0.76991,0.77,1.88,1.69
2017.12.01 12:30:14.714,0.76991,0.76999,1.00,1.00
2017.12.01 12:30:15.447,0.76991,0.77,1.50,1.88
2017.12.01 12:30:15.498,0.76992,0.77,1.44,1.00
2017.12.01 12:30:16.028,0.76992,0.77,1.13,1.00
2017.12.01 12:30:16.489,0.76995,0.77002,1.00,1.25
2017.12.01 12:30:18.328,0.76995,0.77001,1.00,1.00
2017.12.01 12:30:18.824,0.76992,0.77,1.25,1.69
2017.12.01 12:30:19.630,0.76992,0.76999,1.13,1.00
2017.12.01 12:30:26.491,0.76991,0.76999,1.69,1.00
2017.12.01 12:30:29.183,0.76992,0.76999,1.00,1.00
2017.12.01 12:30:30.231,0.76992,0.77,1.00,1.00
2017.12.01 12:30:30.735,0.76992,0.76999,2.25,1.00
2017.12.01 12:30:31.515,0.76994,0.76999,1.00,1.00
2017.12.01 12:30:31.567,0.76995,0.77003,1.25,1.69
2017.12.01 12:30:32.431,0.76995,0.77003,1.25,1.25
2017.12.01 12:30:32.484,0.76996,0.77004,1.88,1.00
2017.12.01 12:30:32.790,0.76994,0.77001,1.25,1.00
2017.12.01 12:30:35.073,0.76993,0.77,1.00,1.00
2017.12.01 12:30:35.776,0.76992,0.77,1.31,1.00
2017.12.01 12:30:39.339,0.76992,0.76999,1.25,1.00
2017.12.01 12:30:39.542,0.7699,0.76998,1.13,1.00
2017.12.01 12:30:40.109,0.7699,0.76997,1.25,1.00
2017.12.01 12:30:40.662,0.7699,0.76998,1.00,1.50
2017.12.01 12:30:41.205,0.76989,0.76998,2.25,2.63
2017.12.01 12:30:43.218,0.76989,0.76996,1.00,2.44
2017.12.01 12:30:43.320,0.76987,0.76996,1.88,2.44
2017.12.01 12:30:44.314,0.76987,0.76994,1.00,1.00
2017.12.01 12:30:47.867,0.76987,0.76997,1.50,1.50
2017.12.01 12:30:48.536,0.76988,0.76997,1.00,2.44
2017.12.01 12:30:48.702,0.76987,0.76995,1.50,1.00
2017.12.01 12:30:49.226,0.76988,0.76995,1.00,1.00
2017.12.01 12:30:49.329,0.76988,0.76997,1.00,2.62
2017.12.01 12:30:49.855,0.76987,0.76996,2.44,1.00
2017.12.01 12:30:50.777,0.76987,0.76995,1.50,1.00
2017.12.01 12:30:52.447,0.76987,0.76993,1.00,1.00
2017.12.01 12:30:52.753,0.76988,0.76997,1.00,3.37
2017.12.01 12:30:53.206,0.76987,0.76994,1.50,1.00
2017.12.01 12:30:53.257,0.76985,0.76994,2.62,1.50
2017.12.01 12:30:54.613,0.76986,0.76995,1.00,3.19
2017.12.01 12:30:55.297,0.76987,0.76995,1.69,1.00
2017.12.01 12:30:55.876,0.76987,0.76994,1.00,1.00
2017.12.01 12:30:56.116,0.76985,0.76994,2.81,1.50
2017.12.01 12:30:56.632,0.76985,0.76993,1.50,1.50
2017.12.01 12:30:57.166,0.76985,0.7699,1.00,1.00
2017.12.01 12:30:57.219,0.76983,0.76991,1.50,1.00
2017.12.01 12:30:57.270,0.76985,0.76993,1.00,3.37
2017.12.01 12:30:57.515,0.76986,0.76994,1.00,1.00
2017.12.01 12:30:58.038,0.76986,0.76993,1.00,1.50
2017.12.01 12:30:59.950,0.76986,0.76992,1.00,1.00
2017.12.01 12:31:00.497,0.76986,0.76993,1.00,1.69
2017.12.01 12:31:03.110,0.76984,0.76992,1.00,1.00
2017.12.01 12:31:03.682,0.76985,0.76993,1.00,3.00
2017.12.01 12:31:04.188,0.76985,0.76991,1.00,1.00
2017.12.01 12:31:04.718,0.76984,0.7699,1.00,1.69
2017.12.01 12:31:05.053,0.76982,0.76988,1.00,1.25
2017.12.01 12:31:07.925,0.76982,0.76989,1.00,1.69
2017.12.01 12:31:08.368,0.76984,0.76992,1.00,1.50
2017.12.01 12:31:10.126,0.76986,0.76993,1.00,1.12
2017.12.01 12:31:11.335,0.76986,0.76992,1.00,1.00
2017.12.01 12:31:12.346,0.76986,0.76993,1.00,1.25
2017.12.01 12:31:15.767,0.76986,0.76994,1.00,2.25
2017.12.01 12:31:18.332,0.76986,0.76995,2.25,1.50
2017.12.01 12:31:19.055,0.76987,0.76995,1.00,1.00
2017.12.01 12:31:19.378,0.76989,0.76995,1.00,1.00
2017.12.01 12:31:19.481,0.76989,0.76997,1.00,1.69
2017.12.01 12:31:20.017,0.76988,0.76996,1.50,1.00
2017.12.01 12:31:20.490,0.76987,0.76993,1.00,1.00
2017.12.01 12:31:20.596,0.76983,0.76991,1.00,1.50
2017.12.01 12:31:21.108,0.76983,0.76992,2.44,1.00
2017.12.01 12:31:22.694,0.76984,0.76993,1.00,2.62
2017.12.01 12:31:23.223,0.76985,0.76993,1.00,1.50
2017.12.01 12:31:23.746,0.76984,0.76993,1.25,2.25
2017.12.01 12:31:25.171,0.76985,0.76993,1.00,1.50
2017.12.01 12:31:25.909,0.76986,0.76993,1.00,1.00
2017.12.01 12:31:26.391,0.76986,0.76995,1.50,1.50
2017.12.01 12:31:27.778,0.76987,0.76995,1.00,1.00
2017.12.01 12:31:29.334,0.76986,0.76995,1.25,2.25
2017.12.01 12:31:32.447,0.76988,0.76995,1.00,1.00
2017.12.01 12:31:32.843,0.76986,0.76995,1.69,1.50
2017.12.01 12:31:34.603,0.76987,0.76995,1.00,1.00
2017.12.01 12:31:36.609,0.76986,0.76994,1.00,1.00
2017.12.01 12:31:36.712,0.76985,0.76992,1.00,1.00
2017.12.01 12:31:36.901,0.76983,0.76991,1.50,1.00
2017.12.01 12:31:36.952,0.76983,0.76989,1.00,1.00
2017.12.01 12:31:37.207,0.76984,0.76993,1.50,3.56
2017.12.01 12:31:37.727,0.76985,0.76993,1.00,1.31
2017.12.01 12:31:40.286,0.76986,0.76994,1.00,2.44
2017.12.01 12:31:40.807,0.76987,0.76995,1.00,1.00
2017.12.01 12:31:43.726,0.76987,0.76996,1.50,2.62
2017.12.01 12:31:44.251,0.76989,0.76996,1.00,1.00
2017.12.01 12:31:45.834,0.76989,0.76998,1.00,2.62
2017.12.01 12:31:46.674,0.76989,0.76996,1.00,1.50
2017.12.01 12:31:46.979,0.76987,0.76992,1.00,1.00
2017.12.01 12:31:47.290,0.76986,0.7699,1.00,1.00
2017.12.01 12:31:47.595,0.76986,0.76992,1.00,1.12
2017.12.01 12:31:48.225,0.76986,0.76994,1.00,1.25
2017.12.01 12:31:48.732,0.76987,0.76995,1.50,1.25
2017.12.01 12:31:49.218,0.76989,0.76996,1.00,2.44
2017.12.01 12:31:49.524,0.76989,0.76994,1.00,1.00
2017.12.01 12:31:49.677,0.76987,0.76994,1.00,1.25
2017.12.01 12:31:50.220,0.76987,0.76993,1.00,1.00
2017.12.01 12:31:50.734,0.76987,0.76994,1.00,1.25
2017.12.01 12:31:54.952,0.76987,0.76993,1.00,1.00
2017.12.01 12:31:55.499,0.76987,0.76994,1.00,1.69
2017.12.01 12:31:56.267,0.76987,0.76993,1.00,1.00
2017.12.01 12:31:56.319,0.76987,0.76995,1.00,1.00
2017.12.01 12:31:59.248,0.76987,0.76993,1.00,1.00
2017.12.01 12:31:59.626,0.76987,0.76995,1.00,1.00
2017.12.01 12:31:59.979,0.76987,0.76993,1.00,1.00
2017.12.01 12:32:00.435,0.76987,0.76991,1.00,1.00
2017.12.01 12:32:00.759,0.76985,0.76991,1.00,1.00
2017.12.01 12:32:07.114,0.76985,0.76993,1.50,1.12
2017.12.01 12:32:07.858,0.76987,0.76993,1.00,1.12
2017.12.01 12:32:09.969,0.76987,0.76992,1.00,1.00
2017.12.01 12:32:10.851,0.76987,0.76994,1.00,1.50
2017.12.01 12:32:11.365,0.76987,0.76995,1.00,1.50
2017.12.01 12:32:12.442,0.76987,0.76994,1.00,1.25
2017.12.01 12:32:14.105,0.76987,0.76992,1.00,1.00
2017.12.01 12:32:14.156,0.76987,0.76994,1.00,1.00
2017.12.01 12:32:15.147,0.76987,0.76993,1.00,1.50
2017.12.01 12:32:15.300,0.76985,0.76992,1.00,1.88
2017.12.01 12:32:15.847,0.76985,0.76991,1.00,1.00
2017.12.01 12:32:17.355,0.76985,0.76992,1.00,2.44
2017.12.01 12:32:18.696,0.76985,0.76991,1.00,1.00
2017.12.01 12:32:19.246,0.76985,0.76992,1.00,3.19
2017.12.01 12:32:21.646,0.76985,0.7699,1.00,1.00
2017.12.01 12:32:21.698,0.76983,0.7699,1.00,1.50
2017.12.01 12:32:21.750,0.76983,0.76988,1.00,1.00
2017.12.01 12:32:21.945,0.76983,0.7699,1.00,1.31
2017.12.01 12:32:22.513,0.76983,0.76989,1.00,1.00
2017.12.01 12:32:23.057,0.76983,0.76991,1.00,3.75
2017.12.01 12:32:23.605,0.76983,0.76991,1.00,2.25
2017.12.01 12:32:25.594,0.76983,0.7699,1.00,1.25
2017.12.01 12:32:25.850,0.76983,0.76992,2.25,2.25
2017.12.01 12:32:27.327,0.76984,0.76993,1.00,4.31
2017.12.01 12:32:28.519,0.76985,0.76993,1.00,2.81
2017.12.01 12:32:31.737,0.76987,0.76993,1.00,1.00
2017.12.01 12:32:36.868,0.76987,0.76995,1.00,1.00
2017.12.01 12:32:37.127,0.76989,0.76996,1.50,1.00
2017.12.01 12:32:38.433,0.76989,0.76995,1.00,1.00
2017.12.01 12:32:38.946,0.76989,0.76994,1.00,1.00
2017.12.01 12:32:41.421,0.76989,0.76996,1.00,1.50
2017.12.01 12:32:42.190,0.76989,0.76997,1.00,1.25
2017.12.01 12:32:45.795,0.76989,0.76996,1.00,1.00
2017.12.01 12:32:46.100,0.76989,0.76994,1.00,1.00
2017.12.01 12:32:48.169,0.76988,0.76994,1.00,1.25
2017.12.01 12:32:48.678,0.76988,0.76995,1.00,1.00
2017.12.01 12:32:49.753,0.76988,0.76996,1.00,1.69
2017.12.01 12:32:52.292,0.7699,0.76996,1.00,1.00
2017.12.01 12:32:53.137,0.7699,0.76998,1.00,1.50
2017.12.01 12:32:55.798,0.7699,0.76996,1.00,1.00
2017.12.01 12:32:56.086,0.7699,0.76998,1.50,1.00
2017.12.01 12:32:56.197,0.76992,0.76998,1.00,1.00
2017.12.01 12:32:57.325,0.76992,0.76999,1.00,1.25
2017.12.01 12:32:57.831,0.76992,0.77,1.00,1.00
2017.12.01 12:32:58.737,0.76992,0.76999,1.00,1.00
2017.12.01 12:33:02.361,0.76992,0.77,1.00,1.25
2017.12.01 12:33:02.677,0.76994,0.76999,1.00,1.25
2017.12.01 12:33:02.730,0.76992,0.76998,1.00,1.00
2017.12.01 12:33:02.832,0.7699,0.76998,1.00,1.00
2017.12.01 12:33:03.657,0.7699,0.76997,1.00,1.00
2017.12.01 12:33:04.886,0.7699,0.76998,1.00,1.25
2017.12.01 12:33:07.069,0.76993,0.77,1.00,1.31
2017.12.01 12:33:07.387,0.76996,0.77002,1.00,1.00
2017.12.01 12:33:10.003,0.76996,0.77003,1.00,1.00
2017.12.01 12:33:12.905,0.76996,0.77001,1.00,1.00
2017.12.01 12:33:13.212,0.76992,0.76998,1.00,1.00
2017.12.01 12:33:13.825,0.7699,0.76997,1.00,1.50
2017.12.01 12:33:14.351,0.7699,0.76996,1.00,1.00
2017.12.01 12:33:15.355,0.7699,0.76995,1.00,1.00
2017.12.01 12:33:15.908,0.7699,0.76994,1.00,1.00
2017.12.01 12:33:16.163,0.76988,0.76994,1.00,1.25
2017.12.01 12:33:18.872,0.76988,0.76993,1.00,1.00
2017.12.01 12:33:20.034,0.76986,0.76993,1.00,1.00
2017.12.01 12:33:25.278,0.76986,0.76992,1.00,1.00
2017.12.01 12:33:26.999,0.76986,0.76994,1.00,1.69
2017.12.01 12:33:29.419,0.76986,0.76995,1.00,2.44
2017.12.01 12:33:33.599,0.76986,0.76994,1.00,1.25
2017.12.01 12:33:34.739,0.76988,0.76996,1.50,2.06
2017.12.01 12:33:35.693,0.76989,0.76997,1.00,1.25
2017.12.01 12:33:36.203,0.7699,0.76997,1.00,1.25
2017.12.01 12:33:41.351,0.7699,0.76998,1.00,1.25
2017.12.01 12:33:42.198,0.7699,0.76997,1.00,1.00
2017.12.01 12:33:44.409,0.7699,0.76998,1.00,1.25
2017.12.01 12:33:44.714,0.76992,0.77,1.50,1.25
2017.12.01 12:33:45.412,0.76992,0.77001,2.62,1.69
2017.12.01 12:33:46.567,0.76993,0.77001,1.00,1.69
2017.12.01 12:33:47.484,0.76993,0.77,1.00,1.00
2017.12.01 12:33:52.149,0.76993,0.76999,1.00,1.00
2017.12.01 12:33:52.802,0.76993,0.77,1.00,1.25
2017.12.01 12:33:55.117,0.76993,0.76999,1.00,1.00
2017.12.01 12:33:55.367,0.76991,0.76999,1.50,1.25
2017.12.01 12:33:55.927,0.76991,0.76998,1.50,1.25
2017.12.01 12:33:56.810,0.76991,0.76999,1.50,1.25
2017.12.01 12:34:01.729,0.76991,0.77,2.25,1.25
2017.12.01 12:34:02.239,0.76991,0.76999,1.50,1.00
2017.12.01 12:34:03.927,0.76991,0.77,2.25,2.63
2017.12.01 12:34:05.384,0.76991,0.76999,1.50,1.00
2017.12.01 12:34:05.487,0.76993,0.76999,1.00,1.00
2017.12.01 12:34:05.918,0.76993,0.77001,1.50,2.06
2017.12.01 12:34:06.091,0.76993,0.77,1.50,1.44
2017.12.01 12:34:07.030,0.76993,0.77001,1.00,2.81
2017.12.01 12:34:07.757,0.76993,0.76999,1.00,1.00
2017.12.01 12:34:08.425,0.76993,0.77,1.00,2.25
2017.12.01 12:34:09.508,0.76993,0.77001,1.00,1.69
2017.12.01 12:34:11.398,0.76993,0.77,1.00,1.00
2017.12.01 12:34:11.969,0.76993,0.77,1.00,2.25
2017.12.01 12:34:14.492,0.76993,0.77,1.00,1.69
2017.12.01 12:34:14.835,0.76995,0.77002,1.00,2.44
2017.12.01 12:34:15.310,0.76993,0.77,1.00,2.06
2017.12.01 12:34:15.937,0.76993,0.77,1.00,1.25
2017.12.01 12:34:19.983,0.76993,0.76999,1.00,1.00
2017.12.01 12:34:20.491,0.76995,0.77,1.00,1.00
2017.12.01 12:34:20.542,0.76993,0.77,1.00,1.25
2017.12.01 12:34:21.102,0.76993,0.77001,1.25,2.81
2017.12.01 12:34:23.808,0.76995,0.77003,1.00,3.00
2017.12.01 12:34:24.320,0.76996,0.77003,1.00,2.06
2017.12.01 12:34:24.827,0.76995,0.77001,1.00,1.00
2017.12.01 12:34:26.047,0.76995,0.77002,1.00,2.44
2017.12.01 12:34:26.944,0.76995,0.77001,1.00,1.00
2017.12.01 12:34:27.450,0.76995,0.77002,1.00,2.44
2017.12.01 12:34:28.279,0.76996,0.77002,1.00,1.25
2017.12.01 12:34:28.863,0.76995,0.77001,1.00,1.00
2017.12.01 12:34:29.633,0.76994,0.77,1.00,1.00
2017.12.01 12:34:29.937,0.76993,0.76998,1.00,1.13
2017.12.01 12:34:33.301,0.7699,0.76998,1.00,2.06
2017.12.01 12:34:33.555,0.7699,0.76997,1.00,2.06
2017.12.01 12:34:36.952,0.7699,0.76997,1.00,1.69
2017.12.01 12:34:37.536,0.7699,0.76996,1.00,1.00
2017.12.01 12:34:37.587,0.76991,0.76998,1.00,1.50
2017.12.01 12:34:37.689,0.76993,0.77,1.00,1.25
2017.12.01 12:34:39.108,0.76994,0.77,1.00,1.50
2017.12.01 12:34:39.657,0.76994,0.77,1.00,2.25
2017.12.01 12:34:39.708,0.76992,0.76999,1.00,1.25
2017.12.01 12:34:40.526,0.76992,0.76998,1.00,1.00
2017.12.01 12:34:40.849,0.7699,0.76997,1.00,1.25
2017.12.01 12:34:41.359,0.7699,0.76998,1.00,1.25
2017.12.01 12:34:41.797,0.7699,0.76996,1.00,1.00
2017.12.01 12:34:41.940,0.76988,0.76996,1.00,1.69
2017.12.01 12:34:42.093,0.7699,0.76998,1.50,2.81
2017.12.01 12:34:42.602,0.7699,0.76997,1.00,2.25
2017.12.01 12:34:44.569,0.7699,0.76995,1.00,1.00
2017.12.01 12:34:45.223,0.7699,0.76996,1.00,1.88
2017.12.01 12:34:47.544,0.7699,0.76995,1.00,1.00
2017.12.01 12:34:48.424,0.7699,0.76997,1.00,2.25
2017.12.01 12:34:49.198,0.7699,0.76997,1.00,1.25
2017.12.01 12:34:51.146,0.7699,0.76998,1.13,1.00
2017.12.01 12:34:51.487,0.76992,0.77,1.00,1.44
2017.12.01 12:34:52.143,0.76992,0.77,1.00,1.25
2017.12.01 12:34:52.792,0.76993,0.77001,1.50,1.25
2017.12.01 12:34:54.873,0.76993,0.77003,1.50,4.50
2017.12.01 12:34:56.768,0.76993,0.76999,1.00,1.00
2017.12.01 12:34:57.275,0.76993,0.77,1.00,1.69
2017.12.01 12:34:57.791,0.76993,0.77001,1.00,1.00
2017.12.01 12:34:58.339,0.76993,0.77002,1.50,2.06
2017.12.01 12:34:59.637,0.76994,0.77002,1.00,1.12
2017.12.01 12:35:00.126,0.76993,0.77,1.50,1.00
2017.12.01 12:35:00.904,0.76994,0.77,1.00,1.00
2017.12.01 12:35:04.386,0.76995,0.77003,1.25,2.44
2017.12.01 12:35:04.489,0.76995,0.77004,2.25,1.69
2017.12.01 12:35:04.996,0.76997,0.77003,1.00,1.00
2017.12.01 12:35:05.148,0.76997,0.77005,1.00,2.25
2017.12.01 12:35:06.124,0.76997,0.77006,1.69,1.50
2017.12.01 12:35:06.327,0.77,0.77005,1.00,1.50
2017.12.01 12:35:06.379,0.76997,0.77005,1.00,1.13
2017.12.01 12:35:06.894,0.76997,0.77004,1.00,1.00
2017.12.01 12:35:07.846,0.76997,0.77006,2.25,1.25
2017.12.01 12:35:08.881,0.76999,0.77006,1.00,1.00
2017.12.01 12:35:09.386,0.76999,0.77007,1.00,1.69
2017.12.01 12:35:09.896,0.77002,0.7701,1.00,1.44
2017.12.01 12:35:09.947,0.77003,0.77011,1.00,2.63
2017.12.01 12:35:10.287,0.77003,0.77009,1.00,1.00
2017.12.01 12:35:10.922,0.77003,0.7701,1.00,1.88
2017.12.01 12:35:11.645,0.77003,0.77008,1.00,1.00
2017.12.01 12:35:12.191,0.77002,0.77008,1.00,1.00
2017.12.01 12:35:12.794,0.77002,0.77006,1.00,1.00
2017.12.01 12:35:12.959,0.77,0.77006,1.00,1.00
2017.12.01 12:35:13.589,0.77,0.77007,1.00,1.00
2017.12.01 12:35:13.959,0.77001,0.77009,1.00,1.69
2017.12.01 12:35:15.048,0.77002,0.77009,1.00,1.69
2017.12.01 12:35:16.173,0.77004,0.7701,1.00,1.69
2017.12.01 12:35:17.730,0.77004,0.77008,1.50,1.00
2017.12.01 12:35:17.910,0.77004,0.7701,1.50,1.00
2017.12.01 12:35:18.899,0.77002,0.7701,1.50,2.06
2017.12.01 12:35:19.394,0.77004,0.77011,1.00,1.13
2017.12.01 12:35:20.001,0.77005,0.7701,1.00,1.00
2017.12.01 12:35:20.314,0.77005,0.77012,1.00,1.69
2017.12.01 12:35:20.876,0.77005,0.77011,1.00,1.00
2017.12.01 12:35:21.499,0.77005,0.77009,1.00,1.00
2017.12.01 12:35:21.671,0.77003,0.7701,1.00,1.00
2017.12.01 12:35:23.604,0.77003,0.77011,1.50,1.00
2017.12.01 12:35:23.658,0.77005,0.77011,1.50,1.00
2017.12.01 12:35:28.096,0.77005,0.77012,1.87,1.00
2017.12.01 12:35:29.667,0.77005,0.77012,1.00,2.06
2017.12.01 12:35:31.473,0.77005,0.7701,1.00,1.00
2017.12.01 12:35:32.014,0.77005,0.77011,1.00,1.69
2017.12.01 12:35:33.267,0.77005,0.7701,1.00,1.00
2017.12.01 12:35:36.160,0.77005,0.77009,1.00,1.00
2017.12.01 12:35:36.262,0.77002,0.77008,1.12,1.00
2017.12.01 12:35:40.701,0.77002,0.7701,1.00,2.63
2017.12.01 12:35:41.179,0.77002,0.77008,1.50,1.00
2017.12.01 12:35:41.619,0.77,0.77009,2.25,3.00
2017.12.01 12:35:41.670,0.77,0.77007,1.50,1.00
2017.12.01 12:35:45.190,0.77,0.77006,1.00,1.44
2017.12.01 12:35:48.610,0.76998,0.77005,1.00,1.25
2017.12.01 12:35:50.379,0.76998,0.77004,1.00,1.00
2017.12.01 12:35:56.460,0.76998,0.77003,1.00,1.00
2017.12.01 12:35:56.612,0.76995,0.77002,1.00,1.13
2017.12.01 12:35:57.281,0.76995,0.77001,1.00,1.00
2017.12.01 12:35:57.581,0.76993,0.77,1.00,1.25
2017.12.01 12:36:00.477,0.76993,0.77001,1.00,1.69
2017.12.01 12:36:04.516,0.76993,0.77,1.00,1.00
2017.12.01 12:36:16.235,0.76993,0.76999,1.00,1.00
2017.12.01 12:36:17.080,0.76993,0.77,1.00,1.25
2017.12.01 12:36:17.682,0.76995,0.77003,1.50,1.31
2017.12.01 12:36:18.215,0.76996,0.77005,1.13,2.25
2017.12.01 12:36:18.739,0.76997,0.77005,1.00,2.06
2017.12.01 12:36:20.584,0.76997,0.77005,1.00,1.12
2017.12.01 12:36:21.111,0.76998,0.77007,1.00,3.38
2017.12.01 12:36:21.264,0.76997,0.77003,1.00,1.00
2017.12.01 12:36:21.769,0.76997,0.77005,1.69,1.50
2017.12.01 12:36:21.820,0.76999,0.77006,1.50,1.69
2017.12.01 12:36:28.822,0.76999,0.77007,1.69,1.25
2017.12.01 12:36:32.052,0.77001,0.77009,1.69,1.12
2017.12.01 12:36:32.358,0.77003,0.77011,1.00,2.06
2017.12.01 12:36:33.672,0.77003,0.77011,1.00,1.69
2017.12.01 12:36:34.183,0.77003,0.7701,1.00,1.00
2017.12.01 12:36:34.503,0.77001,0.77008,1.00,1.00
2017.12.01 12:36:35.009,0.77002,0.77009,1.00,1.00
2017.12.01 12:36:35.585,0.77001,0.77009,1.25,1.50
2017.12.01 12:36:36.685,0.77001,0.7701,2.44,1.25
2017.12.01 12:36:39.644,0.77003,0.7701,1.00,1.13
2017.12.01 12:36:39.951,0.76999,0.77007,1.00,2.25
2017.12.01 12:36:41.010,0.76999,0.77005,1.00,1.00
2017.12.01 12:36:41.513,0.76999,0.77006,1.50,1.25
2017.12.01 12:36:42.021,0.76999,0.77007,1.50,1.25
2017.12.01 12:36:44.688,0.76999,0.77006,1.00,1.00
2017.12.01 12:36:44.983,0.77,0.77009,1.00,2.81
2017.12.01 12:36:45.034,0.76999,0.77007,1.69,1.25
2017.12.01 12:36:45.339,0.77003,0.77011,1.00,1.88
2017.12.01 12:36:45.644,0.77003,0.77009,1.00,1.00
2017.12.01 12:36:46.193,0.77002,0.77009,1.00,1.00
2017.12.01 12:36:46.499,0.77,0.77007,1.00,1.13
2017.12.01 12:36:47.032,0.77,0.77006,1.00,1.00
2017.12.01 12:36:49.645,0.77,0.77007,1.00,2.63
2017.12.01 12:36:51.289,0.77,0.77006,1.00,1.00
2017.12.01 12:36:52.088,0.77,0.77006,1.00,1.44
2017.12.01 12:36:52.796,0.77,0.77006,1.00,1.13
2017.12.01 12:36:54.309,0.77,0.77007,1.00,2.44
2017.12.01 12:36:54.917,0.77,0.77006,1.00,1.13
2017.12.01 12:36:55.425,0.77,0.77006,1.00,1.44
2017.12.01 12:36:55.527,0.76998,0.77005,1.00,1.50
2017.12.01 12:36:56.984,0.76998,0.77006,1.00,1.25
2017.12.01 12:36:57.035,0.77001,0.77008,1.00,1.00
2017.12.01 12:36:57.086,0.77002,0.7701,1.00,1.50
2017.12.01 12:36:57.614,0.77003,0.7701,1.00,1.00
2017.12.01 12:36:58.155,0.77003,0.7701,1.00,1.50
2017.12.01 12:36:58.715,0.77002,0.7701,1.00,1.50
2017.12.01 12:37:05.352,0.77002,0.77007,1.00,1.00
2017.12.01 12:37:05.524,0.77002,0.77009,1.00,1.69
2017.12.01 12:37:11.559,0.77002,0.77009,1.00,2.25
2017.12.01 12:37:12.117,0.77002,0.77006,1.00,1.88
2017.12.01 12:37:12.168,0.77,0.77006,1.00,1.88
2017.12.01 12:37:19.503,0.77,0.77007,1.00,2.44
2017.12.01 12:37:19.983,0.77,0.77005,1.00,1.00
2017.12.01 12:37:20.501,0.77,0.77004,1.00,1.00
2017.12.01 12:37:21.226,0.77,0.77006,1.00,1.00
2017.12.01 12:37:21.473,0.77,0.77008,1.00,1.88
2017.12.01 12:37:24.037,0.77,0.77006,1.00,1.00
2017.12.01 12:37:24.301,0.77,0.77008,1.69,1.25
2017.12.01 12:37:24.640,0.77,0.77006,1.50,1.00
2017.12.01 12:37:25.175,0.77,0.77007,1.50,1.00
2017.12.01 12:37:25.980,0.77,0.77006,1.00,1.00
2017.12.01 12:37:27.796,0.77,0.77008,1.00,1.31
2017.12.01 12:37:28.500,0.77002,0.77008,1.00,1.50
2017.12.01 12:37:30.508,0.77002,0.77006,1.00,1.00
2017.12.01 12:37:31.009,0.77002,0.77008,1.00,2.25
2017.12.01 12:37:32.387,0.77002,0.77008,1.00,1.25
2017.12.01 12:37:32.894,0.77,0.77006,1.00,1.00
2017.12.01 12:37:34.019,0.76998,0.77006,1.12,1.50
2017.12.01 12:37:35.245,0.76999,0.77007,1.00,1.69
2017.12.01 12:37:35.296,0.76999,0.77007,1.00,1.69
2017.12.01 12:37:35.398,0.76999,0.77007,1.00,1.69
2017.12.01 12:37:35.907,0.76998,0.77007,1.88,3.19
2017.12.01 12:37:38.774,0.77,0.77008,1.00,2.25
2017.12.01 12:37:39.324,0.77,0.77008,1.00,1.69
2017.12.01 12:37:40.628,0.77,0.77005,1.00,1.00
2017.12.01 12:37:42.199,0.77,0.77007,1.00,1.31
2017.12.01 12:37:42.482,0.77,0.77005,1.00,1.00
2017.12.01 12:37:44.990,0.77,0.77007,1.19,1.12
2017.12.01 12:37:45.551,0.77002,0.77007,1.00,1.00
2017.12.01 12:37:45.602,0.77002,0.77009,1.00,1.69
2017.12.01 12:37:47.763,0.77002,0.77008,1.00,1.13
2017.12.01 12:37:48.750,0.77002,0.77007,1.00,1.00
2017.12.01 12:37:49.584,0.77003,0.77011,1.69,1.69
2017.12.01 12:37:49.635,0.77005,0.77011,1.00,1.69
2017.12.01 12:37:50.171,0.77005,0.7701,1.00,1.00
2017.12.01 12:37:50.853,0.77005,0.77011,1.00,1.69
2017.12.01 12:37:52.924,0.77003,0.77011,1.25,1.69
2017.12.01 12:37:56.167,0.77002,0.77007,1.00,1.00
2017.12.01 12:37:57.476,0.77,0.77007,1.00,1.88
2017.12.01 12:37:58.229,0.77,0.77006,1.00,1.44
2017.12.01 12:37:58.332,0.76998,0.77005,1.50,1.00
2017.12.01 12:37:58.384,0.76999,0.77008,1.25,1.69
2017.12.01 12:37:58.949,0.77,0.77009,1.50,3.00
2017.12.01 12:37:59.458,0.77,0.77009,1.25,2.63
2017.12.01 12:37:59.660,0.76999,0.77005,1.00,1.00
2017.12.01 12:38:01.223,0.76999,0.77007,1.31,1.50
2017.12.01 12:38:01.275,0.77001,0.77007,1.25,1.00
2017.12.01 12:38:01.631,0.77003,0.7701,1.00,1.50
2017.12.01 12:38:01.733,0.77003,0.77011,1.00,1.13
2017.12.01 12:38:02.054,0.77003,0.77009,1.00,1.00
2017.12.01 12:38:02.916,0.77003,0.77011,1.00,1.88
2017.12.01 12:38:03.937,0.77003,0.77012,1.50,2.81
2017.12.01 12:38:07.411,0.77003,0.77009,1.00,1.25
2017.12.01 12:38:08.213,0.77003,0.77007,1.00,1.00
2017.12.01 12:38:08.644,0.77001,0.77007,1.00,1.00
2017.12.01 12:38:09.071,0.76999,0.77005,1.00,1.50
2017.12.01 12:38:09.328,0.76999,0.77007,1.25,1.25
2017.12.01 12:38:09.481,0.77001,0.77007,1.00,1.25
2017.12.01 12:38:09.710,0.77001,0.77009,1.25,2.81
2017.12.01 12:38:11.816,0.77001,0.77009,1.88,1.00
2017.12.01 12:38:12.324,0.77003,0.77009,1.00,1.00
2017.12.01 12:38:12.788,0.77003,0.77011,1.88,1.50
2017.12.01 12:38:14.626,0.77004,0.77011,1.88,1.00
2017.12.01 12:38:15.199,0.77004,0.77011,2.06,1.00
2017.12.01 12:38:15.722,0.77004,0.77011,1.87,1.00
2017.12.01 12:38:16.026,0.77006,0.77013,1.00,1.50
2017.12.01 12:38:17.958,0.77006,0.77012,1.00,1.00
2017.12.01 12:38:18.484,0.77006,0.77011,1.00,1.25
2017.12.01 12:38:18.948,0.77004,0.77011,1.00,1.50
2017.12.01 12:38:19.925,0.77004,0.7701,1.00,1.69
2017.12.01 12:38:20.903,0.77002,0.77008,1.00,1.00
2017.12.01 12:38:22.688,0.77002,0.77009,1.00,1.69
2017.12.01 12:38:30.735,0.77004,0.77011,1.00,1.25
2017.12.01 12:38:31.857,0.77004,0.77013,1.25,2.63
2017.12.01 12:38:32.214,0.77006,0.77013,1.00,1.44
2017.12.01 12:38:33.388,0.77004,0.77011,1.00,1.50
2017.12.01 12:38:35.595,0.77004,0.77012,1.00,3.19
2017.12.01 12:38:37.210,0.77004,0.77011,1.00,1.00
2017.12.01 12:38:37.616,0.77004,0.77009,1.00,1.00
2017.12.01 12:38:38.189,0.77004,0.7701,1.00,2.63
2017.12.01 12:38:50.522,0.77004,0.77009,1.00,1.00
2017.12.01 12:38:53.174,0.77004,0.77011,1.00,1.50
2017.12.01 12:38:54.522,0.77004,0.77011,1.50,1.00
2017.12.01 12:38:57.969,0.77006,0.77013,1.00,2.06
2017.12.01 12:38:58.679,0.77006,0.77014,1.00,1.13
2017.12.01 12:38:59.245,0.77006,0.77015,1.50,1.25
2017.12.01 12:38:59.554,0.77008,0.77015,1.00,1.25
2017.12.01 12:39:00.112,0.77008,0.77016,1.00,1.69
2017.12.01 12:39:01.267,0.77008,0.77015,1.00,1.00
2017.12.01 12:39:01.783,0.77008,0.77014,1.00,1.50
2017.12.01 12:39:02.296,0.77006,0.77014,1.00,2.25
2017.12.01 12:39:02.802,0.77006,0.77011,1.00,1.00
2017.12.01 12:39:02.955,0.77002,0.77009,1.00,1.00
2017.12.01 12:39:04.885,0.77002,0.7701,1.50,1.87
2017.12.01 12:39:04.987,0.77004,0.77012,1.00,3.19
2017.12.01 12:39:05.039,0.77004,0.77012,1.50,1.69
2017.12.01 12:39:08.456,0.77006,0.77012,1.00,1.00
2017.12.01 12:39:12.601,0.77006,0.77013,1.00,1.13
2017.12.01 12:39:16.621,0.77007,0.77013,1.00,1.00
2017.12.01 12:39:16.672,0.77008,0.77015,1.00,1.00
2017.12.01 12:39:20.526,0.77008,0.77014,1.00,1.00
2017.12.01 12:39:21.132,0.77009,0.77013,1.25,1.00
2017.12.01 12:39:21.194,0.77007,0.77011,1.50,1.00
2017.12.01 12:39:21.245,0.77007,0.77013,1.50,1.87
2017.12.01 12:39:21.398,0.77007,0.77015,1.69,1.00
2017.12.01 12:39:22.313,0.77007,0.77014,1.00,1.00
2017.12.01 12:39:22.848,0.77007,0.77014,1.00,1.44
2017.12.01 12:39:23.590,0.77007,0.77014,1.00,1.13
2017.12.01 12:39:24.307,0.77007,0.77013,1.00,1.00
2017.12.01 12:39:24.408,0.77007,0.77011,1.00,1.00
2017.12.01 12:39:24.511,0.77007,0.77013,1.00,1.69
2017.12.01 12:39:25.021,0.77007,0.77012,1.00,1.00
2017.12.01 12:39:25.143,0.77005,0.77012,1.00,1.00
2017.12.01 12:39:25.673,0.77005,0.77013,1.00,1.88
2017.12.01 12:39:25.725,0.77005,0.77011,1.00,1.00
2017.12.01 12:39:26.297,0.77003,0.77009,1.00,1.69
2017.12.01 12:39:27.468,0.77003,0.77011,1.25,1.69
2017.12.01 12:39:27.570,0.77005,0.77011,1.00,1.00
2017.12.01 12:39:28.100,0.77005,0.77013,1.50,2.44
2017.12.01 12:39:29.040,0.77005,0.77013,1.50,1.25
2017.12.01 12:39:30.960,0.77007,0.77013,1.00,1.00
2017.12.01 12:39:35.587,0.77007,0.77013,1.00,1.88
2017.12.01 12:39:36.122,0.77005,0.77012,1.00,1.13
2017.12.01 12:39:40.667,0.77005,0.77011,1.00,1.00
2017.12.01 12:39:43.162,0.77005,0.77012,1.00,1.88
2017.12.01 12:39:43.213,0.77005,0.77009,1.00,1.00
2017.12.01 12:39:43.600,0.77003,0.77009,1.00,1.00
2017.12.01 12:39:49.790,0.77003,0.77008,1.00,1.00
2017.12.01 12:39:49.906,0.77001,0.77008,1.00,1.13
2017.12.01 12:39:50.318,0.77001,0.77005,1.00,1.00
2017.12.01 12:39:51.524,0.76999,0.77005,1.00,1.00
2017.12.01 12:39:52.769,0.77002,0.77007,1.00,1.87
2017.12.01 12:39:52.873,0.77003,0.77011,1.50,1.00
2017.12.01 12:39:53.055,0.77006,0.77012,1.00,1.00
2017.12.01 12:39:53.107,0.77007,0.77014,1.00,1.50
2017.12.01 12:39:53.657,0.77008,0.77014,1.00,1.00
2017.12.01 12:39:54.886,0.77008,0.77016,1.00,1.25
2017.12.01 12:39:55.384,0.77008,0.77013,1.00,1.00
2017.12.01 12:39:56.493,0.77008,0.77015,1.00,2.81
2017.12.01 12:39:57.720,0.77008,0.77012,1.00,1.00
2017.12.01 12:39:58.173,0.77006,0.77012,1.50,1.00
2017.12.01 12:39:58.358,0.77006,0.77014,1.50,1.50
2017.12.01 12:39:59.465,0.77008,0.77016,1.50,1.50
2017.12.01 12:39:59.516,0.77009,0.77018,1.00,2.44
2017.12.01 12:40:00.003,0.7701,0.77016,1.00,1.00
2017.12.01 12:40:01.133,0.7701,0.77016,1.00,1.50
2017.12.01 12:40:01.367,0.77006,0.77013,1.00,1.25
2017.12.01 12:40:01.418,0.77006,0.77016,1.50,3.56
2017.12.01 12:40:01.623,0.77008,0.77017,1.00,2.06
2017.12.01 12:40:02.429,0.77008,0.77017,1.00,1.88
2017.12.01 12:40:02.826,0.7701,0.77019,1.00,3.38
2017.12.01 12:40:03.386,0.7701,0.77017,1.00,1.00
2017.12.01 12:40:03.888,0.7701,0.77019,1.00,1.88
2017.12.01 12:40:04.446,0.7701,0.77017,1.00,1.00
2017.12.01 12:40:06.376,0.7701,0.77019,1.88,1.25
2017.12.01 12:40:07.680,0.7701,0.77016,1.00,1.00
2017.12.01 12:40:08.039,0.77008,0.77016,1.50,1.50
2017.12.01 12:40:08.549,0.7701,0.77018,1.00,1.25
2017.12.01 12:40:09.731,0.7701,0.77017,1.00,1.00
2017.12.01 12:40:10.261,0.7701,0.77018,1.50,1.25
2017.12.01 12:40:10.569,0.77012,0.77019,1.00,1.88
2017.12.01 12:40:11.284,0.77012,0.77019,1.00,1.69
2017.12.01 12:40:11.849,0.77012,0.7702,1.00,1.69
2017.12.01 12:40:12.386,0.77012,0.77022,2.63,2.63
2017.12.01 12:40:13.534,0.77014,0.77022,1.00,2.63
2017.12.01 12:40:14.063,0.77015,0.77022,1.00,1.00
2017.12.01 12:40:14.902,0.77016,0.77024,1.00,1.50
2017.12.01 12:40:16.006,0.77014,0.77022,1.13,1.00
2017.12.01 12:40:17.149,0.77015,0.77022,1.25,1.00
2017.12.01 12:40:17.495,0.77017,0.77023,1.00,1.00
2017.12.01 12:40:18.462,0.77016,0.77023,1.25,1.00
2017.12.01 12:40:18.971,0.77017,0.77023,1.38,1.00
2017.12.01 12:40:19.324,0.77021,0.77025,1.00,1.00
2017.12.01 12:40:19.862,0.77022,0.77026,1.00,1.00
2017.12.01 12:40:19.964,0.77019,0.77025,2.06,1.00
2017.12.01 12:40:20.164,0.77018,0.77025,1.69,1.00
2017.12.01 12:40:20.835,0.77016,0.77025,1.50,1.00
2017.12.01 12:40:20.986,0.77015,0.77023,2.06,1.00
2017.12.01 12:40:22.657,0.77015,0.77023,1.69,1.00
2017.12.01 12:40:26.539,0.77015,0.77023,1.00,1.88
2017.12.01 12:40:26.954,0.77018,0.77023,1.50,1.00
2017.12.01 12:40:27.886,0.77019,0.77023,1.00,1.00
2017.12.01 12:40:27.988,0.7702,0.77025,2.63,1.00
2017.12.01 12:40:28.090,0.77022,0.77026,1.88,1.00
2017.12.01 12:40:28.666,0.77023,0.77027,1.00,1.00
2017.12.01 12:40:30.338,0.77025,0.77031,1.00,1.00
2017.12.01 12:40:30.840,0.77023,0.77028,1.31,1.00
2017.12.01 12:40:31.385,0.77023,0.77027,1.12,1.00
2017.12.01 12:40:32.215,0.77022,0.77027,2.06,1.00
2017.12.01 12:40:32.740,0.77023,0.77027,1.00,1.00
2017.12.01 12:40:33.621,0.77024,0.77028,1.25,1.00
2017.12.01 12:40:34.519,0.77023,0.77027,1.00,1.00
2017.12.01 12:40:35.197,0.77021,0.77027,1.25,1.00
2017.12.01 12:40:35.728,0.77022,0.77027,1.50,1.00
2017.12.01 12:40:36.673,0.77021,0.77027,1.00,1.00
2017.12.01 12:40:39.331,0.77021,0.77025,1.00,1.00
2017.12.01 12:40:39.878,0.7702,0.77025,1.69,1.00
2017.12.01 12:40:50.274,0.77019,0.77025,1.00,1.00
2017.12.01 12:40:50.861,0.77018,0.77025,2.81,1.00
2017.12.01 12:41:10.143,0.7702,0.77025,1.88,1.00
2017.12.01 12:41:12.660,0.77021,0.77025,1.00,1.00
2017.12.01 12:41:13.196,0.77022,0.77026,1.00,1.00
2017.12.01 12:41:14.043,0.77022,0.77027,1.44,1.00
2017.12.01 12:41:14.878,0.77022,0.77026,1.69,1.00
2017.12.01 12:41:15.430,0.77022,0.77027,1.88,1.00
2017.12.01 12:41:16.093,0.77022,0.77027,1.88,1.00
2017.12.01 12:41:16.632,0.77022,0.77027,1.88,1.00
2017.12.01 12:41:18.473,0.77023,0.77027,1.00,1.00
2017.12.01 12:41:20.618,0.77022,0.77027,1.31,1.00
2017.12.01 12:41:26.366,0.77023,0.77027,1.00,1.00
2017.12.01 12:41:28.017,0.77022,0.77027,1.13,1.00
2017.12.01 12:41:30.477,0.77023,0.77027,1.00,1.00
2017.12.01 12:41:31.034,0.77021,0.77027,1.63,1.00
2017.12.01 12:41:31.580,0.77021,0.77027,1.25,1.00
2017.12.01 12:41:32.093,0.77022,0.77027,1.69,1.00
2017.12.01 12:41:32.348,0.77024,0.77028,1.00,1.00
2017.12.01 12:41:32.862,0.77025,0.77029,1.25,1.00
2017.12.01 12:41:34.023,0.77024,0.77028,1.87,1.00
2017.12.01 12:41:41.339,0.77023,0.77027,2.25,1.00
2017.12.01 12:41:41.848,0.77022,0.77026,1.88,1.00
2017.12.01 12:41:44.623,0.77024,0.77028,1.31,1.00
2017.12.01 12:41:45.687,0.77024,0.7703,2.06,1.00
2017.12.01 12:41:46.316,0.77023,0.77027,2.06,1.00
2017.12.01 12:41:46.655,0.77027,0.77034,1.00,1.00
2017.12.01 12:41:47.027,0.77027,0.77036,1.44,3.37
2017.12.01 12:41:47.180,0.77026,0.77034,2.63,1.00
2017.12.01 12:41:47.438,0.77027,0.77036,1.50,2.06
2017.12.01 12:41:47.894,0.77024,0.77029,2.06,1.00
2017.12.01 12:41:47.997,0.77025,0.77033,1.69,1.00
2017.12.01 12:41:48.289,0.77026,0.7703,1.00,1.00
2017.12.01 12:41:48.341,0.77024,0.77031,1.88,1.00
2017.12.01 12:41:48.392,0.77024,0.77029,2.06,1.00
2017.12.01 12:41:49.103,0.77026,0.7703,1.00,1.00
2017.12.01 12:41:49.719,0.77025,0.77033,1.25,1.87
2017.12.01 12:41:49.820,0.77024,0.77029,2.44,1.00
2017.12.01 12:41:50.213,0.77025,0.77033,1.69,1.12
2017.12.01 12:41:50.264,0.77027,0.77033,1.00,1.12
2017.12.01 12:41:50.366,0.77025,0.77033,1.69,1.12
2017.12.01 12:41:50.468,0.77025,0.77031,1.25,1.00
2017.12.01 12:41:50.570,0.77026,0.77033,1.25,1.87
2017.12.01 12:41:50.622,0.77025,0.77031,1.44,1.00
2017.12.01 12:41:50.673,0.77025,0.77033,1.44,1.12
2017.12.01 12:41:50.724,0.77025,0.77031,1.44,1.00
2017.12.01 12:41:50.825,0.77025,0.77033,1.44,1.87
2017.12.01 12:41:51.411,0.77025,0.77033,1.13,1.12
2017.12.01 12:41:51.564,0.77027,0.77033,1.00,1.12
2017.12.01 12:41:52.395,0.77026,0.77033,1.50,1.12
2017.12.01 12:41:53.403,0.77026,0.77034,2.44,1.00
2017.12.01 12:41:53.926,0.77026,0.77033,1.69,1.00
2017.12.01 12:41:54.235,0.77033,0.77037,1.25,1.00
2017.12.01 12:41:54.601,0.77034,0.7704,1.50,1.00
2017.12.01 12:41:55.343,0.77034,0.7704,1.44,1.00
2017.12.01 12:41:56.480,0.77034,0.7704,1.25,1.00
2017.12.01 12:41:58.965,0.77033,0.7704,1.50,1.00
2017.12.01 12:41:59.477,0.77034,0.7704,1.25,1.00
2017.12.01 12:42:00.112,0.77034,0.7704,1.44,1.00
2017.12.01 12:42:00.163,0.77033,0.7704,1.50,1.00
2017.12.01 12:42:00.696,0.77034,0.7704,1.44,1.00
2017.12.01 12:42:01.988,0.77035,0.77042,1.25,1.00
2017.12.01 12:42:03.395,0.77034,0.77042,1.13,1.00
2017.12.01 12:42:05.483,0.77033,0.7704,2.81,1.00
2017.12.01 12:42:05.992,0.77034,0.7704,1.44,1.00
2017.12.01 12:42:06.508,0.77034,0.7704,1.69,1.00
2017.12.01 12:42:07.017,0.77035,0.7704,1.00,1.00
2017.12.01 12:42:08.520,0.77034,0.77042,1.12,1.00
2017.12.01 12:42:09.152,0.77035,0.77042,1.00,1.25
2017.12.01 12:42:09.203,0.77033,0.77042,3.56,1.25
2017.12.01 12:42:09.255,0.77033,0.7704,3.56,1.00
2017.12.01 12:42:09.800,0.77033,0.7704,3.75,1.00
2017.12.01 12:42:10.516,0.77034,0.77042,1.69,1.25
2017.12.01 12:42:11.366,0.77035,0.77042,1.00,1.00
2017.12.01 12:42:11.995,0.77035,0.7704,1.00,1.00
2017.12.01 12:42:13.140,0.77036,0.7704,1.00,1.00
2017.12.01 12:42:14.758,0.77035,0.7704,1.00,1.00
2017.12.01 12:42:15.393,0.77034,0.7704,1.50,1.00
2017.12.01 12:42:15.942,0.77035,0.7704,1.00,1.00
2017.12.01 12:42:16.507,0.77034,0.7704,1.00,1.00
2017.12.01 12:42:17.107,0.77033,0.7704,1.00,1.00
2017.12.01 12:42:17.555,0.77033,0.77038,1.00,1.00
2017.12.01 12:42:18.062,0.77034,0.77038,1.00,1.00
2017.12.01 12:42:18.671,0.77033,0.77038,1.00,1.00
2017.12.01 12:42:19.199,0.77032,0.77038,1.88,1.00
2017.12.01 12:42:25.659,0.77032,0.77036,1.00,1.00
2017.12.01 12:42:26.461,0.7703,0.77036,2.06,1.00
2017.12.01 12:42:26.851,0.7703,0.77034,1.50,1.00
2017.12.01 12:42:29.134,0.77029,0.77034,1.00,1.00
2017.12.01 12:42:29.286,0.77028,0.77037,2.44,1.50
2017.12.01 12:42:29.493,0.77028,0.77034,1.69,1.00
2017.12.01 12:42:30.121,0.77029,0.77034,1.00,1.00
2017.12.01 12:42:30.813,0.77028,0.77034,1.50,1.00
2017.12.01 12:42:31.892,0.77026,0.77034,1.25,1.00
2017.12.01 12:42:31.993,0.77026,0.77032,1.25,1.00
2017.12.01 12:42:32.297,0.77026,0.7703,1.00,1.00
2017.12.01 12:42:32.854,0.77025,0.77029,1.88,1.00
2017.12.01 12:42:33.378,0.77024,0.77028,1.25,1.00
2017.12.01 12:42:38.190,0.77022,0.77027,2.62,1.00
2017.12.01 12:42:38.752,0.77024,0.77028,1.00,1.00
2017.12.01 12:42:39.355,0.77023,0.77027,1.31,1.00
2017.12.01 12:42:40.505,0.77022,0.77027,1.25,1.00
2017.12.01 12:42:49.742,0.77023,0.77027,1.00,1.00
2017.12.01 12:42:50.048,0.77025,0.77029,1.00,1.00
2017.12.01 12:42:50.202,0.77023,0.77027,1.25,1.00
2017.12.01 12:42:50.783,0.77022,0.77027,1.25,1.00
2017.12.01 12:42:50.937,0.77021,0.77025,1.25,1.00
2017.12.01 12:42:51.243,0.7702,0.77025,2.06,1.00
2017.12.01 12:42:51.294,0.77023,0.77027,1.00,1.00
2017.12.01 12:42:52.998,0.77023,0.77027,1.00,1.00
2017.12.01 12:42:53.542,0.77022,0.77031,1.25,3.37
2017.12.01 12:42:53.696,0.77021,0.77029,1.00,1.50
2017.12.01 12:42:53.799,0.77019,0.77029,3.38,3.00
2017.12.01 12:42:54.772,0.77019,0.77029,2.44,3.38
2017.12.01 12:42:59.879,0.77019,0.77027,1.00,1.00
2017.12.01 12:43:00.576,0.77018,0.77027,1.13,2.25
2017.12.01 12:43:01.943,0.77017,0.77027,2.63,3.00
2017.12.01 12:43:01.995,0.77017,0.77025,1.69,1.00
2017.12.01 12:43:03.204,0.77015,0.77025,2.63,3.38
2017.12.01 12:43:03.460,0.77017,0.77025,1.25,1.50
2017.12.01 12:43:04.263,0.77016,0.77025,1.13,1.00
2017.12.01 12:43:06.875,0.77015,0.77025,2.44,2.81
2017.12.01 12:43:07.459,0.77016,0.77025,1.25,1.00
2017.12.01 12:43:08.028,0.77017,0.77025,1.00,1.00
2017.12.01 12:43:08.531,0.77017,0.77024,1.00,1.00
2017.12.01 12:43:10.365,0.77016,0.77024,1.31,1.00
2017.12.01 12:43:10.727,0.77015,0.77022,1.00,1.00
2017.12.01 12:43:10.778,0.77015,0.77024,1.50,2.06
2017.12.01 12:43:10.880,0.77014,0.77023,1.00,1.88
2017.12.01 12:43:11.419,0.77013,0.77022,1.88,1.69
2017.12.01 12:43:11.741,0.77013,0.7702,1.50,1.00
2017.12.01 12:43:11.792,0.77014,0.77023,1.44,2.25
2017.12.01 12:43:12.409,0.77014,0.77022,1.44,1.00
2017.12.01 12:43:12.953,0.77014,0.77022,1.25,1.00
2017.12.01 12:43:13.339,0.77013,0.7702,1.50,1.25
2017.12.01 12:43:13.390,0.77011,0.7702,1.25,2.44
2017.12.01 12:43:14.075,0.77012,0.7702,1.00,1.00
2017.12.01 12:43:14.439,0.77012,0.77018,1.00,1.00
2017.12.01 12:43:14.491,0.77012,0.7702,1.00,1.87
2017.12.01 12:43:17.033,0.77012,0.7702,1.88,1.87
2017.12.01 12:43:17.306,0.77011,0.77018,2.44,1.00
2017.12.01 12:43:17.846,0.77008,0.77016,1.69,1.00
2017.12.01 12:43:18.050,0.77007,0.77013,1.00,1.00
2017.12.01 12:43:18.152,0.77005,0.77013,1.00,1.00
2017.12.01 12:43:18.665,0.77005,0.77012,1.44,1.00
2017.12.01 12:43:19.360,0.77006,0.77013,1.31,1.00
2017.12.01 12:43:19.614,0.77007,0.77015,1.13,1.00
2017.12.01 12:43:20.146,0.77006,0.77015,1.69,1.50
2017.12.01 12:43:20.197,0.77006,0.77013,1.69,1.00
2017.12.01 12:43:20.702,0.77007,0.77013,1.00,1.00
2017.12.01 12:43:21.321,0.77006,0.77013,1.25,1.00
2017.12.01 12:43:22.315,0.77005,0.77011,1.31,1.00
2017.12.01 12:43:23.586,0.77007,0.77011,1.00,1.00
2017.12.01 12:43:23.687,0.77005,0.77013,1.13,1.00
2017.12.01 12:43:24.384,0.77004,0.77013,1.00,1.50
2017.12.01 12:43:25.053,0.77005,0.77013,1.00,1.00
2017.12.01 12:43:25.332,0.77007,0.77015,1.69,1.31
2017.12.01 12:43:25.841,0.77006,0.77013,1.00,1.00
2017.12.01 12:43:26.373,0.77005,0.77014,1.88,1.25
2017.12.01 12:43:26.503,0.77005,0.77014,1.69,1.00
2017.12.01 12:43:28.285,0.77005,0.77014,1.88,1.00
2017.12.01 12:43:28.514,0.77008,0.77016,1.00,1.00
2017.12.01 12:43:29.112,0.77007,0.77016,1.69,1.69
2017.12.01 12:43:29.216,0.77007,0.77014,1.50,1.00
2017.12.01 12:43:29.725,0.77006,0.77014,1.50,1.00
2017.12.01 12:43:31.513,0.77006,0.77016,2.63,3.94
2017.12.01 12:43:32.134,0.77006,0.77015,2.63,1.00
2017.12.01 12:43:33.001,0.77006,0.77016,2.44,4.69
2017.12.01 12:43:33.154,0.77008,0.77017,1.50,1.50
2017.12.01 12:43:33.775,0.77008,0.77017,1.69,1.69
2017.12.01 12:43:36.713,0.77008,0.77016,1.88,1.00
2017.12.01 12:43:37.061,0.77006,0.77014,1.69,1.25
2017.12.01 12:43:38.352,0.77007,0.77016,1.00,2.44
2017.12.01 12:43:38.902,0.77006,0.77015,2.44,1.25
2017.12.01 12:43:40.441,0.77007,0.77016,1.44,2.63
2017.12.01 12:43:40.796,0.77007,0.77014,1.13,1.00
2017.12.01 12:43:41.835,0.77007,0.77016,1.69,1.69
2017.12.01 12:43:43.487,0.77007,0.77015,1.00,1.00
2017.12.01 12:43:44.001,0.77006,0.77014,1.00,1.69
2017.12.01 12:43:44.822,0.77005,0.77014,2.25,2.44
2017.12.01 12:43:45.353,0.77004,0.77012,1.88,1.00
2017.12.01 12:43:47.346,0.77002,0.77009,1.00,1.00
2017.12.01 12:43:47.602,0.77003,0.77011,1.25,2.06
2017.12.01 12:43:56.028,0.77004,0.77012,2.63,1.00
2017.12.01 12:43:58.409,0.77004,0.77011,1.00,1.88
2017.12.01 12:43:58.460,0.77002,0.7701,1.69,1.19
2017.12.01 12:43:58.666,0.77,0.77007,1.25,1.50
2017.12.01 12:43:59.201,0.76999,0.77008,1.00,3.19
2017.12.01 12:43:59.729,0.76998,0.77007,2.63,1.25
2017.12.01 12:44:00.243,0.76999,0.77008,1.00,4.13
2017.12.01 12:44:01.012,0.76998,0.77007,2.63,1.25
2017.12.01 12:44:01.621,0.76998,0.77006,1.88,1.00
2017.12.01 12:44:03.857,0.76999,0.77006,1.25,1.50
2017.12.01 12:44:04.193,0.77001,0.77008,1.00,1.00
2017.12.01 12:44:04.853,0.77001,0.77009,1.00,1.25
2017.12.01 12:44:05.475,0.77002,0.77011,1.50,2.06
2017.12.01 12:44:06.008,0.77004,0.77011,1.00,1.25
2017.12.01 12:44:06.111,0.77005,0.77013,1.50,1.00
2017.12.01 12:44:06.704,0.77005,0.77012,1.00,1.50
2017.12.01 12:44:07.231,0.77003,0.77012,1.50,1.69
2017.12.01 12:44:07.747,0.77005,0.77012,1.00,1.00
2017.12.01 12:44:07.849,0.77003,0.77011,1.00,1.00
2017.12.01 12:44:08.384,0.77002,0.7701,1.88,1.00
2017.12.01 12:44:08.757,0.77005,0.77013,1.00,1.25
2017.12.01 12:44:11.181,0.77005,0.77012,1.00,1.88
2017.12.01 12:44:11.233,0.77003,0.77011,1.12,1.25
2017.12.01 12:44:11.428,0.77004,0.77013,1.50,1.87
2017.12.01 12:44:11.970,0.77005,0.77012,1.25,1.00
2017.12.01 12:44:12.536,0.77005,0.77013,1.00,1.50
2017.12.01 12:44:12.975,0.77004,0.77011,1.88,1.00
2017.12.01 12:44:13.026,0.77004,0.77013,1.88,1.00
2017.12.01 12:44:13.558,0.77004,0.77013,1.69,1.88
2017.12.01 12:44:13.610,0.77004,0.77011,1.00,1.50
2017.12.01 12:44:13.661,0.77002,0.77011,1.69,1.69
2017.12.01 12:44:14.210,0.77002,0.7701,1.69,1.00
2017.12.01 12:44:14.716,0.77002,0.77011,1.69,2.25
2017.12.01 12:44:15.295,0.77002,0.7701,1.00,1.25
2017.12.01 12:44:15.805,0.77002,0.77009,1.00,1.50
2017.12.01 12:44:16.009,0.76999,0.77007,2.63,1.00
2017.12.01 12:44:17.577,0.76998,0.77007,1.50,1.88
2017.12.01 12:44:17.679,0.76999,0.77007,1.44,1.00
2017.12.01 12:44:18.231,0.77,0.77008,1.25,1.25
2017.12.01 12:44:18.736,0.77,0.77009,1.69,1.31
2017.12.01 12:44:21.129,0.77001,0.77009,1.00,1.12
2017.12.01 12:44:22.063,0.77002,0.77009,1.25,1.00
2017.12.01 12:44:22.593,0.77003,0.7701,1.00,1.00
2017.12.01 12:44:23.233,0.77003,0.77012,1.00,3.19
2017.12.01 12:44:23.854,0.77002,0.7701,1.00,1.25
2017.12.01 12:44:25.720,0.77002,0.77011,1.50,1.25
2017.12.01 12:44:27.701,0.77002,0.77011,1.69,1.63
2017.12.01 12:44:28.220,0.77002,0.77009,1.00,1.00
2017.12.01 12:44:29.132,0.77002,0.7701,1.00,1.13
2017.12.01 12:44:30.835,0.77002,0.77011,1.88,1.25
2017.12.01 12:44:33.271,0.77002,0.77011,1.69,1.38
2017.12.01 12:44:34.108,0.77002,0.77011,2.44,1.25
2017.12.01 12:44:34.871,0.77002,0.77011,3.19,1.38
2017.12.01 12:44:36.303,0.77002,0.77011,2.44,1.25
2017.12.01 12:44:37.004,0.77002,0.77011,2.44,1.38
2017.12.01 12:44:37.951,0.77001,0.7701,2.81,1.88
2017.12.01 12:44:40.405,0.77,0.77009,2.25,1.00
2017.12.01 12:44:42.148,0.77,0.77008,1.50,1.00
2017.12.01 12:44:42.782,0.77,0.77007,1.00,1.44
2017.12.01 12:44:42.833,0.77,0.77009,2.25,2.63
2017.12.01 12:44:43.263,0.76998,0.77007,3.37,1.50
2017.12.01 12:44:43.805,0.76998,0.77006,2.62,1.44
2017.12.01 12:44:43.857,0.76998,0.77007,2.81,1.50
2017.12.01 12:44:44.460,0.76999,0.77006,1.00,1.00
2017.12.01 12:44:45.010,0.76998,0.77004,1.00,1.00
2017.12.01 12:44:45.522,0.76996,0.77004,1.44,1.00
2017.12.01 12:44:47.907,0.76998,0.77004,1.50,1.00
2017.12.01 12:44:48.444,0.76997,0.77005,1.69,1.88
2017.12.01 12:44:48.979,0.76996,0.77004,1.31,1.00
2017.12.01 12:44:49.498,0.76997,0.77004,1.00,1.00
2017.12.01 12:44:50.006,0.76996,0.77003,1.50,1.00
2017.12.01 12:44:50.512,0.76995,0.77003,1.00,1.13
2017.12.01 12:44:51.043,0.76995,0.77001,1.50,1.00
2017.12.01 12:44:51.550,0.76994,0.77001,1.69,1.00
2017.12.01 12:44:51.857,0.76996,0.77003,1.00,3.75
2017.12.01 12:44:52.531,0.76995,0.77002,1.25,1.00
2017.12.01 12:44:52.991,0.76993,0.76999,1.88,1.00
2017.12.01 12:44:53.078,0.76993,0.76999,1.25,1.00
2017.12.01 12:44:53.130,0.76994,0.77001,1.00,1.25
2017.12.01 12:44:53.181,0.76995,0.77003,1.00,2.81
2017.12.01 12:44:53.707,0.76995,0.77002,1.00,1.00
2017.12.01 12:44:54.239,0.76993,0.77,1.12,1.00
2017.12.01 12:44:54.291,0.76993,0.77002,1.00,2.63
2017.12.01 12:44:54.632,0.76994,0.77,1.00,1.50
2017.12.01 12:44:54.683,0.76995,0.77002,1.50,1.00
2017.12.01 12:44:54.734,0.76996,0.77004,1.00,1.25
2017.12.01 12:44:55.399,0.76994,0.77002,1.25,1.00
2017.12.01 12:44:55.705,0.76991,0.77,1.88,3.00
2017.12.01 12:44:56.317,0.76991,0.76999,1.00,1.25
2017.12.01 12:44:56.912,0.76991,0.77,1.50,3.19
2017.12.01 12:44:57.482,0.76991,0.76999,1.50,1.00
2017.12.01 12:44:57.988,0.76991,0.77,1.50,3.94
2017.12.01 12:44:58.710,0.76991,0.76999,1.00,1.00
2017.12.01 12:44:59.244,0.76992,0.77,1.25,1.50
2017.12.01 12:44:59.723,0.76994,0.77002,1.13,1.50
2017.12.01 12:45:00.291,0.76993,0.77001,1.25,1.69
2017.12.01 12:45:03.030,0.76993,0.77002,1.50,3.19
2017.12.01 12:45:03.565,0.76994,0.77002,1.00,1.50
2017.12.01 12:45:03.737,0.76995,0.77004,1.00,2.81
2017.12.01 12:45:04.242,0.76995,0.77004,1.25,3.00
2017.12.01 12:45:04.762,0.76995,0.77004,1.13,1.69
2017.12.01 12:45:06.275,0.76995,0.77004,1.88,1.69
2017.12.01 12:45:06.806,0.76995,0.77004,1.13,2.44
2017.12.01 12:45:09.370,0.76996,0.77004,1.00,1.25
2017.12.01 12:45:09.908,0.76997,0.77004,1.25,1.00
2017.12.01 12:45:10.624,0.76997,0.77006,1.25,4.13
2017.12.01 12:45:11.346,0.76998,0.77006,1.00,2.63
2017.12.01 12:45:12.906,0.76998,0.77006,1.50,1.25
2017.12.01 12:45:15.216,0.76996,0.77005,3.00,1.00
2017.12.01 12:45:16.109,0.76998,0.77005,1.50,1.00
2017.12.01 12:45:16.759,0.76998,0.77006,1.50,1.25
2017.12.01 12:45:16.811,0.76996,0.77004,2.06,1.00
2017.12.01 12:45:17.239,0.76994,0.77002,2.44,1.00
2017.12.01 12:45:18.357,0.76996,0.77004,1.69,1.00
2017.12.01 12:45:19.146,0.76997,0.77004,1.00,1.00
2017.12.01 12:45:20.787,0.76998,0.77004,1.00,1.00
2017.12.01 12:45:21.338,0.76997,0.77006,1.13,2.63
2017.12.01 12:45:21.878,0.76998,0.77005,1.00,1.25
2017.12.01 12:45:22.688,0.76998,0.77006,1.00,1.88
2017.12.01 12:45:23.656,0.76998,0.77005,1.00,1.00
2017.12.01 12:45:24.177,0.76998,0.77006,1.00,1.88
2017.12.01 12:45:24.414,0.76998,0.77004,1.00,1.00
2017.12.01 12:45:25.057,0.76997,0.77004,1.00,1.00
2017.12.01 12:45:25.579,0.76996,0.77004,1.25,1.00
2017.12.01 12:45:26.357,0.76997,0.77004,1.88,1.00
2017.12.01 12:45:26.570,0.76995,0.77003,1.00,1.00
2017.12.01 12:45:27.213,0.76994,0.77003,2.25,1.50
2017.12.01 12:45:27.891,0.76994,0.77002,1.50,1.00
2017.12.01 12:45:28.044,0.76992,0.77001,1.87,1.50
2017.12.01 12:45:30.362,0.76992,0.77,1.25,1.00
2017.12.01 12:45:30.910,0.76992,0.77001,1.87,1.50
2017.12.01 12:45:36.291,0.76992,0.77,1.00,1.00
2017.12.01 12:45:36.854,0.76991,0.77,1.87,1.50
2017.12.01 12:45:37.435,0.76992,0.77,1.25,1.00
2017.12.01 12:45:37.968,0.76992,0.76999,1.00,1.00
2017.12.01 12:45:38.589,0.76991,0.76999,1.25,1.00
2017.12.01 12:45:40.200,0.76994,0.76999,1.00,1.00
2017.12.01 12:45:40.251,0.76994,0.77001,1.50,1.00
2017.12.01 12:45:40.505,0.76994,0.77003,2.44,1.50
2017.12.01 12:45:41.031,0.76996,0.77003,1.00,1.50
2017.12.01 12:45:42.604,0.76997,0.77003,1.00,1.00
2017.12.01 12:45:42.707,0.76997,0.77006,1.25,2.62
2017.12.01 12:45:43.215,0.76998,0.77006,1.00,1.50
2017.12.01 12:45:43.896,0.76999,0.77006,1.00,1.50
2017.12.01 12:45:44.072,0.77001,0.77007,1.00,1.00
2017.12.01 12:45:44.649,0.77,0.77007,1.12,1.00
2017.12.01 12:45:45.155,0.77001,0.77007,1.00,1.00
2017.12.01 12:45:45.207,0.77001,0.77009,1.00,1.50
2017.12.01 12:45:45.815,0.76999,0.77008,2.44,1.00
2017.12.01 12:45:46.769,0.76999,0.77007,1.25,1.50
2017.12.01 12:45:48.301,0.76998,0.77007,1.25,2.25
2017.12.01 12:45:48.578,0.76997,0.77005,1.50,1.00
2017.12.01 12:45:49.304,0.76996,0.77004,1.25,1.50
2017.12.01 12:45:49.628,0.76995,0.77002,1.00,1.50
2017.12.01 12:45:50.603,0.76993,0.77002,1.69,2.44
2017.12.01 12:45:50.807,0.76995,0.77002,1.00,1.50
2017.12.01 12:45:51.668,0.76993,0.77002,1.12,2.25
2017.12.01 12:45:53.147,0.76994,0.77002,1.25,1.00
2017.12.01 12:45:56.033,0.76994,0.77001,1.25,1.00
2017.12.01 12:45:56.944,0.76993,0.77001,1.12,1.00
2017.12.01 12:46:00.262,0.76994,0.77001,1.25,1.00
2017.12.01 12:46:00.364,0.76995,0.77003,1.25,1.87
2017.12.01 12:46:00.467,0.76997,0.77003,1.00,1.87
2017.12.01 12:46:00.977,0.76996,0.77003,1.00,1.87
2017.12.01 12:46:01.789,0.76995,0.77003,1.25,1.87
2017.12.01 12:46:03.294,0.76996,0.77003,1.00,1.87
2017.12.01 12:46:08.013,0.76997,0.77005,1.00,1.50
2017.12.01 12:46:08.594,0.76996,0.77005,1.12,1.50
2017.12.01 12:46:09.200,0.76997,0.77005,1.00,1.50
2017.12.01 12:46:10.179,0.76996,0.77005,1.12,1.50
2017.12.01 12:46:10.697,0.76997,0.77005,1.25,1.50
2017.12.01 12:46:12.010,0.76996,0.77005,1.25,3.00
2017.12.01 12:46:13.007,0.76997,0.77005,1.00,2.25
2017.12.01 12:46:13.872,0.76998,0.77005,1.00,1.50
2017.12.01 12:46:16.643,0.76999,0.77007,1.00,1.87
2017.12.01 12:46:21.429,0.76998,0.77005,1.12,1.00
2017.12.01 12:46:22.451,0.76999,0.77005,1.00,1.00
2017.12.01 12:46:23.872,0.76998,0.77005,1.25,1.00
2017.12.01 12:46:24.386,0.76997,0.77005,1.87,1.00
2017.12.01 12:46:24.960,0.76997,0.77006,2.62,1.12
2017.12.01 12:46:25.464,0.76997,0.77005,1.69,1.00
2017.12.01 12:46:26.109,0.76995,0.77003,1.12,1.00
2017.12.01 12:46:26.634,0.76996,0.77003,1.00,1.00
2017.12.01 12:46:28.418,0.76995,0.77003,1.00,1.00
2017.12.01 12:46:28.927,0.76996,0.77003,1.00,1.00
2017.12.01 12:46:30.999,0.76997,0.77003,1.25,1.00
2017.12.01 12:46:31.523,0.76996,0.77003,1.25,1.00
2017.12.01 12:46:32.047,0.76995,0.77003,1.00,1.50
2017.12.01 12:46:32.578,0.76995,0.77001,1.00,1.00
2017.12.01 12:46:32.778,0.76995,0.77003,1.00,1.12
2017.12.01 12:46:33.280,0.76994,0.77003,1.87,1.12
2017.12.01 12:46:33.807,0.76994,0.77002,1.12,1.00
2017.12.01 12:46:35.792,0.76994,0.77001,1.25,1.00
2017.12.01 12:46:36.313,0.76993,0.77,1.25,1.00
2017.12.01 12:46:36.978,0.76993,0.76999,1.25,1.00
2017.12.01 12:46:37.080,0.76991,0.76999,1.00,1.00
2017.12.01 12:46:37.131,0.76993,0.76999,1.00,1.00
2017.12.01 12:46:39.508,0.76994,0.76999,1.00,1.00
2017.12.01 12:46:40.128,0.76993,0.76999,1.25,1.00
2017.12.01 12:46:41.505,0.76996,0.77,1.00,1.00
2017.12.01 12:46:41.607,0.76994,0.77001,1.25,1.00
2017.12.01 12:46:48.912,0.76997,0.77003,1.25,1.00
2017.12.01 12:46:49.576,0.76997,0.77004,1.25,1.00
2017.12.01 12:46:50.445,0.76997,0.77003,1.25,1.00
2017.12.01 12:46:54.158,0.76996,0.77003,1.25,1.00
2017.12.01 12:46:54.361,0.76994,0.77003,1.50,1.50
2017.12.01 12:46:54.413,0.76993,0.77001,1.31,1.00
2017.12.01 12:46:59.559,0.76991,0.76999,1.69,1.50
2017.12.01 12:47:00.022,0.7699,0.76997,1.25,1.00
2017.12.01 12:47:00.544,0.76989,0.76997,1.00,1.50
2017.12.01 12:47:05.623,0.76989,0.76995,1.69,1.00
2017.12.01 12:47:06.193,0.76989,0.76997,1.69,1.00
2017.12.01 12:47:06.421,0.76992,0.76997,1.00,1.00
2017.12.01 12:47:06.612,0.76992,0.76999,1.25,1.00
2017.12.01 12:47:07.029,0.76993,0.76999,1.31,1.00
2017.12.01 12:47:07.757,0.76993,0.76999,1.31,1.00
2017.12.01 12:47:12.540,0.76993,0.77001,2.06,1.00
2017.12.01 12:47:17.352,0.76995,0.77001,1.25,1.00
2017.12.01 12:47:17.668,0.76996,0.77003,1.00,1.50
2017.12.01 12:47:18.259,0.76995,0.77003,2.25,1.50
2017.12.01 12:47:18.817,0.76997,0.77003,1.00,1.50
2017.12.01 12:47:19.637,0.76996,0.77003,1.00,1.00
2017.12.01 12:47:20.725,0.76996,0.77003,2.06,1.00
2017.12.01 12:47:24.855,0.76998,0.77003,1.50,1.00
2017.12.01 12:47:24.957,0.76999,0.77005,1.25,1.00
2017.12.01 12:47:25.478,0.77,0.77005,1.00,1.00
2017.12.01 12:47:26.768,0.77001,0.77005,1.00,1.00
2017.12.01 12:47:27.896,0.77,0.77005,1.25,1.00
2017.12.01 12:47:28.546,0.76999,0.77005,1.88,1.00
2017.12.01 12:47:29.520,0.77,0.77005,1.00,1.00
2017.12.01 12:47:34.459,0.77001,0.77007,1.13,1.00
2017.12.01 12:47:35.001,0.77,0.77007,2.63,1.00
2017.12.01 12:47:35.482,0.77002,0.77007,1.00,1.00
2017.12.01 12:47:35.533,0.77,0.77007,1.25,1.00
2017.12.01 12:47:36.076,0.77001,0.77007,1.00,1.00
2017.12.01 12:47:36.626,0.77,0.77007,1.00,1.50
2017.12.01 12:47:40.345,0.76999,0.77007,1.88,1.00
2017.12.01 12:47:40.859,0.77,0.77007,1.00,1.00
2017.12.01 12:47:43.849,0.76999,0.77007,2.44,1.50
2017.12.01 12:47:44.949,0.77002,0.77007,1.00,1.00
2017.12.01 12:47:45.001,0.77001,0.77009,1.13,1.00
2017.12.01 12:47:46.187,0.76999,0.77007,1.50,1.00
2017.12.01 12:47:47.248,0.77,0.77007,1.31,1.00
2017.12.01 12:47:47.777,0.76999,0.77007,2.25,1.00
2017.12.01 12:47:48.702,0.77001,0.77007,1.00,1.00
2017.12.01 12:47:49.579,0.77001,0.77007,2.06,1.00
2017.12.01 12:47:51.041,0.77002,0.77009,1.25,1.00
2017.12.01 12:47:51.092,0.77006,0.77011,1.25,1.00
2017.12.01 12:47:51.550,0.77003,0.77011,1.88,1.00
2017.12.01 12:47:53.913,0.77005,0.77011,1.00,1.50
2017.12.01 12:47:54.473,0.77004,0.77011,1.87,1.50
2017.12.01 12:47:55.520,0.77005,0.77011,1.00,1.50
2017.12.01 12:47:56.047,0.77004,0.77011,1.88,1.50
2017.12.01 12:47:56.250,0.77005,0.77011,1.44,1.00
2017.12.01 12:47:57.193,0.77005,0.77011,1.25,1.00
2017.12.01 12:48:04.696,0.77003,0.7701,2.44,1.00
2017.12.01 12:48:06.697,0.77003,0.7701,2.06,1.00
2017.12.01 12:48:06.911,0.77002,0.7701,1.50,1.00
2017.12.01 12:48:07.664,0.77002,0.77009,1.25,1.00
2017.12.01 12:48:09.499,0.77003,0.77009,1.00,1.00
2017.12.01 12:48:10.446,0.77004,0.77009,1.25,1.00
2017.12.01 12:48:14.556,0.77004,0.77011,1.25,1.00
2017.12.01 12:48:20.698,0.77003,0.77011,1.50,1.00
2017.12.01 12:48:25.320,0.77001,0.7701,2.06,1.00
2017.12.01 12:48:26.378,0.77,0.77009,3.56,1.00
2017.12.01 12:48:26.896,0.77001,0.77009,1.13,1.00
2017.12.01 12:48:27.989,0.77002,0.77009,1.00,1.00
2017.12.01 12:48:33.389,0.77002,0.77009,1.31,1.00
2017.12.01 12:48:34.425,0.77004,0.77011,1.44,1.00
2017.12.01 12:48:34.477,0.77002,0.77009,2.06,1.00
2017.12.01 12:48:34.528,0.77,0.77009,2.25,1.69
2017.12.01 12:48:34.579,0.76999,0.77007,1.25,1.69
2017.12.01 12:48:35.103,0.77,0.77008,1.00,1.31
2017.12.01 12:48:40.211,0.76999,0.77008,1.25,1.69
2017.12.01 12:48:44.762,0.76998,0.77007,2.44,1.00
2017.12.01 12:48:45.528,0.76999,0.77008,1.00,2.25
2017.12.01 12:48:48.009,0.76998,0.77008,2.62,2.44
2017.12.01 12:48:48.467,0.76999,0.77006,1.00,1.00
2017.12.01 12:48:48.678,0.76996,0.77005,1.87,1.25
2017.12.01 12:48:48.937,0.76994,0.77004,2.62,2.44
2017.12.01 12:48:49.959,0.76994,0.77002,1.87,1.00
2017.12.01 12:48:51.724,0.76995,0.77002,1.00,1.00
2017.12.01 12:49:04.419,0.76996,0.77002,1.00,1.00
2017.12.01 12:49:06.809,0.76998,0.77004,1.00,1.00
2017.12.01 12:49:07.311,0.76998,0.77006,1.25,1.87
2017.12.01 12:49:08.038,0.76999,0.77006,1.00,1.50
2017.12.01 12:49:10.505,0.76998,0.77006,1.00,2.25
2017.12.01 12:49:11.036,0.76999,0.77006,1.69,1.50
2017.12.01 12:49:11.320,0.77,0.77008,1.69,2.25
2017.12.01 12:49:15.719,0.77001,0.77008,1.25,1.50
2017.12.01 12:49:17.118,0.77,0.77008,1.87,1.50
2017.12.01 12:49:21.241,0.77002,0.77008,1.00,1.50
2017.12.01 12:49:21.748,0.77003,0.77009,1.00,1.00
2017.12.01 12:49:22.290,0.77001,0.77009,1.12,1.00
2017.12.01 12:49:22.831,0.77002,0.77009,1.50,1.00
2017.12.01 12:49:23.582,0.77003,0.77009,1.00,1.00
2017.12.01 12:49:23.633,0.77005,0.77009,1.00,1.00
2017.12.01 12:49:23.684,0.77005,0.77011,1.00,1.00
2017.12.01 12:49:23.890,0.77003,0.77011,1.69,1.00
2017.12.01 12:49:24.432,0.77004,0.77011,1.00,1.00
2017.12.01 12:49:25.077,0.77005,0.77011,1.00,1.00
2017.12.01 12:49:25.201,0.77008,0.77012,1.50,1.00
2017.12.01 12:49:25.444,0.77005,0.7701,1.00,1.00
2017.12.01 12:49:25.948,0.77004,0.77012,2.44,1.00
2017.12.01 12:49:26.734,0.77005,0.77012,1.50,1.00
2017.12.01 12:49:27.649,0.77006,0.77012,1.00,1.00
2017.12.01 12:49:30.975,0.77004,0.77012,2.62,1.00
2017.12.01 12:49:31.180,0.77002,0.7701,1.25,1.00
2017.12.01 12:49:31.785,0.77004,0.7701,1.00,1.00
2017.12.01 12:49:33.273,0.77002,0.7701,1.25,1.50
2017.12.01 12:49:33.325,0.77004,0.77012,1.00,1.87
2017.12.01 12:49:33.697,0.77003,0.7701,1.12,1.00
2017.12.01 12:49:34.376,0.77002,0.7701,1.87,1.00
2017.12.01 12:49:37.968,0.77002,0.7701,1.87,1.00
2017.12.01 12:49:41.264,0.77003,0.7701,1.44,1.00
2017.12.01 12:49:41.315,0.77004,0.77012,1.25,1.00
2017.12.01 12:49:42.677,0.77004,0.77013,1.25,1.12
2017.12.01 12:49:47.206,0.77005,0.77013,1.00,1.12
2017.12.01 12:49:47.786,0.77004,0.77013,1.12,1.12
2017.12.01 12:49:47.991,0.77007,0.77014,1.87,1.00
2017.12.01 12:49:48.966,0.7701,0.77016,1.00,1.00
2017.12.01 12:49:49.539,0.77009,0.77016,1.25,1.00
2017.12.01 12:49:51.277,0.77008,0.77016,1.00,1.00
2017.12.01 12:49:51.827,0.77009,0.77016,1.00,1.00
2017.12.01 12:49:52.700,0.7701,0.77016,1.00,1.00
2017.12.01 12:49:53.850,0.77011,0.77016,1.00,1.00
2017.12.01 12:49:54.386,0.77011,0.77017,1.00,1.50
2017.12.01 12:49:55.237,0.77012,0.77017,1.00,1.00
2017.12.01 12:49:55.535,0.77013,0.77019,1.50,1.00
2017.12.01 12:49:56.097,0.77014,0.77019,1.00,1.00
2017.12.01 12:49:57.905,0.77016,0.7702,1.00,1.00
2017.12.01 12:50:01.130,0.77014,0.77019,1.00,1.00
2017.12.01 12:50:01.647,0.77015,0.77019,1.00,1.00
2017.12.01 12:50:02.148,0.77016,0.7702,1.00,1.00
2017.12.01 12:50:02.334,0.77018,0.77022,1.00,1.00
2017.12.01 12:50:03.453,0.77016,0.7702,1.25,1.00
2017.12.01 12:50:03.504,0.77018,0.77022,1.00,1.00
2017.12.01 12:50:04.630,0.77017,0.77021,1.00,1.00
2017.12.01 12:50:06.413,0.7702,0.77024,1.00,1.00
2017.12.01 12:50:06.667,0.77018,0.77022,1.00,1.00
2017.12.01 12:50:07.404,0.7702,0.77024,1.00,1.00
2017.12.01 12:50:07.455,0.77018,0.77023,5.25,1.00
2017.12.01 12:50:07.972,0.7702,0.77024,1.69,1.00
2017.12.01 12:50:08.023,0.77019,0.77024,1.69,1.00
2017.12.01 12:50:08.125,0.77022,0.77026,1.00,1.00
2017.12.01 12:50:08.735,0.77023,0.77027,1.00,1.00
2017.12.01 12:50:11.577,0.77025,0.77029,1.00,1.00
2017.12.01 12:50:11.934,0.77026,0.7703,1.00,1.00
2017.12.01 12:50:11.985,0.77026,0.77032,1.00,1.00
2017.12.01 12:50:12.318,0.77028,0.77032,1.00,1.00
2017.12.01 12:50:12.923,0.77027,0.77032,1.00,1.00
2017.12.01 12:50:13.247,0.77028,0.77032,1.00,1.00
2017.12.01 12:50:13.299,0.77027,0.77033,1.00,1.50
2017.12.01 12:50:13.350,0.77028,0.77032,1.00,1.00
2017.12.01 12:50:13.851,0.77029,0.77033,1.00,1.50
2017.12.01 12:50:14.055,0.77028,0.77032,1.50,1.00
2017.12.01 12:50:14.460,0.7703,0.77034,1.00,1.00
2017.12.01 12:50:14.998,0.77028,0.77032,1.50,1.00
2017.12.01 12:50:15.049,0.7703,0.77034,1.00,1.00
2017.12.01 12:50:15.243,0.77028,0.77032,1.00,1.00
2017.12.01 12:50:15.294,0.7703,0.77034,1.00,1.00
2017.12.01 12:50:16.023,0.77029,0.77033,1.00,1.00
2017.12.01 12:50:17.043,0.7703,0.77034,1.00,1.00
2017.12.01 12:50:17.163,0.77031,0.77038,1.00,3.19
2017.12.01 12:50:17.215,0.7703,0.77034,1.00,1.00
2017.12.01 12:50:18.078,0.77029,0.77034,4.69,1.00
2017.12.01 12:50:18.130,0.77032,0.77036,1.00,1.00
2017.12.01 12:50:18.181,0.7703,0.77034,1.50,1.00
2017.12.01 12:50:18.954,0.77031,0.77035,1.00,1.00
2017.12.01 12:50:19.109,0.7703,0.77034,1.00,1.00
2017.12.01 12:50:19.420,0.77029,0.77034,1.50,1.00
2017.12.01 12:50:19.472,0.7703,0.77034,1.00,1.00
2017.12.01 12:50:19.778,0.77029,0.77036,2.44,1.00
2017.12.01 12:50:19.881,0.77031,0.77036,1.00,1.00
2017.12.01 12:50:20.266,0.77034,0.77038,1.00,1.00
2017.12.01 12:50:20.317,0.77032,0.77036,1.00,1.00
2017.12.01 12:50:20.369,0.77031,0.77035,1.00,1.00
2017.12.01 12:50:20.893,0.77032,0.77036,1.00,1.00
2017.12.01 12:50:20.994,0.7703,0.77034,1.50,1.00
2017.12.01 12:50:21.576,0.77032,0.77036,1.00,1.00
2017.12.01 12:50:21.779,0.77032,0.77036,1.00,1.00
2017.12.01 12:50:28.255,0.7703,0.77035,1.12,1.00
2017.12.01 12:50:28.459,0.77029,0.77034,1.50,1.00
2017.12.01 12:50:30.452,0.77032,0.77036,1.00,1.00
2017.12.01 12:50:31.245,0.77033,0.77037,1.00,1.00
2017.12.01 12:50:31.795,0.77032,0.77036,1.00,1.00
2017.12.01 12:50:32.623,0.77033,0.77037,1.00,1.00
2017.12.01 12:50:34.227,0.77034,0.77038,1.00,1.00
2017.12.01 12:50:34.680,0.77034,0.77038,1.00,1.00
2017.12.01 12:50:35.222,0.77035,0.77039,1.00,1.00
2017.12.01 12:50:35.596,0.77036,0.7704,1.00,1.00
2017.12.01 12:50:36.224,0.77037,0.77041,1.00,1.00
2017.12.01 12:50:36.777,0.77038,0.77042,1.00,1.00
2017.12.01 12:50:37.189,0.77038,0.77042,1.25,1.00
2017.12.01 12:50:37.403,0.77035,0.77039,1.50,1.00
2017.12.01 12:50:37.812,0.77033,0.7704,1.50,1.00
2017.12.01 12:50:38.146,0.77033,0.77037,1.50,1.00
2017.12.01 12:50:39.825,0.77034,0.77038,1.00,1.00
2017.12.01 12:50:40.170,0.77032,0.77037,1.25,1.00
2017.12.01 12:50:40.677,0.77031,0.77037,1.69,1.00
2017.12.01 12:50:41.792,0.77032,0.77037,1.00,1.00
2017.12.01 12:50:42.355,0.77033,0.77037,1.00,1.00
2017.12.01 12:50:43.577,0.77031,0.77037,1.00,1.00
2017.12.01 12:50:43.628,0.77031,0.77035,1.00,1.00
2017.12.01 12:50:43.932,0.77033,0.77037,1.00,1.00
2017.12.01 12:50:44.831,0.7703,0.77034,1.87,1.00
2017.12.01 12:50:44.933,0.77033,0.77037,1.00,1.00
2017.12.01 12:50:44.984,0.77031,0.77035,1.00,1.00
2017.12.01 12:50:45.515,0.77032,0.77036,1.00,1.00
2017.12.01 12:50:45.839,0.7703,0.77035,2.81,1.00
2017.12.01 12:50:46.093,0.77032,0.77036,1.00,1.00
2017.12.01 12:50:47.354,0.77034,0.77038,1.00,1.00
2017.12.01 12:50:48.101,0.77034,0.77038,1.00,1.00
2017.12.01 12:50:48.561,0.77031,0.77036,1.69,1.00
2017.12.01 12:50:48.612,0.77032,0.77036,1.00,1.00
2017.12.01 12:50:48.917,0.7703,0.77034,1.69,1.00
2017.12.01 12:50:48.991,0.77032,0.77036,1.00,1.00
2017.12.01 12:50:49.093,0.7703,0.77034,1.69,1.00
2017.12.01 12:50:49.448,0.77032,0.77036,1.00,1.00
2017.12.01 12:50:49.647,0.7703,0.77034,1.00,1.00
2017.12.01 12:50:49.702,0.77028,0.77032,1.69,1.00
2017.12.01 12:50:50.162,0.7703,0.77034,1.50,1.00
2017.12.01 12:50:53.344,0.77028,0.77034,2.44,1.00
2017.12.01 12:50:53.396,0.77028,0.77032,1.00,1.00
2017.12.01 12:50:54.043,0.77026,0.77032,2.44,1.00
2017.12.01 12:50:54.432,0.77028,0.77032,1.00,1.00
2017.12.01 12:50:54.988,0.77028,0.77032,1.00,1.00
2017.12.01 12:51:00.581,0.77028,0.77032,1.50,1.00
2017.12.01 12:51:01.388,0.77025,0.7703,1.12,1.00
2017.12.01 12:51:01.439,0.77025,0.77033,1.12,1.00
2017.12.01 12:51:01.490,0.77025,0.77029,1.12,1.00
2017.12.01 12:51:01.643,0.77024,0.77031,1.69,1.00
2017.12.01 12:51:01.745,0.77025,0.77029,1.50,1.00
2017.12.01 12:51:02.063,0.77029,0.77033,1.00,1.00
2017.12.01 12:51:02.994,0.77027,0.77031,1.87,1.00
2017.12.01 12:51:03.518,0.77028,0.77032,1.00,1.00
2017.12.01 12:51:03.628,0.7703,0.77034,1.00,1.00
2017.12.01 12:51:03.680,0.77028,0.77032,1.00,1.00
2017.12.01 12:51:04.474,0.77028,0.77033,1.00,1.00
2017.12.01 12:51:06.608,0.77028,0.77032,1.00,1.00
2017.12.01 12:51:07.125,0.77029,0.77033,1.00,1.00
2017.12.01 12:51:08.313,0.77028,0.77032,1.25,1.00
2017.12.01 12:51:08.882,0.77027,0.77032,2.62,1.00
2017.12.01 12:51:09.085,0.77029,0.77033,1.00,1.00
2017.12.01 12:51:09.568,0.77031,0.77035,1.00,1.00
2017.12.01 12:51:10.080,0.77031,0.77035,1.00,1.00
2017.12.01 12:51:10.597,0.77032,0.77036,1.00,1.00
2017.12.01 12:51:10.903,0.77031,0.77035,1.00,1.00
2017.12.01 12:51:11.491,0.7703,0.77035,2.62,1.00
2017.12.01 12:51:12.385,0.7703,0.77034,1.50,1.00
2017.12.01 12:51:12.487,0.77028,0.77033,1.00,1.00
2017.12.01 12:51:12.993,0.77029,0.77033,1.50,1.00
2017.12.01 12:51:13.494,0.77028,0.77033,1.25,1.00
2017.12.01 12:51:14.052,0.77028,0.77032,1.25,1.00
2017.12.01 12:51:14.706,0.77027,0.77032,2.06,1.00
2017.12.01 12:51:15.033,0.77029,0.77033,1.50,1.00
2017.12.01 12:51:15.542,0.77028,0.77032,1.50,1.00
2017.12.01 12:51:16.220,0.77029,0.77033,1.00,1.00
2017.12.01 12:51:16.783,0.7703,0.77034,1.50,1.00
2017.12.01 12:51:17.026,0.7703,0.77034,1.50,1.00
2017.12.01 12:51:18.725,0.77029,0.77034,1.00,1.00
2017.12.01 12:51:18.777,0.77029,0.77036,2.25,1.00
2017.12.01 12:51:19.028,0.7703,0.77034,1.00,1.00
2017.12.01 12:51:19.079,0.77026,0.77033,1.25,1.00
2017.12.01 12:51:19.130,0.77026,0.7703,1.25,1.00
2017.12.01 12:51:19.181,0.77026,0.77033,1.25,1.00
2017.12.01 12:51:19.643,0.77028,0.77033,1.00,1.00
2017.12.01 12:51:19.694,0.77028,0.77036,1.00,1.00
2017.12.01 12:51:19.846,0.77029,0.77033,1.50,1.00
2017.12.01 12:51:22.205,0.77026,0.77031,1.87,1.00
2017.12.01 12:51:22.697,0.77026,0.7703,1.00,1.00
2017.12.01 12:51:22.748,0.77026,0.77031,1.00,1.00
2017.12.01 12:51:22.804,0.77026,0.77033,1.00,1.69
2017.12.01 12:51:22.855,0.77026,0.7703,1.00,1.00
2017.12.01 12:51:22.975,0.77026,0.77032,1.00,1.00
2017.12.01 12:51:23.026,0.77023,0.77027,1.25,1.00
2017.12.01 12:51:24.383,0.77025,0.77029,1.00,1.00
2017.12.01 12:51:24.503,0.77025,0.7703,1.69,1.00
2017.12.01 12:51:24.554,0.77025,0.77029,1.69,1.00
2017.12.01 12:51:25.263,0.77025,0.77029,1.00,1.00
2017.12.01 12:51:25.314,0.77025,0.77032,1.00,1.00
2017.12.01 12:51:25.794,0.77027,0.77032,1.00,1.00
2017.12.01 12:51:25.963,0.77027,0.77034,1.50,1.00
2017.12.01 12:51:26.014,0.77027,0.77032,2.25,1.00
2017.12.01 12:51:27.323,0.77028,0.77032,1.00,1.00
2017.12.01 12:51:27.628,0.77031,0.77035,1.00,1.00
2017.12.01 12:51:27.933,0.77029,0.77035,1.00,1.00
2017.12.01 12:51:28.103,0.77026,0.77031,3.19,1.00
2017.12.01 12:51:28.155,0.77026,0.77033,1.25,1.00
2017.12.01 12:51:28.460,0.77026,0.7703,1.25,1.00
2017.12.01 12:51:29.003,0.77028,0.77032,1.69,1.00
2017.12.01 12:51:29.267,0.77028,0.77032,1.69,1.00
2017.12.01 12:51:29.865,0.77029,0.77033,1.00,1.00
2017.12.01 12:51:31.865,0.77028,0.77032,1.00,1.00
2017.12.01 12:51:32.435,0.77027,0.77032,1.69,1.00
2017.12.01 12:51:33.075,0.77028,0.77032,1.00,1.00
2017.12.01 12:51:33.443,0.7703,0.77034,1.00,1.00
2017.12.01 12:51:33.982,0.77029,0.77033,1.25,1.00
2017.12.01 12:51:36.384,0.7703,0.77034,1.00,1.00
2017.12.01 12:51:36.926,0.77031,0.77035,1.00,1.00
2017.12.01 12:51:37.027,0.7703,0.77034,2.44,1.00
2017.12.01 12:51:37.477,0.7703,0.77034,1.00,1.00
2017.12.01 12:51:38.847,0.77031,0.77035,1.00,1.00
2017.12.01 12:51:39.389,0.77032,0.77036,1.00,1.00
2017.12.01 12:51:40.447,0.77028,0.77035,1.00,1.00
2017.12.01 12:51:40.498,0.77028,0.77032,1.00,1.00
2017.12.01 12:51:41.087,0.77029,0.77033,1.00,1.00
2017.12.01 12:51:41.525,0.77026,0.77032,1.31,1.00
2017.12.01 12:51:41.576,0.77025,0.77029,1.25,1.00
2017.12.01 12:51:41.882,0.77025,0.77033,1.25,1.00
2017.12.01 12:51:41.984,0.77025,0.7703,1.25,1.00
2017.12.01 12:51:42.555,0.77026,0.7703,1.00,1.00
2017.12.01 12:51:46.494,0.77026,0.77035,1.25,1.12
2017.12.01 12:51:46.545,0.77026,0.77032,1.25,1.00
2017.12.01 12:51:51.669,0.77025,0.77029,1.00,1.00
2017.12.01 12:51:53.296,0.77024,0.77028,2.44,1.00
2017.12.01 12:51:55.019,0.77023,0.77027,1.69,1.00
2017.12.01 12:52:06.266,0.7702,0.77025,3.56,1.00
2017.12.01 12:52:06.318,0.7702,0.77024,1.00,1.00
2017.12.01 12:52:06.369,0.77017,0.77023,1.00,1.50
2017.12.01 12:52:06.471,0.77015,0.77021,1.00,1.00
2017.12.01 12:52:07.223,0.77016,0.77021,1.25,1.00
2017.12.01 12:52:07.527,0.77018,0.77022,1.00,1.00
2017.12.01 12:52:09.119,0.77017,0.77021,1.69,1.00
2017.12.01 12:52:09.829,0.77018,0.77022,1.00,1.00
2017.12.01 12:52:10.421,0.77017,0.77021,1.25,1.00
2017.12.01 12:52:11.114,0.77016,0.77021,1.00,1.00
2017.12.01 12:52:11.693,0.77014,0.77021,1.87,1.00
2017.12.01 12:52:15.495,0.77015,0.77021,1.25,1.00
2017.12.01 12:52:16.013,0.77016,0.77021,1.00,1.00
2017.12.01 12:52:17.141,0.77017,0.77021,1.00,1.00
2017.12.01 12:52:17.662,0.77018,0.77022,1.00,1.00
2017.12.01 12:52:19.143,0.77017,0.77021,1.00,1.00
2017.12.01 12:52:19.567,0.77015,0.77021,1.25,1.00
2017.12.01 12:52:20.985,0.77014,0.77021,1.00,1.00
2017.12.01 12:52:21.144,0.77011,0.77021,4.31,2.25
2017.12.01 12:52:22.190,0.77011,0.77019,2.81,1.00
2017.12.01 12:52:26.374,0.7701,0.77019,1.00,1.50
2017.12.01 12:52:30.883,0.77009,0.77019,2.44,1.50
2017.12.01 12:52:31.423,0.7701,0.77019,1.00,1.50
2017.12.01 12:52:32.072,0.77009,0.77019,2.62,1.50
2017.12.01 12:52:33.545,0.7701,0.77019,1.00,1.50
2017.12.01 12:52:33.930,0.77009,0.77017,1.00,1.69
2017.12.01 12:52:34.083,0.77006,0.77015,1.87,1.50
2017.12.01 12:52:34.338,0.77008,0.77015,1.25,1.00
2017.12.01 12:52:34.876,0.77008,0.77016,1.25,1.00
2017.12.01 12:52:35.772,0.77008,0.77017,1.50,1.69
2017.12.01 12:52:36.302,0.77007,0.77016,1.50,1.69
2017.12.01 12:52:37.120,0.77007,0.77015,1.12,1.00
2017.12.01 12:52:37.989,0.77008,0.77015,1.00,1.00
2017.12.01 12:52:39.781,0.7701,0.77015,1.00,1.00
2017.12.01 12:52:40.342,0.7701,0.77016,1.00,1.00
2017.12.01 12:52:42.687,0.77009,0.77016,1.00,1.00
2017.12.01 12:52:43.305,0.77008,0.77016,1.69,1.00
2017.12.01 12:52:44.031,0.77008,0.77015,1.50,1.00
2017.12.01 12:52:46.725,0.77009,0.77015,1.00,1.00
2017.12.01 12:52:48.899,0.77011,0.77015,1.00,1.00
2017.12.01 12:52:49.054,0.77011,0.77017,1.00,1.00
2017.12.01 12:52:49.603,0.7701,0.77017,1.50,1.00
2017.12.01 12:52:51.306,0.77008,0.77017,1.50,1.50
2017.12.01 12:52:51.647,0.7701,0.77017,1.00,1.00
2017.12.01 12:52:51.851,0.77008,0.77017,1.50,1.00
2017.12.01 12:52:52.105,0.7701,0.77017,1.00,1.00
2017.12.01 12:52:52.648,0.77008,0.77015,1.50,1.00
2017.12.01 12:52:53.154,0.77008,0.77015,1.00,1.00
2017.12.01 12:52:53.696,0.77007,0.77015,1.00,1.00
2017.12.01 12:52:54.243,0.77006,0.77015,1.69,1.50
2017.12.01 12:52:54.788,0.77006,0.77014,1.00,1.00
2017.12.01 12:52:55.323,0.77005,0.77014,2.25,1.00
2017.12.01 12:52:55.828,0.77006,0.77014,1.00,1.00
2017.12.01 12:52:57.339,0.77005,0.77014,1.87,1.50
2017.12.01 12:52:58.842,0.77005,0.77013,1.12,1.00
2017.12.01 12:52:59.399,0.77006,0.77013,1.00,1.00
2017.12.01 12:53:00.076,0.77007,0.77013,1.00,1.00
2017.12.01 12:53:01.047,0.77007,0.77015,1.25,1.00
2017.12.01 12:53:01.690,0.77008,0.77015,1.50,1.00
2017.12.01 12:53:03.308,0.7701,0.77015,1.00,1.00
2017.12.01 12:53:03.359,0.7701,0.77017,1.00,1.00
2017.12.01 12:53:03.946,0.77009,0.77017,1.50,1.00
2017.12.01 12:53:04.522,0.77008,0.77017,1.25,2.25
2017.12.01 12:53:04.651,0.77008,0.77015,1.25,1.00
2017.12.01 12:53:05.245,0.77007,0.77015,1.69,1.00
2017.12.01 12:53:05.891,0.77008,0.77015,1.00,1.00
2017.12.01 12:53:07.223,0.77007,0.77015,1.87,1.00
2017.12.01 12:53:08.185,0.77007,0.77015,2.06,1.00
2017.12.01 12:53:11.252,0.77007,0.77015,1.69,1.00
2017.12.01 12:53:11.558,0.77005,0.77013,1.31,1.00
2017.12.01 12:53:12.092,0.77006,0.77013,1.69,1.00
2017.12.01 12:53:13.351,0.77006,0.77013,1.44,1.00
2017.12.01 12:53:13.403,0.77006,0.77015,2.62,1.50
2017.12.01 12:53:14.013,0.77009,0.77015,1.25,1.00
2017.12.01 12:53:14.166,0.77009,0.77018,1.44,2.62
2017.12.01 12:53:17.180,0.77008,0.77016,2.25,1.00
2017.12.01 12:53:18.538,0.77007,0.77015,1.50,1.00
2017.12.01 12:53:18.849,0.7701,0.77018,1.00,1.87
2017.12.01 12:53:19.165,0.77011,0.77016,1.00,1.00
2017.12.01 12:53:20.075,0.77011,0.77018,1.00,1.50
2017.12.01 12:53:20.504,0.77009,0.77018,1.87,2.25
2017.12.01 12:53:21.029,0.7701,0.77018,1.00,1.50
2017.12.01 12:53:27.257,0.77009,0.77018,1.31,1.50
2017.12.01 12:53:27.953,0.7701,0.77018,1.00,1.50
2017.12.01 12:53:28.478,0.77009,0.77018,1.00,1.50
2017.12.01 12:53:29.047,0.7701,0.77018,1.00,1.69
2017.12.01 12:53:31.446,0.77008,0.77016,2.44,1.00
2017.12.01 12:53:31.498,0.77009,0.77018,1.00,2.44
2017.12.01 12:53:31.802,0.77011,0.77018,1.00,1.00
2017.12.01 12:53:34.536,0.77012,0.77018,1.00,1.00
2017.12.01 12:53:35.171,0.77011,0.77018,1.25,1.00
2017.12.01 12:53:36.383,0.77011,0.77018,2.06,1.00
2017.12.01 12:53:36.897,0.77013,0.77018,1.00,1.00
2017.12.01 12:53:37.442,0.77012,0.77018,1.12,1.00
2017.12.01 12:53:38.285,0.77013,0.77018,1.00,1.00
2017.12.01 12:53:38.636,0.77012,0.7702,1.25,1.50
2017.12.01 12:53:42.594,0.77013,0.7702,1.00,1.00
2017.12.01 12:53:42.791,0.77013,0.77022,1.00,2.81
2017.12.01 12:53:44.886,0.77012,0.77021,2.81,1.00
2017.12.01 12:53:45.763,0.77013,0.77022,1.00,2.81
2017.12.01 12:53:47.287,0.77012,0.77022,2.81,3.37
2017.12.01 12:53:47.540,0.77016,0.77022,1.00,2.62
2017.12.01 12:53:47.592,0.77013,0.77022,1.25,2.62
2017.12.01 12:53:47.796,0.77015,0.77022,1.00,2.62
2017.12.01 12:53:48.661,0.77012,0.77021,2.62,1.50
2017.12.01 12:53:48.764,0.7701,0.7702,1.69,2.44
2017.12.01 12:53:48.972,0.7701,0.77018,1.87,1.00
2017.12.01 12:53:49.343,0.77011,0.7702,1.50,1.69
2017.12.01 12:53:50.062,0.77012,0.7702,1.00,1.69
2017.12.01 12:53:50.113,0.77014,0.7702,1.00,1.50
2017.12.01 12:53:51.080,0.77013,0.7702,1.00,1.00
2017.12.01 12:53:52.294,0.77012,0.7702,2.62,1.00
2017.12.01 12:53:52.836,0.77013,0.77022,1.25,1.00
2017.12.01 12:53:54.101,0.77015,0.77022,1.87,1.00
2017.12.01 12:53:54.608,0.77016,0.77022,1.50,1.00
2017.12.01 12:53:56.128,0.77016,0.77024,1.00,1.00
2017.12.01 12:53:58.504,0.77018,0.77024,1.00,1.00
2017.12.01 12:54:05.628,0.77017,0.77021,2.06,1.00
2017.12.01 12:54:06.142,0.77016,0.77021,2.25,1.00
2017.12.01 12:54:06.763,0.77016,0.77021,1.00,1.00
2017.12.01 12:54:07.796,0.77015,0.77021,1.00,1.00
2017.12.01 12:54:08.177,0.77018,0.77022,1.00,1.00
2017.12.01 12:54:08.583,0.77016,0.77021,1.00,1.00
2017.12.01 12:54:11.304,0.77014,0.77021,1.12,1.00
2017.12.01 12:54:12.672,0.77013,0.77021,1.00,1.00
2017.12.01 12:54:12.723,0.77013,0.77019,1.50,1.00
2017.12.01 12:54:14.987,0.7701,0.77019,3.19,1.50
2017.12.01 12:54:15.038,0.77009,0.77017,2.00,1.00
2017.12.01 12:54:15.090,0.77009,0.77017,1.25,1.00
2017.12.01 12:54:16.147,0.77009,0.77017,1.44,1.00
2017.12.01 12:54:23.303,0.77011,0.77017,1.00,1.00
2017.12.01 12:54:23.922,0.7701,0.77017,1.87,1.00
2017.12.01 12:54:29.115,0.77011,0.77017,1.00,1.00
2017.12.01 12:54:29.868,0.7701,0.77017,1.69,1.00
2017.12.01 12:54:31.503,0.7701,0.77017,1.50,1.00
2017.12.01 12:54:31.555,0.77011,0.77019,1.00,1.50
2017.12.01 12:54:32.074,0.77012,0.77019,1.00,1.00
2017.12.01 12:54:32.593,0.77013,0.77019,1.00,1.00
2017.12.01 12:54:33.652,0.7701,0.77019,1.50,1.50
2017.12.01 12:54:34.157,0.77011,0.77019,1.00,1.50
2017.12.01 12:54:34.513,0.77013,0.77019,1.00,1.00
2017.12.01 12:54:35.033,0.77014,0.77019,1.00,1.00
2017.12.01 12:54:36.155,0.77015,0.77019,1.00,1.00
2017.12.01 12:54:37.210,0.77014,0.77019,1.87,1.00
2017.12.01 12:54:37.714,0.77015,0.77019,1.00,1.00
2017.12.01 12:54:40.075,0.77014,0.77019,1.87,1.00
2017.12.01 12:54:40.741,0.77015,0.77019,1.00,1.00
2017.12.01 12:54:41.406,0.77015,0.77021,1.00,1.00
2017.12.01 12:54:41.942,0.77016,0.77021,1.00,1.00
2017.12.01 12:54:48.327,0.77013,0.77021,2.62,1.00
2017.12.01 12:54:48.379,0.77015,0.77021,1.00,1.00
2017.12.01 12:54:49.196,0.77015,0.7702,1.00,1.00
2017.12.01 12:54:52.998,0.77016,0.7702,1.00,1.00
2017.12.01 12:54:54.390,0.77018,0.77022,1.50,1.00
2017.12.01 12:54:54.757,0.77021,0.77025,1.00,1.00
2017.12.01 12:54:54.961,0.77019,0.77023,1.12,1.00
2017.12.01 12:54:55.471,0.7702,0.77024,1.50,1.00
2017.12.01 12:54:55.818,0.77022,0.77026,1.69,1.00
2017.12.01 12:54:57.255,0.77023,0.77027,1.00,1.00
2017.12.01 12:55:00.079,0.77022,0.77026,1.87,1.00
2017.12.01 12:55:00.949,0.77025,0.77031,1.00,1.00
2017.12.01 12:55:01.001,0.77025,0.77029,1.50,1.00
2017.12.01 12:55:01.054,0.77025,0.77033,1.50,1.00
2017.12.01 12:55:02.277,0.77025,0.77032,1.00,1.00
2017.12.01 12:55:03.760,0.77027,0.77034,1.50,1.00
2017.12.01 12:55:03.811,0.77028,0.77036,1.00,1.00
2017.12.01 12:55:04.215,0.77028,0.77034,1.00,1.00
2017.12.01 12:55:05.373,0.77029,0.77034,1.00,1.00
2017.12.01 12:55:06.301,0.77031,0.77035,1.00,1.00
2017.12.01 12:55:06.352,0.77031,0.77036,1.00,1.00
2017.12.01 12:55:06.609,0.77031,0.77038,1.00,1.00
2017.12.01 12:55:06.660,0.77033,0.77038,1.00,1.00
2017.12.01 12:55:07.269,0.77031,0.77038,1.69,1.00
2017.12.01 12:55:07.415,0.77032,0.77041,1.00,1.50
2017.12.01 12:55:07.772,0.7703,0.77038,1.87,1.50
2017.12.01 12:55:08.079,0.77028,0.77035,1.25,1.00
2017.12.01 12:55:08.383,0.77031,0.77038,1.00,1.50
2017.12.01 12:55:09.861,0.77033,0.77038,1.00,1.00
2017.12.01 12:55:10.245,0.77034,0.7704,1.50,1.69
2017.12.01 12:55:10.296,0.77031,0.77039,1.00,1.50
2017.12.01 12:55:11.904,0.77033,0.77039,1.50,1.00
2017.12.01 12:55:12.182,0.77031,0.77039,2.06,1.50
2017.12.01 12:55:12.863,0.77032,0.77039,1.00,1.00
2017.12.01 12:55:13.365,0.77031,0.77039,2.62,1.00
2017.12.01 12:55:16.927,0.77032,0.77039,1.00,1.00
2017.12.01 12:55:17.451,0.77031,0.77039,1.69,1.00
2017.12.01 12:55:17.972,0.77032,0.77039,1.00,1.00
2017.12.01 12:55:27.169,0.77031,0.77039,2.81,1.00
2017.12.01 12:55:27.363,0.77034,0.77039,1.00,1.00
2017.12.01 12:55:27.668,0.77036,0.7704,1.00,1.00
2017.12.01 12:55:28.445,0.77033,0.7704,3.00,1.00
2017.12.01 12:55:29.018,0.77033,0.7704,1.00,1.50
2017.12.01 12:55:29.583,0.77033,0.77038,1.50,1.00
2017.12.01 12:55:30.948,0.77035,0.7704,1.00,1.00
2017.12.01 12:55:31.815,0.77033,0.7704,1.50,1.00
2017.12.01 12:55:33.804,0.77034,0.7704,1.00,1.00
2017.12.01 12:55:34.359,0.77033,0.7704,1.00,1.00
2017.12.01 12:55:35.195,0.77032,0.7704,1.00,1.00
2017.12.01 12:55:35.347,0.77032,0.77038,1.50,1.00
2017.12.01 12:55:36.173,0.77032,0.77037,1.00,1.00
2017.12.01 12:55:36.349,0.77028,0.77036,2.06,1.00
2017.12.01 12:55:36.786,0.77029,0.77038,1.50,1.69
2017.12.01 12:55:37.215,0.77029,0.77036,1.00,1.00
2017.12.01 12:55:37.727,0.77029,0.77035,1.00,1.00
2017.12.01 12:55:40.147,0.77028,0.77035,3.00,1.00
2017.12.01 12:55:42.084,0.77026,0.77034,1.00,1.50
2017.12.01 12:55:42.237,0.77028,0.77034,1.00,1.00
2017.12.01 12:55:42.288,0.77028,0.77036,2.25,1.00
2017.12.01 12:55:42.339,0.77028,0.77034,1.87,1.00
2017.12.01 12:55:42.855,0.77032,0.77036,1.00,1.00
2017.12.01 12:55:43.923,0.7703,0.77036,1.12,1.00
2017.12.01 12:55:46.036,0.77031,0.77036,1.50,1.00
2017.12.01 12:55:46.138,0.77033,0.77038,1.00,1.00
2017.12.01 12:55:46.902,0.77031,0.77038,1.87,1.50
2017.12.01 12:55:49.175,0.77032,0.77038,1.00,1.00
2017.12.01 12:55:49.968,0.77034,0.77038,1.00,1.00
2017.12.01 12:55:50.223,0.77031,0.77038,1.50,1.00
2017.12.01 12:55:50.448,0.7703,0.77038,2.81,1.00
2017.12.01 12:55:53.383,0.77031,0.77038,1.00,1.00
2017.12.01 12:55:55.323,0.77031,0.77036,1.00,1.00
2017.12.01 12:55:59.616,0.77031,0.77038,1.50,1.00
2017.12.01 12:56:02.432,0.77029,0.77035,1.12,1.00
2017.12.01 12:56:02.743,0.77028,0.77033,1.00,1.00
2017.12.01 12:56:13.056,0.77026,0.77032,1.12,1.00
2017.12.01 12:56:13.209,0.77024,0.7703,1.50,1.00
2017.12.01 12:56:13.747,0.77024,0.77032,1.88,1.44
2017.12.01 12:56:14.386,0.77026,0.77033,1.00,2.44
2017.12.01 12:56:23.132,0.77026,0.77032,1.00,1.25
2017.12.01 12:56:23.644,0.77026,0.77031,1.00,1.00
2017.12.01 12:56:24.170,0.77026,0.77032,1.00,1.25
2017.12.01 12:56:25.648,0.77026,0.77032,1.00,1.44
2017.12.01 12:56:25.699,0.77024,0.77031,1.50,1.25
2017.12.01 12:56:27.682,0.77024,0.7703,1.50,1.00
2017.12.01 12:56:28.637,0.77024,0.77031,1.50,1.13
2017.12.01 12:56:29.173,0.77024,0.7703,1.50,1.00
2017.12.01 12:56:32.238,0.77024,0.7703,1.50,1.44
2017.12.01 12:56:33.035,0.77024,0.7703,1.50,1.25
2017.12.01 12:56:33.087,0.77024,0.77032,1.69,1.69
2017.12.01 12:56:33.605,0.77024,0.77031,1.00,1.00
2017.12.01 12:56:35.729,0.77024,0.7703,1.00,1.00
2017.12.01 12:56:35.831,0.77021,0.77026,1.50,1.00
2017.12.01 12:56:36.008,0.77019,0.77025,1.00,1.00
2017.12.01 12:56:36.161,0.7702,0.77028,1.00,1.50
2017.12.01 12:56:36.798,0.77021,0.77029,1.50,1.69
2017.12.01 12:56:38.342,0.77023,0.77029,1.00,1.25
2017.12.01 12:56:38.961,0.77023,0.7703,1.00,1.25
2017.12.01 12:56:39.871,0.77023,0.77031,1.00,2.44
2017.12.01 12:56:40.754,0.77025,0.77031,1.00,1.00
2017.12.01 12:56:40.806,0.77021,0.7703,3.75,1.25
2017.12.01 12:56:41.340,0.77023,0.77031,1.25,2.06
2017.12.01 12:56:41.965,0.77023,0.7703,1.00,1.00
2017.12.01 12:56:42.016,0.77021,0.77029,2.44,1.25
2017.12.01 12:56:44.720,0.77021,0.7703,3.00,1.25
2017.12.01 12:56:45.234,0.77021,0.77029,1.50,1.00
2017.12.01 12:56:49.600,0.77021,0.7703,2.44,1.13
2017.12.01 12:56:49.701,0.77023,0.7703,1.00,1.13
2017.12.01 12:56:50.276,0.77023,0.77031,1.50,1.00
2017.12.01 12:56:50.848,0.77023,0.77032,2.25,1.69
2017.12.01 12:56:53.607,0.77023,0.7703,1.50,1.69
2017.12.01 12:56:54.024,0.77024,0.77032,1.00,1.88
2017.12.01 12:56:54.386,0.77026,0.77032,1.00,1.25
2017.12.01 12:56:54.488,0.77027,0.77034,1.00,1.13
2017.12.01 12:56:54.693,0.77027,0.77033,1.00,1.44
2017.12.01 12:56:54.746,0.77025,0.77032,1.87,1.88
2017.12.01 12:56:54.798,0.77025,0.7703,1.00,1.00
2017.12.01 12:56:55.032,0.77023,0.7703,2.25,1.00
2017.12.01 12:56:56.152,0.77021,0.77028,2.63,1.00
2017.12.01 12:56:57.355,0.77022,0.77028,1.00,1.00
2017.12.01 12:56:58.227,0.7702,0.77028,2.06,1.00
2017.12.01 12:57:03.474,0.7702,0.77028,1.88,1.00
2017.12.01 12:57:04.431,0.77019,0.77028,1.31,2.63
2017.12.01 12:57:05.706,0.77018,0.77027,3.56,1.00
2017.12.01 12:57:06.273,0.7702,0.77026,1.00,1.00
2017.12.01 12:57:07.643,0.7702,0.77026,1.88,1.00
2017.12.01 12:57:08.146,0.7702,0.77026,1.50,1.00
2017.12.01 12:57:10.043,0.7702,0.77026,2.63,1.00
2017.12.01 12:57:10.615,0.77021,0.77028,1.50,1.00
2017.12.01 12:57:14.605,0.7702,0.77026,1.00,1.00
2017.12.01 12:57:15.132,0.77019,0.77026,1.25,1.00
2017.12.01 12:57:16.078,0.77021,0.77026,1.00,1.00
2017.12.01 12:57:17.468,0.77021,0.77028,2.06,1.00
2017.12.01 12:57:17.722,0.77023,0.77029,1.00,1.00
2017.12.01 12:57:18.044,0.77026,0.77031,1.00,1.00
2017.12.01 12:57:18.095,0.77024,0.77031,1.00,1.00
2017.12.01 12:57:18.615,0.77024,0.7703,1.00,1.69
2017.12.01 12:57:19.128,0.77022,0.7703,1.00,2.06
2017.12.01 12:57:19.332,0.77022,0.77029,1.00,1.44
2017.12.01 12:57:19.764,0.77021,0.77025,1.12,1.00
2017.12.01 12:57:19.866,0.77019,0.77025,1.00,1.00
2017.12.01 12:57:24.650,0.7702,0.77027,1.00,1.00
2017.12.01 12:57:25.253,0.77021,0.77027,1.69,1.00
2017.12.01 12:57:25.304,0.77021,0.77029,1.69,1.25
2017.12.01 12:57:25.692,0.77019,0.77026,2.25,1.25
2017.12.01 12:57:25.850,0.77017,0.77026,2.81,1.25
2017.12.01 12:57:25.902,0.77021,0.77027,1.00,1.00
2017.12.01 12:57:27.046,0.77024,0.7703,1.00,1.00
2017.12.01 12:57:30.134,0.77021,0.7703,2.44,1.69
2017.12.01 12:57:30.663,0.77021,0.7703,1.69,1.69
2017.12.01 12:57:31.722,0.77021,0.77027,1.00,1.00
2017.12.01 12:57:32.239,0.7702,0.77027,1.00,1.00
2017.12.01 12:57:33.375,0.77021,0.77027,1.00,1.00
2017.12.01 12:57:34.365,0.7702,0.77027,1.00,1.00
2017.12.01 12:57:34.795,0.77018,0.77027,3.94,2.25
2017.12.01 12:57:34.846,0.77018,0.77025,2.44,1.00
2017.12.01 12:57:35.356,0.77016,0.77025,2.81,2.63
2017.12.01 12:57:35.874,0.77017,0.77025,1.00,1.69
2017.12.01 12:57:37.322,0.77016,0.77025,2.63,2.25
2017.12.01 12:57:37.523,0.77015,0.77022,1.00,1.00
2017.12.01 12:57:37.828,0.77018,0.77022,1.00,1.00
2017.12.01 12:57:38.615,0.77018,0.77024,1.00,1.00
2017.12.01 12:57:39.135,0.77017,0.77024,2.62,1.00
2017.12.01 12:57:41.840,0.77016,0.77024,1.00,1.00
2017.12.01 12:57:42.343,0.77017,0.77024,1.00,1.00
2017.12.01 12:57:43.023,0.77017,0.77026,3.00,1.50
2017.12.01 12:57:43.565,0.77017,0.77025,2.25,1.00
2017.12.01 12:57:44.913,0.77017,0.77026,2.63,1.88
2017.12.01 12:57:45.422,0.77017,0.77025,1.50,1.50
2017.12.01 12:57:46.083,0.77017,0.77025,1.50,1.44
2017.12.01 12:57:47.623,0.77015,0.77024,2.63,1.25
2017.12.01 12:57:50.693,0.77017,0.77024,1.00,1.25
2017.12.01 12:57:51.001,0.77014,0.77022,1.50,1.00
2017.12.01 12:57:52.346,0.77013,0.77022,1.69,2.25
2017.12.01 12:57:52.851,0.77013,0.77021,1.00,1.25
2017.12.01 12:57:54.373,0.77013,0.7702,1.00,1.44
2017.12.01 12:57:55.918,0.77012,0.77019,1.00,1.25
2017.12.01 12:57:56.385,0.7701,0.77019,1.69,2.44
2017.12.01 12:57:56.918,0.7701,0.77018,1.00,1.44
2017.12.01 12:57:56.969,0.77008,0.77017,3.37,1.25
2017.12.01 12:57:57.495,0.77008,0.77016,1.00,1.00
2017.12.01 12:57:58.484,0.77008,0.77017,1.00,2.63
2017.12.01 12:58:00.401,0.77009,0.77017,1.00,1.38
2017.12.01 12:58:00.656,0.77009,0.77018,1.00,2.81
2017.12.01 12:58:01.262,0.77008,0.77017,2.44,1.25
2017.12.01 12:58:01.313,0.77008,0.77015,1.00,1.25
2017.12.01 12:58:01.859,0.77007,0.77014,1.00,1.00
2017.12.01 12:58:02.367,0.77008,0.77015,1.00,1.00
2017.12.01 12:58:02.874,0.77008,0.77015,1.00,1.44
2017.12.01 12:58:03.408,0.77006,0.77014,2.25,1.13
2017.12.01 12:58:03.666,0.77004,0.77013,2.63,1.44
2017.12.01 12:58:04.943,0.77004,0.7701,1.00,1.00
2017.12.01 12:58:05.097,0.77002,0.77009,1.00,1.00
2017.12.01 12:58:06.647,0.77002,0.77008,1.00,1.25
2017.12.01 12:58:06.851,0.77,0.77008,1.00,1.25
2017.12.01 12:58:07.376,0.77,0.77007,1.00,1.00
2017.12.01 12:58:07.885,0.77,0.77008,1.25,1.25
2017.12.01 12:58:08.708,0.76999,0.77008,1.50,1.88
2017.12.01 12:58:09.219,0.76998,0.77007,2.81,1.50
2017.12.01 12:58:10.397,0.76998,0.77007,1.69,1.88
2017.12.01 12:58:11.011,0.76999,0.77008,1.50,2.63
2017.12.01 12:58:11.062,0.77,0.77008,1.00,1.88
2017.12.01 12:58:11.610,0.77001,0.77009,1.00,2.44
2017.12.01 12:58:12.136,0.77,0.77009,1.88,2.44
2017.12.01 12:58:12.346,0.77,0.77007,1.69,1.25
2017.12.01 12:58:12.660,0.77001,0.77009,1.25,2.25
2017.12.01 12:58:13.183,0.77002,0.7701,1.50,1.00
2017.12.01 12:58:13.438,0.77003,0.77012,1.50,2.44
2017.12.01 12:58:13.988,0.77004,0.77012,1.13,1.50
2017.12.01 12:58:15.270,0.77003,0.7701,1.00,1.50
2017.12.01 12:58:15.372,0.77001,0.7701,1.13,2.25
2017.12.01 12:58:17.560,0.77002,0.77011,1.50,2.44
2017.12.01 12:58:17.764,0.77004,0.77012,1.00,1.69
2017.12.01 12:58:22.665,0.77005,0.77012,1.00,1.00
2017.12.01 12:58:23.204,0.77004,0.77012,2.06,1.00
2017.12.01 12:58:23.685,0.77005,0.77014,1.00,3.38
2017.12.01 12:58:24.211,0.77005,0.77014,1.44,3.38
2017.12.01 12:58:24.537,0.77005,0.77012,1.25,1.00
2017.12.01 12:58:25.041,0.77004,0.77012,2.63,1.00
2017.12.01 12:58:26.324,0.77002,0.7701,2.63,1.00
2017.12.01 12:58:26.477,0.77,0.77009,3.19,1.00
2017.12.01 12:58:27.417,0.77,0.77008,2.81,1.00
2017.12.01 12:58:28.045,0.77,0.77009,3.19,1.00
2017.12.01 12:58:30.111,0.77001,0.77009,1.00,1.25
2017.12.01 12:58:30.162,0.77,0.77007,1.69,1.00
2017.12.01 12:58:30.451,0.77002,0.7701,2.63,1.00
2017.12.01 12:58:30.962,0.77003,0.7701,1.69,1.00
2017.12.01 12:58:31.671,0.77004,0.77012,1.00,3.56
2017.12.01 12:58:31.774,0.77002,0.77011,1.50,2.63
2017.12.01 12:58:32.301,0.77003,0.77011,1.00,1.69
2017.12.01 12:58:32.848,0.77004,0.77012,1.19,1.00
2017.12.01 12:58:33.873,0.77004,0.77012,1.69,1.00
2017.12.01 12:58:34.206,0.77005,0.77013,1.44,1.00
2017.12.01 12:58:34.797,0.77004,0.77012,1.44,1.00
2017.12.01 12:58:35.316,0.77004,0.77012,1.25,1.25
2017.12.01 12:58:37.384,0.77005,0.77012,1.00,1.25
2017.12.01 12:58:37.742,0.77002,0.77011,2.25,2.44
2017.12.01 12:58:37.895,0.77,0.77009,2.44,1.25
2017.12.01 12:58:38.242,0.76997,0.77006,2.25,1.25
2017.12.01 12:58:38.746,0.76996,0.77005,1.25,2.44
2017.12.01 12:58:39.442,0.76997,0.77005,1.00,2.25
2017.12.01 12:58:39.984,0.76999,0.77007,1.00,3.19
2017.12.01 12:58:40.532,0.77,0.77007,1.00,1.50
2017.12.01 12:58:41.083,0.77001,0.77009,1.25,1.87
2017.12.01 12:58:41.621,0.77002,0.77009,1.00,1.87
2017.12.01 12:58:41.723,0.77003,0.77011,1.25,1.00
2017.12.01 12:58:42.251,0.77004,0.77013,1.50,3.38
2017.12.01 12:58:42.850,0.77003,0.77012,2.44,1.69
2017.12.01 12:58:43.370,0.77003,0.77011,2.25,1.00
2017.12.01 12:58:45.320,0.77003,0.77011,1.00,1.88
2017.12.01 12:58:47.176,0.77002,0.77011,1.00,3.38
2017.12.01 12:58:47.706,0.77001,0.7701,2.06,1.25
2017.12.01 12:58:48.214,0.77001,0.77009,2.06,1.00
2017.12.01 12:58:49.148,0.77001,0.7701,2.06,1.69
2017.12.01 12:58:50.269,0.77003,0.77011,1.00,1.00
2017.12.01 12:58:52.199,0.77004,0.77012,1.00,1.50
2017.12.01 12:58:52.352,0.77005,0.77014,1.69,1.87
2017.12.01 12:58:52.877,0.77006,0.77014,1.00,1.00
2017.12.01 12:59:00.351,0.77007,0.77014,1.00,1.00
2017.12.01 12:59:00.902,0.77008,0.77015,1.00,1.00
2017.12.01 12:59:01.808,0.77008,0.77015,1.19,1.00
2017.12.01 12:59:02.359,0.77008,0.77015,1.00,1.00
2017.12.01 12:59:03.478,0.77009,0.77018,1.69,1.50
2017.12.01 12:59:03.795,0.77011,0.77018,1.50,1.00
2017.12.01 12:59:03.846,0.77011,0.7702,2.25,1.50
2017.12.01 12:59:04.367,0.77012,0.7702,1.00,1.00
2017.12.01 12:59:05.807,0.77011,0.77018,2.25,1.00
2017.12.01 12:59:06.315,0.77011,0.77019,1.50,1.00
2017.12.01 12:59:06.822,0.77012,0.77019,1.00,1.00
2017.12.01 12:59:07.660,0.77013,0.7702,1.00,1.00
2017.12.01 12:59:08.170,0.77014,0.7702,1.00,1.00
2017.12.01 12:59:13.631,0.77013,0.7702,1.25,1.00
2017.12.01 12:59:16.754,0.77014,0.7702,1.00,1.00
2017.12.01 12:59:19.885,0.77013,0.7702,1.25,1.00
2017.12.01 12:59:20.579,0.77014,0.7702,1.00,1.00
2017.12.01 12:59:24.256,0.77013,0.7702,1.25,1.00
2017.12.01 12:59:25.337,0.77012,0.7702,2.44,1.00
2017.12.01 12:59:25.857,0.77013,0.7702,1.00,1.00
2017.12.01 12:59:30.106,0.77014,0.77023,1.00,1.69
2017.12.01 12:59:32.009,0.77013,0.77022,3.75,1.00
2017.12.01 12:59:33.153,0.77014,0.77022,1.00,1.00
2017.12.01 12:59:33.968,0.77013,0.77022,2.44,1.00
2017.12.01 12:59:36.697,0.77013,0.77021,1.00,1.25
2017.12.01 12:59:36.799,0.77011,0.77019,1.00,1.00
2017.12.01 12:59:37.322,0.77012,0.7702,1.00,1.00
2017.12.01 12:59:37.959,0.77013,0.7702,1.00,1.00
2017.12.01 12:59:39.566,0.77011,0.7702,2.62,1.00
2017.12.01 12:59:39.874,0.77011,0.77018,1.00,1.00
2017.12.01 12:59:40.493,0.7701,0.77018,1.25,1.87
2017.12.01 12:59:40.645,0.77012,0.77021,1.69,1.87
2017.12.01 12:59:42.762,0.77012,0.7702,1.87,1.00
2017.12.01 12:59:43.663,0.77011,0.77019,1.69,1.00
2017.12.01 12:59:44.185,0.77011,0.77018,1.00,1.00
2017.12.01 12:59:45.258,0.77009,0.77017,1.87,1.00
2017.12.01 12:59:45.461,0.7701,0.77019,1.25,2.62
2017.12.01 12:59:45.512,0.77011,0.77019,1.87,1.12
2017.12.01 12:59:45.563,0.77012,0.77021,1.12,3.75
2017.12.01 12:59:45.615,0.77015,0.77021,1.00,1.50
2017.12.01 12:59:47.566,0.77014,0.77021,1.69,1.00
2017.12.01 12:59:47.954,0.77015,0.77023,1.00,1.00
2017.12.01 12:59:48.708,0.77016,0.77023,1.50,1.00
2017.12.01 12:59:50.218,0.77017,0.77023,1.00,1.00
2017.12.01 12:59:50.768,0.77016,0.77023,1.50,1.00
2017.12.01 12:59:55.066,0.77015,0.77023,1.25,1.00
2017.12.01 12:59:58.423,0.77016,0.77023,1.00,1.00
2017.12.01 12:59:58.932,0.77016,0.77024,1.00,1.50
2017.12.01 12:59:59.619,0.77015,0.77024,1.00,2.25
2017.12.01 12:59:59.721,0.77014,0.77022,1.69,1.00
