2012.11.15 16:00:00.016,0.65723,0.65739,1.50,1.73
2012.11.15 16:00:00.138,0.65723,0.65734,1.50,1.50
2012.11.15 16:00:00.352,0.65723,0.65734,1.50,1.50
2012.11.15 16:00:00.968,0.65723,0.65734,1.50,1.50
2012.11.15 16:00:01.149,0.65723,0.65741,2.25,2.48
2012.11.15 16:00:01.788,0.65723,0.65741,1.50,2.48
2012.11.15 16:00:02.700,0.65723,0.65741,1.73,3.23
2012.11.15 16:00:03.078,0.65724,0.65741,1.50,1.73
2012.11.15 16:00:03.627,0.65726,0.65741,1.50,1.50
2012.11.15 16:00:04.048,0.65723,0.65741,3.00,1.73
2012.11.15 16:00:04.289,0.65723,0.65741,3.23,1.50
2012.11.15 16:00:04.408,0.65723,0.65741,3.23,1.50
2012.11.15 16:00:04.529,0.65728,0.65744,1.50,2.48
2012.11.15 16:00:05.708,0.65728,0.65744,1.50,1.73
2012.11.15 16:00:06.238,0.65723,0.65743,3.23,1.50
2012.11.15 16:00:07.888,0.65728,0.65746,1.73,1.73
2012.11.15 16:00:08.668,0.65731,0.65751,2.25,2.48
2012.11.15 16:00:08.848,0.65733,0.65751,2.48,1.73
2012.11.15 16:00:09.037,0.65735,0.65751,1.73,1.50
2012.11.15 16:00:09.622,0.65736,0.65754,2.48,1.73
2012.11.15 16:00:11.788,0.65737,0.65754,1.73,1.50
2012.11.15 16:00:12.621,0.6574,0.65754,1.73,1.50
2012.11.15 16:00:13.407,0.65736,0.65754,3.23,1.50
2012.11.15 16:00:13.711,0.65736,0.65754,3.23,1.73
2012.11.15 16:00:15.967,0.65739,0.65754,1.50,1.73
2012.11.15 16:00:16.127,0.65741,0.65754,1.73,1.50
2012.11.15 16:00:16.667,0.65741,0.65759,1.73,2.48
2012.11.15 16:00:18.638,0.65742,0.65759,1.50,1.73
2012.11.15 16:00:18.768,0.65742,0.65759,1.73,1.50
2012.11.15 16:00:19.368,0.65743,0.65763,2.48,2.48
2012.11.15 16:00:21.098,0.65743,0.65763,2.48,2.48
2012.11.15 16:00:22.948,0.65743,0.65763,2.48,2.48
2012.11.15 16:00:24.297,0.65743,0.65763,2.48,2.48
2012.11.15 16:00:24.417,0.65743,0.65763,2.48,2.48
2012.11.15 16:00:24.544,0.65749,0.65763,1.73,1.73
2012.11.15 16:00:24.667,0.65749,0.65763,1.73,1.73
2012.11.15 16:00:24.728,0.65749,0.65768,1.73,1.73
2012.11.15 16:00:24.907,0.65748,0.65768,2.48,2.48
2012.11.15 16:00:25.244,0.65746,0.65764,1.50,2.48
2012.11.15 16:00:25.755,0.65744,0.65764,2.48,2.48
2012.11.15 16:00:26.546,0.65744,0.65764,2.48,2.48
2012.11.15 16:00:26.669,0.65744,0.65764,2.48,2.48
2012.11.15 16:00:27.350,0.65744,0.65764,2.48,2.48
2012.11.15 16:00:29.518,0.65744,0.65764,2.25,2.48
2012.11.15 16:00:29.578,0.65744,0.65761,2.25,1.73
2012.11.15 16:00:31.439,0.65742,0.65759,1.73,1.73
2012.11.15 16:00:32.658,0.65742,0.65759,1.73,1.73
2012.11.15 16:00:33.243,0.65742,0.65759,1.73,1.73
2012.11.15 16:00:35.078,0.65742,0.65759,1.73,1.73
2012.11.15 16:00:35.438,0.65741,0.65759,3.23,1.73
2012.11.15 16:00:35.618,0.65745,0.65761,2.25,1.73
2012.11.15 16:00:37.348,0.65748,0.65763,1.50,1.73
2012.11.15 16:00:37.473,0.6575,0.65763,1.50,1.73
2012.11.15 16:00:38.003,0.65746,0.65763,1.73,1.73
2012.11.15 16:00:41.149,0.65746,0.65763,1.73,1.73
2012.11.15 16:00:42.478,0.65746,0.65763,1.73,1.73
2012.11.15 16:00:42.987,0.65746,0.65763,1.73,1.73
2012.11.15 16:00:43.509,0.65746,0.65763,1.73,1.73
2012.11.15 16:00:46.107,0.65745,0.65763,2.25,1.73
2012.11.15 16:00:46.438,0.65745,0.65763,2.25,1.73
2012.11.15 16:00:47.679,0.65745,0.65763,2.25,1.73
2012.11.15 16:00:49.387,0.65745,0.65763,2.25,2.48
2012.11.15 16:00:49.572,0.65741,0.65759,2.48,2.48
2012.11.15 16:00:49.928,0.65741,0.65753,1.50,1.73
2012.11.15 16:00:50.229,0.65737,0.65753,1.50,1.73
2012.11.15 16:00:50.968,0.65737,0.65751,1.50,1.73
2012.11.15 16:00:51.149,0.65734,0.65751,1.50,2.48
2012.11.15 16:00:51.267,0.65733,0.65751,1.50,2.48
2012.11.15 16:00:53.788,0.65733,0.65751,2.48,2.25
2012.11.15 16:00:54.027,0.65733,0.65751,3.23,1.50
2012.11.15 16:00:57.468,0.65733,0.65751,2.48,2.25
2012.11.15 16:00:57.827,0.65733,0.65751,2.25,2.48
2012.11.15 16:00:58.334,0.65733,0.65751,2.48,2.48
2012.11.15 16:01:00.458,0.65733,0.65751,1.73,3.23
2012.11.15 16:01:00.817,0.65728,0.65744,1.73,2.48
2012.11.15 16:01:00.877,0.65723,0.65743,3.08,2.48
2012.11.15 16:01:01.268,0.65723,0.65743,2.48,1.73
2012.11.15 16:01:01.329,0.65726,0.65743,2.48,1.50
2012.11.15 16:01:01.567,0.65726,0.65743,2.25,1.73
2012.11.15 16:01:02.077,0.65727,0.65745,1.50,1.73
2012.11.15 16:01:02.198,0.65723,0.65743,1.73,2.48
2012.11.15 16:01:03.119,0.65723,0.65743,1.73,2.48
2012.11.15 16:01:08.447,0.65723,0.65743,2.48,2.48
2012.11.15 16:01:08.507,0.65723,0.65743,3.23,1.50
2012.11.15 16:01:09.047,0.65728,0.65745,1.73,1.73
2012.11.15 16:01:09.369,0.65728,0.65744,1.73,1.73
2012.11.15 16:01:09.910,0.65728,0.65743,1.73,1.73
2012.11.15 16:01:10.126,0.65728,0.65743,1.73,1.50
2012.11.15 16:01:10.633,0.65728,0.65745,1.73,1.73
2012.11.15 16:01:10.697,0.65728,0.65745,1.50,1.73
2012.11.15 16:01:10.927,0.65725,0.65742,2.48,1.73
2012.11.15 16:01:12.208,0.65724,0.65742,2.48,1.50
2012.11.15 16:01:12.749,0.65727,0.65747,2.25,3.98
2012.11.15 16:01:22.539,0.65725,0.65743,1.73,2.48
2012.11.15 16:01:24.787,0.65727,0.65743,1.73,2.48
2012.11.15 16:01:24.968,0.65727,0.65743,1.73,2.25
2012.11.15 16:01:25.159,0.6573,0.6575,3.23,3.23
2012.11.15 16:01:26.528,0.6573,0.65749,1.50,1.73
2012.11.15 16:01:27.199,0.65731,0.65745,1.73,1.50
2012.11.15 16:01:31.798,0.65731,0.65747,2.48,1.73
2012.11.15 16:01:32.348,0.65731,0.65749,3.23,2.48
2012.11.15 16:01:32.888,0.65731,0.65749,3.23,2.48
2012.11.15 16:01:33.068,0.65731,0.65749,3.23,2.48
2012.11.15 16:01:33.598,0.65731,0.65749,2.48,2.48
2012.11.15 16:01:34.398,0.65731,0.65749,2.48,2.48
2012.11.15 16:01:34.828,0.65731,0.65749,3.23,2.48
2012.11.15 16:01:35.859,0.65734,0.65751,1.50,2.48
2012.11.15 16:01:36.514,0.65734,0.65754,1.50,3.23
2012.11.15 16:01:38.857,0.65734,0.65754,2.48,3.23
2012.11.15 16:01:39.338,0.65736,0.65754,1.73,2.48
2012.11.15 16:01:44.218,0.65734,0.65753,2.25,2.33
2012.11.15 16:01:44.538,0.65731,0.65749,2.48,2.48
2012.11.15 16:01:46.187,0.6573,0.65746,1.73,1.50
2012.11.15 16:01:46.561,0.65731,0.65749,2.48,2.48
2012.11.15 16:01:48.939,0.65731,0.65749,2.48,1.73
2012.11.15 16:01:49.122,0.65736,0.65753,2.48,2.48
2012.11.15 16:01:49.538,0.65736,0.65753,2.48,1.73
2012.11.15 16:01:49.603,0.65736,0.65753,2.25,1.73
2012.11.15 16:01:50.708,0.65736,0.65753,3.23,1.73
2012.11.15 16:01:50.959,0.65736,0.65753,3.23,1.73
2012.11.15 16:01:51.518,0.65738,0.65758,2.48,2.48
2012.11.15 16:02:05.188,0.65743,0.65759,1.50,1.73
2012.11.15 16:02:07.140,0.65745,0.65764,2.25,1.73
2012.11.15 16:02:07.399,0.65745,0.65762,1.50,1.73
2012.11.15 16:02:07.528,0.65745,0.65759,1.50,1.73
2012.11.15 16:02:08.219,0.65744,0.65759,1.50,1.73
2012.11.15 16:02:08.278,0.65742,0.65759,1.50,1.73
2012.11.15 16:02:10.428,0.65742,0.65759,1.73,1.50
2012.11.15 16:02:10.758,0.65746,0.65763,1.50,1.73
2012.11.15 16:02:13.738,0.65746,0.65764,2.25,3.23
2012.11.15 16:02:13.919,0.65746,0.65764,2.48,2.48
2012.11.15 16:02:16.308,0.6575,0.65766,1.50,1.73
2012.11.15 16:02:22.098,0.65745,0.65764,2.48,2.48
2012.11.15 16:02:23.377,0.65745,0.65764,2.48,3.23
2012.11.15 16:02:25.094,0.65745,0.65764,2.48,2.48
2012.11.15 16:02:26.108,0.65745,0.65764,2.48,3.23
2012.11.15 16:02:26.457,0.65745,0.65762,1.73,1.73
2012.11.15 16:02:26.923,0.65745,0.65764,2.48,3.23
2012.11.15 16:02:27.038,0.65745,0.65764,2.48,3.23
2012.11.15 16:02:27.098,0.65745,0.65764,2.48,3.23
2012.11.15 16:02:28.201,0.65745,0.65764,1.73,3.23
2012.11.15 16:02:28.331,0.65745,0.65764,1.50,3.23
2012.11.15 16:02:28.448,0.65745,0.65764,2.25,2.48
2012.11.15 16:02:29.023,0.65745,0.65764,3.23,2.48
2012.11.15 16:02:29.481,0.65743,0.65763,2.48,2.48
2012.11.15 16:02:29.827,0.65744,0.65763,1.73,1.50
2012.11.15 16:02:30.128,0.65747,0.65767,2.48,2.48
2012.11.15 16:02:30.959,0.65747,0.65767,2.48,2.48
2012.11.15 16:02:31.388,0.65747,0.65767,2.48,2.48
2012.11.15 16:02:31.819,0.65747,0.65764,1.50,1.73
2012.11.15 16:02:31.938,0.65747,0.65767,2.25,2.48
2012.11.15 16:02:32.118,0.65747,0.65767,2.48,2.48
2012.11.15 16:02:33.798,0.65747,0.65767,2.48,1.50
2012.11.15 16:02:34.316,0.65751,0.65769,2.48,1.73
2012.11.15 16:02:37.548,0.65751,0.6577,2.48,3.23
2012.11.15 16:02:37.727,0.65751,0.6577,2.48,3.23
2012.11.15 16:02:40.588,0.65751,0.6577,2.48,2.48
2012.11.15 16:02:40.828,0.65754,0.65773,2.48,1.73
2012.11.15 16:02:40.888,0.65754,0.65773,2.48,1.73
2012.11.15 16:02:41.299,0.6575,0.65769,2.48,1.73
2012.11.15 16:02:45.158,0.6575,0.65768,2.48,1.73
2012.11.15 16:02:45.464,0.65755,0.65774,2.25,1.73
2012.11.15 16:02:45.589,0.65755,0.65774,2.48,1.73
2012.11.15 16:02:47.477,0.65755,0.65774,2.48,1.73
2012.11.15 16:02:48.018,0.65755,0.65772,1.73,1.73
2012.11.15 16:02:48.595,0.65755,0.65774,2.48,1.73
2012.11.15 16:02:48.898,0.65755,0.65774,2.48,1.73
2012.11.15 16:02:49.613,0.65755,0.65774,2.48,1.73
2012.11.15 16:02:51.238,0.65755,0.65775,1.73,3.23
2012.11.15 16:02:51.941,0.65755,0.65773,1.50,1.73
2012.11.15 16:02:59.898,0.65755,0.65773,1.50,1.73
2012.11.15 16:03:03.269,0.65751,0.65769,2.48,1.73
2012.11.15 16:03:03.778,0.65749,0.65766,3.75,2.48
2012.11.15 16:03:04.818,0.65749,0.65766,2.48,2.48
2012.11.15 16:03:04.998,0.65749,0.65763,1.73,1.50
2012.11.15 16:03:05.418,0.65749,0.65763,1.73,1.50
2012.11.15 16:03:05.538,0.65749,0.65763,1.50,1.73
2012.11.15 16:03:05.959,0.65746,0.65763,2.48,1.73
2012.11.15 16:03:06.510,0.65744,0.65763,2.48,1.73
2012.11.15 16:03:08.298,0.65744,0.65763,2.48,1.73
2012.11.15 16:03:08.839,0.65748,0.65763,1.50,1.73
2012.11.15 16:03:10.287,0.65748,0.65759,1.50,1.50
2012.11.15 16:03:10.950,0.65744,0.65759,1.73,1.73
2012.11.15 16:03:11.489,0.65744,0.65759,1.73,1.73
2012.11.15 16:03:15.829,0.65744,0.65762,2.48,2.48
2012.11.15 16:03:15.947,0.65744,0.65762,2.48,2.48
2012.11.15 16:03:16.308,0.65744,0.65762,2.48,2.48
2012.11.15 16:03:16.867,0.65744,0.65758,1.73,1.50
2012.11.15 16:03:18.058,0.65744,0.65762,2.48,2.48
2012.11.15 16:03:18.573,0.65747,0.65763,2.48,1.73
2012.11.15 16:03:19.148,0.65747,0.65763,2.25,1.73
2012.11.15 16:03:20.569,0.65749,0.65763,1.50,1.73
2012.11.15 16:03:20.811,0.65754,0.65771,2.48,2.25
2012.11.15 16:03:21.111,0.65754,0.65769,1.73,1.50
2012.11.15 16:03:21.167,0.65754,0.65769,1.73,1.73
2012.11.15 16:03:21.407,0.65756,0.65769,1.50,1.73
2012.11.15 16:03:21.469,0.65753,0.65769,1.73,1.73
2012.11.15 16:03:23.427,0.65753,0.65769,1.73,1.73
2012.11.15 16:03:26.118,0.65753,0.65769,1.73,1.73
2012.11.15 16:03:26.820,0.65753,0.65769,1.50,3.23
2012.11.15 16:03:26.878,0.65749,0.65767,2.48,2.48
2012.11.15 16:03:27.056,0.65749,0.65767,2.48,2.48
2012.11.15 16:03:28.959,0.65749,0.65764,1.73,1.50
2012.11.15 16:03:29.678,0.65754,0.65764,1.73,1.50
2012.11.15 16:03:29.801,0.65754,0.65764,1.73,1.50
2012.11.15 16:03:29.867,0.65754,0.65764,1.73,1.50
2012.11.15 16:03:30.128,0.6575,0.65764,1.50,1.50
2012.11.15 16:03:31.246,0.6575,0.65764,1.50,1.50
2012.11.15 16:03:34.144,0.6575,0.65768,2.25,3.23
2012.11.15 16:03:34.208,0.65753,0.65768,1.73,1.73
2012.11.15 16:03:34.388,0.65751,0.65768,2.25,1.73
2012.11.15 16:03:34.448,0.65749,0.65768,2.48,1.73
2012.11.15 16:03:34.627,0.65749,0.65763,1.73,1.50
2012.11.15 16:03:35.074,0.65749,0.65768,2.48,1.73
2012.11.15 16:03:35.327,0.65749,0.65768,2.48,1.73
2012.11.15 16:03:35.687,0.65749,0.65764,1.73,1.73
2012.11.15 16:03:36.598,0.65749,0.65764,1.73,1.50
2012.11.15 16:03:36.958,0.65749,0.65768,2.48,1.50
2012.11.15 16:03:37.078,0.65749,0.65768,2.48,1.50
2012.11.15 16:03:37.258,0.65749,0.65769,2.48,2.48
2012.11.15 16:03:37.815,0.65753,0.65773,2.48,2.48
2012.11.15 16:03:40.121,0.65753,0.65773,2.48,2.48
2012.11.15 16:03:40.358,0.65753,0.65769,1.73,1.73
2012.11.15 16:03:41.209,0.6575,0.65768,2.48,2.48
2012.11.15 16:03:44.258,0.6575,0.65768,2.48,2.48
2012.11.15 16:03:47.442,0.6575,0.65768,2.48,2.48
2012.11.15 16:03:51.517,0.65753,0.65769,1.73,1.73
2012.11.15 16:03:53.333,0.65753,0.65769,1.73,1.73
2012.11.15 16:03:59.159,0.65753,0.65769,1.73,1.73
2012.11.15 16:04:00.274,0.65753,0.65769,1.73,1.73
2012.11.15 16:04:01.167,0.65753,0.65769,1.73,1.73
2012.11.15 16:04:02.397,0.65753,0.65769,1.73,1.73
2012.11.15 16:04:03.040,0.65753,0.65769,1.73,1.73
2012.11.15 16:04:11.058,0.65755,0.65769,1.50,1.73
2012.11.15 16:04:11.678,0.65752,0.65768,1.73,2.48
2012.11.15 16:04:11.857,0.6575,0.65764,1.50,1.50
2012.11.15 16:04:21.398,0.6575,0.65768,2.25,3.23
2012.11.15 16:04:21.458,0.6575,0.65768,2.25,3.23
2012.11.15 16:04:21.978,0.6575,0.65768,2.48,3.00
2012.11.15 16:04:22.139,0.65756,0.65768,1.50,1.50
2012.11.15 16:04:24.068,0.65756,0.65768,1.50,1.50
2012.11.15 16:04:26.758,0.65754,0.65764,1.50,1.50
2012.11.15 16:04:26.818,0.6575,0.65764,1.73,1.50
2012.11.15 16:04:26.877,0.6575,0.65764,1.73,1.50
2012.11.15 16:04:26.998,0.65748,0.65764,1.73,1.73
2012.11.15 16:04:29.699,0.65748,0.65768,2.48,3.23
2012.11.15 16:04:30.620,0.65754,0.65768,1.50,1.73
2012.11.15 16:04:30.798,0.65754,0.65768,1.50,1.50
2012.11.15 16:04:31.193,0.65754,0.65768,1.50,1.50
2012.11.15 16:04:40.778,0.65752,0.65768,2.48,1.50
2012.11.15 16:04:40.898,0.65747,0.65763,2.48,1.50
2012.11.15 16:04:41.078,0.65746,0.65763,2.25,1.73
2012.11.15 16:04:41.644,0.65746,0.65759,1.50,1.50
2012.11.15 16:04:42.178,0.65746,0.65763,2.48,1.73
2012.11.15 16:04:42.710,0.65746,0.65763,2.48,1.73
2012.11.15 16:04:43.517,0.65746,0.65763,2.48,1.50
2012.11.15 16:04:44.757,0.65746,0.65763,2.25,1.73
2012.11.15 16:04:46.399,0.65746,0.65759,1.50,1.50
2012.11.15 16:04:46.460,0.65746,0.65759,1.50,1.50
2012.11.15 16:04:51.244,0.65746,0.65759,1.50,1.50
2012.11.15 16:04:53.698,0.65746,0.65764,2.25,3.23
2012.11.15 16:04:53.819,0.65742,0.65759,1.50,1.73
2012.11.15 16:04:55.818,0.65742,0.65759,1.50,1.73
2012.11.15 16:04:55.968,0.65746,0.65759,1.50,1.73
2012.11.15 16:04:56.888,0.65746,0.65759,1.50,1.50
2012.11.15 16:04:58.390,0.65746,0.65757,1.50,1.50
2012.11.15 16:04:58.511,0.65739,0.65757,1.73,1.50
2012.11.15 16:04:58.568,0.65738,0.65757,3.23,1.73
2012.11.15 16:04:58.627,0.65738,0.65757,2.48,1.73
2012.11.15 16:04:58.818,0.65738,0.65753,2.48,1.73
2012.11.15 16:04:59.128,0.65738,0.65753,3.15,1.50
2012.11.15 16:04:59.638,0.6574,0.65758,1.65,2.48
2012.11.15 16:04:59.698,0.65741,0.65758,1.43,2.48
2012.11.15 16:05:00.360,0.65743,0.65759,1.50,1.73
2012.11.15 16:05:01.119,0.65743,0.65759,1.50,1.73
2012.11.15 16:05:02.418,0.65748,0.65754,1.50,1.50
2012.11.15 16:05:03.389,0.65748,0.65758,1.50,1.73
2012.11.15 16:05:08.008,0.65743,0.65755,1.50,1.50
2012.11.15 16:05:08.068,0.65738,0.65755,1.50,1.73
2012.11.15 16:05:08.618,0.65738,0.65754,2.03,1.73
2012.11.15 16:05:10.478,0.65738,0.65754,2.03,1.73
2012.11.15 16:05:11.259,0.65738,0.65754,2.03,1.73
2012.11.15 16:05:11.767,0.65738,0.65754,2.03,1.73
2012.11.15 16:05:21.191,0.65738,0.65754,2.10,1.73
2012.11.15 16:05:23.718,0.65738,0.65754,1.50,1.73
2012.11.15 16:05:27.318,0.65738,0.65754,1.50,1.73
2012.11.15 16:05:28.120,0.6574,0.65754,1.50,1.73
2012.11.15 16:05:31.171,0.6574,0.65754,1.50,1.73
2012.11.15 16:05:43.378,0.6574,0.65754,1.50,1.73
2012.11.15 16:05:45.249,0.65733,0.65753,3.98,2.48
2012.11.15 16:05:45.325,0.65733,0.65751,3.23,1.73
2012.11.15 16:05:45.389,0.65733,0.65749,3.23,1.73
2012.11.15 16:05:51.228,0.65733,0.65749,1.73,1.73
2012.11.15 16:06:01.179,0.65731,0.65748,1.73,2.48
2012.11.15 16:06:04.539,0.65733,0.65753,2.48,2.48
2012.11.15 16:06:04.838,0.65733,0.65753,2.48,2.48
2012.11.15 16:06:11.259,0.65733,0.65753,2.48,2.48
2012.11.15 16:06:14.618,0.65733,0.65753,2.48,2.48
2012.11.15 16:06:18.239,0.65733,0.65748,1.73,1.50
2012.11.15 16:06:18.358,0.65731,0.65748,1.65,1.73
2012.11.15 16:06:18.418,0.65729,0.65749,5.25,2.48
2012.11.15 16:06:18.659,0.6573,0.65749,3.00,2.25
2012.11.15 16:06:19.498,0.65736,0.65752,2.48,2.25
2012.11.15 16:06:19.558,0.65737,0.65756,2.25,2.48
2012.11.15 16:06:19.618,0.65737,0.65756,2.25,2.48
2012.11.15 16:06:20.089,0.65737,0.65756,2.48,2.25
2012.11.15 16:06:20.540,0.65737,0.65754,1.73,1.73
2012.11.15 16:06:24.610,0.65738,0.65756,2.48,2.48
2012.11.15 16:06:24.950,0.65738,0.65756,2.48,2.25
2012.11.15 16:06:25.679,0.6574,0.65756,1.43,1.50
2012.11.15 16:06:25.799,0.65741,0.65759,2.48,1.50
2012.11.15 16:06:26.898,0.65741,0.65759,2.48,1.50
2012.11.15 16:06:30.069,0.65741,0.65761,2.48,2.48
2012.11.15 16:06:30.588,0.65741,0.65761,2.48,2.25
2012.11.15 16:06:30.649,0.65743,0.65761,1.73,1.50
2012.11.15 16:06:31.501,0.65741,0.65761,2.48,2.25
2012.11.15 16:06:32.058,0.65742,0.65761,1.73,1.73
2012.11.15 16:06:32.214,0.65742,0.65761,1.73,1.50
2012.11.15 16:06:32.698,0.65745,0.65761,1.73,1.50
2012.11.15 16:06:32.878,0.65747,0.65765,2.48,2.25
2012.11.15 16:06:34.598,0.65752,0.65771,2.48,1.73
2012.11.15 16:06:34.879,0.65752,0.65768,2.48,1.73
2012.11.15 16:06:35.422,0.65748,0.65768,2.48,3.23
2012.11.15 16:06:35.697,0.65748,0.65768,3.23,3.23
2012.11.15 16:06:37.139,0.65748,0.65768,2.48,3.23
2012.11.15 16:06:37.989,0.65745,0.65764,1.73,1.73
2012.11.15 16:06:38.758,0.65746,0.65764,1.73,2.48
2012.11.15 16:06:41.559,0.6575,0.65764,1.73,1.50
2012.11.15 16:06:41.931,0.65751,0.65769,2.48,2.48
2012.11.15 16:06:42.169,0.65752,0.65769,1.73,2.48
2012.11.15 16:06:43.518,0.65752,0.65769,1.73,2.48
2012.11.15 16:06:46.189,0.65751,0.65769,3.23,2.48
2012.11.15 16:06:46.628,0.65752,0.65765,1.73,1.50
2012.11.15 16:06:47.186,0.65752,0.65762,1.73,1.50
2012.11.15 16:06:47.580,0.65752,0.65764,1.73,1.50
2012.11.15 16:06:47.639,0.65752,0.65766,1.73,1.50
2012.11.15 16:06:48.245,0.65752,0.65766,1.73,1.50
2012.11.15 16:06:48.448,0.65746,0.65766,3.23,2.25
2012.11.15 16:06:48.568,0.65746,0.65766,3.23,2.48
2012.11.15 16:06:49.278,0.65746,0.65766,3.23,2.48
2012.11.15 16:06:50.441,0.65747,0.65766,1.73,2.48
2012.11.15 16:06:50.499,0.65746,0.65766,3.23,2.48
2012.11.15 16:06:50.625,0.65746,0.65761,1.73,1.73
2012.11.15 16:06:54.819,0.65746,0.65761,1.50,1.73
2012.11.15 16:06:55.461,0.65742,0.65757,1.73,1.73
2012.11.15 16:06:58.599,0.65741,0.65757,1.73,1.73
2012.11.15 16:06:58.720,0.65739,0.65757,3.00,1.73
2012.11.15 16:07:00.298,0.65742,0.6576,1.50,2.48
2012.11.15 16:07:00.358,0.65742,0.6576,1.50,2.48
2012.11.15 16:07:01.154,0.65742,0.6576,1.50,2.48
2012.11.15 16:07:03.498,0.65745,0.6576,1.50,1.73
2012.11.15 16:07:03.558,0.65742,0.6576,1.50,2.48
2012.11.15 16:07:03.618,0.65742,0.6576,1.50,2.48
2012.11.15 16:07:03.678,0.65742,0.65756,1.50,1.73
2012.11.15 16:07:04.221,0.65737,0.65755,1.73,2.48
2012.11.15 16:07:06.231,0.65737,0.65755,1.73,2.48
2012.11.15 16:07:11.170,0.65737,0.65755,1.73,2.48
2012.11.15 16:07:17.798,0.65737,0.6575,1.73,1.50
2012.11.15 16:07:18.308,0.65737,0.6575,1.73,1.50
2012.11.15 16:07:22.258,0.65739,0.6575,1.50,1.50
2012.11.15 16:07:22.318,0.6574,0.65755,1.50,1.73
2012.11.15 16:07:22.709,0.65737,0.65755,1.73,2.48
2012.11.15 16:07:24.738,0.65737,0.65755,1.73,2.48
2012.11.15 16:07:27.558,0.65737,0.65751,1.73,1.50
2012.11.15 16:07:27.849,0.65736,0.65751,1.50,1.73
2012.11.15 16:07:29.588,0.65734,0.65749,1.50,1.50
2012.11.15 16:07:30.098,0.65734,0.65748,1.50,1.50
2012.11.15 16:07:34.559,0.65731,0.65748,1.73,2.48
2012.11.15 16:07:35.238,0.65732,0.65748,1.73,2.25
2012.11.15 16:07:35.588,0.65732,0.65748,1.50,2.48
2012.11.15 16:07:36.151,0.65728,0.65746,2.48,1.73
2012.11.15 16:07:36.741,0.65727,0.65744,1.73,1.73
2012.11.15 16:07:38.189,0.65728,0.65744,1.73,1.50
2012.11.15 16:07:38.248,0.65729,0.65747,2.48,1.50
2012.11.15 16:07:38.878,0.65729,0.65747,3.23,1.73
2012.11.15 16:07:39.908,0.65733,0.6575,2.25,2.48
2012.11.15 16:07:39.970,0.65733,0.6575,2.48,2.48
2012.11.15 16:07:40.758,0.65733,0.6575,2.48,2.48
2012.11.15 16:07:41.315,0.65733,0.6575,3.23,1.50
2012.11.15 16:07:45.558,0.65733,0.6575,2.48,1.50
2012.11.15 16:07:47.779,0.65736,0.65754,2.48,3.23
2012.11.15 16:07:50.568,0.65736,0.65752,2.48,1.50
2012.11.15 16:07:50.908,0.65731,0.65751,2.48,2.25
2012.11.15 16:07:51.460,0.65731,0.65751,2.48,2.48
2012.11.15 16:07:51.798,0.65733,0.65751,1.73,1.50
2012.11.15 16:07:58.008,0.65733,0.65751,1.73,1.73
2012.11.15 16:08:01.029,0.65731,0.65751,3.23,3.23
2012.11.15 16:08:05.156,0.65732,0.65751,1.73,2.48
2012.11.15 16:08:05.980,0.65731,0.65751,2.48,2.48
2012.11.15 16:08:11.120,0.65733,0.65751,2.48,2.48
2012.11.15 16:08:12.318,0.65733,0.65751,2.48,2.48
2012.11.15 16:08:12.698,0.65736,0.65751,1.50,1.73
2012.11.15 16:08:20.308,0.65736,0.65751,1.73,1.50
2012.11.15 16:08:20.447,0.65737,0.65754,3.23,2.48
2012.11.15 16:08:22.349,0.65737,0.65751,1.73,1.50
2012.11.15 16:08:22.858,0.65737,0.65751,1.50,1.50
2012.11.15 16:08:23.894,0.65733,0.65751,2.48,2.25
2012.11.15 16:08:24.152,0.65733,0.65751,1.50,2.48
2012.11.15 16:08:24.788,0.6573,0.65747,1.73,1.50
2012.11.15 16:08:25.029,0.65729,0.65747,2.25,1.73
2012.11.15 16:08:25.151,0.65725,0.65744,3.23,2.48
2012.11.15 16:08:25.212,0.65723,0.65741,2.48,1.73
2012.11.15 16:08:25.568,0.65721,0.65741,2.85,1.50
2012.11.15 16:08:39.688,0.65726,0.65743,2.48,2.48
2012.11.15 16:08:42.449,0.65724,0.6574,2.48,1.50
2012.11.15 16:08:45.411,0.65723,0.6574,2.48,1.50
2012.11.15 16:08:45.589,0.65726,0.65742,2.48,1.73
2012.11.15 16:08:45.709,0.65726,0.65745,2.48,1.50
2012.11.15 16:08:46.571,0.65727,0.65745,1.73,1.50
2012.11.15 16:08:49.060,0.65726,0.65745,2.48,1.50
2012.11.15 16:08:49.399,0.65726,0.65745,2.48,2.25
2012.11.15 16:08:49.485,0.65726,0.65745,2.48,2.48
2012.11.15 16:08:51.700,0.65726,0.65745,2.48,1.73
2012.11.15 16:08:51.759,0.65726,0.65745,2.48,1.73
2012.11.15 16:08:52.549,0.6573,0.65748,3.23,2.25
2012.11.15 16:08:52.609,0.6573,0.65748,3.23,2.25
2012.11.15 16:09:00.170,0.6573,0.65748,3.23,2.48
2012.11.15 16:09:00.783,0.65727,0.65744,2.48,1.50
2012.11.15 16:09:01.088,0.65726,0.65744,3.23,2.25
2012.11.15 16:09:01.979,0.65726,0.65744,2.48,1.50
2012.11.15 16:09:03.208,0.65726,0.65744,2.48,2.25
2012.11.15 16:09:03.329,0.65722,0.6574,2.48,1.50
2012.11.15 16:09:03.641,0.6572,0.65737,1.73,1.50
2012.11.15 16:09:04.828,0.65722,0.65742,2.48,1.73
2012.11.15 16:09:05.008,0.65722,0.65742,2.48,1.73
2012.11.15 16:09:06.441,0.65719,0.65737,2.48,2.25
2012.11.15 16:09:06.559,0.65719,0.65737,1.73,2.48
2012.11.15 16:09:06.800,0.65715,0.6573,1.73,1.50
2012.11.15 16:09:06.919,0.65717,0.65732,1.73,1.50
2012.11.15 16:09:07.438,0.65717,0.65733,1.73,1.50
2012.11.15 16:09:07.839,0.65717,0.65733,1.73,1.50
2012.11.15 16:09:08.018,0.65724,0.65739,1.73,1.50
2012.11.15 16:09:08.209,0.65724,0.65744,3.23,2.48
2012.11.15 16:09:08.390,0.65724,0.65744,3.23,1.73
2012.11.15 16:09:11.699,0.65729,0.65747,2.48,1.50
2012.11.15 16:09:12.419,0.65732,0.65747,1.73,1.50
2012.11.15 16:09:12.720,0.65743,0.65763,2.48,2.18
2012.11.15 16:09:12.780,0.65743,0.65763,2.48,1.73
2012.11.15 16:09:13.379,0.65743,0.65763,2.48,1.73
2012.11.15 16:09:13.918,0.6574,0.65758,2.48,1.50
2012.11.15 16:09:15.279,0.6574,0.65758,2.48,1.50
2012.11.15 16:09:15.339,0.6574,0.65758,2.48,1.73
2012.11.15 16:09:15.579,0.6574,0.65758,2.25,1.73
2012.11.15 16:09:15.639,0.6574,0.65758,2.48,1.73
2012.11.15 16:09:16.238,0.65735,0.65754,2.48,1.50
2012.11.15 16:09:16.778,0.65735,0.65754,2.85,1.73
2012.11.15 16:09:17.258,0.65735,0.65754,2.48,2.48
2012.11.15 16:09:17.439,0.65735,0.65754,2.25,2.85
2012.11.15 16:09:17.798,0.65728,0.65748,2.48,2.48
2012.11.15 16:09:18.127,0.65731,0.65748,2.48,1.73
2012.11.15 16:09:18.249,0.65732,0.65752,2.48,1.73
2012.11.15 16:09:18.758,0.65732,0.65752,2.48,1.50
2012.11.15 16:09:19.129,0.65733,0.65752,1.35,1.50
2012.11.15 16:09:19.189,0.65737,0.65755,2.48,1.73
2012.11.15 16:09:19.369,0.65737,0.65755,2.48,1.50
2012.11.15 16:09:19.918,0.65737,0.65755,2.48,1.50
2012.11.15 16:09:21.761,0.65737,0.65755,2.48,1.50
2012.11.15 16:09:22.178,0.65737,0.65755,2.48,2.48
2012.11.15 16:09:23.088,0.65737,0.65755,2.48,1.73
2012.11.15 16:09:23.491,0.65737,0.65755,1.73,2.48
2012.11.15 16:09:24.999,0.65737,0.65755,2.48,1.50
2012.11.15 16:09:26.351,0.65737,0.65755,2.48,1.73
2012.11.15 16:09:26.999,0.65737,0.65755,2.48,2.48
2012.11.15 16:09:27.118,0.65737,0.65755,2.48,1.73
2012.11.15 16:09:27.478,0.65737,0.65755,2.48,2.48
2012.11.15 16:09:28.019,0.65737,0.65755,2.48,2.48
2012.11.15 16:09:28.259,0.65737,0.65753,1.50,2.48
2012.11.15 16:09:28.564,0.65732,0.65752,2.48,1.50
2012.11.15 16:09:28.749,0.65732,0.65751,2.48,1.88
2012.11.15 16:09:28.809,0.65732,0.65751,2.25,2.10
2012.11.15 16:09:28.868,0.65732,0.65751,2.25,1.35
2012.11.15 16:09:29.050,0.65732,0.65749,1.50,1.58
2012.11.15 16:09:29.289,0.65724,0.65744,2.85,1.50
2012.11.15 16:09:30.659,0.65724,0.65744,2.85,2.25
2012.11.15 16:09:30.720,0.65724,0.65744,2.85,2.48
2012.11.15 16:09:31.160,0.65724,0.65744,2.85,3.00
2012.11.15 16:09:31.519,0.65728,0.65745,1.50,1.73
2012.11.15 16:09:31.858,0.65728,0.65748,1.73,3.23
2012.11.15 16:09:32.939,0.65728,0.65748,2.48,2.48
2012.11.15 16:09:33.307,0.65731,0.65748,2.48,2.25
2012.11.15 16:09:35.219,0.65732,0.65751,2.48,1.50
2012.11.15 16:09:36.171,0.65732,0.65752,2.48,2.25
2012.11.15 16:09:36.290,0.65736,0.65753,2.48,2.48
2012.11.15 16:09:36.350,0.65736,0.65756,2.48,2.48
2012.11.15 16:09:37.769,0.65736,0.65756,2.48,1.73
2012.11.15 16:09:38.379,0.65736,0.65756,2.48,2.48
2012.11.15 16:09:38.679,0.65736,0.65755,2.48,1.73
2012.11.15 16:09:38.799,0.6573,0.65748,1.35,2.48
2012.11.15 16:09:39.100,0.65728,0.65747,1.50,1.73
2012.11.15 16:09:39.339,0.65728,0.65748,2.48,2.48
2012.11.15 16:09:39.878,0.65732,0.65749,1.50,1.35
2012.11.15 16:09:40.429,0.65732,0.6575,1.50,1.73
2012.11.15 16:09:40.548,0.65732,0.65752,1.73,3.23
2012.11.15 16:09:41.690,0.65732,0.65752,2.48,2.48
2012.11.15 16:09:41.755,0.65732,0.65752,2.48,2.25
2012.11.15 16:09:42.298,0.65732,0.65752,2.48,1.50
2012.11.15 16:09:42.899,0.65732,0.65752,1.73,2.25
2012.11.15 16:09:43.078,0.65729,0.65748,2.48,1.73
2012.11.15 16:09:44.260,0.65729,0.65748,2.48,1.50
2012.11.15 16:09:44.343,0.65727,0.65744,1.35,1.50
2012.11.15 16:09:44.528,0.65727,0.65744,1.35,1.50
2012.11.15 16:09:45.208,0.65724,0.65744,2.48,2.25
2012.11.15 16:09:45.328,0.65724,0.65744,2.48,2.48
2012.11.15 16:09:46.860,0.65724,0.65744,2.48,1.73
2012.11.15 16:09:47.039,0.65724,0.65744,2.48,1.50
2012.11.15 16:09:47.850,0.65724,0.65744,2.48,2.25
2012.11.15 16:09:48.366,0.65729,0.65746,2.48,1.73
2012.11.15 16:09:48.428,0.65732,0.65748,2.25,1.73
2012.11.15 16:09:48.608,0.65732,0.65752,2.48,2.48
2012.11.15 16:09:49.498,0.65732,0.65752,2.48,1.73
2012.11.15 16:09:49.708,0.65734,0.65752,2.48,1.50
2012.11.15 16:09:50.275,0.65736,0.65756,2.48,2.48
2012.11.15 16:09:51.159,0.65736,0.65753,1.73,2.48
2012.11.15 16:09:51.280,0.65733,0.65751,1.73,1.50
2012.11.15 16:09:51.338,0.65733,0.65751,1.50,1.73
2012.11.15 16:09:51.859,0.65733,0.6575,1.50,1.73
2012.11.15 16:09:52.409,0.65733,0.65751,1.50,3.23
2012.11.15 16:09:54.509,0.65733,0.65751,2.25,1.73
2012.11.15 16:09:54.568,0.65733,0.65751,2.48,1.50
2012.11.15 16:09:54.710,0.65733,0.6575,1.73,1.50
2012.11.15 16:09:54.768,0.65733,0.6575,1.50,1.73
2012.11.15 16:09:55.289,0.65733,0.65751,2.25,1.73
2012.11.15 16:09:55.350,0.65733,0.65751,2.48,1.50
2012.11.15 16:09:55.468,0.65733,0.65751,1.73,2.25
2012.11.15 16:09:55.528,0.65733,0.65751,1.73,2.48
2012.11.15 16:09:55.711,0.65733,0.65751,2.48,1.73
2012.11.15 16:09:55.768,0.65733,0.65751,2.48,1.50
2012.11.15 16:09:55.928,0.65733,0.65751,1.73,2.25
2012.11.15 16:09:56.176,0.65733,0.65751,1.50,3.23
2012.11.15 16:09:56.668,0.65733,0.65751,2.48,1.50
2012.11.15 16:09:57.509,0.65733,0.65751,2.48,1.50
2012.11.15 16:09:57.586,0.65737,0.65754,2.48,3.23
2012.11.15 16:09:58.780,0.65737,0.65753,2.48,1.50
2012.11.15 16:09:59.378,0.65737,0.65753,2.48,1.73
2012.11.15 16:09:59.898,0.65737,0.65754,2.48,2.48
2012.11.15 16:10:00.082,0.6574,0.65758,2.48,3.23
2012.11.15 16:10:01.109,0.65738,0.65754,2.48,1.73
2012.11.15 16:10:01.468,0.6574,0.65758,3.15,1.50
2012.11.15 16:10:01.709,0.6574,0.65758,2.48,1.73
2012.11.15 16:10:01.949,0.6574,0.65758,2.48,1.73
2012.11.15 16:10:02.128,0.6574,0.65758,2.48,1.50
2012.11.15 16:10:03.226,0.6574,0.65758,1.73,2.48
2012.11.15 16:10:04.238,0.65735,0.65755,2.48,2.48
2012.11.15 16:10:04.989,0.65735,0.65755,2.48,1.50
2012.11.15 16:10:06.399,0.6574,0.65757,1.73,2.48
2012.11.15 16:10:08.449,0.6574,0.65757,1.73,1.73
2012.11.15 16:10:08.968,0.6574,0.65757,2.48,1.73
2012.11.15 16:10:09.494,0.65743,0.65761,1.50,2.48
2012.11.15 16:10:10.029,0.65743,0.65761,1.50,2.48
2012.11.15 16:10:10.440,0.65743,0.65761,1.73,1.73
2012.11.15 16:10:10.965,0.65743,0.65761,1.73,1.73
2012.11.15 16:10:11.956,0.65743,0.65761,1.73,1.73
2012.11.15 16:10:13.160,0.65743,0.65761,1.73,1.73
2012.11.15 16:10:13.499,0.65743,0.65761,1.73,2.10
2012.11.15 16:10:13.619,0.65743,0.65761,1.50,2.85
2012.11.15 16:10:18.329,0.65743,0.65761,2.25,2.10
2012.11.15 16:10:18.509,0.65743,0.65761,2.48,2.10
2012.11.15 16:10:19.920,0.65743,0.65761,2.48,2.10
2012.11.15 16:10:20.529,0.65743,0.65761,2.48,1.50
2012.11.15 16:10:20.589,0.65746,0.65764,2.48,1.73
2012.11.15 16:10:20.709,0.65746,0.65765,2.48,3.23
2012.11.15 16:10:21.016,0.65746,0.65765,2.48,2.48
2012.11.15 16:10:21.430,0.65746,0.65765,2.48,1.73
2012.11.15 16:10:21.489,0.65746,0.65765,2.48,1.73
2012.11.15 16:10:22.138,0.65746,0.65765,2.48,1.73
2012.11.15 16:10:24.609,0.65746,0.65765,2.48,1.73
2012.11.15 16:10:25.160,0.65746,0.65765,2.48,1.73
2012.11.15 16:10:25.280,0.65746,0.65765,2.25,2.48
2012.11.15 16:10:25.751,0.65742,0.65762,2.48,1.73
2012.11.15 16:10:27.078,0.65742,0.65762,1.73,2.48
2012.11.15 16:10:27.378,0.65739,0.65757,1.73,1.73
2012.11.15 16:10:28.210,0.65739,0.65757,1.73,1.73
2012.11.15 16:10:31.190,0.65737,0.65754,1.58,1.73
2012.11.15 16:10:31.548,0.65741,0.65757,1.73,1.50
2012.11.15 16:10:31.608,0.65741,0.65755,1.50,1.73
2012.11.15 16:10:31.668,0.65738,0.65754,1.50,2.48
2012.11.15 16:10:31.919,0.65736,0.65754,2.25,1.73
2012.11.15 16:10:32.099,0.65736,0.65754,2.48,1.73
2012.11.15 16:10:36.818,0.65736,0.65754,2.48,1.73
2012.11.15 16:10:36.879,0.65736,0.65754,2.48,1.50
2012.11.15 16:10:37.199,0.65736,0.65754,2.48,1.73
2012.11.15 16:10:43.159,0.65742,0.65754,2.25,1.73
2012.11.15 16:10:43.219,0.65744,0.65763,1.73,1.73
2012.11.15 16:10:43.458,0.65741,0.65759,2.48,1.73
2012.11.15 16:10:44.129,0.65741,0.65759,2.25,1.73
2012.11.15 16:10:44.432,0.65736,0.65756,2.48,1.73
2012.11.15 16:10:44.669,0.65736,0.65756,2.48,1.73
2012.11.15 16:10:45.819,0.65736,0.65756,2.48,1.73
2012.11.15 16:10:46.233,0.65734,0.65752,2.48,1.50
2012.11.15 16:10:46.930,0.65733,0.65752,1.73,1.50
2012.11.15 16:10:47.049,0.65736,0.65755,2.48,1.73
2012.11.15 16:10:47.353,0.6574,0.65759,2.48,1.50
2012.11.15 16:10:48.209,0.6574,0.65759,2.48,1.50
2012.11.15 16:10:49.449,0.6574,0.65759,2.48,1.50
2012.11.15 16:10:49.509,0.6574,0.65759,2.48,1.73
2012.11.15 16:10:50.067,0.6574,0.65759,2.48,1.73
2012.11.15 16:10:51.219,0.6574,0.65758,2.48,1.73
2012.11.15 16:10:51.819,0.65735,0.65756,2.48,2.48
2012.11.15 16:10:51.969,0.65735,0.65754,2.48,1.73
2012.11.15 16:10:52.248,0.65735,0.65756,2.48,2.48
2012.11.15 16:10:52.489,0.65735,0.65754,2.48,1.73
2012.11.15 16:10:52.989,0.65735,0.65753,2.48,1.50
2012.11.15 16:10:53.108,0.65732,0.65751,2.48,2.48
2012.11.15 16:10:54.010,0.65732,0.65751,2.48,1.73
2012.11.15 16:11:01.168,0.65736,0.65753,2.25,1.73
2012.11.15 16:11:05.689,0.65733,0.65749,2.48,1.50
2012.11.15 16:11:06.123,0.6573,0.65749,2.48,2.48
2012.11.15 16:11:07.090,0.6573,0.65749,2.48,3.23
2012.11.15 16:11:09.870,0.65732,0.65749,2.48,2.48
2012.11.15 16:11:11.190,0.65734,0.65752,2.48,2.48
2012.11.15 16:11:21.149,0.65734,0.65752,2.48,2.48
2012.11.15 16:11:26.418,0.65734,0.65752,2.25,2.48
2012.11.15 16:11:26.538,0.65729,0.65749,2.48,2.48
2012.11.15 16:11:29.189,0.65729,0.65745,1.50,1.73
2012.11.15 16:11:29.265,0.65726,0.65744,3.23,2.48
2012.11.15 16:11:29.334,0.65726,0.65744,2.48,3.23
2012.11.15 16:11:31.126,0.65726,0.65744,2.48,3.23
2012.11.15 16:11:32.480,0.65726,0.65744,2.48,2.48
2012.11.15 16:11:32.959,0.6573,0.65748,1.50,3.23
2012.11.15 16:11:33.200,0.6573,0.65748,2.48,2.48
2012.11.15 16:11:34.858,0.65726,0.65744,2.48,1.50
2012.11.15 16:11:35.415,0.65726,0.65744,2.48,2.48
2012.11.15 16:11:35.480,0.65726,0.65744,2.48,2.48
2012.11.15 16:11:38.440,0.65726,0.65744,2.48,2.48
2012.11.15 16:11:41.198,0.65726,0.65744,2.48,2.48
2012.11.15 16:11:43.200,0.65726,0.65742,2.48,1.13
2012.11.15 16:11:43.381,0.65726,0.65738,1.50,3.00
2012.11.15 16:11:43.440,0.65717,0.65737,2.48,2.25
2012.11.15 16:11:43.998,0.65717,0.65737,2.48,2.48
2012.11.15 16:11:47.949,0.65717,0.65737,2.48,2.48
2012.11.15 16:11:48.009,0.65717,0.65737,2.48,2.48
2012.11.15 16:11:48.439,0.65717,0.65737,2.48,2.48
2012.11.15 16:11:48.678,0.65722,0.65738,2.48,1.73
2012.11.15 16:11:55.489,0.65722,0.6574,2.48,1.50
2012.11.15 16:11:56.288,0.65726,0.65743,2.48,1.73
2012.11.15 16:11:58.021,0.65729,0.65749,2.25,2.48
2012.11.15 16:11:58.379,0.65729,0.65749,2.78,2.48
2012.11.15 16:11:58.500,0.65729,0.65746,1.50,1.73
2012.11.15 16:11:58.559,0.65729,0.65744,1.50,1.73
2012.11.15 16:11:58.927,0.65729,0.65744,1.50,1.73
2012.11.15 16:11:58.990,0.65729,0.65743,1.50,1.73
2012.11.15 16:11:59.049,0.65722,0.65741,2.18,2.25
2012.11.15 16:11:59.609,0.65721,0.65741,2.48,2.48
2012.11.15 16:11:59.668,0.65721,0.65741,2.48,2.48
2012.11.15 16:12:00.242,0.65719,0.65736,2.48,2.25
2012.11.15 16:12:01.153,0.65719,0.65736,2.48,2.25
2012.11.15 16:12:02.438,0.65719,0.65736,2.48,2.25
2012.11.15 16:12:02.618,0.65722,0.6574,2.25,2.48
2012.11.15 16:12:03.191,0.65722,0.6574,2.48,2.25
2012.11.15 16:12:03.709,0.65722,0.6574,2.48,2.25
2012.11.15 16:12:04.249,0.65726,0.65743,2.48,3.23
2012.11.15 16:12:06.289,0.65726,0.65743,2.48,2.48
2012.11.15 16:12:08.694,0.65726,0.65743,2.48,2.48
2012.11.15 16:12:08.820,0.65729,0.65746,2.48,2.48
2012.11.15 16:12:11.174,0.65729,0.65747,2.48,2.48
2012.11.15 16:12:11.670,0.65729,0.65744,1.50,1.73
2012.11.15 16:12:12.180,0.65729,0.65744,1.50,1.73
2012.11.15 16:12:12.299,0.65726,0.6574,2.25,2.48
2012.11.15 16:12:12.418,0.65722,0.6574,2.48,2.48
2012.11.15 16:12:12.548,0.65722,0.6574,2.48,1.73
2012.11.15 16:12:14.659,0.65725,0.65741,1.73,1.73
2012.11.15 16:12:14.778,0.65725,0.65741,1.50,1.73
2012.11.15 16:12:15.079,0.65725,0.65743,2.25,2.10
2012.11.15 16:12:15.681,0.65722,0.65742,2.48,2.48
2012.11.15 16:12:18.658,0.65722,0.65742,2.48,2.48
2012.11.15 16:12:20.475,0.65727,0.65745,2.25,2.48
2012.11.15 16:12:21.094,0.65728,0.65745,1.58,1.50
2012.11.15 16:12:21.161,0.65735,0.65752,2.48,2.48
2012.11.15 16:12:21.545,0.65735,0.6575,1.50,1.73
2012.11.15 16:12:22.063,0.65735,0.65749,1.50,1.73
2012.11.15 16:12:22.253,0.65728,0.65745,2.48,2.25
2012.11.15 16:12:22.810,0.65727,0.65745,2.48,2.48
2012.11.15 16:12:24.365,0.65727,0.65745,2.48,2.25
2012.11.15 16:12:28.938,0.65727,0.65745,2.48,2.25
2012.11.15 16:12:30.470,0.65727,0.65745,1.73,3.23
2012.11.15 16:12:30.532,0.65727,0.65745,1.73,3.23
2012.11.15 16:12:30.649,0.65723,0.65742,2.48,1.50
2012.11.15 16:12:31.019,0.65723,0.65742,2.48,2.25
2012.11.15 16:12:31.707,0.65723,0.65742,2.48,2.25
2012.11.15 16:12:32.031,0.65723,0.65742,2.48,2.25
2012.11.15 16:12:32.105,0.65723,0.65738,1.73,1.50
2012.11.15 16:12:33.389,0.65719,0.65738,2.48,1.73
2012.11.15 16:12:33.630,0.65719,0.65739,2.48,3.23
2012.11.15 16:12:33.934,0.65719,0.65738,2.48,1.73
2012.11.15 16:12:34.238,0.65723,0.65738,1.73,1.50
2012.11.15 16:12:34.479,0.65723,0.65738,1.73,1.50
2012.11.15 16:12:39.139,0.65726,0.65738,1.50,1.50
2012.11.15 16:12:39.319,0.65727,0.65744,1.73,1.50
2012.11.15 16:12:39.379,0.65727,0.65744,1.73,1.50
2012.11.15 16:12:39.739,0.65727,0.65747,2.48,2.25
2012.11.15 16:12:41.269,0.65732,0.65748,1.73,1.50
2012.11.15 16:12:41.329,0.65732,0.65749,1.73,1.50
2012.11.15 16:12:41.649,0.65732,0.65749,1.73,1.50
2012.11.15 16:12:41.713,0.65732,0.65749,1.73,1.50
2012.11.15 16:12:42.068,0.65732,0.65749,1.73,1.50
2012.11.15 16:12:42.580,0.65732,0.65749,1.73,1.73
2012.11.15 16:12:45.379,0.65732,0.65749,1.73,1.73
2012.11.15 16:12:50.909,0.65732,0.65749,1.73,1.73
2012.11.15 16:12:54.218,0.65735,0.65752,1.73,1.50
2012.11.15 16:12:56.090,0.65735,0.65752,1.73,1.50
2012.11.15 16:12:56.940,0.65735,0.65753,2.48,1.73
2012.11.15 16:13:00.321,0.65735,0.65753,2.48,1.73
2012.11.15 16:13:00.479,0.65735,0.65752,1.73,1.73
2012.11.15 16:13:00.871,0.65735,0.65753,2.48,1.73
2012.11.15 16:13:05.160,0.65735,0.65752,1.73,1.73
2012.11.15 16:13:11.261,0.65735,0.65753,2.48,1.73
2012.11.15 16:13:14.488,0.65737,0.65755,2.48,1.73
2012.11.15 16:13:17.035,0.65737,0.65754,2.48,1.73
2012.11.15 16:13:17.406,0.65737,0.65757,2.40,3.23
2012.11.15 16:13:17.590,0.65739,0.65757,1.50,3.23
2012.11.15 16:13:17.649,0.65741,0.65757,1.50,1.73
2012.11.15 16:13:17.948,0.65741,0.65756,1.50,1.73
2012.11.15 16:13:22.439,0.65741,0.65756,1.50,1.73
2012.11.15 16:13:22.558,0.65738,0.65756,1.50,3.23
2012.11.15 16:13:23.189,0.65738,0.65756,1.73,3.00
2012.11.15 16:13:23.249,0.65738,0.65756,1.73,2.25
2012.11.15 16:13:24.709,0.65738,0.65756,1.73,2.25
2012.11.15 16:13:31.085,0.65738,0.65756,1.73,1.50
2012.11.15 16:13:45.859,0.65738,0.65754,1.73,2.25
2012.11.15 16:13:46.169,0.6573,0.65749,2.91,1.50
2012.11.15 16:13:46.230,0.6573,0.65749,2.48,1.73
2012.11.15 16:13:46.333,0.6573,0.65749,2.48,1.73
2012.11.15 16:13:47.790,0.6573,0.65749,1.73,2.48
2012.11.15 16:13:47.909,0.6573,0.65749,1.73,2.25
2012.11.15 16:13:48.029,0.65736,0.65753,1.73,1.73
2012.11.15 16:13:49.218,0.65732,0.65752,2.48,1.73
2012.11.15 16:13:57.729,0.65732,0.65752,2.48,2.48
2012.11.15 16:13:57.849,0.65732,0.65752,2.48,2.48
2012.11.15 16:14:16.039,0.65732,0.65752,2.48,2.48
2012.11.15 16:14:16.699,0.65734,0.65752,1.73,1.73
2012.11.15 16:14:16.879,0.65737,0.65755,1.73,1.73
2012.11.15 16:14:21.358,0.65737,0.65755,1.73,2.48
2012.11.15 16:14:21.549,0.65737,0.65755,1.50,2.48
2012.11.15 16:14:34.799,0.65737,0.65755,1.50,2.48
2012.11.15 16:14:38.391,0.65737,0.65755,1.50,2.48
2012.11.15 16:14:50.490,0.65737,0.65755,2.25,2.48
2012.11.15 16:15:00.601,0.65734,0.65753,2.48,2.48
2012.11.15 16:15:00.675,0.65734,0.65752,1.73,1.73
2012.11.15 16:15:09.919,0.65734,0.65754,1.73,2.48
2012.11.15 16:15:10.039,0.65734,0.65754,2.48,2.48
2012.11.15 16:15:25.968,0.65734,0.65754,2.25,2.48
2012.11.15 16:15:26.028,0.65734,0.65754,1.50,2.48
2012.11.15 16:15:26.531,0.65731,0.6575,1.73,2.48
2012.11.15 16:15:27.701,0.65728,0.65746,3.23,1.50
2012.11.15 16:15:28.229,0.65726,0.65746,3.23,2.48
2012.11.15 16:15:28.439,0.65728,0.65746,1.73,1.50
2012.11.15 16:15:28.799,0.65727,0.65746,1.73,2.48
2012.11.15 16:15:29.320,0.65729,0.65746,1.73,1.50
2012.11.15 16:15:35.260,0.65731,0.65748,2.48,1.73
2012.11.15 16:15:44.989,0.65735,0.65753,1.73,2.48
2012.11.15 16:15:54.680,0.65731,0.65749,2.48,2.48
2012.11.15 16:16:02.179,0.65731,0.65749,1.73,2.48
2012.11.15 16:16:02.419,0.65731,0.65748,1.50,1.73
2012.11.15 16:16:02.938,0.65727,0.65745,2.48,2.48
2012.11.15 16:16:07.649,0.65728,0.65745,1.73,1.73
2012.11.15 16:16:14.365,0.65727,0.65745,2.48,2.48
2012.11.15 16:16:15.411,0.65728,0.65745,1.73,1.73
2012.11.15 16:16:16.849,0.65728,0.65745,1.73,1.50
2012.11.15 16:16:18.602,0.6573,0.6575,2.48,2.48
2012.11.15 16:16:24.500,0.6573,0.65749,2.25,1.73
2012.11.15 16:16:27.967,0.65728,0.65741,1.73,1.50
2012.11.15 16:16:28.339,0.65724,0.65741,1.35,2.25
2012.11.15 16:16:28.461,0.65724,0.65741,1.13,2.48
2012.11.15 16:16:28.579,0.65723,0.65741,2.63,2.48
2012.11.15 16:16:28.884,0.65718,0.65738,2.48,2.48
2012.11.15 16:16:29.330,0.6572,0.65738,1.73,1.73
2012.11.15 16:16:29.869,0.65721,0.65738,1.73,1.50
2012.11.15 16:16:31.829,0.65722,0.65742,2.48,2.48
2012.11.15 16:16:36.741,0.65722,0.65741,1.73,1.73
2012.11.15 16:16:37.485,0.65722,0.65739,1.73,1.73
2012.11.15 16:16:37.719,0.65722,0.65739,1.73,1.73
2012.11.15 16:16:37.849,0.65718,0.65736,2.48,1.73
2012.11.15 16:16:41.783,0.65718,0.65736,1.73,2.48
2012.11.15 16:16:42.213,0.65727,0.6574,3.00,1.73
2012.11.15 16:16:42.291,0.65739,0.65749,3.38,4.28
2012.11.15 16:16:42.770,0.65741,0.65769,1.05,1.50
2012.11.15 16:16:42.891,0.65745,0.65769,2.25,1.50
2012.11.15 16:16:43.249,0.65753,0.65769,1.73,1.50
2012.11.15 16:16:43.489,0.65753,0.65774,1.73,1.50
2012.11.15 16:16:44.649,0.65752,0.65774,1.73,1.73
2012.11.15 16:16:44.769,0.65751,0.65774,1.35,1.73
2012.11.15 16:16:45.299,0.65751,0.65772,2.10,1.73
2012.11.15 16:16:45.600,0.65751,0.65772,1.35,1.73
2012.11.15 16:16:48.010,0.6575,0.65773,2.48,1.73
2012.11.15 16:16:48.070,0.65756,0.65773,2.48,1.50
2012.11.15 16:16:48.429,0.65756,0.65773,2.48,1.73
2012.11.15 16:16:49.040,0.65756,0.65773,2.48,1.73
2012.11.15 16:16:49.409,0.65756,0.65773,2.25,1.73
2012.11.15 16:16:49.650,0.65756,0.65773,2.48,1.73
2012.11.15 16:16:49.710,0.65756,0.65771,1.73,1.50
2012.11.15 16:16:50.049,0.65756,0.65773,2.48,1.50
2012.11.15 16:16:50.170,0.65756,0.65773,2.48,1.50
2012.11.15 16:16:51.073,0.65756,0.65773,2.48,1.50
2012.11.15 16:16:53.654,0.65757,0.65774,1.73,2.25
2012.11.15 16:16:58.109,0.65757,0.65773,3.23,2.48
2012.11.15 16:16:58.629,0.65758,0.65776,1.73,1.35
2012.11.15 16:16:59.156,0.65758,0.65776,1.73,1.35
2012.11.15 16:16:59.339,0.65758,0.65778,1.50,2.48
2012.11.15 16:16:59.520,0.65758,0.65778,2.48,2.48
2012.11.15 16:17:00.619,0.65757,0.65774,1.50,2.48
2012.11.15 16:17:00.859,0.65757,0.65774,1.73,2.25
2012.11.15 16:17:01.654,0.65757,0.65774,1.73,2.48
2012.11.15 16:17:02.810,0.65756,0.65774,1.73,2.48
2012.11.15 16:17:02.929,0.65756,0.65774,1.73,2.48
2012.11.15 16:17:02.989,0.65756,0.65774,1.73,2.48
2012.11.15 16:17:03.050,0.65756,0.65774,1.73,2.48
2012.11.15 16:17:03.511,0.65759,0.65774,1.73,1.73
2012.11.15 16:17:08.131,0.65759,0.65777,1.73,2.48
2012.11.15 16:17:09.525,0.65759,0.65777,1.50,2.48
2012.11.15 16:17:09.649,0.65756,0.65774,1.73,2.48
2012.11.15 16:17:10.159,0.65756,0.65774,1.73,2.48
2012.11.15 16:17:11.219,0.65756,0.65774,1.73,2.48
2012.11.15 16:17:15.859,0.65756,0.65774,1.73,2.25
2012.11.15 16:17:16.447,0.65756,0.65774,1.73,2.48
2012.11.15 16:17:19.009,0.65755,0.65774,1.50,2.48
2012.11.15 16:17:26.537,0.6575,0.6577,2.48,2.48
2012.11.15 16:17:26.618,0.65749,0.65766,1.73,1.50
2012.11.15 16:17:28.750,0.65752,0.65766,1.50,1.73
2012.11.15 16:17:29.609,0.65746,0.65766,3.23,2.48
2012.11.15 16:17:31.159,0.65746,0.65766,3.23,2.48
2012.11.15 16:17:33.602,0.65746,0.65766,3.23,2.48
2012.11.15 16:17:34.070,0.65747,0.65766,1.73,1.73
2012.11.15 16:17:35.109,0.65747,0.65766,1.73,2.48
2012.11.15 16:17:35.530,0.65747,0.65766,1.73,1.73
2012.11.15 16:17:39.259,0.65751,0.65769,2.48,2.48
2012.11.15 16:17:42.632,0.65751,0.65769,2.48,3.23
2012.11.15 16:17:44.099,0.65751,0.65769,2.48,3.23
2012.11.15 16:17:46.710,0.65748,0.65766,3.23,1.50
2012.11.15 16:17:46.895,0.6575,0.65768,2.48,3.00
2012.11.15 16:17:47.399,0.6575,0.65767,1.73,1.35
2012.11.15 16:17:47.639,0.65744,0.65761,2.48,2.48
2012.11.15 16:17:48.153,0.65742,0.65761,3.23,1.50
2012.11.15 16:17:49.039,0.65746,0.65764,2.48,1.50
2012.11.15 16:17:49.781,0.65746,0.65766,2.48,3.23
2012.11.15 16:17:51.883,0.65746,0.65764,2.48,1.73
2012.11.15 16:17:52.120,0.65744,0.65761,1.35,1.73
2012.11.15 16:17:52.480,0.65744,0.65761,1.35,1.50
2012.11.15 16:17:52.600,0.65746,0.65764,2.48,1.50
2012.11.15 16:17:54.339,0.65746,0.65764,2.48,1.50
2012.11.15 16:17:54.986,0.65746,0.65764,2.48,1.73
2012.11.15 16:17:55.656,0.65744,0.65761,1.35,1.50
2012.11.15 16:17:56.700,0.65744,0.65761,1.35,1.50
2012.11.15 16:17:57.343,0.65744,0.65761,1.35,1.50
2012.11.15 16:17:58.609,0.65744,0.65761,1.35,1.50
2012.11.15 16:17:59.139,0.65744,0.65761,1.35,1.50
2012.11.15 16:18:01.252,0.65744,0.65761,1.35,1.50
2012.11.15 16:18:03.459,0.65744,0.65761,1.35,1.50
2012.11.15 16:18:04.291,0.65746,0.65766,2.48,2.25
2012.11.15 16:18:04.880,0.65746,0.65763,2.48,1.50
2012.11.15 16:18:05.399,0.65744,0.65761,1.35,1.50
2012.11.15 16:18:06.369,0.65747,0.65764,2.48,1.50
2012.11.15 16:18:06.894,0.65747,0.65765,2.48,2.25
2012.11.15 16:18:07.449,0.65747,0.65764,1.73,1.50
2012.11.15 16:18:07.572,0.65744,0.65762,1.35,1.73
2012.11.15 16:18:07.631,0.65744,0.65762,2.10,1.73
2012.11.15 16:18:07.693,0.65744,0.65762,2.10,1.73
2012.11.15 16:18:07.881,0.65744,0.65762,2.10,1.50
2012.11.15 16:18:08.180,0.65745,0.65762,1.73,1.50
2012.11.15 16:18:08.311,0.65745,0.65762,1.73,1.50
2012.11.15 16:18:09.029,0.65746,0.65762,1.20,1.50
2012.11.15 16:18:09.150,0.65748,0.65766,1.35,1.50
2012.11.15 16:18:09.441,0.6575,0.65768,2.48,1.50
2012.11.15 16:18:09.620,0.6575,0.65769,2.48,1.73
2012.11.15 16:18:11.789,0.6575,0.65769,2.48,1.50
2012.11.15 16:18:13.929,0.6575,0.6577,2.48,2.48
2012.11.15 16:18:14.629,0.65752,0.6577,2.85,2.25
2012.11.15 16:18:14.829,0.65755,0.65772,2.48,1.50
2012.11.15 16:18:15.370,0.65755,0.65772,2.48,1.50
2012.11.15 16:18:15.610,0.65755,0.65772,2.25,2.48
2012.11.15 16:18:15.790,0.65755,0.65772,2.48,2.48
2012.11.15 16:18:23.180,0.65755,0.65772,2.48,2.48
2012.11.15 16:18:23.360,0.65758,0.65778,2.48,2.48
2012.11.15 16:18:23.659,0.65758,0.65778,2.48,2.25
2012.11.15 16:18:26.180,0.65761,0.65778,1.73,1.50
2012.11.15 16:18:27.022,0.65758,0.65778,2.48,2.25
2012.11.15 16:18:27.391,0.65758,0.65778,2.48,2.48
2012.11.15 16:18:33.013,0.65757,0.65773,2.48,1.50
2012.11.15 16:18:34.230,0.65753,0.65772,2.48,1.13
2012.11.15 16:18:34.290,0.65752,0.65769,3.23,2.48
2012.11.15 16:18:34.349,0.65749,0.65769,3.23,2.48
2012.11.15 16:18:41.139,0.65749,0.65769,3.23,2.25
2012.11.15 16:18:43.262,0.65749,0.65768,2.25,2.10
2012.11.15 16:18:43.789,0.65747,0.65764,1.73,1.50
2012.11.15 16:18:45.470,0.65747,0.65764,1.73,2.48
2012.11.15 16:18:45.650,0.65748,0.65764,1.73,1.73
2012.11.15 16:18:45.710,0.65748,0.65764,1.73,1.50
2012.11.15 16:18:46.219,0.65748,0.65764,1.73,1.50
2012.11.15 16:18:46.342,0.65746,0.65764,1.73,1.50
2012.11.15 16:18:49.341,0.65748,0.65764,3.23,1.50
2012.11.15 16:18:49.400,0.6575,0.65771,2.48,2.48
2012.11.15 16:18:49.840,0.65748,0.65766,1.73,1.50
2012.11.15 16:18:50.270,0.6575,0.65766,1.73,1.50
2012.11.15 16:18:50.330,0.6575,0.65766,1.73,1.50
2012.11.15 16:18:50.569,0.65751,0.65771,1.73,1.50
2012.11.15 16:18:52.419,0.65751,0.65771,1.73,1.50
2012.11.15 16:18:53.899,0.65752,0.65771,1.73,1.50
2012.11.15 16:18:54.019,0.65755,0.65775,1.73,2.48
2012.11.15 16:18:54.079,0.65755,0.65775,1.73,3.23
2012.11.15 16:18:54.139,0.65755,0.65775,1.73,3.00
2012.11.15 16:18:54.259,0.65755,0.65775,1.73,3.23
2012.11.15 16:18:54.440,0.65755,0.65775,1.73,2.48
2012.11.15 16:18:54.620,0.65755,0.65775,1.73,1.50
2012.11.15 16:18:55.223,0.65754,0.65775,2.48,2.48
2012.11.15 16:18:55.280,0.65754,0.65774,2.48,1.73
2012.11.15 16:18:55.340,0.65754,0.65774,2.48,1.73
2012.11.15 16:18:55.408,0.65754,0.65774,2.48,1.73
2012.11.15 16:18:58.060,0.65752,0.6577,1.73,1.50
2012.11.15 16:19:00.499,0.65755,0.65772,2.48,1.50
2012.11.15 16:19:05.023,0.65755,0.65772,2.48,1.50
2012.11.15 16:19:05.589,0.6576,0.65778,2.48,2.10
2012.11.15 16:19:06.250,0.6576,0.65778,2.48,1.88
2012.11.15 16:19:06.896,0.6576,0.65778,2.48,1.88
2012.11.15 16:19:09.180,0.6576,0.65778,2.48,2.10
2012.11.15 16:19:09.370,0.6576,0.65778,2.48,2.10
2012.11.15 16:19:10.789,0.65759,0.65777,3.23,1.50
2012.11.15 16:19:10.849,0.65759,0.65775,2.48,1.50
2012.11.15 16:19:11.171,0.65758,0.65773,1.73,1.50
2012.11.15 16:19:19.351,0.65755,0.65773,2.48,2.25
2012.11.15 16:19:19.660,0.6575,0.65767,1.73,1.50
2012.11.15 16:19:19.719,0.6575,0.65767,1.50,1.73
2012.11.15 16:19:22.959,0.65747,0.65767,2.48,3.23
2012.11.15 16:19:23.019,0.65747,0.65767,2.25,3.23
2012.11.15 16:19:23.988,0.65747,0.65767,2.25,3.23
2012.11.15 16:19:27.051,0.65745,0.65763,1.50,2.85
2012.11.15 16:19:33.540,0.65744,0.65763,1.73,2.48
2012.11.15 16:19:34.180,0.65744,0.65763,1.73,1.73
2012.11.15 16:19:34.360,0.65748,0.65763,1.73,1.50
2012.11.15 16:19:34.721,0.65751,0.65763,1.73,1.50
2012.11.15 16:19:35.132,0.65751,0.65766,1.73,1.50
2012.11.15 16:19:35.460,0.6575,0.65766,1.73,1.73
2012.11.15 16:19:35.580,0.65751,0.65766,1.73,1.50
2012.11.15 16:19:35.699,0.65751,0.65768,3.23,1.73
2012.11.15 16:19:36.274,0.65751,0.6577,3.23,1.73
2012.11.15 16:19:36.791,0.65751,0.6577,2.48,1.73
2012.11.15 16:19:37.449,0.65749,0.65766,1.73,1.50
2012.11.15 16:19:38.389,0.65748,0.65766,2.48,1.73
2012.11.15 16:19:38.920,0.65746,0.65764,1.73,1.50
2012.11.15 16:19:39.280,0.65749,0.65764,1.73,1.50
2012.11.15 16:19:39.720,0.65751,0.65766,1.73,1.50
2012.11.15 16:19:40.279,0.65751,0.65767,1.73,1.50
2012.11.15 16:19:40.460,0.65753,0.65767,1.73,1.50
2012.11.15 16:19:40.721,0.65753,0.65769,1.73,1.50
2012.11.15 16:19:40.781,0.65753,0.65772,1.73,1.50
2012.11.15 16:19:41.680,0.65752,0.65772,3.23,1.50
2012.11.15 16:19:42.099,0.65752,0.65772,3.23,2.48
2012.11.15 16:19:46.979,0.65752,0.65772,2.48,1.73
2012.11.15 16:19:47.039,0.65753,0.65772,1.73,1.50
2012.11.15 16:19:48.554,0.65753,0.65772,1.73,1.73
2012.11.15 16:19:48.950,0.65752,0.65771,1.73,1.35
2012.11.15 16:19:49.610,0.65751,0.65768,1.73,1.50
2012.11.15 16:19:49.730,0.65754,0.65772,2.48,2.10
2012.11.15 16:19:49.909,0.65751,0.65768,1.73,1.73
2012.11.15 16:19:53.235,0.65751,0.65768,1.73,1.73
2012.11.15 16:19:53.539,0.65751,0.65768,1.73,1.73
2012.11.15 16:19:57.979,0.6575,0.65767,1.73,1.73
2012.11.15 16:19:58.541,0.6575,0.65768,2.25,1.73
2012.11.15 16:19:59.057,0.6575,0.65768,1.50,3.23
2012.11.15 16:20:00.711,0.6575,0.65768,2.25,1.73
2012.11.15 16:20:01.272,0.6575,0.65767,1.50,1.73
2012.11.15 16:20:01.839,0.6575,0.65768,1.50,2.48
2012.11.15 16:20:02.182,0.6575,0.65768,2.25,3.23
2012.11.15 16:20:03.029,0.6575,0.65768,2.48,2.48
2012.11.15 16:20:03.930,0.6575,0.65768,1.73,2.48
2012.11.15 16:20:04.379,0.65745,0.65765,3.23,2.48
2012.11.15 16:20:05.680,0.65745,0.65764,2.48,1.73
2012.11.15 16:20:06.620,0.65748,0.65764,1.50,1.73
2012.11.15 16:20:06.980,0.6575,0.65765,1.50,1.73
2012.11.15 16:20:08.171,0.6575,0.65767,2.25,1.35
2012.11.15 16:20:09.728,0.6575,0.65765,1.50,1.73
2012.11.15 16:20:09.988,0.6575,0.65767,2.48,1.35
2012.11.15 16:20:10.639,0.6575,0.65768,2.48,2.48
2012.11.15 16:20:12.286,0.6575,0.65768,2.48,1.73
2012.11.15 16:20:12.407,0.6575,0.65768,2.48,1.50
2012.11.15 16:20:15.177,0.65757,0.65775,2.48,1.73
2012.11.15 16:20:15.416,0.65757,0.65774,2.25,1.73
2012.11.15 16:20:15.600,0.65757,0.65775,2.48,1.73
2012.11.15 16:20:15.937,0.65761,0.65775,1.50,1.73
2012.11.15 16:20:16.886,0.65761,0.65777,2.25,1.58
2012.11.15 16:20:17.887,0.65761,0.65779,2.48,3.23
2012.11.15 16:20:18.187,0.65761,0.65779,1.73,3.23
2012.11.15 16:20:18.736,0.65761,0.65779,2.48,2.48
2012.11.15 16:20:19.409,0.65761,0.65779,1.73,2.48
2012.11.15 16:20:19.777,0.65761,0.65779,1.50,3.23
2012.11.15 16:20:19.946,0.65761,0.65779,1.50,3.23
2012.11.15 16:20:20.187,0.65761,0.65779,2.25,3.23
2012.11.15 16:20:20.307,0.65761,0.65779,2.25,3.23
2012.11.15 16:20:20.367,0.65761,0.65779,2.25,2.48
2012.11.15 16:20:20.707,0.65761,0.65779,2.25,2.48
2012.11.15 16:20:20.766,0.65761,0.65779,2.25,2.48
2012.11.15 16:20:22.086,0.65761,0.65779,2.48,2.48
2012.11.15 16:20:22.228,0.65764,0.65779,1.50,1.73
2012.11.15 16:20:23.516,0.65762,0.65779,1.73,2.48
2012.11.15 16:20:23.758,0.65762,0.65779,1.50,2.48
2012.11.15 16:20:27.174,0.65761,0.65779,2.48,2.48
2012.11.15 16:20:27.697,0.65761,0.65779,1.50,2.48
2012.11.15 16:20:30.696,0.65761,0.65779,2.48,2.48
2012.11.15 16:20:31.386,0.65761,0.65779,2.48,2.48
2012.11.15 16:20:32.327,0.65762,0.65779,1.50,2.48
2012.11.15 16:20:35.207,0.65762,0.65779,1.50,2.48
2012.11.15 16:20:35.327,0.65762,0.65779,1.50,2.48
2012.11.15 16:20:35.636,0.65761,0.65779,2.48,2.48
2012.11.15 16:20:36.158,0.65761,0.65779,1.50,2.91
2012.11.15 16:20:36.516,0.65761,0.65774,1.50,1.73
2012.11.15 16:20:36.637,0.65757,0.65774,1.50,1.73
2012.11.15 16:20:37.117,0.65752,0.65769,1.50,1.73
2012.11.15 16:20:37.488,0.65754,0.65772,2.25,1.73
2012.11.15 16:20:37.642,0.65754,0.65772,2.48,1.73
2012.11.15 16:20:39.188,0.65757,0.65772,1.50,1.73
2012.11.15 16:20:41.407,0.65757,0.65776,3.00,2.48
2012.11.15 16:20:41.836,0.65757,0.65776,2.25,2.48
2012.11.15 16:20:42.557,0.65754,0.65772,2.25,1.73
2012.11.15 16:20:43.597,0.65751,0.65769,1.50,1.73
2012.11.15 16:20:43.937,0.65751,0.65769,1.73,1.73
2012.11.15 16:20:44.477,0.65753,0.65773,2.25,1.73
2012.11.15 16:20:45.988,0.65753,0.65773,1.50,2.48
2012.11.15 16:20:46.466,0.65753,0.65771,2.25,1.73
2012.11.15 16:20:46.646,0.65753,0.65773,1.50,1.73
2012.11.15 16:20:46.767,0.65753,0.65773,1.50,2.48
2012.11.15 16:20:47.248,0.65753,0.65773,2.25,2.48
2012.11.15 16:20:47.307,0.65753,0.65773,2.48,2.48
2012.11.15 16:21:08.067,0.65753,0.65773,2.48,3.08
2012.11.15 16:21:08.126,0.65753,0.65772,1.73,1.73
2012.11.15 16:21:08.718,0.65753,0.65773,2.48,3.83
2012.11.15 16:21:09.126,0.6575,0.65768,3.23,1.50
2012.11.15 16:21:14.977,0.65751,0.65768,1.73,1.50
2012.11.15 16:21:15.167,0.6575,0.65768,2.48,1.73
2012.11.15 16:21:15.697,0.65749,0.65765,1.73,1.50
2012.11.15 16:21:16.177,0.6575,0.65768,3.23,1.73
2012.11.15 16:21:16.367,0.6575,0.65768,3.23,1.50
2012.11.15 16:21:17.039,0.65751,0.65768,1.73,1.50
2012.11.15 16:21:20.838,0.65751,0.65768,3.23,1.50
2012.11.15 16:21:20.977,0.65754,0.65772,1.73,3.23
2012.11.15 16:21:21.216,0.65751,0.65767,1.73,1.50
2012.11.15 16:21:23.807,0.6575,0.65766,2.48,1.50
2012.11.15 16:21:23.867,0.65746,0.65764,3.23,1.50
2012.11.15 16:21:24.542,0.65747,0.65764,1.73,1.50
2012.11.15 16:21:25.362,0.65748,0.65764,1.73,1.50
2012.11.15 16:21:27.887,0.6575,0.65768,3.23,1.73
2012.11.15 16:21:28.386,0.65754,0.65771,1.50,2.48
2012.11.15 16:21:28.507,0.65749,0.65769,3.23,2.48
2012.11.15 16:21:30.376,0.65749,0.65765,1.73,1.50
2012.11.15 16:21:34.549,0.65748,0.65765,1.73,1.50
2012.11.15 16:21:35.458,0.65747,0.65765,1.73,2.25
2012.11.15 16:21:35.816,0.65748,0.65765,1.73,1.73
2012.11.15 16:21:35.936,0.65746,0.65765,1.73,2.48
2012.11.15 16:21:36.057,0.65745,0.65764,2.25,1.73
2012.11.15 16:21:41.127,0.65745,0.65765,3.23,2.48
2012.11.15 16:21:43.247,0.65746,0.65765,1.73,1.73
2012.11.15 16:21:43.308,0.65746,0.65765,1.73,1.50
2012.11.15 16:21:43.779,0.6575,0.65767,2.48,3.00
2012.11.15 16:21:45.117,0.6575,0.65767,2.48,1.50
2012.11.15 16:21:47.617,0.6575,0.65767,2.48,1.50
2012.11.15 16:21:48.079,0.6575,0.65767,2.48,1.50
2012.11.15 16:21:54.238,0.65753,0.6577,2.48,2.48
2012.11.15 16:21:54.417,0.65753,0.65771,2.48,2.48
2012.11.15 16:21:55.010,0.65753,0.65771,2.48,2.48
2012.11.15 16:21:57.176,0.65753,0.65771,2.48,2.48
2012.11.15 16:22:01.179,0.65753,0.65771,2.48,1.73
2012.11.15 16:22:01.919,0.65749,0.65767,3.23,1.50
2012.11.15 16:22:10.047,0.65749,0.65767,2.48,1.50
2012.11.15 16:22:11.176,0.65749,0.65767,2.48,2.25
2012.11.15 16:22:11.237,0.65749,0.65767,2.48,2.25
2012.11.15 16:22:11.357,0.65749,0.65767,2.48,2.25
2012.11.15 16:22:12.038,0.65749,0.65767,2.48,2.25
2012.11.15 16:22:12.397,0.65756,0.65771,2.48,2.25
2012.11.15 16:22:12.774,0.65757,0.65774,1.73,1.50
2012.11.15 16:22:13.828,0.65757,0.65777,2.48,2.48
2012.11.15 16:22:14.648,0.65759,0.65777,2.48,1.73
2012.11.15 16:22:15.260,0.65762,0.65779,2.48,1.50
2012.11.15 16:22:15.628,0.65762,0.65779,1.50,2.48
2012.11.15 16:22:19.247,0.65762,0.65779,1.73,2.48
2012.11.15 16:22:19.367,0.65765,0.65783,1.50,2.48
2012.11.15 16:22:19.907,0.65765,0.65783,1.50,3.23
2012.11.15 16:22:21.176,0.65765,0.65783,1.73,2.48
2012.11.15 16:22:21.451,0.65765,0.65783,2.48,1.73
2012.11.15 16:22:21.577,0.65765,0.65783,2.48,1.50
2012.11.15 16:22:22.687,0.65765,0.65783,2.48,1.73
2012.11.15 16:22:29.927,0.65765,0.65783,2.48,1.73
2012.11.15 16:22:31.779,0.65769,0.65789,2.25,3.23
2012.11.15 16:22:31.838,0.65769,0.65789,2.48,3.23
2012.11.15 16:22:31.957,0.6577,0.65789,1.73,2.48
2012.11.15 16:22:32.196,0.6577,0.65789,1.73,2.48
2012.11.15 16:22:41.408,0.65769,0.65789,2.48,2.48
2012.11.15 16:22:42.069,0.65769,0.65789,2.48,1.73
2012.11.15 16:22:42.307,0.65771,0.65789,1.73,1.50
2012.11.15 16:22:42.649,0.65774,0.65791,2.48,1.73
2012.11.15 16:22:44.479,0.65774,0.65792,1.73,2.48
2012.11.15 16:22:44.893,0.65769,0.65789,3.23,2.48
2012.11.15 16:22:46.676,0.65769,0.65789,3.23,2.48
2012.11.15 16:22:46.919,0.65772,0.65789,1.73,2.48
2012.11.15 16:22:47.283,0.65775,0.65789,1.73,1.50
2012.11.15 16:22:47.658,0.65775,0.65793,1.73,1.73
2012.11.15 16:22:49.667,0.65773,0.65793,2.48,2.48
2012.11.15 16:22:51.257,0.65773,0.65793,2.48,2.48
2012.11.15 16:22:51.760,0.65773,0.65793,2.48,2.48
2012.11.15 16:22:57.473,0.65776,0.65793,1.50,1.73
2012.11.15 16:22:57.613,0.65776,0.65793,1.73,1.50
2012.11.15 16:23:04.388,0.65773,0.65793,2.48,2.25
2012.11.15 16:23:04.866,0.65771,0.65788,1.73,1.50
2012.11.15 16:23:05.378,0.65771,0.65788,1.73,1.50
2012.11.15 16:23:05.607,0.65771,0.65788,1.73,1.50
2012.11.15 16:23:06.504,0.65771,0.65788,1.73,1.50
2012.11.15 16:23:08.737,0.65771,0.65788,1.73,1.50
2012.11.15 16:23:08.857,0.65771,0.65788,1.73,1.50
2012.11.15 16:23:08.916,0.6577,0.65788,2.48,2.25
2012.11.15 16:23:09.097,0.65766,0.65785,1.73,2.25
2012.11.15 16:23:09.948,0.65772,0.65787,2.48,2.25
2012.11.15 16:23:10.409,0.65772,0.65792,3.23,2.85
2012.11.15 16:23:11.258,0.65772,0.6579,3.23,2.48
2012.11.15 16:23:11.808,0.65772,0.65788,1.73,2.25
2012.11.15 16:23:12.528,0.65772,0.65788,1.73,2.25
2012.11.15 16:23:15.397,0.65772,0.65788,1.73,2.25
2012.11.15 16:23:15.967,0.65768,0.65788,2.48,2.25
2012.11.15 16:23:16.028,0.65768,0.65788,2.48,2.25
2012.11.15 16:23:16.667,0.65768,0.65788,2.48,2.48
2012.11.15 16:23:17.326,0.65768,0.65788,2.48,2.48
2012.11.15 16:23:19.037,0.65768,0.65788,2.25,2.48
2012.11.15 16:23:21.081,0.65766,0.65784,1.73,2.48
2012.11.15 16:23:26.613,0.65766,0.65784,1.73,2.48
2012.11.15 16:23:29.538,0.65765,0.65784,2.48,2.48
2012.11.15 16:23:29.906,0.65765,0.65784,2.48,2.25
2012.11.15 16:23:29.966,0.65766,0.65784,1.73,2.25
2012.11.15 16:23:31.100,0.65768,0.65788,2.48,2.48
2012.11.15 16:23:33.018,0.65772,0.65788,1.50,2.48
2012.11.15 16:23:33.418,0.65772,0.65788,1.50,2.48
2012.11.15 16:23:38.919,0.65772,0.65788,1.73,2.25
2012.11.15 16:23:41.399,0.65772,0.65788,1.73,2.25
2012.11.15 16:23:49.320,0.65777,0.65792,1.50,1.73
2012.11.15 16:23:51.097,0.65777,0.65792,1.50,1.73
2012.11.15 16:24:00.779,0.65772,0.65792,2.48,2.48
2012.11.15 16:24:08.480,0.65771,0.65788,3.23,1.50
2012.11.15 16:24:08.657,0.65771,0.65788,1.73,1.73
2012.11.15 16:24:08.777,0.65768,0.65788,2.48,2.48
2012.11.15 16:24:09.118,0.65768,0.65788,2.48,2.48
2012.11.15 16:24:09.297,0.65772,0.65788,1.50,2.48
2012.11.15 16:24:13.607,0.65772,0.65788,1.50,2.48
2012.11.15 16:24:20.087,0.65772,0.65788,1.50,2.48
2012.11.15 16:24:29.227,0.65772,0.65788,1.73,2.25
2012.11.15 16:24:29.817,0.65774,0.65788,1.73,1.50
2012.11.15 16:24:32.477,0.65773,0.65791,3.23,1.50
2012.11.15 16:24:35.039,0.65776,0.65791,1.50,1.73
2012.11.15 16:24:35.158,0.65773,0.65791,2.25,2.48
2012.11.15 16:24:39.798,0.65773,0.65791,2.48,2.48
2012.11.15 16:24:40.216,0.65774,0.65791,1.73,1.73
2012.11.15 16:24:40.579,0.65781,0.65799,2.48,2.48
2012.11.15 16:24:48.598,0.65782,0.65799,1.73,2.25
2012.11.15 16:24:48.897,0.65787,0.65801,1.73,1.50
2012.11.15 16:24:49.077,0.65787,0.65801,1.73,1.50
2012.11.15 16:24:49.138,0.65787,0.65803,1.73,1.50
2012.11.15 16:24:50.388,0.65789,0.65807,3.23,1.73
2012.11.15 16:24:59.737,0.65789,0.65807,1.73,2.48
2012.11.15 16:25:00.238,0.65789,0.65807,1.50,2.48
2012.11.15 16:25:00.747,0.65787,0.65803,1.73,2.48
2012.11.15 16:25:01.910,0.65787,0.65803,1.73,2.25
2012.11.15 16:25:02.447,0.65787,0.65803,1.73,2.25
2012.11.15 16:25:03.047,0.65787,0.65803,1.73,2.48
2012.11.15 16:25:03.227,0.65787,0.65803,1.73,2.25
2012.11.15 16:25:04.298,0.65786,0.65803,1.73,1.50
2012.11.15 16:25:04.417,0.65786,0.65803,1.73,1.50
2012.11.15 16:25:04.960,0.65786,0.65803,1.73,1.50
2012.11.15 16:25:05.762,0.65791,0.65803,1.50,1.50
2012.11.15 16:25:13.261,0.65791,0.65803,1.50,1.88
2012.11.15 16:25:13.577,0.65782,0.65795,1.73,1.50
2012.11.15 16:25:13.757,0.65782,0.65795,1.73,1.50
2012.11.15 16:25:13.818,0.65782,0.65795,1.73,1.50
2012.11.15 16:25:13.998,0.65778,0.65795,2.48,2.25
2012.11.15 16:25:14.118,0.65778,0.65795,2.25,2.85
2012.11.15 16:25:14.727,0.65777,0.65792,1.50,1.73
2012.11.15 16:25:18.585,0.65777,0.65792,1.50,1.73
2012.11.15 16:25:19.127,0.65779,0.65792,1.73,1.50
2012.11.15 16:25:19.667,0.65777,0.65795,3.23,2.48
2012.11.15 16:25:23.908,0.65777,0.65795,3.23,2.48
2012.11.15 16:25:26.408,0.65781,0.65799,3.00,2.48
2012.11.15 16:25:26.468,0.65781,0.65799,3.00,2.48
2012.11.15 16:25:27.339,0.65781,0.65799,3.00,2.48
2012.11.15 16:25:29.868,0.65782,0.65799,1.73,1.73
2012.11.15 16:25:29.987,0.65782,0.65799,1.73,1.73
2012.11.15 16:25:30.347,0.65783,0.65799,2.48,1.50
2012.11.15 16:25:31.097,0.65784,0.65804,2.48,2.48
2012.11.15 16:25:31.925,0.65784,0.65804,2.48,2.48
2012.11.15 16:25:35.319,0.65793,0.65809,2.25,1.35
2012.11.15 16:25:35.678,0.65796,0.65811,1.50,1.73
2012.11.15 16:25:35.977,0.65793,0.65811,2.48,2.48
2012.11.15 16:25:36.517,0.65793,0.65811,2.48,2.48
2012.11.15 16:25:38.496,0.65795,0.65811,1.73,1.73
2012.11.15 16:25:38.817,0.65796,0.65815,3.23,2.85
2012.11.15 16:25:38.997,0.658,0.65815,1.50,1.35
2012.11.15 16:25:39.300,0.658,0.65817,2.25,2.48
2012.11.15 16:25:40.160,0.65802,0.65818,1.50,2.48
2012.11.15 16:25:41.154,0.65802,0.65818,1.50,2.48
2012.11.15 16:25:42.471,0.65801,0.65818,1.50,2.48
2012.11.15 16:25:43.057,0.65802,0.65818,1.50,2.48
2012.11.15 16:25:43.666,0.65801,0.65818,1.50,2.48
2012.11.15 16:25:44.808,0.65802,0.65818,3.00,2.48
2012.11.15 16:25:44.869,0.65802,0.65818,3.23,2.48
2012.11.15 16:25:44.931,0.65804,0.65818,1.50,1.73
2012.11.15 16:25:45.511,0.65799,0.65818,2.48,1.35
2012.11.15 16:25:45.579,0.65799,0.65818,2.25,1.35
2012.11.15 16:25:51.097,0.65799,0.65818,2.25,1.35
2012.11.15 16:25:51.607,0.65797,0.65814,1.73,2.48
2012.11.15 16:25:51.910,0.65794,0.65814,2.48,2.48
2012.11.15 16:25:52.270,0.65791,0.6581,1.73,2.48
2012.11.15 16:25:54.038,0.65791,0.65809,1.73,1.58
2012.11.15 16:25:54.878,0.65787,0.65805,1.73,2.25
2012.11.15 16:25:54.937,0.65787,0.65805,1.73,2.48
2012.11.15 16:25:54.998,0.65787,0.65805,1.73,2.48
2012.11.15 16:25:55.527,0.65787,0.65805,1.73,2.48
2012.11.15 16:25:56.788,0.65787,0.65805,1.73,2.48
2012.11.15 16:25:56.847,0.65787,0.65805,1.50,2.48
2012.11.15 16:25:57.181,0.65785,0.65805,2.48,2.48
2012.11.15 16:25:58.869,0.65786,0.65805,1.73,2.48
2012.11.15 16:25:59.048,0.65786,0.65805,1.73,2.48
2012.11.15 16:25:59.317,0.65786,0.65805,1.73,2.48
2012.11.15 16:25:59.947,0.65792,0.65805,1.50,1.73
2012.11.15 16:26:00.287,0.65787,0.65805,2.10,2.48
2012.11.15 16:26:01.287,0.65787,0.65805,2.10,2.48
2012.11.15 16:26:05.428,0.65787,0.65805,1.50,2.48
2012.11.15 16:26:05.547,0.65787,0.65805,1.73,2.48
2012.11.15 16:26:06.051,0.65787,0.65805,1.73,2.48
2012.11.15 16:26:06.577,0.65787,0.65805,1.73,2.48
2012.11.15 16:26:06.637,0.65787,0.65805,1.50,2.48
2012.11.15 16:26:08.516,0.65787,0.65805,1.73,2.48
2012.11.15 16:26:09.418,0.65787,0.65799,1.50,1.73
2012.11.15 16:26:09.597,0.65781,0.65799,3.60,2.48
2012.11.15 16:26:09.966,0.65781,0.65799,3.60,2.48
2012.11.15 16:26:10.207,0.65781,0.65799,3.60,2.48
2012.11.15 16:26:10.508,0.65781,0.65794,2.10,1.50
2012.11.15 16:26:11.378,0.65782,0.65794,1.73,1.50
2012.11.15 16:26:16.367,0.65782,0.65794,1.73,1.50
2012.11.15 16:26:16.677,0.65777,0.65794,1.73,2.48
2012.11.15 16:26:16.797,0.65777,0.6579,1.73,1.50
2012.11.15 16:26:17.161,0.65781,0.6579,1.50,1.50
2012.11.15 16:26:20.127,0.65781,0.65792,1.50,1.50
2012.11.15 16:26:20.498,0.65781,0.65794,1.50,1.50
2012.11.15 16:26:20.557,0.65781,0.65794,1.50,1.73
2012.11.15 16:26:21.157,0.65781,0.65794,1.50,1.50
2012.11.15 16:26:24.914,0.65781,0.65794,1.50,1.73
2012.11.15 16:26:24.978,0.65781,0.65794,1.50,1.73
2012.11.15 16:26:26.061,0.65779,0.65796,2.48,2.48
2012.11.15 16:26:28.629,0.65779,0.65796,2.48,2.48
2012.11.15 16:26:28.747,0.65779,0.65796,2.25,2.48
2012.11.15 16:26:28.867,0.65779,0.65796,2.25,2.48
2012.11.15 16:26:31.218,0.65776,0.65793,1.50,1.73
2012.11.15 16:26:34.897,0.65772,0.6579,1.73,2.48
2012.11.15 16:26:35.742,0.65772,0.6579,1.50,2.48
2012.11.15 16:26:35.928,0.65772,0.6579,1.50,2.48
2012.11.15 16:26:36.508,0.65772,0.6579,1.73,2.48
2012.11.15 16:26:41.121,0.65772,0.6579,1.73,2.48
2012.11.15 16:26:42.158,0.65777,0.6579,1.50,1.50
2012.11.15 16:26:43.038,0.65777,0.6579,1.50,1.50
2012.11.15 16:26:43.507,0.65776,0.6579,1.50,1.50
2012.11.15 16:26:43.937,0.65776,0.65793,1.73,1.50
2012.11.15 16:26:46.719,0.65776,0.65793,1.73,1.50
2012.11.15 16:26:46.838,0.65776,0.6579,1.50,1.50
2012.11.15 16:26:49.559,0.65776,0.6579,1.50,1.50
2012.11.15 16:26:51.063,0.65772,0.6579,1.73,2.25
2012.11.15 16:26:51.367,0.65772,0.6579,3.83,2.25
2012.11.15 16:26:51.487,0.65772,0.6579,1.73,2.25
2012.11.15 16:26:51.547,0.65776,0.6579,1.50,1.50
2012.11.15 16:26:52.048,0.65776,0.65794,1.50,2.85
2012.11.15 16:26:53.048,0.65776,0.65794,1.50,2.85
2012.11.15 16:26:53.371,0.65774,0.65794,2.48,2.85
2012.11.15 16:26:54.098,0.65776,0.65794,1.50,2.85
2012.11.15 16:26:56.600,0.65776,0.65794,1.50,2.85
2012.11.15 16:26:57.158,0.65776,0.65794,1.50,1.73
2012.11.15 16:26:57.338,0.65776,0.65794,1.73,1.73
2012.11.15 16:26:57.478,0.65776,0.65794,1.50,2.48
2012.11.15 16:26:57.918,0.65777,0.65794,1.73,1.73
2012.11.15 16:26:58.549,0.65779,0.65797,2.48,1.50
2012.11.15 16:26:59.440,0.65781,0.65797,1.73,1.50
2012.11.15 16:27:01.211,0.65781,0.65797,1.73,1.50
2012.11.15 16:27:02.887,0.65781,0.65797,1.73,1.50
2012.11.15 16:27:05.197,0.65779,0.65797,2.48,2.25
2012.11.15 16:27:05.317,0.65779,0.65797,2.48,2.48
2012.11.15 16:27:06.038,0.65779,0.65797,2.48,2.48
2012.11.15 16:27:06.597,0.65779,0.65797,2.25,2.48
2012.11.15 16:27:08.549,0.65776,0.65794,1.73,2.48
2012.11.15 16:27:08.610,0.65776,0.65794,1.73,2.48
2012.11.15 16:27:08.814,0.65776,0.65794,1.73,2.48
2012.11.15 16:27:09.321,0.65776,0.65794,1.73,2.48
2012.11.15 16:27:09.853,0.65776,0.65794,1.73,2.48
2012.11.15 16:27:10.158,0.65774,0.65794,2.48,2.48
2012.11.15 16:27:13.061,0.65774,0.65794,2.48,2.48
2012.11.15 16:27:15.567,0.65774,0.65794,2.48,2.48
2012.11.15 16:27:18.667,0.65774,0.65794,2.48,2.48
2012.11.15 16:27:20.317,0.65776,0.65794,1.50,2.48
2012.11.15 16:27:21.145,0.65776,0.65794,1.50,2.48
2012.11.15 16:27:25.448,0.65782,0.65799,1.50,3.30
2012.11.15 16:27:25.868,0.65782,0.65799,1.73,3.08
2012.11.15 16:27:26.502,0.65782,0.65799,1.73,1.73
2012.11.15 16:27:29.807,0.65782,0.65799,1.73,1.73
2012.11.15 16:27:29.868,0.6578,0.65799,2.48,2.48
2012.11.15 16:27:30.228,0.65781,0.65799,1.73,1.73
2012.11.15 16:27:34.498,0.65781,0.65799,1.73,1.73
2012.11.15 16:27:34.619,0.6578,0.65799,2.48,2.48
2012.11.15 16:27:34.738,0.6578,0.65799,2.48,2.48
2012.11.15 16:27:35.337,0.6578,0.65799,2.48,2.48
2012.11.15 16:27:37.148,0.65781,0.65795,1.50,1.73
2012.11.15 16:27:40.947,0.65781,0.65795,1.73,1.50
2012.11.15 16:27:41.008,0.65781,0.658,1.73,2.48
2012.11.15 16:27:41.218,0.65781,0.658,1.73,2.48
2012.11.15 16:27:41.337,0.65781,0.658,1.73,2.48
2012.11.15 16:27:42.005,0.65781,0.658,1.73,2.48
2012.11.15 16:27:42.069,0.65781,0.658,1.73,2.48
2012.11.15 16:27:42.609,0.65781,0.658,1.73,2.48
2012.11.15 16:27:44.187,0.65788,0.65803,1.50,1.73
2012.11.15 16:27:44.433,0.65791,0.65808,1.73,1.73
2012.11.15 16:27:49.519,0.65791,0.65808,1.73,1.73
2012.11.15 16:27:49.937,0.65791,0.65808,1.73,1.73
2012.11.15 16:27:50.057,0.65791,0.65808,1.73,1.50
2012.11.15 16:27:50.177,0.65791,0.65808,1.73,1.73
2012.11.15 16:27:50.478,0.65791,0.65808,1.73,1.73
2012.11.15 16:27:52.687,0.65791,0.65807,1.73,1.73
2012.11.15 16:27:57.677,0.65791,0.65807,1.73,1.73
2012.11.15 16:28:01.129,0.65791,0.65807,1.73,1.73
2012.11.15 16:28:09.055,0.65791,0.65807,1.73,1.50
2012.11.15 16:28:09.701,0.65791,0.65807,1.73,1.50
2012.11.15 16:28:10.737,0.65791,0.65807,1.73,1.50
2012.11.15 16:28:11.167,0.65791,0.65807,3.38,1.50
2012.11.15 16:28:11.578,0.65791,0.65807,1.73,1.50
2012.11.15 16:28:14.587,0.65791,0.65807,1.73,1.50
2012.11.15 16:28:15.608,0.65791,0.65807,1.73,1.50
2012.11.15 16:28:21.237,0.65791,0.65807,1.73,1.50
2012.11.15 16:28:24.977,0.65791,0.65807,1.73,1.50
2012.11.15 16:28:26.741,0.65791,0.65803,1.73,1.50
2012.11.15 16:28:27.098,0.65782,0.658,1.95,1.50
2012.11.15 16:28:31.157,0.65782,0.658,1.73,1.73
2012.11.15 16:28:32.940,0.65781,0.658,2.18,2.48
2012.11.15 16:28:33.130,0.6578,0.658,2.48,2.48
2012.11.15 16:28:36.447,0.6578,0.658,2.48,2.48
2012.11.15 16:28:36.570,0.65777,0.65796,1.73,1.73
2012.11.15 16:28:37.087,0.65777,0.65796,1.73,2.48
2012.11.15 16:28:41.198,0.65777,0.65792,1.73,1.50
2012.11.15 16:28:41.498,0.65772,0.65792,3.23,2.48
2012.11.15 16:28:43.038,0.65776,0.65792,1.73,1.73
2012.11.15 16:28:43.507,0.65772,0.65792,3.23,2.48
2012.11.15 16:28:43.867,0.65772,0.65792,3.23,2.48
2012.11.15 16:28:44.428,0.65772,0.65792,3.23,2.48
2012.11.15 16:28:44.488,0.65772,0.65792,2.48,2.48
2012.11.15 16:28:44.851,0.65766,0.65783,1.73,1.73
2012.11.15 16:28:44.979,0.65766,0.65783,1.73,1.73
2012.11.15 16:28:45.841,0.65763,0.65783,2.48,2.48
2012.11.15 16:28:50.074,0.65763,0.65781,2.48,2.48
2012.11.15 16:28:50.437,0.65771,0.65788,2.25,2.48
2012.11.15 16:28:50.505,0.65771,0.65788,2.25,2.48
2012.11.15 16:28:50.768,0.65771,0.65788,2.48,2.48
2012.11.15 16:28:50.949,0.65771,0.65789,3.23,2.48
2012.11.15 16:28:51.128,0.65774,0.65793,2.25,1.73
2012.11.15 16:28:51.677,0.65774,0.65794,2.25,2.48
2012.11.15 16:28:53.128,0.65773,0.65789,2.48,2.48
2012.11.15 16:28:53.368,0.65771,0.65789,1.73,2.48
2012.11.15 16:28:53.727,0.65771,0.65789,1.50,2.48
2012.11.15 16:28:54.048,0.65769,0.65789,2.25,2.48
2012.11.15 16:28:56.548,0.65768,0.65784,2.25,2.48
2012.11.15 16:28:56.667,0.65766,0.65779,1.73,1.50
2012.11.15 16:28:56.728,0.65768,0.65782,2.25,1.73
2012.11.15 16:29:00.518,0.65768,0.65786,2.25,2.48
2012.11.15 16:29:00.577,0.65768,0.65786,2.25,2.48
2012.11.15 16:29:01.202,0.65768,0.65786,2.25,2.48
2012.11.15 16:29:02.088,0.65768,0.65786,2.25,2.48
2012.11.15 16:29:02.712,0.65768,0.65786,2.25,2.48
2012.11.15 16:29:03.249,0.65768,0.65786,2.25,2.48
2012.11.15 16:29:10.642,0.65766,0.65782,1.73,1.50
2012.11.15 16:29:11.497,0.65766,0.65782,1.73,1.50
2012.11.15 16:29:11.997,0.65768,0.65788,2.48,1.73
2012.11.15 16:29:17.827,0.65768,0.65788,2.48,1.73
2012.11.15 16:29:21.108,0.65768,0.65788,2.48,1.73
2012.11.15 16:29:21.617,0.65768,0.65788,2.48,1.73
2012.11.15 16:29:23.350,0.65768,0.65788,2.48,1.73
2012.11.15 16:29:23.467,0.65768,0.65788,2.48,1.73
2012.11.15 16:29:24.217,0.65768,0.65788,2.48,1.73
2012.11.15 16:29:24.277,0.65768,0.65788,2.48,1.73
2012.11.15 16:29:31.188,0.65768,0.65788,2.48,1.73
2012.11.15 16:29:31.729,0.6577,0.65788,2.48,2.48
2012.11.15 16:29:32.305,0.65767,0.65784,1.73,2.48
2012.11.15 16:29:36.487,0.65767,0.65784,1.73,2.48
2012.11.15 16:29:38.178,0.65767,0.65781,1.73,1.50
2012.11.15 16:29:38.238,0.65767,0.65781,1.50,1.73
2012.11.15 16:29:38.762,0.65762,0.65781,1.73,2.48
2012.11.15 16:29:39.058,0.65767,0.65781,1.50,1.73
2012.11.15 16:29:39.517,0.65767,0.65781,1.50,1.73
2012.11.15 16:29:41.342,0.65767,0.65781,1.50,1.73
2012.11.15 16:29:43.510,0.65767,0.65781,1.73,1.50
2012.11.15 16:29:44.090,0.65772,0.65784,1.50,1.73
2012.11.15 16:29:48.849,0.65772,0.65784,1.50,1.73
2012.11.15 16:29:51.107,0.65772,0.65784,1.50,1.73
2012.11.15 16:29:53.998,0.65772,0.65784,1.50,1.50
2012.11.15 16:29:54.538,0.65772,0.65788,1.50,2.48
2012.11.15 16:29:55.141,0.65772,0.65788,1.50,2.48
2012.11.15 16:29:55.467,0.65777,0.65788,1.50,1.73
2012.11.15 16:29:55.648,0.65777,0.65788,1.50,1.50
2012.11.15 16:29:56.208,0.65777,0.65792,1.50,2.10
2012.11.15 16:30:00.398,0.65771,0.65786,1.73,1.50
2012.11.15 16:30:00.538,0.65771,0.65786,1.73,1.73
2012.11.15 16:30:01.161,0.65772,0.65786,1.50,1.73
2012.11.15 16:30:01.901,0.65767,0.65782,2.33,1.73
2012.11.15 16:30:01.958,0.65766,0.65782,1.73,1.73
2012.11.15 16:30:02.498,0.65767,0.65787,2.48,1.73
2012.11.15 16:30:02.681,0.65767,0.65787,4.43,1.73
2012.11.15 16:30:02.799,0.65772,0.65789,2.25,1.35
2012.11.15 16:30:02.917,0.65772,0.6579,4.65,1.73
2012.11.15 16:30:03.042,0.65772,0.6579,4.88,1.50
2012.11.15 16:30:03.228,0.65772,0.6579,2.48,2.25
2012.11.15 16:30:03.288,0.65772,0.6579,2.25,2.48
2012.11.15 16:30:03.668,0.65772,0.6579,2.25,2.48
2012.11.15 16:30:03.727,0.65772,0.6579,2.25,2.48
2012.11.15 16:30:04.058,0.65772,0.6579,2.25,2.85
2012.11.15 16:30:04.628,0.65772,0.6579,2.25,2.85
2012.11.15 16:30:08.499,0.65771,0.6579,2.25,1.35
2012.11.15 16:30:08.704,0.65771,0.6579,2.25,1.35
2012.11.15 16:30:09.298,0.65771,0.6579,2.25,1.35
2012.11.15 16:30:11.128,0.65771,0.6579,2.25,1.13
2012.11.15 16:30:13.027,0.65771,0.6579,2.25,1.35
2012.11.15 16:30:13.348,0.65772,0.65791,2.70,1.50
2012.11.15 16:30:13.407,0.65776,0.65791,1.50,1.73
2012.11.15 16:30:13.468,0.65776,0.65791,1.50,1.50
2012.11.15 16:30:14.007,0.65776,0.65791,1.50,1.50
2012.11.15 16:30:14.407,0.65776,0.65794,3.00,1.88
2012.11.15 16:30:23.607,0.65777,0.65794,1.50,1.50
2012.11.15 16:30:24.183,0.65777,0.65794,1.73,1.73
2012.11.15 16:30:24.736,0.65777,0.65794,1.73,1.73
2012.11.15 16:30:25.268,0.65777,0.65794,1.73,1.50
2012.11.15 16:30:25.508,0.6578,0.65798,2.48,2.48
2012.11.15 16:30:29.588,0.65781,0.65798,1.50,1.73
2012.11.15 16:30:30.163,0.6578,0.65798,2.48,1.73
2012.11.15 16:30:30.582,0.6578,0.65798,2.25,1.73
2012.11.15 16:30:31.127,0.65777,0.65794,2.48,1.73
2012.11.15 16:30:35.114,0.65777,0.65794,2.48,1.73
2012.11.15 16:30:39.638,0.65777,0.65794,2.48,1.73
2012.11.15 16:30:39.998,0.65776,0.65791,1.73,1.73
2012.11.15 16:30:41.030,0.65776,0.65791,1.73,1.73
2012.11.15 16:30:42.307,0.65776,0.65791,1.73,1.73
2012.11.15 16:30:44.037,0.65776,0.65791,1.73,1.73
2012.11.15 16:30:49.179,0.65773,0.65791,2.48,1.73
2012.11.15 16:30:49.708,0.65773,0.65791,2.48,1.73
2012.11.15 16:31:06.367,0.65776,0.65791,1.50,1.73
2012.11.15 16:31:06.948,0.65773,0.65791,2.48,1.73
2012.11.15 16:31:11.239,0.65773,0.65791,2.48,1.73
2012.11.15 16:31:19.158,0.65777,0.65794,2.25,1.35
2012.11.15 16:31:19.698,0.65777,0.65795,2.25,2.10
2012.11.15 16:31:22.348,0.65772,0.65791,2.48,1.73
2012.11.15 16:31:26.988,0.65772,0.65791,2.48,1.73
2012.11.15 16:31:31.096,0.65772,0.65791,2.48,1.73
2012.11.15 16:31:37.624,0.65771,0.65787,2.48,1.50
2012.11.15 16:31:38.283,0.65769,0.65787,2.48,1.73
2012.11.15 16:31:42.337,0.65769,0.65787,2.48,1.73
2012.11.15 16:31:52.448,0.65772,0.65787,1.73,1.73
2012.11.15 16:31:53.959,0.65772,0.65787,1.73,1.73
2012.11.15 16:31:54.019,0.65775,0.65793,2.48,2.48
2012.11.15 16:31:54.332,0.65772,0.6579,3.23,1.50
2012.11.15 16:32:00.698,0.65772,0.6579,1.73,1.50
2012.11.15 16:32:01.138,0.65772,0.6579,1.73,1.50
2012.11.15 16:32:11.287,0.65772,0.6579,1.73,1.50
2012.11.15 16:32:11.869,0.65771,0.6579,2.48,2.25
2012.11.15 16:32:11.928,0.65771,0.65786,1.50,2.63
2012.11.15 16:32:11.988,0.65771,0.65786,1.50,2.85
2012.11.15 16:32:12.239,0.65764,0.6578,1.50,2.48
2012.11.15 16:32:12.708,0.65766,0.65785,1.50,1.73
2012.11.15 16:32:12.767,0.65766,0.65785,1.73,1.73
2012.11.15 16:32:12.952,0.65766,0.65785,1.73,1.73
2012.11.15 16:32:13.508,0.65769,0.65789,2.25,2.85
2012.11.15 16:32:13.577,0.65769,0.65789,2.48,2.85
2012.11.15 16:32:14.048,0.65772,0.65789,1.73,1.50
2012.11.15 16:32:14.167,0.65772,0.65789,1.73,1.50
2012.11.15 16:32:14.227,0.65769,0.65789,2.48,2.48
2012.11.15 16:32:14.729,0.65769,0.65789,2.48,2.48
2012.11.15 16:32:15.267,0.65769,0.65789,2.48,2.48
2012.11.15 16:32:16.329,0.65769,0.65789,2.48,2.48
2012.11.15 16:32:19.079,0.65772,0.65789,1.50,1.73
2012.11.15 16:32:19.137,0.65769,0.65789,2.48,2.25
2012.11.15 16:32:19.197,0.65769,0.65789,2.48,2.25
2012.11.15 16:32:19.257,0.65769,0.65789,2.25,2.48
2012.11.15 16:32:19.468,0.65769,0.65789,2.25,2.48
2012.11.15 16:32:19.868,0.65771,0.65789,1.50,2.10
2012.11.15 16:32:19.928,0.65771,0.65789,1.50,1.73
2012.11.15 16:32:19.988,0.65777,0.65785,1.50,1.50
2012.11.15 16:32:20.108,0.65777,0.65791,1.50,1.50
2012.11.15 16:32:20.167,0.65771,0.65791,2.48,2.25
2012.11.15 16:32:20.408,0.65771,0.65791,2.25,2.85
2012.11.15 16:32:21.400,0.65771,0.65789,2.25,2.25
2012.11.15 16:32:21.458,0.65767,0.65787,2.25,2.25
2012.11.15 16:32:22.007,0.65767,0.65783,1.50,1.50
2012.11.15 16:32:23.678,0.65763,0.65783,2.48,2.48
2012.11.15 16:32:23.857,0.65763,0.65783,2.25,2.48
2012.11.15 16:32:23.978,0.65763,0.65783,2.25,2.48
2012.11.15 16:32:24.039,0.65763,0.65783,2.48,2.48
2012.11.15 16:32:24.847,0.65763,0.65783,2.48,2.48
2012.11.15 16:32:24.907,0.65763,0.65783,2.48,2.48
2012.11.15 16:32:27.587,0.65763,0.65783,2.48,2.48
2012.11.15 16:32:27.767,0.65772,0.65789,2.48,1.50
2012.11.15 16:32:28.078,0.65772,0.6579,1.50,2.33
2012.11.15 16:32:28.138,0.65772,0.6579,2.25,2.33
2012.11.15 16:32:28.854,0.65768,0.65786,2.48,1.58
2012.11.15 16:32:31.112,0.65768,0.65786,2.48,1.73
2012.11.15 16:32:32.461,0.65768,0.65786,2.48,1.73
2012.11.15 16:32:32.647,0.65768,0.65786,2.48,2.48
2012.11.15 16:32:32.968,0.65771,0.65786,1.50,1.73
2012.11.15 16:32:33.210,0.65771,0.65786,1.73,1.73
2012.11.15 16:32:35.000,0.65771,0.65786,1.73,1.50
2012.11.15 16:32:35.457,0.65771,0.65786,1.73,1.50
2012.11.15 16:32:35.698,0.65772,0.6579,2.48,1.73
2012.11.15 16:32:36.357,0.65772,0.6579,2.48,1.73
2012.11.15 16:32:36.899,0.65772,0.6579,3.90,1.50
2012.11.15 16:32:37.218,0.65776,0.6579,1.50,1.50
2012.11.15 16:32:37.759,0.65777,0.6579,1.50,1.50
2012.11.15 16:32:37.819,0.6578,0.65798,2.48,2.85
2012.11.15 16:32:38.717,0.65783,0.65803,2.48,1.73
2012.11.15 16:32:38.837,0.65783,0.65803,2.25,1.73
2012.11.15 16:32:40.258,0.65786,0.65803,3.23,1.73
2012.11.15 16:32:40.378,0.65787,0.65804,2.25,1.73
2012.11.15 16:32:40.618,0.65787,0.65807,2.48,2.85
2012.11.15 16:32:40.959,0.65791,0.65807,1.50,2.10
2012.11.15 16:32:41.138,0.65791,0.65807,1.50,2.10
2012.11.15 16:32:41.688,0.65787,0.65807,2.48,2.10
2012.11.15 16:32:41.811,0.65787,0.65804,2.48,1.73
2012.11.15 16:32:42.167,0.65786,0.65802,1.73,1.50
2012.11.15 16:32:42.699,0.65786,0.65802,1.73,1.73
2012.11.15 16:32:44.880,0.65787,0.65807,2.48,1.73
2012.11.15 16:32:46.818,0.65791,0.6581,1.50,3.23
2012.11.15 16:32:46.879,0.65791,0.6581,2.25,3.23
2012.11.15 16:32:46.998,0.65791,0.6581,3.23,1.73
2012.11.15 16:32:47.329,0.65795,0.65813,2.25,1.73
2012.11.15 16:32:47.628,0.65797,0.65813,1.73,1.73
2012.11.15 16:32:48.001,0.65797,0.65813,1.73,1.50
2012.11.15 16:32:48.654,0.65798,0.65818,2.48,2.48
2012.11.15 16:32:49.209,0.65804,0.65818,1.50,1.73
2012.11.15 16:32:49.390,0.65803,0.65822,2.48,1.73
2012.11.15 16:32:49.529,0.65803,0.6582,2.25,2.48
2012.11.15 16:32:50.048,0.65801,0.65818,2.25,1.73
2012.11.15 16:32:51.081,0.65801,0.65818,2.25,1.73
2012.11.15 16:32:53.178,0.65806,0.65818,1.50,1.73
2012.11.15 16:32:53.299,0.65806,0.65818,1.50,1.73
2012.11.15 16:32:57.129,0.65806,0.65822,1.50,1.73
2012.11.15 16:32:57.320,0.65808,0.65826,2.48,1.73
2012.11.15 16:32:57.378,0.65811,0.65826,1.73,1.73
2012.11.15 16:32:57.693,0.65806,0.65822,1.73,1.73
2012.11.15 16:32:57.798,0.65806,0.65822,1.73,1.73
2012.11.15 16:32:58.238,0.65802,0.65822,2.48,1.73
2012.11.15 16:32:58.298,0.65802,0.65822,2.48,1.73
2012.11.15 16:32:59.475,0.65807,0.65826,1.50,1.73
2012.11.15 16:33:00.159,0.65811,0.65829,1.50,2.48
2012.11.15 16:33:01.008,0.65811,0.65829,3.00,1.73
2012.11.15 16:33:01.069,0.65811,0.65829,3.00,1.73
2012.11.15 16:33:01.128,0.65811,0.65829,3.00,1.50
2012.11.15 16:33:01.308,0.65811,0.65829,2.25,2.48
2012.11.15 16:33:01.669,0.65812,0.65829,1.50,1.50
2012.11.15 16:33:03.279,0.65811,0.65829,3.00,1.50
2012.11.15 16:33:03.478,0.65811,0.65825,1.50,1.50
2012.11.15 16:33:04.617,0.65807,0.65825,2.25,1.50
2012.11.15 16:33:05.168,0.65807,0.65825,2.25,1.50
2012.11.15 16:33:06.277,0.65807,0.65825,2.25,1.73
2012.11.15 16:33:06.399,0.65807,0.65825,2.25,1.73
2012.11.15 16:33:06.728,0.65807,0.65825,2.48,1.73
2012.11.15 16:33:12.149,0.6581,0.65825,1.50,1.73
2012.11.15 16:33:12.696,0.65812,0.65831,1.50,2.02
2012.11.15 16:33:12.770,0.65817,0.65831,1.50,1.50
2012.11.15 16:33:13.332,0.65817,0.6583,1.50,1.50
2012.11.15 16:33:13.588,0.65817,0.65833,1.50,1.50
2012.11.15 16:33:15.846,0.65817,0.65833,1.50,1.50
2012.11.15 16:33:22.699,0.65815,0.65833,3.00,1.50
2012.11.15 16:33:22.828,0.65815,0.65833,3.00,1.73
2012.11.15 16:33:23.926,0.65816,0.65833,1.50,1.73
2012.11.15 16:33:24.189,0.65816,0.65832,1.50,1.73
2012.11.15 16:33:24.607,0.65816,0.65832,1.50,1.65
2012.11.15 16:33:25.158,0.65816,0.65833,1.50,1.65
2012.11.15 16:33:26.718,0.65814,0.65833,2.48,2.48
2012.11.15 16:33:26.778,0.65814,0.65833,2.25,2.48
2012.11.15 16:33:27.028,0.65812,0.65829,1.50,1.73
2012.11.15 16:33:28.918,0.65812,0.65829,1.50,1.73
2012.11.15 16:33:29.677,0.65812,0.65829,1.50,1.73
2012.11.15 16:33:31.129,0.65812,0.65829,1.50,1.73
2012.11.15 16:33:31.818,0.65812,0.65829,1.50,1.73
2012.11.15 16:33:32.729,0.65812,0.65829,1.50,1.73
2012.11.15 16:33:33.044,0.65812,0.65829,1.50,1.73
2012.11.15 16:33:34.317,0.65812,0.65826,1.50,1.73
2012.11.15 16:33:34.838,0.65812,0.65826,1.50,1.73
2012.11.15 16:33:36.789,0.65812,0.65826,1.50,1.73
2012.11.15 16:33:37.360,0.65812,0.65826,1.50,1.73
2012.11.15 16:33:39.348,0.65812,0.65826,1.50,1.73
2012.11.15 16:33:39.468,0.65812,0.65826,1.50,1.73
2012.11.15 16:33:40.239,0.65812,0.65826,1.50,1.73
2012.11.15 16:33:40.304,0.65812,0.65826,1.50,1.73
2012.11.15 16:33:40.748,0.65812,0.65829,1.50,1.73
2012.11.15 16:33:40.807,0.65812,0.65829,1.50,1.73
2012.11.15 16:33:41.369,0.65812,0.65829,1.50,1.73
2012.11.15 16:33:43.358,0.65811,0.65826,2.25,1.38
2012.11.15 16:33:43.781,0.65808,0.65824,1.50,1.79
2012.11.15 16:33:43.898,0.65805,0.65824,2.25,1.35
2012.11.15 16:33:49.257,0.65801,0.65821,3.00,1.73
2012.11.15 16:33:50.010,0.65801,0.65821,2.25,2.48
2012.11.15 16:33:51.183,0.65801,0.65821,2.25,2.48
2012.11.15 16:34:01.203,0.65798,0.65817,2.03,1.73
2012.11.15 16:34:01.478,0.65797,0.65817,3.23,1.73
2012.11.15 16:34:01.838,0.65802,0.65821,1.73,1.73
2012.11.15 16:34:01.898,0.65802,0.65821,1.73,1.73
2012.11.15 16:34:02.283,0.65802,0.65821,3.15,1.73
2012.11.15 16:34:17.351,0.65802,0.65821,2.70,1.73
2012.11.15 16:34:17.408,0.65802,0.65821,1.50,1.73
2012.11.15 16:34:21.141,0.65802,0.65817,1.50,1.73
2012.11.15 16:34:26.458,0.65802,0.65817,1.73,1.50
2012.11.15 16:34:26.578,0.65802,0.65817,1.73,1.50
2012.11.15 16:34:27.002,0.65802,0.6582,3.23,1.73
2012.11.15 16:34:30.809,0.65802,0.6582,3.00,1.73
2012.11.15 16:34:31.180,0.65803,0.6582,2.33,1.73
2012.11.15 16:34:33.269,0.65802,0.6582,3.23,1.73
2012.11.15 16:34:33.329,0.65802,0.6582,4.13,1.73
2012.11.15 16:34:33.628,0.65802,0.6582,3.23,1.73
2012.11.15 16:34:33.750,0.65802,0.6582,3.23,1.73
2012.11.15 16:34:39.148,0.65802,0.6582,3.23,1.73
2012.11.15 16:34:39.766,0.65802,0.6582,3.23,1.73
2012.11.15 16:34:43.428,0.65802,0.6582,2.48,1.73
2012.11.15 16:34:43.548,0.65802,0.6582,2.48,1.73
2012.11.15 16:34:47.838,0.65802,0.6582,2.48,1.73
2012.11.15 16:34:51.162,0.65802,0.6582,2.48,1.73
2012.11.15 16:34:56.939,0.65802,0.6582,2.48,1.73
2012.11.15 16:35:00.079,0.65802,0.6582,2.48,1.73
2012.11.15 16:35:00.389,0.65801,0.65816,1.73,1.50
2012.11.15 16:35:00.449,0.65801,0.65816,1.50,1.50
2012.11.15 16:35:00.868,0.65802,0.65812,1.50,1.50
2012.11.15 16:35:01.293,0.65802,0.65816,1.50,1.73
2012.11.15 16:35:01.843,0.65802,0.65816,1.50,1.73
2012.11.15 16:35:11.180,0.65802,0.65816,1.50,1.73
2012.11.15 16:35:21.378,0.65802,0.65815,1.50,1.73
2012.11.15 16:35:23.938,0.65794,0.65806,2.63,1.50
2012.11.15 16:35:24.118,0.65791,0.65806,2.48,1.73
2012.11.15 16:35:24.238,0.65791,0.65811,2.25,2.48
2012.11.15 16:35:24.788,0.65792,0.65811,1.50,1.73
2012.11.15 16:35:24.968,0.65797,0.65811,1.50,1.73
2012.11.15 16:35:25.088,0.65797,0.65811,1.50,1.73
2012.11.15 16:35:25.418,0.65791,0.65811,3.23,1.73
2012.11.15 16:35:25.728,0.65797,0.65811,1.50,1.73
2012.11.15 16:35:25.848,0.65797,0.65811,1.50,1.73
2012.11.15 16:35:31.158,0.65797,0.65811,1.50,1.73
2012.11.15 16:35:34.378,0.65792,0.65811,1.73,1.73
2012.11.15 16:35:34.558,0.65792,0.65811,1.73,1.73
2012.11.15 16:35:35.958,0.65791,0.65811,3.23,2.48
2012.11.15 16:35:36.138,0.65791,0.65811,3.00,2.48
2012.11.15 16:35:36.668,0.65791,0.65807,1.50,2.10
2012.11.15 16:35:37.322,0.65786,0.65806,3.00,1.73
2012.11.15 16:35:38.578,0.65786,0.65806,3.23,1.73
2012.11.15 16:35:38.878,0.65786,0.65806,3.23,1.73
2012.11.15 16:35:41.368,0.65786,0.65806,3.23,1.73
2012.11.15 16:35:41.897,0.65786,0.65806,3.00,1.73
2012.11.15 16:35:48.159,0.65788,0.65806,1.13,1.73
2012.11.15 16:35:48.279,0.65788,0.65806,2.10,1.50
2012.11.15 16:35:48.339,0.6579,0.6581,2.48,2.48
2012.11.15 16:35:48.860,0.65792,0.6581,1.73,1.73
2012.11.15 16:35:49.159,0.65792,0.6581,1.50,1.73
2012.11.15 16:35:49.279,0.65792,0.6581,1.73,1.73
2012.11.15 16:35:51.459,0.65791,0.6581,1.73,2.48
2012.11.15 16:35:51.578,0.65791,0.65805,1.73,1.50
2012.11.15 16:35:51.975,0.65791,0.65805,1.50,1.73
2012.11.15 16:35:54.409,0.65791,0.65805,1.50,1.73
2012.11.15 16:35:54.528,0.65791,0.65805,1.73,1.50
2012.11.15 16:35:54.949,0.65791,0.6581,1.73,1.73
2012.11.15 16:36:05.359,0.65791,0.6581,1.73,1.73
2012.11.15 16:36:05.478,0.65791,0.6581,1.50,1.73
2012.11.15 16:36:21.259,0.65791,0.65807,1.50,1.73
2012.11.15 16:36:28.718,0.65794,0.65812,1.50,2.48
2012.11.15 16:36:28.860,0.65791,0.65808,1.50,1.73
2012.11.15 16:36:32.883,0.65794,0.6581,1.50,1.73
2012.11.15 16:36:33.058,0.6579,0.6581,3.23,1.73
2012.11.15 16:36:37.418,0.65791,0.65811,2.48,1.73
2012.11.15 16:36:38.125,0.65791,0.65811,3.23,1.73
2012.11.15 16:36:41.224,0.65791,0.65811,3.23,1.73
2012.11.15 16:36:52.089,0.65791,0.65811,3.23,1.73
2012.11.15 16:36:56.607,0.65793,0.65811,2.25,1.73
2012.11.15 16:37:00.588,0.65793,0.65811,2.25,1.73
2012.11.15 16:37:01.118,0.65793,0.65811,2.25,1.73
2012.11.15 16:37:03.088,0.65793,0.65811,2.25,1.73
2012.11.15 16:37:06.009,0.6579,0.6581,2.48,1.73
2012.11.15 16:37:06.068,0.6579,0.6581,2.48,1.73
2012.11.15 16:37:08.949,0.6579,0.6581,2.48,2.48
2012.11.15 16:37:09.071,0.6579,0.6581,2.25,2.48
2012.11.15 16:37:09.429,0.6579,0.6581,2.25,2.79
2012.11.15 16:37:09.912,0.65787,0.65804,1.73,1.73
2012.11.15 16:37:10.759,0.65787,0.65804,1.73,1.73
2012.11.15 16:37:11.800,0.65787,0.65804,1.73,1.73
2012.11.15 16:37:12.309,0.65787,0.65804,1.73,1.73
2012.11.15 16:37:13.277,0.65787,0.65804,1.73,1.73
2012.11.15 16:37:13.906,0.65787,0.65804,1.73,1.50
2012.11.15 16:37:14.506,0.6579,0.65808,2.25,2.48
2012.11.15 16:37:14.927,0.6579,0.65808,2.48,2.48
2012.11.15 16:37:15.466,0.65791,0.65808,1.73,1.50
2012.11.15 16:37:15.786,0.65793,0.65813,2.48,1.73
2012.11.15 16:37:18.026,0.65793,0.65813,2.48,1.73
2012.11.15 16:37:18.366,0.65796,0.65813,1.73,1.73
2012.11.15 16:37:18.934,0.65796,0.65813,1.73,1.73
2012.11.15 16:37:19.926,0.65801,0.65814,1.50,1.73
2012.11.15 16:37:20.106,0.65802,0.65816,1.50,1.50
2012.11.15 16:37:20.616,0.65802,0.65816,1.50,1.50
2012.11.15 16:37:21.476,0.65802,0.65816,1.50,1.73
2012.11.15 16:37:21.595,0.65802,0.65816,1.50,1.73
2012.11.15 16:37:21.657,0.65801,0.65816,1.50,1.73
2012.11.15 16:37:22.103,0.65801,0.65816,1.73,1.73
2012.11.15 16:37:22.497,0.65802,0.6582,2.48,1.73
2012.11.15 16:37:25.499,0.65802,0.6582,2.48,1.73
2012.11.15 16:37:25.616,0.65802,0.6582,2.25,1.73
2012.11.15 16:37:28.137,0.65802,0.6582,2.48,1.73
2012.11.15 16:37:28.357,0.65802,0.6582,2.48,1.73
2012.11.15 16:37:28.769,0.65805,0.65825,2.48,2.48
2012.11.15 16:37:29.066,0.65805,0.65825,2.48,2.48
2012.11.15 16:37:30.636,0.65805,0.65825,2.25,2.48
2012.11.15 16:37:31.176,0.65805,0.65825,2.25,2.48
2012.11.15 16:37:31.355,0.65803,0.6582,2.25,2.48
2012.11.15 16:37:31.846,0.65803,0.6582,2.48,1.73
2012.11.15 16:37:31.905,0.65803,0.6582,2.25,1.73
2012.11.15 16:37:32.085,0.65803,0.6582,2.25,2.48
2012.11.15 16:37:32.840,0.65803,0.6582,2.25,2.48
2012.11.15 16:37:33.484,0.65803,0.6582,2.25,2.48
2012.11.15 16:37:33.616,0.65803,0.6582,2.25,2.48
2012.11.15 16:37:33.735,0.65803,0.6582,2.25,2.48
2012.11.15 16:37:36.366,0.65803,0.6582,2.25,2.48
2012.11.15 16:37:36.486,0.65803,0.6582,2.25,2.48
2012.11.15 16:37:36.555,0.65803,0.6582,2.25,2.48
2012.11.15 16:37:36.676,0.65803,0.6582,2.25,2.48
2012.11.15 16:37:39.430,0.65803,0.6582,2.25,2.48
2012.11.15 16:37:40.436,0.65803,0.6582,1.50,1.73
2012.11.15 16:37:40.496,0.65803,0.6582,1.73,1.73
2012.11.15 16:37:41.596,0.65803,0.6582,2.48,1.73
2012.11.15 16:37:42.176,0.65806,0.65824,2.48,1.73
2012.11.15 16:37:42.967,0.65806,0.65824,3.23,1.73
2012.11.15 16:37:45.878,0.65806,0.65824,3.23,1.50
2012.11.15 16:37:46.017,0.65812,0.65826,1.73,1.50
2012.11.15 16:37:46.077,0.65812,0.65829,1.73,2.48
2012.11.15 16:37:46.136,0.65812,0.65828,1.73,1.73
2012.11.15 16:37:46.696,0.65807,0.65825,1.50,2.48
2012.11.15 16:37:48.157,0.65807,0.65825,2.25,1.73
2012.11.15 16:37:48.217,0.65807,0.65825,2.48,1.73
2012.11.15 16:37:49.686,0.65807,0.65825,2.48,1.50
2012.11.15 16:37:49.806,0.65807,0.65825,2.48,1.73
2012.11.15 16:37:54.417,0.65807,0.65825,3.23,1.50
2012.11.15 16:37:56.966,0.65811,0.65829,1.73,2.48
2012.11.15 16:38:02.856,0.65811,0.65829,1.50,3.23
2012.11.15 16:38:03.006,0.65806,0.65826,2.48,1.73
2012.11.15 16:38:05.749,0.65806,0.65826,2.48,1.73
2012.11.15 16:38:06.606,0.65806,0.6582,1.73,1.50
2012.11.15 16:38:06.666,0.65801,0.65819,1.73,1.73
2012.11.15 16:38:06.966,0.65804,0.65822,1.73,1.73
2012.11.15 16:38:08.266,0.65804,0.65822,2.48,1.73
2012.11.15 16:38:08.569,0.65804,0.65822,2.48,1.50
2012.11.15 16:38:09.156,0.65807,0.65824,2.48,1.50
2012.11.15 16:38:09.709,0.65807,0.65827,1.73,2.48
2012.11.15 16:38:09.766,0.65807,0.65827,1.73,2.48
2012.11.15 16:38:12.352,0.65807,0.65827,1.73,2.48
2012.11.15 16:38:12.948,0.65807,0.65827,1.50,2.48
2012.11.15 16:38:13.627,0.65807,0.65827,1.73,1.73
2012.11.15 16:38:23.236,0.65807,0.65823,1.73,1.50
2012.11.15 16:38:23.417,0.65807,0.65823,1.50,1.73
2012.11.15 16:38:23.928,0.65802,0.65822,3.23,1.73
2012.11.15 16:38:24.338,0.65802,0.65822,2.48,1.73
2012.11.15 16:38:30.032,0.65802,0.65822,2.48,1.50
2012.11.15 16:38:30.583,0.65802,0.65822,2.48,1.50
2012.11.15 16:38:31.276,0.65802,0.65822,2.48,1.73
2012.11.15 16:38:31.516,0.65802,0.65822,2.48,1.73
2012.11.15 16:38:32.316,0.65802,0.65822,2.48,1.73
2012.11.15 16:38:33.526,0.65802,0.65822,1.73,1.73
2012.11.15 16:38:36.676,0.65806,0.65822,1.73,1.50
2012.11.15 16:38:36.966,0.65806,0.65826,3.23,1.73
2012.11.15 16:38:47.426,0.65807,0.65826,1.35,1.73
2012.11.15 16:38:47.666,0.65811,0.65829,2.48,1.73
2012.11.15 16:38:47.727,0.65811,0.65829,2.48,1.50
2012.11.15 16:39:03.416,0.65811,0.65829,3.23,1.73
2012.11.15 16:39:03.997,0.65811,0.65826,1.73,1.50
2012.11.15 16:39:05.726,0.65811,0.65828,1.73,1.73
2012.11.15 16:39:11.896,0.6581,0.6583,2.25,3.23
2012.11.15 16:39:12.316,0.65808,0.65826,2.48,1.73
2012.11.15 16:39:12.734,0.65808,0.65826,1.50,1.73
2012.11.15 16:39:16.526,0.65808,0.65826,1.73,1.73
2012.11.15 16:39:18.596,0.65808,0.65826,2.48,1.73
2012.11.15 16:39:18.656,0.65808,0.65826,2.48,1.50
2012.11.15 16:39:19.225,0.65812,0.6583,1.73,2.48
2012.11.15 16:39:22.262,0.65812,0.6583,2.48,1.50
2012.11.15 16:39:26.428,0.65812,0.6583,2.48,1.73
2012.11.15 16:39:26.546,0.65812,0.6583,2.48,2.10
2012.11.15 16:39:26.667,0.65811,0.65826,1.73,1.50
2012.11.15 16:39:27.126,0.65811,0.65826,1.73,1.50
2012.11.15 16:39:27.186,0.65811,0.65831,3.23,1.73
2012.11.15 16:39:46.209,0.65811,0.65831,3.23,1.73
2012.11.15 16:39:47.996,0.65811,0.65827,1.73,1.50
2012.11.15 16:39:48.551,0.65811,0.65827,1.73,1.50
2012.11.15 16:39:48.888,0.65811,0.65827,1.73,1.50
2012.11.15 16:39:49.396,0.65811,0.65827,1.73,1.73
2012.11.15 16:39:49.937,0.65809,0.65827,1.73,1.50
2012.11.15 16:39:54.436,0.65811,0.65827,1.73,1.73
2012.11.15 16:39:59.366,0.65811,0.65831,3.23,2.10
2012.11.15 16:39:59.668,0.65811,0.65831,3.98,2.10
2012.11.15 16:39:59.786,0.65816,0.65831,1.73,1.73
2012.11.15 16:40:00.546,0.65815,0.65834,2.25,1.95
2012.11.15 16:40:00.726,0.65815,0.65834,1.50,1.95
2012.11.15 16:40:02.412,0.65813,0.65831,2.25,1.73
2012.11.15 16:40:02.536,0.65811,0.65831,3.23,2.10
2012.11.15 16:40:03.536,0.65811,0.65827,1.73,1.73
2012.11.15 16:40:03.836,0.65812,0.65832,2.48,2.25
2012.11.15 16:40:04.092,0.65812,0.65832,2.48,2.10
2012.11.15 16:40:04.605,0.65812,0.65832,2.48,2.10
2012.11.15 16:40:05.148,0.65812,0.65832,2.48,2.10
2012.11.15 16:40:09.338,0.65812,0.65832,2.48,2.10
2012.11.15 16:40:09.397,0.65812,0.65832,2.48,2.10
2012.11.15 16:40:15.696,0.65811,0.65827,1.73,1.50
2012.11.15 16:40:19.526,0.65811,0.65827,1.73,1.50
2012.11.15 16:40:21.183,0.65811,0.65827,1.73,1.50
2012.11.15 16:40:21.436,0.65813,0.6583,1.73,1.73
2012.11.15 16:40:25.626,0.65813,0.65831,2.48,1.73
2012.11.15 16:40:25.986,0.65818,0.65835,1.50,2.10
2012.11.15 16:40:26.107,0.65818,0.65835,2.48,2.10
2012.11.15 16:40:26.447,0.65818,0.65834,1.73,1.35
2012.11.15 16:40:27.656,0.65813,0.65833,2.48,2.25
2012.11.15 16:40:28.331,0.65813,0.65833,1.73,2.48
2012.11.15 16:40:28.797,0.65813,0.65833,1.73,2.48
2012.11.15 16:40:29.396,0.65813,0.65829,1.73,1.50
2012.11.15 16:40:29.576,0.65813,0.65829,1.50,1.73
2012.11.15 16:40:30.243,0.6581,0.65828,1.35,1.73
2012.11.15 16:40:38.208,0.65809,0.65828,2.48,1.73
2012.11.15 16:40:41.165,0.65809,0.65828,2.48,1.73
2012.11.15 16:40:44.998,0.65809,0.65829,2.48,2.48
2012.11.15 16:40:45.056,0.65809,0.65829,2.48,2.48
2012.11.15 16:40:46.978,0.65809,0.65828,2.48,1.50
2012.11.15 16:40:47.158,0.65809,0.65826,1.73,1.58
2012.11.15 16:40:47.276,0.65809,0.65826,1.50,1.95
2012.11.15 16:40:47.636,0.65806,0.65825,1.73,1.50
2012.11.15 16:40:48.270,0.6581,0.65827,2.48,2.25
2012.11.15 16:40:55.697,0.6581,0.65828,2.48,1.50
2012.11.15 16:40:55.816,0.6581,0.65828,2.48,1.73
2012.11.15 16:40:57.168,0.65807,0.65825,1.73,2.48
2012.11.15 16:40:57.227,0.65807,0.65825,1.73,2.48
2012.11.15 16:40:57.286,0.65807,0.65825,1.50,2.48
2012.11.15 16:40:57.796,0.65802,0.65822,2.85,2.48
2012.11.15 16:40:58.332,0.65803,0.65822,1.73,2.25
2012.11.15 16:41:00.029,0.65802,0.65822,2.85,2.25
2012.11.15 16:41:00.146,0.65802,0.65822,2.85,2.25
2012.11.15 16:41:00.718,0.65806,0.65826,2.48,2.48
2012.11.15 16:41:01.056,0.65804,0.65819,1.73,1.50
2012.11.15 16:41:01.247,0.65804,0.65819,1.50,1.73
2012.11.15 16:41:02.319,0.65804,0.65819,1.73,1.73
2012.11.15 16:41:06.176,0.65804,0.65821,1.73,2.48
2012.11.15 16:41:08.619,0.65804,0.65821,2.48,1.73
2012.11.15 16:41:08.797,0.65804,0.65821,3.23,1.50
2012.11.15 16:41:09.477,0.65806,0.65826,2.48,2.48
2012.11.15 16:41:10.026,0.65808,0.65826,1.73,1.50
2012.11.15 16:41:12.746,0.65807,0.65826,1.73,1.50
2012.11.15 16:41:12.807,0.65806,0.65826,2.48,2.25
2012.11.15 16:41:13.156,0.65805,0.65821,1.73,1.50
2012.11.15 16:41:20.447,0.65807,0.65825,1.73,2.48
2012.11.15 16:41:20.957,0.65807,0.65825,2.48,1.73
2012.11.15 16:41:21.016,0.65807,0.65825,2.48,1.50
2012.11.15 16:41:21.257,0.65807,0.65825,2.48,2.48
2012.11.15 16:41:25.807,0.65807,0.65825,2.48,2.48
2012.11.15 16:41:30.428,0.65803,0.65822,2.48,2.25
2012.11.15 16:41:32.236,0.65803,0.65822,2.48,2.25
2012.11.15 16:41:36.747,0.65803,0.65822,2.48,2.25
2012.11.15 16:41:37.505,0.65803,0.65822,2.48,2.25
2012.11.15 16:41:39.886,0.65803,0.65822,2.48,2.25
2012.11.15 16:41:40.006,0.65803,0.65822,2.48,2.25
2012.11.15 16:41:40.886,0.65803,0.6582,1.73,1.50
2012.11.15 16:41:41.007,0.65801,0.65819,2.48,3.00
2012.11.15 16:41:41.247,0.65799,0.65819,3.23,2.25
2012.11.15 16:41:41.696,0.658,0.65819,1.73,1.50
2012.11.15 16:41:46.867,0.65804,0.65822,2.48,2.63
2012.11.15 16:41:51.177,0.65804,0.65822,2.48,2.63
2012.11.15 16:41:54.070,0.65806,0.65822,2.48,2.25
2012.11.15 16:41:54.186,0.65807,0.65824,2.48,3.08
2012.11.15 16:41:54.546,0.65807,0.65827,2.48,2.78
2012.11.15 16:41:55.917,0.65808,0.65826,2.48,2.25
2012.11.15 16:41:56.628,0.65808,0.65826,2.48,2.25
2012.11.15 16:41:59.267,0.65808,0.65825,1.73,1.13
2012.11.15 16:41:59.447,0.65808,0.65825,1.73,1.35
2012.11.15 16:42:03.061,0.65808,0.65825,2.48,1.35
2012.11.15 16:42:03.618,0.65808,0.65825,2.48,1.13
2012.11.15 16:42:08.202,0.65808,0.65825,2.48,1.13
2012.11.15 16:42:10.138,0.65808,0.65825,2.48,1.13
2012.11.15 16:42:11.746,0.65808,0.65826,2.48,2.25
2012.11.15 16:42:11.806,0.65808,0.65826,2.48,2.25
2012.11.15 16:42:19.571,0.65812,0.65829,1.73,1.73
2012.11.15 16:42:20.197,0.65807,0.65827,2.48,2.48
2012.11.15 16:42:20.317,0.65807,0.65827,3.13,2.25
2012.11.15 16:42:20.757,0.65807,0.65827,2.48,2.25
2012.11.15 16:42:21.348,0.65807,0.65826,2.48,1.58
2012.11.15 16:42:22.526,0.65807,0.65826,2.48,1.58
2012.11.15 16:42:23.088,0.65807,0.65826,2.48,1.58
2012.11.15 16:42:24.697,0.65807,0.65826,2.48,1.58
2012.11.15 16:42:25.067,0.65804,0.65822,1.73,2.25
2012.11.15 16:42:26.206,0.65804,0.65822,1.73,2.25
2012.11.15 16:42:32.847,0.65804,0.65822,1.73,2.25
2012.11.15 16:42:33.396,0.65804,0.65822,1.73,2.25
2012.11.15 16:42:34.368,0.65802,0.65818,1.35,1.50
2012.11.15 16:42:51.987,0.65803,0.65823,2.10,3.23
2012.11.15 16:42:58.149,0.65803,0.65823,1.73,3.23
2012.11.15 16:42:59.927,0.65803,0.65823,1.73,3.23
2012.11.15 16:43:00.507,0.65803,0.65823,1.73,3.23
2012.11.15 16:43:07.879,0.65803,0.65823,1.73,3.23
2012.11.15 16:43:11.269,0.65803,0.65823,1.73,3.23
2012.11.15 16:43:14.447,0.65805,0.65823,1.73,1.73
2012.11.15 16:43:19.707,0.65801,0.65819,2.48,3.23
2012.11.15 16:43:19.766,0.65801,0.65819,2.48,3.23
2012.11.15 16:43:23.317,0.65801,0.65818,1.73,1.73
2012.11.15 16:43:23.557,0.65801,0.65819,2.48,3.00
2012.11.15 16:43:23.866,0.65801,0.65819,2.48,3.00
2012.11.15 16:43:23.987,0.65801,0.65819,2.48,2.25
2012.11.15 16:43:26.089,0.65801,0.65819,1.73,3.00
2012.11.15 16:43:26.397,0.65801,0.65818,1.73,1.50
2012.11.15 16:43:26.637,0.65801,0.65818,1.73,1.50
2012.11.15 16:43:26.756,0.65801,0.65818,1.73,1.50
2012.11.15 16:43:29.627,0.65801,0.65818,1.73,1.50
2012.11.15 16:43:32.517,0.65801,0.65818,1.73,1.50
2012.11.15 16:43:41.157,0.65797,0.65816,2.48,2.25
2012.11.15 16:43:48.396,0.65801,0.65816,1.73,1.50
2012.11.15 16:43:48.456,0.65801,0.65816,1.73,1.50
2012.11.15 16:43:48.577,0.65801,0.6582,1.73,1.50
2012.11.15 16:44:03.196,0.65801,0.6582,1.73,1.50
2012.11.15 16:44:03.317,0.65801,0.6582,1.73,1.50
2012.11.15 16:44:08.677,0.65802,0.6582,2.48,2.25
2012.11.15 16:44:08.917,0.65796,0.65814,2.48,2.48
2012.11.15 16:44:09.216,0.65796,0.65814,2.48,2.25
2012.11.15 16:44:09.577,0.65802,0.6582,1.50,1.73
2012.11.15 16:44:09.888,0.65802,0.6582,1.73,1.50
2012.11.15 16:44:16.336,0.65804,0.65823,1.73,3.23
2012.11.15 16:44:18.107,0.65804,0.65823,1.73,3.60
2012.11.15 16:44:18.406,0.658,0.6582,2.48,2.48
2012.11.15 16:44:19.808,0.65801,0.6582,1.73,1.73
2012.11.15 16:44:23.048,0.658,0.6582,2.85,2.48
2012.11.15 16:44:23.406,0.658,0.6582,2.48,2.48
2012.11.15 16:44:24.987,0.65802,0.6582,1.73,1.73
2012.11.15 16:44:29.856,0.65802,0.6582,1.73,1.88
2012.11.15 16:44:30.409,0.65802,0.6582,1.73,1.88
2012.11.15 16:44:37.837,0.65802,0.6582,1.73,1.88
2012.11.15 16:44:38.307,0.65801,0.65818,1.73,1.50
2012.11.15 16:44:38.666,0.65798,0.65816,2.48,1.50
2012.11.15 16:44:38.907,0.65801,0.6582,2.48,1.35
2012.11.15 16:44:39.086,0.65802,0.65821,1.73,2.10
2012.11.15 16:44:39.689,0.65801,0.6582,2.48,1.35
2012.11.15 16:44:46.927,0.65801,0.65821,2.48,2.10
2012.11.15 16:44:47.586,0.65801,0.6582,1.73,1.35
2012.11.15 16:44:59.128,0.65804,0.6582,1.73,1.73
2012.11.15 16:44:59.448,0.65807,0.65826,2.25,1.73
2012.11.15 16:44:59.508,0.65807,0.65827,2.48,2.48
2012.11.15 16:44:59.880,0.65807,0.65827,2.48,2.48
2012.11.15 16:44:59.938,0.65807,0.65827,3.23,1.73
2012.11.15 16:45:02.316,0.65807,0.65827,3.23,1.50
2012.11.15 16:45:07.937,0.65803,0.65821,2.48,1.73
2012.11.15 16:45:08.437,0.65803,0.65821,2.48,2.48
2012.11.15 16:45:08.618,0.65803,0.65821,2.25,2.48
2012.11.15 16:45:09.371,0.65799,0.65817,2.48,1.73
2012.11.15 16:45:09.557,0.65799,0.65817,2.48,2.10
2012.11.15 16:45:09.622,0.65799,0.65817,2.48,2.85
2012.11.15 16:45:09.938,0.65799,0.65817,2.25,2.85
2012.11.15 16:45:10.870,0.65793,0.65813,2.48,1.73
2012.11.15 16:45:11.047,0.65793,0.65813,2.48,1.73
2012.11.15 16:45:14.327,0.65793,0.65813,2.48,1.73
2012.11.15 16:45:14.387,0.65793,0.65813,2.48,1.50
2012.11.15 16:45:14.817,0.65793,0.65813,2.48,1.73
2012.11.15 16:45:15.918,0.65798,0.65816,1.50,2.33
2012.11.15 16:45:15.977,0.65798,0.65816,2.48,2.10
2012.11.15 16:45:16.278,0.65798,0.65816,2.48,3.08
2012.11.15 16:45:16.337,0.65798,0.65816,2.48,2.33
2012.11.15 16:45:16.738,0.65798,0.65816,2.48,3.08
2012.11.15 16:45:28.357,0.65798,0.65816,1.73,3.08
2012.11.15 16:45:29.040,0.65794,0.65812,2.48,2.48
2012.11.15 16:45:29.564,0.65794,0.65812,2.48,1.50
2012.11.15 16:45:32.816,0.65794,0.65812,1.73,2.25
2012.11.15 16:45:33.687,0.65794,0.65812,1.73,2.25
2012.11.15 16:45:35.078,0.65794,0.65812,1.73,2.25
2012.11.15 16:45:35.437,0.65794,0.65812,1.73,2.25
2012.11.15 16:45:35.498,0.65794,0.65808,1.73,1.50
2012.11.15 16:45:36.237,0.65794,0.65808,1.73,1.50
2012.11.15 16:45:36.547,0.65794,0.65812,1.73,2.25
2012.11.15 16:45:36.607,0.65794,0.65812,1.73,2.25
2012.11.15 16:45:39.380,0.65794,0.65812,1.73,2.25
2012.11.15 16:45:39.778,0.65794,0.65809,1.73,1.50
2012.11.15 16:45:41.257,0.6579,0.65808,1.73,2.25
2012.11.15 16:45:42.427,0.6579,0.65805,1.73,1.50
2012.11.15 16:45:42.548,0.6579,0.65804,1.73,1.50
2012.11.15 16:45:48.978,0.6579,0.65808,2.48,2.48
2012.11.15 16:45:49.734,0.6579,0.65808,2.48,2.48
2012.11.15 16:45:50.734,0.6579,0.65808,2.48,2.48
2012.11.15 16:45:51.168,0.6579,0.65808,2.48,2.48
2012.11.15 16:45:56.318,0.65791,0.65808,1.50,2.48
2012.11.15 16:46:02.317,0.65791,0.6581,1.73,2.48
2012.11.15 16:46:03.037,0.6579,0.6581,2.48,2.85
2012.11.15 16:46:04.539,0.6579,0.6581,2.48,2.48
2012.11.15 16:46:08.210,0.65793,0.65811,2.25,1.35
2012.11.15 16:46:08.717,0.65793,0.65811,1.50,1.35
2012.11.15 16:46:09.278,0.65793,0.65811,2.48,1.35
2012.11.15 16:46:09.398,0.65793,0.65811,1.50,1.35
2012.11.15 16:46:10.217,0.65793,0.65813,2.25,1.95
2012.11.15 16:46:10.707,0.65793,0.65814,2.48,3.45
2012.11.15 16:46:11.081,0.65793,0.65814,2.48,4.20
2012.11.15 16:46:11.448,0.6579,0.6581,2.85,2.48
2012.11.15 16:46:11.688,0.65789,0.6581,2.48,2.48
2012.11.15 16:46:11.867,0.65789,0.6581,2.48,2.48
2012.11.15 16:46:12.947,0.6579,0.6581,1.73,1.73
2012.11.15 16:46:13.007,0.65791,0.6581,1.73,1.73
2012.11.15 16:46:13.449,0.65789,0.6581,2.48,2.48
2012.11.15 16:46:14.880,0.65789,0.6581,2.48,2.48
2012.11.15 16:46:14.937,0.65791,0.6581,1.73,1.73
2012.11.15 16:46:15.899,0.65789,0.6581,2.48,2.48
2012.11.15 16:46:16.197,0.65789,0.6581,2.48,2.48
2012.11.15 16:46:17.030,0.65789,0.65808,2.25,1.58
2012.11.15 16:46:17.227,0.65789,0.65808,1.50,1.58
2012.11.15 16:46:17.467,0.65789,0.65808,2.48,1.58
2012.11.15 16:46:17.648,0.65789,0.6581,2.48,2.33
2012.11.15 16:46:17.767,0.65791,0.6581,1.73,2.33
2012.11.15 16:46:19.967,0.65791,0.6581,1.73,1.73
2012.11.15 16:46:21.594,0.65789,0.6581,2.48,2.48
2012.11.15 16:46:22.547,0.65787,0.65805,4.73,1.50
2012.11.15 16:46:26.707,0.65789,0.65805,1.35,1.50
2012.11.15 16:46:27.636,0.65789,0.65805,1.35,2.25
2012.11.15 16:46:27.998,0.65788,0.65805,1.35,1.50
2012.11.15 16:46:28.507,0.65789,0.65805,1.13,2.48
2012.11.15 16:46:28.907,0.65785,0.65802,1.50,2.48
2012.11.15 16:46:29.560,0.65782,0.65802,2.48,2.48
2012.11.15 16:46:30.076,0.65782,0.65802,2.48,2.48
2012.11.15 16:46:30.407,0.65782,0.65802,2.48,2.48
2012.11.15 16:46:30.682,0.65782,0.658,2.48,1.58
2012.11.15 16:46:31.167,0.65775,0.65793,2.85,2.25
2012.11.15 16:46:31.715,0.65775,0.65793,2.85,2.25
2012.11.15 16:46:32.167,0.65775,0.65789,1.35,1.50
2012.11.15 16:46:32.706,0.65775,0.65793,2.85,2.25
2012.11.15 16:46:33.228,0.65775,0.65793,2.48,2.25
2012.11.15 16:46:33.407,0.65772,0.6579,1.73,2.25
2012.11.15 16:46:33.972,0.65772,0.6579,1.73,2.48
2012.11.15 16:46:34.348,0.65772,0.6579,1.73,2.48
2012.11.15 16:46:34.738,0.65774,0.65794,2.48,3.08
2012.11.15 16:46:34.923,0.65774,0.65794,2.48,3.08
2012.11.15 16:46:36.377,0.65777,0.65794,1.73,2.33
2012.11.15 16:46:36.617,0.6578,0.65797,1.73,1.73
2012.11.15 16:46:37.397,0.65779,0.65797,2.48,2.48
2012.11.15 16:46:40.118,0.65779,0.65797,2.48,2.48
2012.11.15 16:46:40.337,0.65779,0.65797,1.73,2.48
2012.11.15 16:46:43.438,0.65775,0.65793,2.48,2.48
2012.11.15 16:46:43.907,0.65772,0.65787,2.48,1.88
2012.11.15 16:46:44.502,0.65766,0.65781,1.73,1.50
2012.11.15 16:46:44.769,0.65761,0.65781,3.23,1.73
2012.11.15 16:46:51.238,0.65761,0.65777,1.73,1.50
2012.11.15 16:46:51.598,0.65757,0.6577,2.84,1.50
2012.11.15 16:46:51.658,0.65758,0.65776,2.48,4.73
2012.11.15 16:46:52.038,0.65756,0.65773,1.73,1.50
2012.11.15 16:46:52.478,0.65757,0.65777,2.48,1.50
2012.11.15 16:46:55.368,0.65756,0.65773,1.73,1.50
2012.11.15 16:46:55.669,0.65754,0.65773,2.48,2.85
2012.11.15 16:46:56.150,0.65754,0.65769,1.73,1.50
2012.11.15 16:46:57.198,0.6575,0.65769,2.48,1.50
2012.11.15 16:46:57.677,0.6575,0.6577,3.23,1.50
2012.11.15 16:46:58.297,0.65753,0.6577,1.73,1.50
2012.11.15 16:46:58.478,0.65755,0.65773,2.48,2.25
2012.11.15 16:47:00.829,0.65755,0.65773,3.23,1.50
2012.11.15 16:47:04.980,0.65759,0.65777,2.48,2.85
2012.11.15 16:47:05.888,0.65759,0.65776,1.73,1.50
2012.11.15 16:47:06.157,0.65759,0.65774,1.73,1.50
2012.11.15 16:47:06.823,0.65759,0.65774,1.73,1.50
2012.11.15 16:47:07.367,0.65759,0.65774,1.73,1.50
2012.11.15 16:47:07.858,0.65759,0.65774,1.73,1.50
2012.11.15 16:47:09.077,0.65761,0.65777,2.25,3.08
2012.11.15 16:47:09.197,0.65763,0.65777,1.73,1.35
2012.11.15 16:47:09.726,0.65763,0.65781,1.73,2.48
2012.11.15 16:47:09.788,0.65763,0.65781,1.73,2.25
2012.11.15 16:47:10.217,0.65769,0.65781,1.50,1.50
2012.11.15 16:47:10.569,0.65771,0.65788,1.73,1.65
2012.11.15 16:47:10.627,0.65771,0.65788,1.73,1.50
2012.11.15 16:47:11.387,0.65771,0.65788,1.73,1.50
2012.11.15 16:47:11.447,0.65771,0.65787,1.73,1.50
2012.11.15 16:47:11.507,0.65769,0.65785,1.73,2.48
2012.11.15 16:47:11.748,0.65765,0.65783,1.73,1.73
2012.11.15 16:47:14.588,0.65766,0.65784,1.73,2.85
2012.11.15 16:47:14.672,0.65766,0.65785,1.73,2.25
2012.11.15 16:47:14.868,0.65769,0.65787,1.73,2.10
2012.11.15 16:47:14.987,0.65769,0.65788,2.48,2.85
2012.11.15 16:47:15.618,0.65769,0.65788,2.48,2.85
2012.11.15 16:47:15.797,0.65769,0.65788,1.73,3.83
2012.11.15 16:47:16.569,0.65767,0.65783,1.50,3.83
2012.11.15 16:47:17.078,0.65767,0.65783,1.50,3.83
2012.11.15 16:47:17.591,0.65763,0.65781,2.48,1.50
2012.11.15 16:47:22.307,0.65767,0.65783,1.50,1.73
2012.11.15 16:47:22.487,0.65767,0.65784,1.73,2.25
2012.11.15 16:47:23.299,0.65767,0.65783,1.73,1.50
2012.11.15 16:47:23.477,0.65762,0.6578,3.23,1.50
2012.11.15 16:47:24.307,0.65762,0.65778,1.73,1.50
2012.11.15 16:47:24.367,0.65762,0.65778,1.73,1.50
2012.11.15 16:47:25.019,0.65762,0.65778,1.73,1.73
2012.11.15 16:47:26.007,0.65757,0.65775,2.48,2.25
2012.11.15 16:47:26.367,0.65757,0.65775,2.48,2.48
2012.11.15 16:47:26.427,0.65757,0.65775,2.25,2.48
2012.11.15 16:47:26.977,0.65757,0.65775,2.48,2.48
2012.11.15 16:47:27.097,0.65757,0.65775,2.48,2.25
2012.11.15 16:47:27.337,0.65761,0.65775,1.73,1.50
2012.11.15 16:47:28.848,0.65761,0.6578,1.73,1.73
2012.11.15 16:47:33.339,0.65764,0.65782,1.50,1.58
2012.11.15 16:47:33.901,0.65764,0.65782,1.50,2.33
2012.11.15 16:47:35.409,0.6576,0.6578,2.48,2.48
2012.11.15 16:47:35.482,0.6576,0.6578,2.48,2.48
2012.11.15 16:47:36.843,0.65757,0.65775,2.25,2.48
2012.11.15 16:47:37.397,0.65752,0.65772,2.48,1.73
2012.11.15 16:47:38.928,0.65757,0.65774,2.25,2.48
2012.11.15 16:47:39.437,0.65757,0.65774,2.25,1.73
2012.11.15 16:47:39.497,0.65757,0.65774,2.48,1.73
2012.11.15 16:47:40.835,0.65757,0.65774,2.48,2.48
2012.11.15 16:47:41.376,0.65757,0.65774,2.48,2.48
2012.11.15 16:47:41.617,0.65757,0.65774,2.25,2.48
2012.11.15 16:47:41.777,0.65757,0.65774,2.48,2.48
2012.11.15 16:47:44.239,0.65757,0.65774,1.50,3.98
2012.11.15 16:47:44.447,0.65753,0.65771,2.48,1.73
2012.11.15 16:47:44.987,0.65753,0.65771,2.48,1.73
2012.11.15 16:47:45.527,0.65753,0.65771,2.48,1.73
2012.11.15 16:47:45.747,0.65753,0.65771,2.48,2.48
2012.11.15 16:47:46.917,0.65753,0.65771,2.48,2.48
2012.11.15 16:47:49.397,0.65753,0.65771,2.48,2.48
2012.11.15 16:47:50.017,0.65753,0.65771,2.48,1.73
2012.11.15 16:47:51.277,0.65753,0.65771,2.48,1.73
2012.11.15 16:47:51.687,0.65754,0.65771,1.50,1.73
2012.11.15 16:47:51.868,0.65757,0.65774,2.48,2.48
2012.11.15 16:47:52.672,0.65757,0.65775,1.50,2.48
2012.11.15 16:48:02.037,0.65753,0.65771,2.48,1.73
2012.11.15 16:48:02.169,0.65753,0.65771,2.48,1.73
2012.11.15 16:48:03.167,0.65753,0.65771,1.73,2.85
2012.11.15 16:48:03.741,0.65753,0.65771,1.50,4.95
2012.11.15 16:48:06.528,0.65753,0.65771,2.48,4.95
2012.11.15 16:48:06.647,0.65753,0.65771,2.48,4.95
2012.11.15 16:48:07.168,0.65753,0.65771,1.50,4.95
2012.11.15 16:48:17.198,0.65753,0.65771,2.25,4.20
2012.11.15 16:48:17.347,0.65753,0.65771,2.48,3.83
2012.11.15 16:48:17.708,0.65753,0.65771,2.48,3.83
2012.11.15 16:48:24.825,0.65754,0.65772,2.25,1.73
2012.11.15 16:48:25.758,0.65756,0.65772,1.50,1.73
2012.11.15 16:48:25.817,0.65756,0.65772,1.73,1.50
2012.11.15 16:48:26.517,0.65757,0.65775,2.48,1.35
2012.11.15 16:48:30.638,0.65756,0.65772,1.73,1.50
2012.11.15 16:48:30.967,0.65754,0.65772,2.48,1.73
2012.11.15 16:48:37.009,0.65756,0.65772,1.50,1.73
2012.11.15 16:48:37.079,0.65756,0.65772,1.73,1.50
2012.11.15 16:48:37.602,0.65758,0.65776,2.48,1.58
2012.11.15 16:48:38.347,0.65758,0.65776,1.73,1.58
2012.11.15 16:48:38.407,0.65758,0.65776,1.50,1.58
2012.11.15 16:48:38.975,0.65755,0.65773,2.25,2.48
2012.11.15 16:48:40.238,0.65755,0.65773,2.25,2.48
2012.11.15 16:48:41.453,0.65755,0.65773,2.25,2.48
2012.11.15 16:48:43.217,0.65752,0.65769,3.23,1.73
2012.11.15 16:48:46.177,0.65752,0.65769,2.48,2.48
2012.11.15 16:48:46.238,0.65752,0.65769,2.48,2.48
2012.11.15 16:48:46.478,0.65752,0.65769,1.50,2.48
2012.11.15 16:48:46.597,0.65747,0.65767,3.23,2.48
2012.11.15 16:48:46.790,0.65747,0.65767,3.00,2.48
2012.11.15 16:48:47.358,0.65744,0.65762,1.73,2.48
2012.11.15 16:48:47.690,0.6574,0.65758,2.48,2.48
2012.11.15 16:48:48.189,0.6574,0.65758,2.48,2.48
2012.11.15 16:48:48.248,0.6574,0.65758,2.48,1.73
2012.11.15 16:48:48.367,0.6574,0.65758,2.25,1.73
2012.11.15 16:48:48.427,0.6574,0.65758,2.25,1.73
2012.11.15 16:48:48.967,0.6574,0.65755,1.50,1.58
2012.11.15 16:48:49.302,0.65735,0.65755,2.48,3.08
2012.11.15 16:48:49.847,0.65732,0.6575,3.23,1.50
2012.11.15 16:48:50.497,0.65732,0.6575,3.23,1.50
2012.11.15 16:48:51.746,0.65736,0.65753,2.25,2.48
2012.11.15 16:48:52.712,0.65736,0.65753,2.25,2.48
2012.11.15 16:48:54.358,0.65732,0.65751,1.73,1.73
2012.11.15 16:48:54.549,0.65732,0.65751,1.73,1.73
2012.11.15 16:48:54.668,0.65732,0.65751,1.73,1.73
2012.11.15 16:48:55.007,0.65732,0.65751,1.73,1.73
2012.11.15 16:48:55.878,0.65732,0.65751,1.73,1.73
2012.11.15 16:48:56.437,0.65732,0.65751,1.73,1.73
2012.11.15 16:48:56.869,0.65731,0.65747,1.50,1.73
2012.11.15 16:48:57.614,0.65727,0.65747,3.23,2.48
2012.11.15 16:48:57.948,0.65727,0.65747,3.23,2.48
2012.11.15 16:48:58.252,0.65727,0.65747,3.23,2.48
2012.11.15 16:48:58.513,0.65731,0.65747,1.73,1.50
2012.11.15 16:48:59.080,0.65731,0.65751,3.23,3.83
2012.11.15 16:49:01.378,0.65731,0.65751,3.23,1.73
2012.11.15 16:49:01.598,0.65731,0.65751,3.23,1.73
2012.11.15 16:49:04.198,0.65735,0.65751,2.48,1.50
2012.11.15 16:49:04.317,0.65736,0.65756,2.48,3.08
2012.11.15 16:49:05.248,0.65736,0.65756,2.48,3.08
2012.11.15 16:49:06.497,0.65741,0.65759,2.25,2.48
2012.11.15 16:49:06.677,0.65741,0.65759,2.48,2.48
2012.11.15 16:49:06.897,0.65744,0.65763,2.25,1.58
2012.11.15 16:49:07.407,0.65744,0.65763,2.25,1.58
2012.11.15 16:49:08.837,0.65741,0.65759,2.25,2.48
2012.11.15 16:49:09.477,0.65741,0.65759,2.48,2.48
2012.11.15 16:49:13.151,0.65741,0.65759,2.48,2.48
2012.11.15 16:49:13.507,0.65742,0.65759,1.73,1.50
2012.11.15 16:49:16.888,0.65742,0.65759,1.73,1.50
2012.11.15 16:49:17.188,0.65745,0.65763,2.48,3.08
2012.11.15 16:49:18.027,0.65745,0.65763,2.48,2.48
2012.11.15 16:49:18.991,0.65745,0.65763,2.48,2.48
2012.11.15 16:49:19.108,0.65749,0.65764,2.25,1.35
2012.11.15 16:49:19.704,0.65749,0.65767,2.25,2.48
2012.11.15 16:49:20.207,0.65744,0.65764,2.48,2.48
2012.11.15 16:49:24.647,0.65744,0.65764,2.48,2.25
2012.11.15 16:49:24.768,0.65747,0.65764,1.73,1.50
2012.11.15 16:49:25.428,0.65747,0.65764,2.48,2.25
2012.11.15 16:49:27.754,0.65745,0.65763,2.48,2.48
2012.11.15 16:49:27.998,0.65745,0.65763,2.48,2.25
2012.11.15 16:49:29.848,0.65742,0.65755,1.73,1.50
2012.11.15 16:49:30.209,0.65728,0.65746,2.48,2.48
2012.11.15 16:49:31.088,0.65728,0.65746,2.40,2.48
2012.11.15 16:49:31.207,0.65728,0.65746,2.40,2.48
2012.11.15 16:49:31.508,0.65736,0.65746,1.50,1.73
2012.11.15 16:49:31.627,0.65736,0.65751,1.73,1.50
2012.11.15 16:49:31.747,0.65736,0.65751,1.73,1.50
2012.11.15 16:49:31.867,0.65736,0.65751,1.73,1.50
2012.11.15 16:49:31.928,0.65731,0.65751,2.48,2.25
2012.11.15 16:49:32.247,0.65732,0.65751,2.78,1.50
2012.11.15 16:49:32.991,0.65736,0.65755,1.73,1.73
2012.11.15 16:49:33.318,0.65736,0.65755,1.73,1.50
2012.11.15 16:49:33.868,0.65736,0.65755,1.73,1.50
2012.11.15 16:49:34.341,0.65742,0.65758,1.73,1.50
2012.11.15 16:49:35.150,0.65742,0.65758,1.73,1.50
2012.11.15 16:49:35.269,0.65742,0.65758,1.73,1.50
2012.11.15 16:49:36.332,0.65742,0.65753,1.73,6.09
2012.11.15 16:49:36.518,0.65737,0.65746,1.50,3.45
2012.11.15 16:49:36.579,0.6573,0.65743,1.79,5.10
2012.11.15 16:49:36.637,0.6573,0.65743,1.50,6.60
2012.11.15 16:49:36.697,0.65721,0.65741,1.50,1.50
2012.11.15 16:49:36.757,0.65721,0.6574,1.50,1.50
2012.11.15 16:49:36.817,0.65719,0.65737,1.14,2.25
2012.11.15 16:49:36.878,0.65715,0.65737,1.50,2.25
2012.11.15 16:49:37.387,0.65716,0.65736,3.00,2.25
2012.11.15 16:49:37.748,0.65716,0.65733,1.50,2.25
2012.11.15 16:49:38.432,0.65716,0.65736,2.25,1.50
2012.11.15 16:49:41.038,0.65721,0.65739,1.50,2.25
2012.11.15 16:49:41.388,0.65721,0.65739,2.25,1.50
2012.11.15 16:49:41.507,0.6573,0.65741,2.25,1.50
2012.11.15 16:49:41.567,0.6573,0.65748,2.25,1.50
2012.11.15 16:49:41.628,0.6573,0.65748,2.48,1.50
2012.11.15 16:49:41.987,0.65739,0.65755,1.50,1.73
2012.11.15 16:49:42.289,0.65734,0.65754,2.48,2.25
2012.11.15 16:49:42.689,0.65734,0.65754,2.48,2.48
2012.11.15 16:49:46.010,0.65738,0.65758,1.73,2.48
2012.11.15 16:49:46.257,0.65738,0.65758,1.50,2.48
2012.11.15 16:49:48.107,0.65734,0.65754,1.73,3.08
2012.11.15 16:49:49.937,0.65732,0.65746,2.25,2.25
2012.11.15 16:49:50.057,0.65726,0.65746,1.73,3.08
2012.11.15 16:49:50.179,0.65726,0.65746,2.48,1.50
2012.11.15 16:49:50.417,0.6573,0.65748,2.48,2.25
2012.11.15 16:49:50.857,0.6573,0.6575,2.48,1.50
2012.11.15 16:49:51.407,0.6573,0.6575,1.73,2.48
2012.11.15 16:49:52.598,0.6573,0.6575,1.73,2.48
2012.11.15 16:49:52.986,0.65709,0.65728,2.13,2.33
2012.11.15 16:49:53.109,0.65708,0.65728,1.73,2.33
2012.11.15 16:49:55.362,0.65708,0.65723,1.73,2.10
2012.11.15 16:49:55.667,0.65708,0.65722,1.50,1.58
2012.11.15 16:49:55.997,0.65704,0.65721,1.50,1.13
2012.11.15 16:49:56.378,0.65699,0.65717,1.73,2.25
2012.11.15 16:49:56.497,0.65703,0.6572,1.50,2.48
2012.11.15 16:49:56.814,0.65706,0.65722,1.50,1.58
2012.11.15 16:49:57.088,0.65702,0.6572,1.50,2.48
2012.11.15 16:49:57.677,0.65698,0.65716,1.73,2.48
2012.11.15 16:49:57.878,0.65703,0.65719,1.50,2.48
2012.11.15 16:49:58.319,0.65699,0.65717,1.50,2.48
2012.11.15 16:49:58.798,0.65699,0.65717,1.50,3.08
2012.11.15 16:49:59.252,0.65691,0.65709,2.48,2.48
2012.11.15 16:49:59.323,0.65698,0.65716,1.50,2.48
2012.11.15 16:49:59.897,0.65698,0.65716,1.50,1.73
2012.11.15 16:50:00.138,0.65698,0.65716,2.48,1.73
2012.11.15 16:50:00.259,0.65704,0.65721,1.50,1.73
2012.11.15 16:50:00.318,0.65704,0.65721,1.73,1.50
2012.11.15 16:50:01.119,0.65708,0.65725,1.50,2.48
2012.11.15 16:50:01.359,0.65708,0.65725,1.73,1.73
2012.11.15 16:50:01.717,0.65708,0.65725,1.73,2.48
2012.11.15 16:50:01.897,0.65708,0.65725,1.50,2.48
2012.11.15 16:50:02.917,0.65705,0.65712,1.73,2.25
2012.11.15 16:50:03.037,0.657,0.65718,1.50,2.48
2012.11.15 16:50:03.228,0.65693,0.65713,2.25,2.48
2012.11.15 16:50:03.287,0.65693,0.65713,1.73,2.48
2012.11.15 16:50:03.708,0.65698,0.65713,1.73,2.25
2012.11.15 16:50:04.337,0.657,0.6572,1.73,2.48
2012.11.15 16:50:09.833,0.657,0.6572,1.73,2.48
2012.11.15 16:50:10.197,0.657,0.6572,1.73,2.48
2012.11.15 16:50:10.317,0.657,0.6572,1.73,2.48
2012.11.15 16:50:12.095,0.657,0.6572,1.50,2.48
2012.11.15 16:50:12.748,0.657,0.6572,1.73,2.48
2012.11.15 16:50:14.718,0.657,0.6572,1.73,2.48
2012.11.15 16:50:15.231,0.657,0.6572,2.48,1.73
2012.11.15 16:50:16.828,0.65705,0.65723,2.48,2.48
2012.11.15 16:50:17.148,0.65705,0.65723,2.48,2.48
2012.11.15 16:50:17.520,0.65706,0.65723,1.73,2.48
2012.11.15 16:50:18.507,0.65711,0.65727,1.50,1.73
2012.11.15 16:50:18.627,0.65711,0.65727,1.73,1.73
2012.11.15 16:50:19.128,0.65713,0.65731,1.50,2.48
2012.11.15 16:50:20.811,0.65713,0.6573,1.50,2.48
2012.11.15 16:50:20.928,0.65704,0.65724,2.25,2.48
2012.11.15 16:50:21.108,0.65704,0.65724,1.50,2.48
2012.11.15 16:50:21.227,0.65704,0.65721,1.50,2.48
2012.11.15 16:50:21.349,0.657,0.6572,2.25,2.48
2012.11.15 16:50:21.528,0.65702,0.6572,1.73,2.48
2012.11.15 16:50:21.588,0.657,0.6572,2.48,2.48
2012.11.15 16:50:21.987,0.65701,0.6572,1.73,2.48
2012.11.15 16:50:22.499,0.65705,0.65723,1.50,2.48
2012.11.15 16:50:22.689,0.65705,0.65723,2.48,2.48
2012.11.15 16:50:23.648,0.65705,0.65723,2.48,2.48
2012.11.15 16:50:30.717,0.65705,0.65723,2.48,2.48
2012.11.15 16:50:30.837,0.65705,0.65723,2.25,2.48
2012.11.15 16:50:31.037,0.65705,0.65723,2.25,2.48
2012.11.15 16:50:31.217,0.65705,0.65723,2.48,2.48
2012.11.15 16:50:31.832,0.65705,0.65723,2.48,2.48
2012.11.15 16:50:36.569,0.65709,0.65727,2.25,2.48
2012.11.15 16:50:38.807,0.65709,0.65727,2.25,2.48
2012.11.15 16:50:38.868,0.65709,0.65727,2.25,2.48
2012.11.15 16:50:39.413,0.65709,0.65727,2.25,1.73
2012.11.15 16:50:40.927,0.65709,0.65727,2.25,2.48
2012.11.15 16:50:41.504,0.65709,0.65727,2.25,2.48
2012.11.15 16:50:50.228,0.65709,0.65727,2.25,2.48
2012.11.15 16:50:50.370,0.65704,0.65724,2.25,2.48
2012.11.15 16:50:50.489,0.65704,0.65724,2.25,2.48
2012.11.15 16:50:50.918,0.65709,0.65726,1.50,2.48
2012.11.15 16:50:51.166,0.65709,0.65727,2.25,2.48
2012.11.15 16:50:54.198,0.65713,0.65731,1.50,2.48
2012.11.15 16:50:54.378,0.65713,0.65731,1.50,2.48
2012.11.15 16:51:01.114,0.65713,0.65731,2.25,2.48
2012.11.15 16:51:05.728,0.65713,0.65731,2.25,2.48
2012.11.15 16:51:05.908,0.65713,0.65731,2.25,2.48
2012.11.15 16:51:06.494,0.65713,0.65731,2.25,2.48
2012.11.15 16:51:07.788,0.65713,0.65731,2.25,2.48
2012.11.15 16:51:11.228,0.65713,0.65731,2.25,2.48
2012.11.15 16:51:16.370,0.6571,0.6573,1.50,2.48
2012.11.15 16:51:16.560,0.6571,0.6573,1.50,2.48
2012.11.15 16:51:16.989,0.6571,0.6573,1.50,3.23
2012.11.15 16:51:17.337,0.6571,0.6573,1.50,2.48
2012.11.15 16:51:17.858,0.65709,0.65726,1.50,2.48
2012.11.15 16:51:18.378,0.65706,0.65726,2.25,2.48
2012.11.15 16:51:18.879,0.65706,0.65726,2.25,2.48
2012.11.15 16:51:21.224,0.65706,0.65726,2.25,2.48
2012.11.15 16:51:31.168,0.65706,0.65726,1.50,2.48
2012.11.15 16:51:34.408,0.65705,0.65726,1.50,2.48
2012.11.15 16:51:34.528,0.65701,0.65717,1.73,2.25
2012.11.15 16:51:34.588,0.65699,0.65717,2.25,2.48
2012.11.15 16:51:34.707,0.65699,0.65717,1.50,1.73
2012.11.15 16:51:34.767,0.65702,0.65717,1.50,1.50
2012.11.15 16:51:34.947,0.65703,0.65723,1.50,2.48
2012.11.15 16:51:44.889,0.65703,0.65723,1.50,2.48
2012.11.15 16:51:47.758,0.65699,0.65719,1.73,2.48
2012.11.15 16:51:49.177,0.65699,0.65718,1.50,1.35
2012.11.15 16:51:49.418,0.65695,0.65713,1.50,2.48
2012.11.15 16:51:53.118,0.65695,0.65713,1.50,1.73
2012.11.15 16:51:53.354,0.65695,0.65713,1.50,1.73
2012.11.15 16:51:53.659,0.65695,0.65713,1.50,2.48
2012.11.15 16:51:53.839,0.6569,0.6571,1.50,2.48
2012.11.15 16:52:04.732,0.6569,0.6571,2.25,2.48
2012.11.15 16:52:04.799,0.65691,0.6571,1.73,1.73
2012.11.15 16:52:05.278,0.65695,0.65714,1.50,2.48
2012.11.15 16:52:09.377,0.65695,0.65714,2.25,2.48
2012.11.15 16:52:09.498,0.65696,0.65714,1.73,2.48
2012.11.15 16:52:13.138,0.65698,0.65718,2.48,2.48
2012.11.15 16:52:16.970,0.65698,0.65718,2.70,2.48
2012.11.15 16:52:18.538,0.65702,0.65722,1.50,2.48
2012.11.15 16:52:20.389,0.65701,0.65717,2.25,2.48
2012.11.15 16:52:22.429,0.657,0.65717,2.25,2.48
2012.11.15 16:52:24.158,0.657,0.65717,2.25,2.48
2012.11.15 16:52:24.278,0.65698,0.65714,2.48,1.50
2012.11.15 16:52:24.608,0.65696,0.65714,3.00,2.48
2012.11.15 16:52:24.748,0.65696,0.65714,3.00,2.48
2012.11.15 16:52:25.308,0.65696,0.65714,2.25,2.48
2012.11.15 16:52:31.240,0.65696,0.65714,2.25,2.48
2012.11.15 16:52:38.108,0.65696,0.65714,1.50,2.48
2012.11.15 16:52:41.472,0.65694,0.6571,2.25,2.48
2012.11.15 16:52:41.529,0.65692,0.6571,2.25,2.48
2012.11.15 16:52:42.109,0.65692,0.6571,1.50,2.48
2012.11.15 16:52:42.619,0.65688,0.65706,2.25,2.48
2012.11.15 16:52:48.278,0.65688,0.65706,2.48,2.48
2012.11.15 16:52:49.340,0.65693,0.65708,1.50,2.48
2012.11.15 16:52:51.098,0.65693,0.6571,2.25,2.48
2012.11.15 16:52:51.618,0.65693,0.6571,2.25,2.48
2012.11.15 16:52:52.317,0.65693,0.6571,2.25,2.48
2012.11.15 16:52:52.728,0.65696,0.65714,1.50,2.85
2012.11.15 16:52:56.327,0.65696,0.65714,2.25,2.48
2012.11.15 16:52:56.529,0.65696,0.65714,3.00,2.40
2012.11.15 16:52:57.079,0.65696,0.65714,1.50,2.40
2012.11.15 16:52:57.680,0.65696,0.65714,1.50,2.48
2012.11.15 16:52:58.410,0.65696,0.65714,2.25,2.48
2012.11.15 16:52:58.529,0.65696,0.65714,3.00,2.48
2012.11.15 16:53:02.109,0.65696,0.65714,1.50,2.48
2012.11.15 16:53:03.458,0.65696,0.65712,1.50,2.48
2012.11.15 16:53:03.697,0.65691,0.65709,1.50,2.48
2012.11.15 16:53:03.878,0.65695,0.65713,1.50,2.48
2012.11.15 16:53:04.420,0.65695,0.65713,1.50,2.40
2012.11.15 16:53:04.989,0.65695,0.65713,1.50,1.65
2012.11.15 16:53:08.869,0.65695,0.65713,1.50,2.48
2012.11.15 16:53:09.128,0.65691,0.65709,1.73,2.48
2012.11.15 16:53:09.188,0.65691,0.65709,1.50,2.48
2012.11.15 16:53:09.698,0.65692,0.65709,1.50,1.73
2012.11.15 16:53:09.759,0.65692,0.65709,3.23,1.73
2012.11.15 16:53:09.878,0.65695,0.65713,1.50,2.48
2012.11.15 16:53:10.298,0.65695,0.65713,1.50,1.73
2012.11.15 16:53:10.838,0.65695,0.65713,1.50,2.48
2012.11.15 16:53:11.078,0.65689,0.65709,2.25,2.48
2012.11.15 16:53:11.138,0.65689,0.65709,2.25,2.48
2012.11.15 16:53:11.748,0.65694,0.65711,1.50,2.48
2012.11.15 16:53:11.808,0.65694,0.65712,1.50,1.73
2012.11.15 16:53:11.927,0.65694,0.65712,1.50,2.48
2012.11.15 16:53:11.988,0.65691,0.65708,2.25,2.48
2012.11.15 16:53:12.621,0.6569,0.65708,2.25,2.48
2012.11.15 16:53:13.687,0.6569,0.65708,2.25,2.48
2012.11.15 16:53:15.297,0.65693,0.65711,1.50,2.48
2012.11.15 16:53:15.658,0.6569,0.65708,1.50,2.48
2012.11.15 16:53:18.714,0.6569,0.65708,2.25,2.48
2012.11.15 16:53:20.638,0.65693,0.65713,2.25,2.77
2012.11.15 16:53:20.698,0.65693,0.6571,2.48,2.48
2012.11.15 16:53:20.818,0.6569,0.65708,2.25,2.48
2012.11.15 16:53:21.368,0.6569,0.65708,2.25,2.48
2012.11.15 16:53:21.728,0.65694,0.65712,2.25,2.48
2012.11.15 16:53:22.078,0.65694,0.65712,2.25,2.48
2012.11.15 16:53:22.568,0.65694,0.65712,2.48,1.73
2012.11.15 16:53:22.808,0.65694,0.65712,2.25,1.73
2012.11.15 16:53:22.868,0.65694,0.65712,2.25,2.48
2012.11.15 16:53:27.928,0.65694,0.65712,2.25,1.73
2012.11.15 16:53:28.441,0.65694,0.65712,2.25,2.48
2012.11.15 16:53:29.219,0.65691,0.65709,1.73,2.48
2012.11.15 16:53:31.104,0.65691,0.65709,1.73,2.48
2012.11.15 16:53:33.078,0.65692,0.65713,1.50,2.48
2012.11.15 16:53:39.178,0.65693,0.65713,2.48,2.48
2012.11.15 16:53:39.519,0.65691,0.65708,2.25,2.48
2012.11.15 16:53:41.188,0.65691,0.65708,2.25,2.48
2012.11.15 16:53:41.526,0.65691,0.65708,2.25,2.48
2012.11.15 16:53:51.316,0.65691,0.65708,2.25,2.48
2012.11.15 16:53:51.758,0.65691,0.65708,1.50,2.48
2012.11.15 16:53:52.335,0.65687,0.65705,3.23,1.73
2012.11.15 16:53:54.178,0.6569,0.65705,1.50,1.73
2012.11.15 16:53:54.359,0.65687,0.65705,3.83,1.73
2012.11.15 16:53:54.887,0.65687,0.65705,3.08,1.73
2012.11.15 16:53:58.609,0.65687,0.65705,2.48,1.73
2012.11.15 16:53:58.978,0.65688,0.65705,1.58,1.73
2012.11.15 16:54:01.407,0.65687,0.65705,1.73,2.48
2012.11.15 16:54:01.588,0.65683,0.65701,1.73,2.48
2012.11.15 16:54:02.719,0.65679,0.65697,2.48,1.73
2012.11.15 16:54:08.217,0.65679,0.65697,2.48,1.73
2012.11.15 16:54:08.278,0.65682,0.65699,1.73,2.48
2012.11.15 16:54:17.187,0.65682,0.65698,1.73,1.50
2012.11.15 16:54:17.367,0.65677,0.65697,1.50,3.23
2012.11.15 16:54:18.429,0.65681,0.65698,2.25,3.23
2012.11.15 16:54:18.548,0.65681,0.657,2.48,3.23
2012.11.15 16:54:18.607,0.65681,0.657,1.73,3.23
2012.11.15 16:54:18.908,0.65678,0.65695,1.50,2.48
2012.11.15 16:54:22.938,0.65678,0.65695,2.25,2.48
2012.11.15 16:54:23.238,0.6568,0.65699,2.48,1.73
2012.11.15 16:54:23.688,0.6568,0.65699,2.48,1.73
2012.11.15 16:54:23.748,0.6568,0.65697,1.73,1.73
2012.11.15 16:54:23.868,0.65676,0.65696,2.25,2.48
2012.11.15 16:54:26.679,0.65676,0.65696,2.48,2.48
2012.11.15 16:54:27.707,0.65678,0.65696,1.73,1.73
2012.11.15 16:54:27.828,0.65678,0.65696,1.73,1.50
2012.11.15 16:54:27.889,0.65679,0.65696,2.48,2.25
2012.11.15 16:54:28.008,0.6568,0.65699,1.50,2.33
2012.11.15 16:54:28.448,0.6568,0.65699,1.73,1.58
2012.11.15 16:54:34.937,0.6568,0.657,2.48,1.73
2012.11.15 16:54:34.999,0.65681,0.657,1.73,1.50
2012.11.15 16:54:35.662,0.65685,0.65703,2.48,1.73
2012.11.15 16:54:38.239,0.65685,0.65703,2.48,2.48
2012.11.15 16:54:39.348,0.65685,0.65703,1.73,2.48
2012.11.15 16:54:40.228,0.65685,0.65703,2.48,1.73
2012.11.15 16:54:40.750,0.65685,0.65703,1.73,2.48
2012.11.15 16:54:41.108,0.65686,0.65703,1.73,1.50
2012.11.15 16:54:41.468,0.65685,0.65703,1.73,3.23
2012.11.15 16:54:41.588,0.65685,0.65703,1.73,2.48
2012.11.15 16:54:43.428,0.65685,0.65703,1.73,2.48
2012.11.15 16:54:43.487,0.65685,0.65703,2.48,2.48
2012.11.15 16:54:43.921,0.65685,0.65703,1.73,2.48
2012.11.15 16:54:44.278,0.65685,0.65703,1.50,2.48
2012.11.15 16:54:46.268,0.65685,0.65703,1.50,2.48
2012.11.15 16:54:46.733,0.65685,0.65703,1.73,2.48
2012.11.15 16:54:51.278,0.65685,0.65703,1.73,2.48
2012.11.15 16:54:51.489,0.65685,0.65703,2.48,2.48
2012.11.15 16:54:52.258,0.65689,0.65706,1.73,2.48
2012.11.15 16:54:52.530,0.65689,0.65707,2.48,1.73
2012.11.15 16:54:52.899,0.65689,0.65707,3.23,1.50
2012.11.15 16:54:53.429,0.65689,0.65707,3.23,1.73
2012.11.15 16:54:54.346,0.65689,0.65707,2.48,2.48
2012.11.15 16:54:54.647,0.65689,0.65707,2.48,1.50
2012.11.15 16:54:55.228,0.65689,0.65707,1.73,2.25
2012.11.15 16:54:55.289,0.65689,0.65707,1.50,2.48
2012.11.15 16:54:55.938,0.65689,0.65707,1.73,2.48
2012.11.15 16:54:56.274,0.65689,0.65707,1.50,2.48
2012.11.15 16:54:56.398,0.65689,0.65707,1.73,2.48
2012.11.15 16:54:57.103,0.65684,0.65704,2.48,2.48
2012.11.15 16:55:00.457,0.65685,0.65704,1.73,1.73
2012.11.15 16:55:00.578,0.65685,0.65704,1.73,1.50
2012.11.15 16:55:01.240,0.65688,0.65708,2.48,2.48
2012.11.15 16:55:03.438,0.65689,0.65708,1.73,2.48
2012.11.15 16:55:03.948,0.65693,0.65709,2.48,1.73
2012.11.15 16:55:04.068,0.65693,0.65713,2.48,2.25
2012.11.15 16:55:04.128,0.65693,0.65713,2.48,1.50
2012.11.15 16:55:04.188,0.65693,0.65713,1.73,2.63
2012.11.15 16:55:04.308,0.65693,0.65713,1.50,2.85
2012.11.15 16:55:07.069,0.65689,0.65709,2.48,2.48
2012.11.15 16:55:09.778,0.65689,0.65709,2.48,2.48
2012.11.15 16:55:10.152,0.65689,0.65707,1.50,1.58
2012.11.15 16:55:11.918,0.65688,0.65704,1.50,2.48
2012.11.15 16:55:12.557,0.65686,0.65704,1.73,2.48
2012.11.15 16:55:12.948,0.65686,0.65704,2.48,1.73
2012.11.15 16:55:13.068,0.65686,0.65704,2.48,1.50
2012.11.15 16:55:13.398,0.6569,0.65708,2.48,2.33
2012.11.15 16:55:13.518,0.65693,0.65713,2.48,2.25
2012.11.15 16:55:13.577,0.65693,0.65713,2.48,1.50
2012.11.15 16:55:13.698,0.65693,0.6571,1.73,1.35
2012.11.15 16:55:13.758,0.65693,0.6571,1.50,1.95
2012.11.15 16:55:14.267,0.6569,0.65708,2.48,2.48
2012.11.15 16:55:14.397,0.6569,0.65708,1.73,3.23
2012.11.15 16:55:15.688,0.65688,0.65705,1.73,2.48
2012.11.15 16:55:17.498,0.65685,0.65705,1.50,3.23
2012.11.15 16:55:18.138,0.65685,0.65702,1.50,1.35
2012.11.15 16:55:18.258,0.65681,0.65701,2.25,2.48
2012.11.15 16:55:18.498,0.65681,0.65701,2.48,1.73
2012.11.15 16:55:19.039,0.65682,0.657,1.73,2.48
2012.11.15 16:55:19.199,0.65682,0.657,1.50,2.48
2012.11.15 16:55:20.208,0.65691,0.65703,2.25,2.25
2012.11.15 16:55:20.329,0.65691,0.65709,2.48,1.50
2012.11.15 16:55:20.578,0.65687,0.65705,3.13,1.50
2012.11.15 16:55:20.638,0.65687,0.65705,2.48,1.73
2012.11.15 16:55:20.698,0.65687,0.65705,1.73,2.48
2012.11.15 16:55:20.758,0.65687,0.65705,1.50,2.48
2012.11.15 16:55:22.706,0.65687,0.65704,1.50,1.73
2012.11.15 16:55:22.772,0.65682,0.657,1.73,1.35
2012.11.15 16:55:22.958,0.65682,0.65702,2.25,2.85
2012.11.15 16:55:23.078,0.65682,0.65702,2.48,2.10
2012.11.15 16:55:23.197,0.65682,0.65702,2.48,1.73
2012.11.15 16:55:23.319,0.65682,0.65702,2.48,1.50
2012.11.15 16:55:23.498,0.65682,0.65702,2.48,1.73
2012.11.15 16:55:24.400,0.65682,0.65702,2.48,1.73
2012.11.15 16:55:24.518,0.65682,0.65702,2.48,1.50
2012.11.15 16:55:24.578,0.65686,0.65706,2.48,2.48
2012.11.15 16:55:25.669,0.65686,0.65706,1.73,3.23
2012.11.15 16:55:25.970,0.65681,0.65701,3.23,1.73
2012.11.15 16:55:29.119,0.65681,0.65701,3.23,1.73
2012.11.15 16:55:29.239,0.65681,0.65701,3.23,1.50
2012.11.15 16:55:29.298,0.65686,0.65704,2.48,1.73
2012.11.15 16:55:36.579,0.65686,0.65704,1.73,2.48
2012.11.15 16:55:36.782,0.65686,0.65703,1.50,1.35
2012.11.15 16:55:37.977,0.65682,0.65701,2.48,1.73
2012.11.15 16:55:38.510,0.65682,0.65701,2.48,1.73
2012.11.15 16:55:39.049,0.65682,0.65701,2.48,1.73
2012.11.15 16:55:43.206,0.65682,0.65701,2.48,1.50
2012.11.15 16:55:45.265,0.65682,0.65701,2.48,1.73
2012.11.15 16:55:45.608,0.65682,0.65701,2.48,1.73
2012.11.15 16:55:47.098,0.65682,0.65701,2.48,2.48
2012.11.15 16:55:47.159,0.65681,0.65697,2.48,2.10
2012.11.15 16:55:47.278,0.65679,0.65697,1.50,2.10
2012.11.15 16:55:47.399,0.65679,0.65697,1.73,2.10
2012.11.15 16:55:49.428,0.65679,0.65697,2.48,2.10
2012.11.15 16:56:11.428,0.65683,0.65701,1.50,4.73
2012.11.15 16:56:12.988,0.65684,0.65702,1.50,1.35
2012.11.15 16:56:15.898,0.65684,0.65704,2.25,1.58
2012.11.15 16:56:16.139,0.65684,0.65706,2.48,2.48
2012.11.15 16:56:16.639,0.6569,0.65706,1.50,1.73
2012.11.15 16:56:16.998,0.65692,0.6571,2.48,1.35
2012.11.15 16:56:20.258,0.65688,0.65708,1.73,2.85
2012.11.15 16:56:20.318,0.65688,0.65708,1.73,2.85
2012.11.15 16:56:20.519,0.65688,0.65708,1.73,2.85
2012.11.15 16:56:20.964,0.65692,0.65711,1.73,1.35
2012.11.15 16:56:22.408,0.65691,0.65709,2.48,1.73
2012.11.15 16:56:22.588,0.65691,0.65709,2.48,1.50
2012.11.15 16:56:22.779,0.65693,0.65713,2.48,2.85
2012.11.15 16:56:25.738,0.65693,0.65713,1.50,2.85
2012.11.15 16:56:26.648,0.65691,0.65709,2.48,1.73
2012.11.15 16:56:26.708,0.65691,0.65709,2.48,1.73
2012.11.15 16:56:27.068,0.6569,0.65709,1.73,1.50
2012.11.15 16:56:30.458,0.65689,0.65709,2.48,2.25
2012.11.15 16:56:30.578,0.65689,0.65709,2.48,2.48
2012.11.15 16:56:31.370,0.65689,0.65709,2.48,1.73
2012.11.15 16:56:31.508,0.65689,0.65709,2.48,1.73
2012.11.15 16:56:37.899,0.65686,0.65704,3.23,1.50
2012.11.15 16:56:39.879,0.65686,0.65704,3.23,2.25
2012.11.15 16:56:40.204,0.65686,0.65704,2.48,2.48
2012.11.15 16:56:46.098,0.65686,0.65704,2.25,2.48
2012.11.15 16:56:49.218,0.65683,0.657,1.73,1.50
2012.11.15 16:56:50.148,0.65686,0.657,1.73,1.88
2012.11.15 16:56:50.208,0.65682,0.65699,2.48,1.13
2012.11.15 16:56:50.328,0.65679,0.65697,2.25,1.73
2012.11.15 16:56:51.078,0.65679,0.65697,3.23,1.73
2012.11.15 16:56:52.298,0.65679,0.65697,2.25,1.73
2012.11.15 16:56:57.918,0.65678,0.65694,1.50,1.73
2012.11.15 16:56:57.979,0.65679,0.65694,1.73,1.50
2012.11.15 16:56:58.038,0.65679,0.65697,3.23,1.73
2012.11.15 16:57:06.418,0.65681,0.65697,1.73,1.73
2012.11.15 16:57:06.548,0.65684,0.65702,1.73,2.10
2012.11.15 16:57:06.668,0.65682,0.65702,3.23,2.10
2012.11.15 16:57:06.727,0.65682,0.65702,3.00,2.10
2012.11.15 16:57:06.788,0.65682,0.65702,2.25,2.10
2012.11.15 16:57:14.518,0.65682,0.65698,1.50,2.48
2012.11.15 16:57:14.759,0.65678,0.65698,3.23,1.73
2012.11.15 16:57:14.938,0.65683,0.65701,1.50,1.73
2012.11.15 16:57:19.881,0.65683,0.65701,2.25,1.73
2012.11.15 16:57:20.118,0.65683,0.65701,2.48,1.73
2012.11.15 16:57:21.348,0.65683,0.65701,2.48,1.73
2012.11.15 16:57:21.588,0.65683,0.65701,1.50,1.73
2012.11.15 16:57:21.947,0.65672,0.65692,2.25,2.48
2012.11.15 16:57:26.188,0.65672,0.65692,2.25,1.73
2012.11.15 16:57:26.368,0.65676,0.65696,2.48,1.73
2012.11.15 16:57:27.008,0.65676,0.65696,3.23,1.73
2012.11.15 16:57:29.998,0.65676,0.65696,3.23,1.73
2012.11.15 16:57:30.058,0.65676,0.65696,3.23,1.73
2012.11.15 16:57:35.378,0.65679,0.65696,1.50,1.73
2012.11.15 16:57:35.558,0.65679,0.65696,1.73,1.50
2012.11.15 16:57:37.388,0.65682,0.657,1.73,1.73
2012.11.15 16:57:37.451,0.65682,0.657,1.73,1.73
2012.11.15 16:57:37.998,0.65685,0.65702,1.50,2.10
2012.11.15 16:57:42.910,0.6568,0.65698,2.48,2.48
2012.11.15 16:57:43.029,0.6568,0.65698,2.48,2.48
2012.11.15 16:57:52.410,0.6568,0.65698,3.23,1.73
2012.11.15 16:57:52.588,0.65682,0.65698,1.50,1.73
2012.11.15 16:57:52.720,0.65682,0.65698,1.73,1.50
2012.11.15 16:57:52.898,0.6568,0.65698,2.48,1.73
2012.11.15 16:57:56.518,0.6568,0.65698,2.25,1.73
2012.11.15 16:57:56.638,0.6568,0.65698,2.25,1.73
2012.11.15 16:57:56.958,0.6568,0.65698,2.25,1.73
2012.11.15 16:58:01.168,0.65676,0.65694,3.83,1.73
2012.11.15 16:58:02.778,0.65676,0.65694,3.83,1.73
2012.11.15 16:58:03.589,0.65676,0.65694,3.83,1.73
2012.11.15 16:58:04.449,0.65676,0.65694,3.83,1.73
2012.11.15 16:58:04.511,0.65679,0.65697,2.48,1.73
2012.11.15 16:58:04.628,0.65679,0.65699,2.48,2.48
2012.11.15 16:58:04.748,0.65679,0.65699,2.48,2.48
2012.11.15 16:58:06.218,0.65679,0.65699,2.48,2.48
2012.11.15 16:58:06.339,0.65679,0.65699,2.48,2.48
2012.11.15 16:58:07.881,0.65685,0.65699,1.50,1.73
2012.11.15 16:58:08.210,0.65687,0.65702,1.50,1.50
2012.11.15 16:58:08.461,0.65687,0.65702,1.50,1.73
2012.11.15 16:58:09.148,0.65687,0.65702,1.50,1.73
2012.11.15 16:58:09.208,0.65688,0.65702,1.95,1.73
2012.11.15 16:58:09.757,0.65688,0.65706,3.68,2.48
2012.11.15 16:58:09.878,0.65691,0.65706,1.50,1.73
2012.11.15 16:58:10.438,0.65691,0.65706,1.50,1.73
2012.11.15 16:58:11.098,0.65691,0.65706,1.50,1.73
2012.11.15 16:58:11.179,0.65691,0.65706,1.50,1.73
2012.11.15 16:58:19.178,0.65688,0.65706,2.48,2.48
2012.11.15 16:58:21.248,0.65688,0.65706,3.60,2.48
2012.11.15 16:58:22.199,0.65688,0.65703,2.10,1.50
2012.11.15 16:58:24.178,0.65688,0.65707,2.10,2.48
2012.11.15 16:58:24.238,0.65686,0.65707,4.35,2.48
2012.11.15 16:58:26.041,0.65691,0.65707,1.50,1.73
2012.11.15 16:58:27.540,0.65692,0.65707,1.73,1.50
2012.11.15 16:58:27.602,0.65692,0.65712,1.73,1.73
2012.11.15 16:58:27.839,0.65691,0.65712,3.00,2.48
2012.11.15 16:58:30.572,0.65691,0.65708,1.50,1.73
2012.11.15 16:58:30.868,0.65691,0.65708,1.50,1.73
2012.11.15 16:58:31.489,0.65691,0.65708,1.50,1.73
2012.11.15 16:58:41.138,0.65691,0.65708,1.50,1.73
2012.11.15 16:58:49.438,0.65691,0.65706,1.50,1.73
2012.11.15 16:58:49.498,0.65691,0.65706,1.73,1.50
2012.11.15 16:58:49.888,0.65692,0.65706,1.50,1.73
2012.11.15 16:58:54.838,0.65692,0.65706,1.50,1.73
2012.11.15 16:58:56.269,0.65692,0.65706,1.50,1.73
2012.11.15 16:58:56.328,0.65687,0.65702,2.93,1.50
2012.11.15 16:58:56.388,0.65686,0.65702,1.73,1.50
2012.11.15 16:59:00.578,0.65686,0.65702,1.73,1.50
2012.11.15 16:59:00.778,0.65686,0.65702,1.73,1.73
2012.11.15 16:59:03.230,0.65686,0.65702,1.73,1.73
2012.11.15 16:59:03.824,0.65686,0.65702,1.50,1.73
2012.11.15 16:59:04.309,0.65686,0.65702,1.50,1.73
2012.11.15 16:59:10.945,0.65686,0.65702,1.73,1.50
2012.11.15 16:59:11.128,0.65686,0.65702,1.73,1.50
2012.11.15 16:59:11.189,0.65687,0.65702,1.50,1.73
2012.11.15 16:59:11.558,0.65687,0.65702,1.73,1.50
2012.11.15 16:59:11.742,0.65687,0.65702,1.50,1.73
2012.11.15 16:59:12.098,0.65687,0.65702,1.73,1.50
2012.11.15 16:59:12.218,0.65687,0.65702,1.73,1.50
2012.11.15 16:59:15.349,0.65687,0.65702,1.73,1.50
2012.11.15 16:59:16.965,0.65687,0.65702,1.50,1.73
2012.11.15 16:59:17.030,0.65682,0.65698,1.73,2.25
2012.11.15 16:59:17.508,0.65686,0.65698,1.50,1.50
2012.11.15 16:59:17.628,0.65687,0.65701,1.73,1.50
2012.11.15 16:59:17.748,0.65687,0.65701,1.50,1.73
2012.11.15 16:59:17.938,0.65687,0.65701,1.50,1.73
2012.11.15 16:59:20.340,0.65687,0.65701,1.50,1.73
2012.11.15 16:59:20.518,0.65682,0.65701,2.25,2.48
2012.11.15 16:59:21.058,0.65677,0.65696,4.58,2.48
2012.11.15 16:59:21.270,0.65681,0.65696,1.73,1.73
2012.11.15 16:59:22.559,0.65681,0.65696,1.73,1.73
2012.11.15 16:59:22.862,0.65677,0.65696,3.23,2.48
2012.11.15 16:59:23.719,0.65677,0.65696,3.23,2.85
2012.11.15 16:59:24.244,0.65677,0.65692,1.73,1.50
2012.11.15 16:59:29.499,0.65677,0.65695,3.23,2.48
2012.11.15 16:59:30.588,0.65677,0.65696,2.48,1.50
2012.11.15 16:59:30.708,0.65677,0.65696,3.23,2.25
2012.11.15 16:59:30.888,0.65677,0.65696,3.23,2.48
2012.11.15 16:59:31.279,0.65677,0.65696,2.48,1.50
2012.11.15 16:59:31.580,0.65677,0.65696,3.23,2.48
2012.11.15 16:59:32.099,0.65677,0.65696,3.23,2.48
2012.11.15 16:59:32.765,0.65677,0.65696,3.23,2.48
2012.11.15 16:59:33.307,0.65677,0.65696,3.23,2.48
2012.11.15 16:59:34.898,0.65677,0.65696,3.23,2.48
2012.11.15 16:59:35.437,0.65677,0.65692,1.73,1.50
2012.11.15 16:59:40.208,0.65676,0.65692,1.73,1.50
2012.11.15 16:59:40.328,0.65677,0.65695,2.48,1.50
2012.11.15 16:59:40.508,0.65677,0.65695,2.48,2.48
2012.11.15 16:59:40.568,0.65677,0.65695,2.48,2.48
2012.11.15 16:59:43.928,0.65676,0.65693,1.73,1.50
2012.11.15 16:59:44.447,0.65676,0.65693,1.73,1.50
2012.11.15 16:59:44.948,0.65676,0.65693,1.73,1.73
2012.11.15 16:59:45.492,0.65676,0.65693,1.73,1.73
2012.11.15 16:59:48.622,0.65676,0.65693,1.73,1.73
2012.11.15 16:59:49.173,0.65676,0.65693,1.73,1.73
2012.11.15 16:59:51.163,0.65676,0.65693,1.73,1.73
2012.11.15 16:59:57.928,0.65679,0.65693,1.35,1.73
2012.11.15 16:59:58.048,0.65679,0.65697,1.58,1.50
2012.11.15 16:59:59.739,0.6568,0.65697,2.10,1.50
2012.11.15 16:59:59.920,0.65689,0.65703,1.50,1.73
