2013.12.16 05:00:00.621,0.85186,0.85209,1.00,1.53
2013.12.16 05:00:00.951,0.85186,0.85209,1.00,1.53
2013.12.16 05:00:03.150,0.85186,0.85206,1.00,1.53
2013.12.16 05:00:03.472,0.85183,0.85203,1.00,1.48
2013.12.16 05:00:03.522,0.85187,0.85206,1.00,1.53
2013.12.16 05:00:03.629,0.85183,0.85204,1.00,1.55
2013.12.16 05:00:03.789,0.85181,0.85204,1.10,1.53
2013.12.16 05:00:04.048,0.8518,0.85193,1.18,1.00
2013.12.16 05:00:04.256,0.85177,0.85193,1.00,1.38
2013.12.16 05:00:04.407,0.85181,0.85195,1.00,3.15
2013.12.16 05:00:04.458,0.85181,0.85198,1.00,1.53
2013.12.16 05:00:04.710,0.85181,0.85203,1.28,1.53
2013.12.16 05:00:05.369,0.85181,0.85203,1.18,1.53
2013.12.16 05:00:05.961,0.85181,0.85202,1.00,2.03
2013.12.16 05:00:06.468,0.85181,0.85202,1.00,2.03
2013.12.16 05:00:06.779,0.85187,0.85202,1.00,1.48
2013.12.16 05:00:10.204,0.85187,0.85203,1.00,1.45
2013.12.16 05:00:33.360,0.85187,0.85201,1.00,4.88
2013.12.16 05:00:33.411,0.85183,0.85194,1.00,1.00
2013.12.16 05:00:33.512,0.85176,0.85194,1.20,1.13
2013.12.16 05:00:33.646,0.85186,0.85198,1.00,2.03
2013.12.16 05:00:33.813,0.85186,0.85205,1.00,1.53
2013.12.16 05:00:34.100,0.85186,0.85205,1.00,1.53
2013.12.16 05:00:34.681,0.85186,0.85205,1.00,1.53
2013.12.16 05:00:35.043,0.85181,0.85205,1.65,1.53
2013.12.16 05:00:35.116,0.85185,0.85207,1.00,2.03
2013.12.16 05:00:35.217,0.85185,0.85207,1.00,2.03
2013.12.16 05:00:35.390,0.85187,0.85207,1.00,1.53
2013.12.16 05:00:41.308,0.85185,0.85207,1.00,1.15
2013.12.16 05:00:44.828,0.85187,0.85207,1.00,1.15
2013.12.16 05:00:51.319,0.85185,0.85207,1.00,1.15
2013.12.16 05:00:52.496,0.85185,0.85204,1.00,3.08
2013.12.16 05:00:52.849,0.8518,0.85203,1.00,2.33
2013.12.16 05:00:54.000,0.8518,0.85202,1.00,2.33
2013.12.16 05:00:54.669,0.8518,0.85201,1.00,3.08
2013.12.16 05:00:54.830,0.85177,0.85201,1.00,3.83
2013.12.16 05:00:54.931,0.85176,0.85198,1.00,1.65
2013.12.16 05:00:55.271,0.85172,0.85194,1.00,3.08
2013.12.16 05:00:56.727,0.85176,0.85194,1.00,2.33
2013.12.16 05:00:56.778,0.85176,0.85196,1.00,1.15
2013.12.16 05:00:56.879,0.85176,0.85197,1.00,1.15
2013.12.16 05:00:56.981,0.85176,0.85197,1.20,1.15
2013.12.16 05:01:01.515,0.85176,0.85199,1.10,2.33
2013.12.16 05:01:03.046,0.85176,0.852,1.08,2.33
2013.12.16 05:01:04.555,0.85176,0.85201,1.18,3.83
2013.12.16 05:01:11.940,0.85176,0.85199,1.20,2.33
2013.12.16 05:01:16.020,0.85176,0.85197,1.00,2.33
2013.12.16 05:01:16.070,0.85172,0.85197,1.18,3.08
2013.12.16 05:01:16.230,0.85172,0.85195,1.20,3.08
2013.12.16 05:01:17.553,0.85172,0.85193,1.00,1.15
2013.12.16 05:01:17.604,0.85169,0.85192,1.08,1.18
2013.12.16 05:01:18.158,0.85169,0.85192,1.18,1.15
2013.12.16 05:01:25.201,0.85169,0.85192,1.20,3.08
2013.12.16 05:01:26.181,0.85169,0.85189,1.00,3.08
2013.12.16 05:01:27.260,0.85165,0.85188,1.10,1.15
2013.12.16 05:01:27.411,0.85161,0.85184,1.15,1.10
2013.12.16 05:01:27.683,0.85161,0.85184,1.15,1.08
2013.12.16 05:01:28.025,0.85161,0.85184,1.00,1.15
2013.12.16 05:01:49.178,0.85162,0.85183,1.00,1.15
2013.12.16 05:01:52.373,0.85167,0.85183,1.00,1.15
2013.12.16 05:01:52.627,0.85166,0.85183,1.08,1.08
2013.12.16 05:01:52.678,0.85166,0.85187,1.15,1.20
2013.12.16 05:01:52.807,0.85171,0.85187,1.00,1.20
2013.12.16 05:01:54.019,0.85169,0.85191,1.00,1.15
2013.12.16 05:02:02.026,0.85164,0.85189,1.15,1.15
2013.12.16 05:02:02.828,0.85164,0.85189,1.18,3.83
2013.12.16 05:02:02.879,0.85164,0.85189,1.20,6.00
2013.12.16 05:02:02.980,0.85164,0.85189,1.15,1.15
2013.12.16 05:02:08.421,0.85169,0.85191,1.00,2.33
2013.12.16 05:02:08.579,0.85164,0.85189,1.15,1.15
2013.12.16 05:02:09.078,0.85169,0.8519,1.00,2.33
2013.12.16 05:02:15.215,0.85164,0.85188,1.15,1.15
2013.12.16 05:02:27.196,0.85164,0.85188,1.18,1.15
2013.12.16 05:02:27.750,0.8516,0.85184,1.15,1.20
2013.12.16 05:02:39.005,0.8516,0.85184,1.15,1.15
2013.12.16 05:02:40.206,0.8516,0.85178,1.15,1.00
2013.12.16 05:02:45.566,0.85162,0.85184,1.00,1.53
2013.12.16 05:02:46.343,0.85162,0.85184,1.00,1.15
2013.12.16 05:02:50.868,0.8516,0.85184,1.15,1.65
2013.12.16 05:02:55.897,0.85162,0.85184,1.00,1.15
2013.12.16 05:02:56.557,0.85167,0.85184,1.00,1.15
2013.12.16 05:02:59.256,0.85167,0.85184,1.00,3.08
2013.12.16 05:03:06.020,0.85172,0.85184,1.00,3.83
2013.12.16 05:03:22.878,0.85175,0.85184,1.00,3.00
2013.12.16 05:03:22.929,0.85177,0.85184,1.00,1.20
2013.12.16 05:03:23.031,0.85177,0.85189,1.00,1.50
2013.12.16 05:03:23.283,0.85177,0.85194,1.00,1.53
2013.12.16 05:03:32.857,0.85181,0.85194,1.00,1.15
2013.12.16 05:03:33.059,0.85181,0.85194,1.00,1.10
2013.12.16 05:03:33.803,0.85181,0.85194,1.00,1.15
2013.12.16 05:03:35.407,0.85176,0.85194,1.00,1.15
2013.12.16 05:03:35.934,0.85176,0.85193,1.00,1.15
2013.12.16 05:03:38.128,0.85176,0.85183,1.00,1.00
2013.12.16 05:03:38.180,0.85165,0.85179,1.00,1.45
2013.12.16 05:03:38.281,0.85161,0.85176,1.00,1.55
2013.12.16 05:03:38.382,0.85166,0.85176,1.00,1.53
2013.12.16 05:03:38.533,0.85167,0.85179,1.00,5.25
2013.12.16 05:03:38.684,0.85167,0.85179,1.00,1.00
2013.12.16 05:03:38.785,0.85167,0.85184,1.00,1.20
2013.12.16 05:03:38.836,0.85162,0.85184,1.15,1.20
2013.12.16 05:03:38.938,0.85162,0.85184,1.08,1.18
2013.12.16 05:03:39.263,0.85166,0.85184,1.00,1.18
2013.12.16 05:03:39.314,0.85166,0.85184,1.00,1.18
2013.12.16 05:03:39.365,0.85162,0.85184,1.18,1.18
2013.12.16 05:03:39.566,0.85162,0.85184,1.00,1.15
2013.12.16 05:03:39.786,0.85166,0.85184,1.00,1.15
2013.12.16 05:03:40.467,0.85162,0.85184,1.00,1.15
2013.12.16 05:03:40.637,0.85161,0.85184,1.65,2.03
2013.12.16 05:03:46.357,0.85161,0.85177,1.00,4.95
2013.12.16 05:03:50.163,0.85156,0.85177,1.00,4.95
2013.12.16 05:03:53.870,0.85161,0.85177,1.00,4.95
2013.12.16 05:03:57.389,0.85156,0.85177,1.00,4.95
2013.12.16 05:03:59.146,0.85162,0.85177,1.00,4.95
2013.12.16 05:04:03.127,0.85162,0.85177,1.00,2.03
2013.12.16 05:04:03.692,0.85162,0.85177,1.00,1.53
2013.12.16 05:04:05.008,0.85162,0.85177,1.00,1.53
2013.12.16 05:04:05.923,0.85162,0.85177,1.00,1.53
2013.12.16 05:04:06.436,0.85162,0.85177,1.00,1.53
2013.12.16 05:04:14.798,0.85162,0.85177,1.00,1.53
2013.12.16 05:04:14.849,0.85157,0.85177,1.00,1.53
2013.12.16 05:04:17.876,0.85157,0.85177,1.00,1.53
2013.12.16 05:04:17.927,0.85162,0.85177,1.00,1.53
2013.12.16 05:04:19.122,0.85162,0.85177,1.00,1.53
2013.12.16 05:04:36.907,0.85162,0.85177,1.00,1.53
2013.12.16 05:04:37.424,0.85162,0.85177,1.00,1.53
2013.12.16 05:04:37.629,0.85167,0.85177,1.00,1.00
2013.12.16 05:04:37.881,0.85161,0.85181,1.00,1.53
2013.12.16 05:04:38.386,0.85167,0.85181,1.00,1.53
2013.12.16 05:04:38.537,0.85167,0.85181,1.00,1.53
2013.12.16 05:04:39.138,0.85167,0.85185,1.00,4.20
2013.12.16 05:04:40.315,0.85167,0.85185,1.00,4.20
2013.12.16 05:04:41.146,0.85167,0.85185,1.00,4.20
2013.12.16 05:04:44.640,0.85167,0.85185,1.00,2.03
2013.12.16 05:05:03.915,0.85167,0.85184,1.00,4.88
2013.12.16 05:05:04.890,0.85167,0.85182,1.00,1.45
2013.12.16 05:05:27.269,0.85167,0.85184,1.00,2.70
2013.12.16 05:05:38.537,0.85159,0.85184,1.53,2.70
2013.12.16 05:05:45.715,0.85159,0.85184,1.53,2.70
2013.12.16 05:06:03.163,0.85159,0.85184,1.53,1.53
2013.12.16 05:06:03.804,0.85159,0.85185,1.53,1.53
2013.12.16 05:06:15.661,0.85159,0.85187,3.45,2.70
2013.12.16 05:06:19.319,0.85161,0.85187,1.53,1.53
2013.12.16 05:06:19.585,0.85161,0.85186,1.20,5.63
2013.12.16 05:06:19.686,0.85161,0.85184,1.65,1.53
2013.12.16 05:06:20.441,0.85161,0.85182,1.00,3.45
2013.12.16 05:06:36.344,0.85157,0.85178,1.15,2.03
2013.12.16 05:06:45.383,0.85157,0.85178,1.15,1.88
2013.12.16 05:06:46.895,0.85157,0.85178,1.15,1.88
2013.12.16 05:06:53.355,0.85157,0.85178,1.15,1.88
2013.12.16 05:06:53.519,0.85154,0.85174,6.38,1.38
2013.12.16 05:07:01.376,0.85156,0.85174,2.70,1.38
2013.12.16 05:07:06.578,0.85158,0.85174,2.33,1.38
2013.12.16 05:07:06.881,0.85164,0.85182,2.33,1.38
2013.12.16 05:07:06.960,0.85164,0.85184,3.08,1.38
2013.12.16 05:07:07.065,0.85167,0.85184,1.15,1.38
2013.12.16 05:07:09.677,0.85167,0.85188,1.15,1.38
2013.12.16 05:07:10.261,0.85167,0.85188,1.15,1.38
2013.12.16 05:07:10.773,0.8517,0.85188,1.15,1.38
2013.12.16 05:07:11.025,0.85172,0.85188,1.15,1.13
2013.12.16 05:07:11.126,0.85173,0.85188,2.33,1.00
2013.12.16 05:07:11.586,0.85173,0.85193,2.33,1.38
2013.12.16 05:07:11.993,0.85172,0.85193,3.83,1.38
2013.12.16 05:07:12.297,0.85172,0.85197,1.15,1.53
2013.12.16 05:07:13.066,0.85171,0.85193,1.15,1.38
2013.12.16 05:07:13.417,0.85171,0.85193,1.18,1.55
2013.12.16 05:07:13.727,0.85172,0.85193,1.15,1.48
2013.12.16 05:07:14.164,0.85172,0.85193,1.15,1.48
2013.12.16 05:07:25.604,0.85172,0.85193,1.28,1.48
2013.12.16 05:07:25.823,0.85172,0.85193,1.65,1.48
2013.12.16 05:07:29.124,0.85172,0.85193,1.65,1.48
2013.12.16 05:07:35.399,0.85172,0.85193,3.83,1.38
2013.12.16 05:07:36.025,0.85172,0.85193,6.38,1.38
2013.12.16 05:07:36.732,0.85172,0.85193,6.38,1.38
2013.12.16 05:07:37.342,0.85172,0.85193,6.38,1.38
2013.12.16 05:07:49.303,0.85173,0.85193,1.53,1.38
2013.12.16 05:07:49.606,0.85179,0.85199,1.58,1.45
2013.12.16 05:07:49.980,0.85182,0.85199,3.08,1.38
2013.12.16 05:07:50.182,0.85181,0.85199,1.15,1.38
2013.12.16 05:07:50.334,0.85181,0.85199,3.08,1.38
2013.12.16 05:07:51.616,0.85182,0.85199,2.33,1.38
2013.12.16 05:07:52.243,0.85181,0.85203,3.08,1.38
2013.12.16 05:07:52.294,0.85181,0.85203,3.08,1.38
2013.12.16 05:07:52.823,0.85184,0.85204,1.15,1.88
2013.12.16 05:07:52.924,0.85185,0.85204,2.33,1.88
2013.12.16 05:07:56.613,0.85185,0.85204,2.33,1.88
2013.12.16 05:07:56.714,0.85184,0.85204,1.15,1.88
2013.12.16 05:07:57.629,0.85184,0.85204,1.53,1.88
2013.12.16 05:07:57.680,0.85186,0.85204,1.65,1.38
2013.12.16 05:07:57.934,0.85186,0.85208,1.65,1.38
2013.12.16 05:07:58.043,0.85186,0.85208,1.65,1.38
2013.12.16 05:07:58.702,0.85186,0.85208,1.65,1.38
2013.12.16 05:08:00.463,0.85186,0.85209,2.40,1.88
2013.12.16 05:08:00.728,0.85186,0.85209,2.40,1.88
2013.12.16 05:08:02.152,0.85186,0.85204,1.15,1.38
2013.12.16 05:08:02.254,0.85183,0.85204,1.15,1.48
2013.12.16 05:08:02.305,0.85182,0.85204,1.65,1.48
2013.12.16 05:08:02.356,0.85182,0.85204,1.15,1.48
2013.12.16 05:08:02.861,0.85182,0.85204,1.15,1.48
2013.12.16 05:08:04.093,0.85182,0.85204,1.15,1.48
2013.12.16 05:08:05.745,0.85182,0.85203,2.03,1.38
2013.12.16 05:08:05.796,0.85187,0.85205,1.50,1.45
2013.12.16 05:08:06.100,0.85184,0.85205,2.33,1.38
2013.12.16 05:08:08.755,0.85187,0.85208,1.65,1.95
2013.12.16 05:08:08.805,0.85187,0.85208,3.08,1.88
2013.12.16 05:08:09.234,0.85185,0.85208,3.08,1.48
2013.12.16 05:08:10.471,0.85185,0.85208,3.08,1.48
2013.12.16 05:08:12.452,0.85185,0.85208,3.08,1.48
2013.12.16 05:08:17.292,0.85185,0.85208,3.08,1.48
2013.12.16 05:08:17.876,0.85187,0.85209,2.33,1.95
2013.12.16 05:08:23.824,0.85187,0.85208,3.08,1.38
2013.12.16 05:08:29.228,0.85187,0.85208,1.15,1.88
2013.12.16 05:08:30.654,0.85192,0.85208,1.00,1.38
2013.12.16 05:08:31.743,0.85192,0.85209,1.00,1.48
2013.12.16 05:08:33.413,0.85192,0.85213,1.00,1.53
2013.12.16 05:08:38.362,0.85192,0.85213,1.00,1.53
2013.12.16 05:08:39.276,0.85189,0.85209,1.00,1.55
2013.12.16 05:08:39.826,0.85186,0.85206,1.15,1.38
2013.12.16 05:08:44.082,0.85192,0.85209,1.00,1.55
2013.12.16 05:08:44.719,0.85192,0.85209,1.00,1.55
2013.12.16 05:08:45.293,0.85192,0.85209,1.00,1.55
2013.12.16 05:08:45.556,0.85186,0.85209,1.65,2.03
2013.12.16 05:09:00.163,0.85186,0.85209,1.65,2.03
2013.12.16 05:09:00.264,0.85186,0.85206,1.18,1.55
2013.12.16 05:09:00.465,0.85182,0.85201,1.08,1.48
2013.12.16 05:09:00.516,0.85182,0.85201,1.08,1.48
2013.12.16 05:09:01.022,0.85182,0.85201,1.08,1.48
2013.12.16 05:09:01.242,0.85182,0.85201,1.08,1.48
2013.12.16 05:09:01.792,0.85182,0.85201,1.08,1.48
2013.12.16 05:09:02.563,0.85182,0.85201,1.08,1.48
2013.12.16 05:09:02.765,0.85176,0.85197,1.28,1.38
2013.12.16 05:09:03.584,0.85178,0.85197,1.15,1.38
2013.12.16 05:09:03.685,0.85178,0.852,1.15,1.38
2013.12.16 05:09:03.786,0.85179,0.852,3.08,1.38
2013.12.16 05:09:04.092,0.85181,0.852,2.33,1.38
2013.12.16 05:09:04.652,0.85181,0.852,3.08,1.38
2013.12.16 05:09:04.809,0.85181,0.852,3.08,1.38
2013.12.16 05:09:04.964,0.85183,0.85203,2.33,1.38
2013.12.16 05:09:05.014,0.85183,0.85203,2.70,1.00
2013.12.16 05:09:05.136,0.85192,0.85207,1.00,1.38
2013.12.16 05:09:05.696,0.85192,0.85212,1.15,1.38
2013.12.16 05:09:06.323,0.85192,0.85212,1.15,1.38
2013.12.16 05:09:07.013,0.85189,0.85208,1.15,1.38
2013.12.16 05:09:07.064,0.85187,0.85208,1.65,1.38
2013.12.16 05:09:07.934,0.85187,0.85208,1.65,1.38
2013.12.16 05:09:12.614,0.85187,0.85212,4.20,1.53
2013.12.16 05:09:12.815,0.85187,0.85209,1.15,1.58
2013.12.16 05:09:13.017,0.85187,0.85207,1.15,1.38
2013.12.16 05:09:13.557,0.85187,0.85207,1.10,1.53
2013.12.16 05:09:17.493,0.85187,0.85207,1.10,1.53
2013.12.16 05:09:17.603,0.85184,0.85204,1.15,1.38
2013.12.16 05:09:17.712,0.85184,0.85207,1.15,1.53
2013.12.16 05:09:18.922,0.85184,0.85207,1.15,1.53
2013.12.16 05:09:20.261,0.85184,0.85207,3.08,1.48
2013.12.16 05:09:20.514,0.85186,0.85207,1.15,1.48
2013.12.16 05:09:20.683,0.85186,0.85207,1.15,1.48
2013.12.16 05:09:21.282,0.85184,0.85207,3.08,1.48
2013.12.16 05:09:22.108,0.85184,0.85207,3.08,1.48
2013.12.16 05:09:26.333,0.85186,0.85207,1.15,1.48
2013.12.16 05:09:26.537,0.85186,0.85207,1.15,1.48
2013.12.16 05:09:26.588,0.85187,0.85207,3.08,1.38
2013.12.16 05:09:27.174,0.85187,0.85207,2.70,1.38
2013.12.16 05:09:27.721,0.85187,0.85207,2.70,1.38
2013.12.16 05:09:29.371,0.85188,0.85207,2.33,1.38
2013.12.16 05:09:29.811,0.85188,0.85207,2.33,1.38
2013.12.16 05:09:30.362,0.85188,0.85211,3.08,1.38
2013.12.16 05:09:34.676,0.85192,0.85211,1.10,1.48
2013.12.16 05:09:35.142,0.85184,0.85199,1.45,1.00
2013.12.16 05:09:35.244,0.85182,0.85199,1.00,1.45
2013.12.16 05:09:35.345,0.85192,0.85203,1.00,2.70
2013.12.16 05:09:35.547,0.85192,0.85205,1.00,1.53
2013.12.16 05:09:36.204,0.85192,0.85209,1.00,1.53
2013.12.16 05:09:36.902,0.85186,0.85209,1.28,2.03
2013.12.16 05:09:37.004,0.85186,0.85209,1.28,2.03
2013.12.16 05:09:38.082,0.85186,0.85209,1.15,1.95
2013.12.16 05:09:38.391,0.85186,0.85209,1.15,3.53
2013.12.16 05:09:38.763,0.85182,0.85206,2.33,1.45
2013.12.16 05:09:38.814,0.85181,0.85206,2.78,1.53
2013.12.16 05:09:39.355,0.85181,0.85206,7.13,1.58
2013.12.16 05:09:39.872,0.85181,0.85204,6.75,1.38
2013.12.16 05:09:39.973,0.85181,0.85204,2.03,1.55
2013.12.16 05:09:43.400,0.85181,0.85204,1.65,1.55
2013.12.16 05:09:43.659,0.85181,0.85204,2.78,1.38
2013.12.16 05:09:44.602,0.85181,0.85204,2.78,1.38
2013.12.16 05:09:48.387,0.85182,0.85206,1.15,1.55
2013.12.16 05:09:49.218,0.85181,0.85204,1.15,1.38
2013.12.16 05:09:53.954,0.85181,0.85204,1.15,1.45
2013.12.16 05:09:58.516,0.85181,0.85198,2.03,1.13
2013.12.16 05:09:59.695,0.85181,0.85198,1.28,1.13
2013.12.16 05:10:06.580,0.85179,0.85199,1.53,1.13
2013.12.16 05:10:06.630,0.85179,0.85199,1.28,1.38
2013.12.16 05:10:06.882,0.85176,0.85198,1.53,1.48
2013.12.16 05:10:06.933,0.85176,0.85198,1.53,1.20
2013.12.16 05:10:07.151,0.85176,0.85198,1.53,1.48
2013.12.16 05:10:07.736,0.85176,0.85198,6.38,1.38
2013.12.16 05:10:08.286,0.85176,0.85198,6.38,1.38
2013.12.16 05:10:09.681,0.85176,0.85198,6.38,1.38
2013.12.16 05:10:13.250,0.85176,0.85198,6.38,1.13
2013.12.16 05:10:18.572,0.85176,0.85199,2.03,1.48
2013.12.16 05:10:18.703,0.85176,0.85199,2.03,1.48
2013.12.16 05:10:19.341,0.85181,0.85202,1.00,1.53
2013.12.16 05:10:19.391,0.85181,0.85202,1.00,1.53
2013.12.16 05:10:38.514,0.85176,0.85199,2.03,1.53
2013.12.16 05:10:40.345,0.85182,0.85202,1.00,4.95
2013.12.16 05:10:40.733,0.85182,0.85202,1.00,1.53
2013.12.16 05:10:41.926,0.85182,0.85197,1.00,1.15
2013.12.16 05:10:42.138,0.85177,0.85197,1.38,1.15
2013.12.16 05:10:42.239,0.85177,0.85198,1.53,1.13
2013.12.16 05:10:42.560,0.85182,0.85201,1.00,1.53
2013.12.16 05:10:56.667,0.8518,0.85198,1.20,1.13
2013.12.16 05:10:56.818,0.8518,0.85198,1.15,1.13
2013.12.16 05:10:57.228,0.8518,0.85198,1.10,1.13
2013.12.16 05:10:57.279,0.8518,0.85198,1.10,1.38
2013.12.16 05:10:58.989,0.8518,0.85198,1.10,1.38
2013.12.16 05:11:02.261,0.8518,0.85198,1.10,1.38
2013.12.16 05:11:12.145,0.8518,0.85198,1.08,1.38
2013.12.16 05:11:12.914,0.8518,0.85198,1.15,1.38
2013.12.16 05:11:21.100,0.85181,0.852,1.18,1.38
2013.12.16 05:11:21.611,0.85181,0.852,1.18,1.38
2013.12.16 05:11:24.543,0.85181,0.852,1.18,1.38
2013.12.16 05:11:31.045,0.85181,0.852,1.18,1.38
2013.12.16 05:11:34.448,0.85181,0.852,1.18,1.38
2013.12.16 05:11:34.830,0.85187,0.85204,1.00,1.48
2013.12.16 05:11:35.971,0.85187,0.85204,1.08,1.38
2013.12.16 05:11:36.072,0.85187,0.85206,1.18,1.48
2013.12.16 05:11:36.123,0.85191,0.85209,1.00,1.53
2013.12.16 05:11:36.659,0.85191,0.85209,1.00,1.45
2013.12.16 05:11:38.959,0.85191,0.85209,1.00,1.45
2013.12.16 05:11:40.400,0.85191,0.85209,1.00,1.45
2013.12.16 05:11:46.999,0.85191,0.85209,1.00,1.45
2013.12.16 05:11:47.512,0.85191,0.85209,1.00,1.45
2013.12.16 05:11:51.070,0.85186,0.85209,1.53,1.95
2013.12.16 05:11:52.803,0.85186,0.85209,1.18,2.03
2013.12.16 05:11:52.975,0.85183,0.85204,1.55,1.45
2013.12.16 05:11:53.327,0.85181,0.85204,1.28,1.53
2013.12.16 05:11:53.479,0.85181,0.85204,1.10,3.45
2013.12.16 05:12:01.768,0.85182,0.85201,1.38,1.18
2013.12.16 05:12:01.869,0.85182,0.85205,1.15,1.53
2013.12.16 05:12:02.323,0.85177,0.852,1.53,1.08
2013.12.16 05:12:03.661,0.85176,0.85198,2.70,1.00
2013.12.16 05:12:04.269,0.85176,0.85198,2.70,1.00
2013.12.16 05:12:04.471,0.85182,0.852,3.38,1.00
2013.12.16 05:12:04.623,0.85182,0.85204,5.63,1.00
2013.12.16 05:12:05.809,0.85186,0.85207,1.53,1.58
2013.12.16 05:12:06.363,0.85186,0.85207,1.53,1.28
2013.12.16 05:12:08.780,0.85186,0.85207,1.53,1.55
2013.12.16 05:12:09.768,0.85186,0.85207,1.48,1.53
2013.12.16 05:12:29.490,0.85186,0.85207,1.10,1.53
2013.12.16 05:12:29.590,0.85186,0.85207,1.48,1.53
2013.12.16 05:12:36.245,0.85186,0.85207,1.10,1.53
2013.12.16 05:12:36.296,0.85182,0.85202,1.28,1.00
2013.12.16 05:12:36.550,0.85182,0.85202,1.08,1.20
2013.12.16 05:12:37.113,0.85182,0.85199,1.00,1.13
2013.12.16 05:12:37.615,0.85182,0.85199,1.00,1.28
2013.12.16 05:12:38.890,0.85182,0.85199,1.45,1.10
2013.12.16 05:12:38.991,0.85187,0.85199,1.10,1.00
2013.12.16 05:12:39.142,0.85182,0.85199,1.28,1.00
2013.12.16 05:12:39.748,0.85182,0.85199,1.28,1.00
2013.12.16 05:12:40.450,0.85182,0.85202,1.28,1.28
2013.12.16 05:12:46.350,0.85182,0.85202,1.55,1.18
2013.12.16 05:12:46.683,0.85187,0.85202,1.38,1.00
2013.12.16 05:12:46.964,0.85187,0.85207,1.48,1.53
2013.12.16 05:12:47.521,0.85187,0.85204,1.48,1.00
2013.12.16 05:12:55.670,0.85192,0.85204,1.00,1.00
2013.12.16 05:13:04.030,0.85187,0.85204,1.38,1.00
2013.12.16 05:13:04.081,0.85187,0.85204,1.00,1.38
2013.12.16 05:13:06.090,0.85182,0.85204,1.53,1.88
2013.12.16 05:13:07.579,0.85182,0.85204,1.53,1.88
2013.12.16 05:13:08.898,0.85182,0.85204,1.53,1.88
2013.12.16 05:13:11.581,0.85182,0.85204,1.53,1.88
2013.12.16 05:13:11.758,0.85182,0.85204,1.53,1.88
2013.12.16 05:13:24.352,0.85183,0.85204,2.70,1.88
2013.12.16 05:13:25.321,0.85183,0.85204,3.45,1.88
2013.12.16 05:13:25.372,0.85183,0.85204,1.53,1.95
2013.12.16 05:13:31.856,0.85182,0.85203,1.53,1.38
2013.12.16 05:13:34.409,0.85186,0.85204,1.10,1.48
2013.12.16 05:13:34.460,0.85186,0.85204,1.08,1.38
2013.12.16 05:13:34.689,0.85186,0.85204,1.20,1.48
2013.12.16 05:13:40.209,0.85186,0.85204,1.15,1.13
2013.12.16 05:13:40.362,0.85186,0.85204,1.15,1.13
2013.12.16 05:13:44.150,0.85186,0.85204,1.00,1.28
2013.12.16 05:13:44.201,0.85186,0.85207,1.00,1.53
2013.12.16 05:13:44.720,0.85186,0.85205,1.00,1.53
2013.12.16 05:13:46.113,0.85186,0.85205,1.00,1.55
2013.12.16 05:13:46.908,0.85186,0.85205,1.00,1.48
2013.12.16 05:13:47.869,0.85186,0.85205,1.00,1.53
2013.12.16 05:13:48.120,0.85182,0.85203,1.55,1.20
2013.12.16 05:13:48.339,0.85186,0.85205,1.00,1.53
2013.12.16 05:13:49.054,0.85186,0.85205,1.00,1.53
2013.12.16 05:13:52.849,0.85181,0.85204,1.53,1.55
2013.12.16 05:13:54.609,0.85187,0.85205,1.00,1.53
2013.12.16 05:13:54.828,0.85181,0.85204,1.53,1.55
2013.12.16 05:13:55.431,0.85181,0.85204,1.53,1.55
2013.12.16 05:14:02.325,0.85186,0.85205,1.00,1.53
2013.12.16 05:14:02.906,0.85187,0.85205,1.00,1.53
2013.12.16 05:14:08.830,0.85191,0.85205,1.00,1.53
2013.12.16 05:14:09.931,0.85191,0.85205,1.00,1.45
2013.12.16 05:14:11.707,0.85186,0.85205,1.00,1.55
2013.12.16 05:14:11.877,0.85186,0.85205,1.00,1.55
2013.12.16 05:14:13.418,0.85186,0.85205,1.48,1.13
2013.12.16 05:14:13.687,0.85192,0.85205,1.00,1.00
2013.12.16 05:14:14.525,0.85192,0.85205,1.00,1.38
2013.12.16 05:14:14.772,0.85192,0.85209,1.48,1.00
2013.12.16 05:14:15.310,0.85196,0.85209,1.00,1.00
2013.12.16 05:14:18.498,0.85203,0.85214,1.00,1.53
2013.12.16 05:14:18.650,0.85207,0.85212,1.00,1.00
2013.12.16 05:14:18.751,0.85207,0.85223,1.00,1.53
2013.12.16 05:14:19.158,0.85201,0.85221,1.58,1.28
2013.12.16 05:14:19.327,0.85201,0.85221,1.58,1.58
2013.12.16 05:14:20.064,0.85201,0.85221,1.58,1.58
2013.12.16 05:14:20.367,0.85197,0.85218,1.55,1.53
2013.12.16 05:14:22.296,0.85193,0.85218,2.70,1.53
2013.12.16 05:14:24.089,0.85197,0.85218,1.53,1.95
2013.12.16 05:14:24.140,0.85197,0.85218,2.03,1.13
2013.12.16 05:14:24.191,0.85197,0.85218,2.03,1.00
2013.12.16 05:14:24.292,0.852,0.85218,1.55,1.00
2013.12.16 05:14:24.393,0.85202,0.85223,1.53,1.00
2013.12.16 05:14:26.917,0.85202,0.85223,1.53,1.88
2013.12.16 05:14:27.460,0.85202,0.85223,1.53,1.88
2013.12.16 05:14:27.510,0.85202,0.85223,1.53,1.00
2013.12.16 05:14:27.661,0.85204,0.85227,2.70,1.48
2013.12.16 05:14:27.964,0.85202,0.85227,1.53,1.53
2013.12.16 05:14:29.228,0.85202,0.85227,1.53,1.28
2013.12.16 05:14:29.646,0.85203,0.85227,1.53,1.55
2013.12.16 05:14:29.696,0.85203,0.85227,1.53,1.55
2013.12.16 05:14:30.218,0.85201,0.85224,2.03,1.28
2013.12.16 05:14:30.987,0.85201,0.85224,2.03,1.28
2013.12.16 05:14:34.177,0.85201,0.85224,2.03,1.20
2013.12.16 05:14:36.199,0.85201,0.85222,1.53,1.00
2013.12.16 05:14:37.168,0.85206,0.85222,1.38,1.00
2013.12.16 05:14:37.219,0.85206,0.85226,1.38,1.15
2013.12.16 05:14:37.270,0.85206,0.85226,1.48,1.10
2013.12.16 05:14:48.697,0.85207,0.85228,1.48,1.53
2013.12.16 05:14:49.330,0.85206,0.85224,1.48,1.10
2013.12.16 05:14:52.107,0.85206,0.85224,1.48,1.10
2013.12.16 05:14:53.579,0.85202,0.85224,1.55,1.53
2013.12.16 05:14:53.630,0.85202,0.85219,1.55,1.00
2013.12.16 05:14:54.168,0.85202,0.85223,1.65,1.53
2013.12.16 05:14:55.297,0.85202,0.85223,1.65,1.53
2013.12.16 05:14:55.847,0.85202,0.85219,1.18,1.13
2013.12.16 05:14:56.200,0.85202,0.85223,2.03,1.53
2013.12.16 05:14:56.553,0.85202,0.85223,2.03,1.10
2013.12.16 05:14:56.654,0.85211,0.85226,1.00,1.53
2013.12.16 05:14:56.856,0.85211,0.85226,1.00,1.55
2013.12.16 05:14:58.011,0.85211,0.8523,1.38,2.33
2013.12.16 05:14:58.062,0.85217,0.85231,1.00,1.28
2013.12.16 05:14:58.478,0.85212,0.85233,1.38,1.53
2013.12.16 05:14:59.318,0.85212,0.85233,1.00,1.53
2013.12.16 05:14:59.481,0.85211,0.85232,1.13,3.45
2013.12.16 05:14:59.847,0.85211,0.85232,1.10,1.53
2013.12.16 05:15:00.354,0.85211,0.85233,1.38,3.45
2013.12.16 05:15:02.539,0.85211,0.85233,1.38,2.70
2013.12.16 05:15:03.166,0.85211,0.85233,1.38,2.70
2013.12.16 05:15:03.658,0.85207,0.85228,1.55,1.10
2013.12.16 05:15:04.193,0.85207,0.85228,1.55,1.48
2013.12.16 05:15:05.256,0.85207,0.85228,1.55,1.10
2013.12.16 05:15:05.925,0.85209,0.85228,2.70,1.00
2013.12.16 05:15:05.976,0.85212,0.85231,1.28,1.13
2013.12.16 05:15:06.132,0.85212,0.85231,1.20,1.20
2013.12.16 05:15:06.906,0.85212,0.85231,1.00,1.53
2013.12.16 05:15:08.597,0.85212,0.85232,1.00,1.53
2013.12.16 05:15:09.171,0.85212,0.8523,1.00,1.53
2013.12.16 05:15:09.587,0.85207,0.85228,1.53,1.58
2013.12.16 05:15:09.835,0.85212,0.8523,1.00,1.53
2013.12.16 05:15:11.905,0.85207,0.85228,1.38,1.53
2013.12.16 05:15:12.185,0.85207,0.85228,1.13,1.53
2013.12.16 05:15:12.956,0.85207,0.85228,1.38,1.53
2013.12.16 05:15:16.297,0.85202,0.85223,1.53,1.00
2013.12.16 05:15:16.633,0.85202,0.85223,1.53,1.00
2013.12.16 05:15:16.684,0.85206,0.85227,1.48,1.18
2013.12.16 05:15:16.735,0.85206,0.85227,1.48,1.55
2013.12.16 05:15:17.245,0.85206,0.85227,1.48,1.55
2013.12.16 05:15:18.056,0.85206,0.85227,1.48,1.55
2013.12.16 05:15:22.146,0.85206,0.85227,1.48,1.55
2013.12.16 05:15:22.247,0.85206,0.85227,1.53,1.48
2013.12.16 05:15:22.804,0.85206,0.85227,1.53,1.48
2013.12.16 05:15:24.895,0.85206,0.85227,1.53,1.48
2013.12.16 05:15:28.795,0.85204,0.85223,2.70,1.00
2013.12.16 05:15:28.907,0.85202,0.85223,1.53,1.00
2013.12.16 05:15:29.456,0.85207,0.85227,1.13,1.55
2013.12.16 05:15:31.589,0.85207,0.85227,1.38,1.55
2013.12.16 05:15:34.159,0.85207,0.85227,1.38,1.18
2013.12.16 05:15:34.210,0.85207,0.85228,1.53,1.13
2013.12.16 05:15:34.261,0.85207,0.85228,1.53,1.38
2013.12.16 05:15:34.564,0.85212,0.85229,1.45,1.00
2013.12.16 05:15:38.020,0.85212,0.85233,1.53,1.48
2013.12.16 05:15:39.095,0.85212,0.85233,1.53,1.48
2013.12.16 05:15:41.066,0.85212,0.85233,1.53,1.20
2013.12.16 05:15:41.286,0.85212,0.85233,3.45,1.00
2013.12.16 05:15:41.589,0.85216,0.85233,2.70,1.00
2013.12.16 05:15:41.690,0.85217,0.85238,4.20,1.13
2013.12.16 05:15:42.199,0.85222,0.85243,1.10,1.95
2013.12.16 05:15:42.936,0.85222,0.85243,1.13,2.03
2013.12.16 05:15:48.106,0.85222,0.85243,1.00,2.03
2013.12.16 05:15:49.677,0.85222,0.85243,1.28,2.03
2013.12.16 05:15:49.882,0.85222,0.85243,1.55,2.03
2013.12.16 05:15:52.916,0.85227,0.85243,1.00,1.53
2013.12.16 05:15:53.018,0.85227,0.85244,1.38,1.20
2013.12.16 05:15:53.631,0.85227,0.85244,1.13,1.20
2013.12.16 05:15:56.155,0.85227,0.85244,1.13,1.58
2013.12.16 05:15:56.357,0.85227,0.85244,1.00,1.53
2013.12.16 05:15:56.408,0.85222,0.85243,1.38,1.53
2013.12.16 05:15:57.234,0.85222,0.85241,1.38,1.28
2013.12.16 05:15:59.874,0.85222,0.85241,1.38,1.28
2013.12.16 05:15:59.944,0.85222,0.85241,1.38,1.28
2013.12.16 05:16:02.988,0.85222,0.85243,1.38,2.03
2013.12.16 05:16:08.245,0.85222,0.85243,1.00,2.03
2013.12.16 05:16:08.763,0.85222,0.85242,1.00,3.45
2013.12.16 05:16:09.020,0.85217,0.85238,1.13,1.53
2013.12.16 05:16:09.180,0.85213,0.85234,1.55,1.08
2013.12.16 05:16:09.281,0.85211,0.85233,1.55,1.18
2013.12.16 05:16:09.591,0.85211,0.85233,1.00,3.08
2013.12.16 05:16:11.719,0.85217,0.85229,1.00,1.08
2013.12.16 05:16:12.797,0.85207,0.85228,2.03,1.10
2013.12.16 05:16:13.209,0.85212,0.85233,5.63,1.00
2013.12.16 05:16:13.419,0.85212,0.85233,3.08,1.00
2013.12.16 05:16:13.571,0.85212,0.85233,1.00,1.65
2013.12.16 05:16:13.722,0.85217,0.85233,1.00,1.15
2013.12.16 05:16:14.125,0.85212,0.85233,1.10,1.65
2013.12.16 05:16:14.758,0.85212,0.85229,1.10,1.00
2013.12.16 05:16:14.859,0.85212,0.85225,1.00,1.00
2013.12.16 05:16:14.985,0.85207,0.85225,1.15,1.00
2013.12.16 05:16:15.506,0.85207,0.85225,1.00,1.10
2013.12.16 05:16:15.629,0.85207,0.85225,1.00,1.15
2013.12.16 05:16:16.587,0.85207,0.85225,1.00,1.65
2013.12.16 05:16:16.840,0.85202,0.85223,1.00,1.53
2013.12.16 05:16:17.293,0.85202,0.85216,1.00,1.00
2013.12.16 05:16:17.378,0.85202,0.85218,1.00,1.10
2013.12.16 05:16:17.901,0.85201,0.85218,1.00,1.18
2013.12.16 05:16:18.053,0.85211,0.85218,1.00,1.00
2013.12.16 05:16:18.212,0.85212,0.85223,1.00,1.53
2013.12.16 05:16:18.263,0.85207,0.85223,1.00,1.53
2013.12.16 05:16:18.414,0.85212,0.85223,1.00,1.45
2013.12.16 05:16:19.025,0.85212,0.85223,1.00,1.45
2013.12.16 05:16:20.556,0.85206,0.85223,1.00,1.45
2013.12.16 05:16:21.135,0.85206,0.85223,1.00,1.45
2013.12.16 05:16:22.100,0.85201,0.85223,1.38,1.53
2013.12.16 05:16:22.756,0.85201,0.85223,1.53,1.45
2013.12.16 05:16:25.236,0.85201,0.8522,1.48,1.08
2013.12.16 05:16:25.559,0.85202,0.85218,1.00,1.48
2013.12.16 05:16:25.891,0.85202,0.85215,1.00,1.45
2013.12.16 05:16:26.582,0.85202,0.85215,1.00,1.53
2013.12.16 05:16:28.033,0.85196,0.85215,1.38,1.53
2013.12.16 05:16:28.707,0.85196,0.85215,1.00,1.53
2013.12.16 05:16:28.808,0.85196,0.85215,1.08,1.45
2013.12.16 05:16:28.910,0.85196,0.85215,1.53,1.00
2013.12.16 05:16:29.061,0.85201,0.85219,1.00,1.53
2013.12.16 05:16:29.525,0.85201,0.85219,1.00,1.53
2013.12.16 05:16:29.576,0.85197,0.85218,1.18,1.53
2013.12.16 05:16:30.117,0.85197,0.85215,1.00,1.55
2013.12.16 05:16:30.626,0.85197,0.85215,1.00,1.55
2013.12.16 05:16:32.654,0.85191,0.85214,2.03,1.45
2013.12.16 05:16:32.763,0.85191,0.85214,2.03,1.45
2013.12.16 05:16:33.291,0.85191,0.85211,1.53,1.00
2013.12.16 05:16:34.351,0.85196,0.85211,1.00,1.00
2013.12.16 05:16:34.869,0.85197,0.85211,1.00,1.00
2013.12.16 05:16:35.225,0.85197,0.85211,1.00,1.55
2013.12.16 05:16:35.685,0.85197,0.85211,1.00,1.55
2013.12.16 05:16:36.500,0.85197,0.85211,1.00,3.45
2013.12.16 05:16:36.651,0.85191,0.85209,1.00,1.53
2013.12.16 05:16:36.701,0.85191,0.85209,1.00,1.53
2013.12.16 05:16:37.054,0.85196,0.85211,1.00,3.45
2013.12.16 05:16:37.115,0.85196,0.85211,1.00,3.45
2013.12.16 05:16:37.662,0.85196,0.85211,1.00,1.53
2013.12.16 05:16:42.944,0.85196,0.85211,1.00,2.03
2013.12.16 05:16:43.164,0.85196,0.85211,1.00,2.03
2013.12.16 05:16:43.523,0.85196,0.8521,1.00,2.70
2013.12.16 05:16:44.414,0.85196,0.85211,1.00,3.08
2013.12.16 05:16:44.464,0.85196,0.85211,1.00,1.15
2013.12.16 05:16:46.652,0.85196,0.85211,1.00,1.15
2013.12.16 05:16:48.966,0.85191,0.85211,1.38,3.45
2013.12.16 05:16:49.167,0.85191,0.85208,1.38,2.33
2013.12.16 05:16:49.507,0.85196,0.85209,1.00,1.15
2013.12.16 05:16:49.562,0.85196,0.85209,1.00,1.15
2013.12.16 05:16:49.613,0.85192,0.85209,1.13,1.15
2013.12.16 05:16:52.190,0.85192,0.85208,1.00,1.53
2013.12.16 05:16:52.492,0.85192,0.85206,1.00,1.55
2013.12.16 05:16:52.593,0.85183,0.85204,1.53,1.38
2013.12.16 05:16:52.644,0.85183,0.85204,1.15,1.38
2013.12.16 05:16:53.006,0.85187,0.85202,1.00,1.55
2013.12.16 05:16:53.615,0.85187,0.85202,1.00,1.55
2013.12.16 05:16:55.704,0.85187,0.85205,1.00,1.53
2013.12.16 05:16:57.684,0.85187,0.85205,1.00,1.53
2013.12.16 05:16:59.835,0.85181,0.85204,1.08,2.03
2013.12.16 05:17:00.816,0.85181,0.85201,1.00,1.55
2013.12.16 05:17:01.322,0.85181,0.85201,1.00,1.53
2013.12.16 05:17:01.754,0.85181,0.852,1.00,3.45
2013.12.16 05:17:06.095,0.85187,0.852,1.00,1.48
2013.12.16 05:17:06.612,0.85187,0.85203,1.00,1.95
2013.12.16 05:17:06.875,0.85187,0.85203,1.00,1.95
2013.12.16 05:17:08.881,0.85182,0.85203,1.18,1.95
2013.12.16 05:17:08.982,0.85182,0.85197,1.20,1.00
2013.12.16 05:17:09.083,0.85182,0.85202,1.00,1.53
2013.12.16 05:17:14.392,0.85182,0.85202,1.00,2.03
2013.12.16 05:17:15.010,0.85182,0.85199,1.00,1.00
2013.12.16 05:17:16.745,0.85182,0.85199,1.00,1.18
2013.12.16 05:17:16.947,0.85182,0.85199,1.00,1.18
2013.12.16 05:17:21.824,0.85176,0.85199,1.65,1.65
2013.12.16 05:17:21.973,0.85176,0.85199,1.65,2.03
2013.12.16 05:17:23.252,0.85176,0.85199,1.50,2.03
2013.12.16 05:17:26.444,0.85182,0.85196,1.00,1.10
2013.12.16 05:17:27.020,0.85182,0.852,1.00,1.08
2013.12.16 05:17:27.121,0.85182,0.85203,1.00,1.50
2013.12.16 05:17:27.172,0.85192,0.85203,1.00,1.00
2013.12.16 05:17:27.273,0.85187,0.85207,1.00,1.15
2013.12.16 05:17:27.424,0.85187,0.85207,1.00,1.00
2013.12.16 05:17:27.632,0.85192,0.85209,1.00,1.18
2013.12.16 05:17:27.683,0.85192,0.85213,1.00,1.28
2013.12.16 05:17:27.784,0.85192,0.85213,1.00,1.10
2013.12.16 05:17:27.834,0.85197,0.85215,1.00,1.18
2013.12.16 05:17:28.086,0.85197,0.85215,1.00,1.00
2013.12.16 05:17:28.187,0.85193,0.85215,2.18,1.00
2013.12.16 05:17:28.770,0.85193,0.85218,2.93,1.18
2013.12.16 05:17:29.434,0.85191,0.85213,1.00,1.00
2013.12.16 05:17:29.736,0.8519,0.85213,1.00,1.53
2013.12.16 05:17:29.787,0.85187,0.85209,2.55,1.00
2013.12.16 05:17:29.938,0.85191,0.85209,1.00,1.00
2013.12.16 05:17:30.312,0.85191,0.85213,1.00,1.00
2013.12.16 05:17:31.085,0.85192,0.85214,1.00,1.20
2013.12.16 05:17:31.136,0.85196,0.85216,1.00,1.45
2013.12.16 05:17:31.531,0.85196,0.85216,1.38,1.00
2013.12.16 05:17:32.245,0.85198,0.85216,2.55,1.00
2013.12.16 05:17:32.295,0.85198,0.85219,2.55,1.50
2013.12.16 05:17:32.346,0.85207,0.85219,1.00,1.00
2013.12.16 05:17:32.619,0.85207,0.85222,1.00,1.00
2013.12.16 05:17:39.374,0.85202,0.85222,1.28,1.00
2013.12.16 05:17:41.565,0.852,0.85219,1.53,1.00
2013.12.16 05:17:41.784,0.85202,0.85222,1.28,1.00
2013.12.16 05:17:42.698,0.85202,0.85222,1.28,1.08
2013.12.16 05:17:44.903,0.85199,0.85219,1.15,1.00
2013.12.16 05:17:45.004,0.85196,0.85219,4.58,1.10
2013.12.16 05:17:51.956,0.85196,0.85219,1.65,1.08
2013.12.16 05:17:52.481,0.85196,0.85219,1.65,1.15
2013.12.16 05:17:59.471,0.85196,0.85219,1.65,1.15
2013.12.16 05:17:59.830,0.85196,0.85217,1.10,1.28
2013.12.16 05:18:00.135,0.85191,0.85214,1.65,1.28
2013.12.16 05:18:00.753,0.85191,0.85214,1.58,1.28
2013.12.16 05:18:02.917,0.85191,0.85212,1.10,1.55
2013.12.16 05:18:04.378,0.85191,0.85212,1.00,1.53
2013.12.16 05:18:05.194,0.85191,0.85212,1.10,1.53
2013.12.16 05:18:06.878,0.85191,0.85212,1.18,1.55
2013.12.16 05:18:06.979,0.85191,0.85212,1.15,1.20
2013.12.16 05:18:11.841,0.85191,0.85212,1.15,1.10
2013.12.16 05:18:12.489,0.85191,0.85212,1.15,1.00
2013.12.16 05:18:13.849,0.85191,0.85212,1.18,1.20
2013.12.16 05:18:13.950,0.85191,0.85212,1.20,1.53
2013.12.16 05:18:14.155,0.85197,0.85212,1.00,1.08
2013.12.16 05:18:14.681,0.85197,0.85212,1.00,1.00
2013.12.16 05:18:14.934,0.85191,0.85212,1.10,1.28
2013.12.16 05:18:15.035,0.85191,0.85212,1.00,1.53
2013.12.16 05:18:15.585,0.85191,0.85212,1.10,1.48
2013.12.16 05:18:16.093,0.85188,0.85207,1.15,1.00
2013.12.16 05:18:16.691,0.85188,0.85207,1.15,1.00
2013.12.16 05:18:18.183,0.85188,0.85207,2.33,1.13
2013.12.16 05:18:18.498,0.85196,0.85211,1.18,1.38
2013.12.16 05:18:18.549,0.85196,0.85211,1.18,1.00
2013.12.16 05:18:18.650,0.85193,0.85214,1.15,1.58
2013.12.16 05:18:18.875,0.85197,0.85215,1.00,1.53
2013.12.16 05:18:18.980,0.85197,0.85218,1.00,2.78
2013.12.16 05:18:19.059,0.85197,0.85218,1.08,2.70
2013.12.16 05:18:19.542,0.85198,0.85218,3.08,1.38
2013.12.16 05:18:20.934,0.85202,0.85221,1.08,1.48
2013.12.16 05:18:21.186,0.85202,0.85218,1.08,1.38
2013.12.16 05:18:21.792,0.85202,0.85218,1.00,1.48
2013.12.16 05:18:22.454,0.85202,0.85218,1.00,1.48
2013.12.16 05:18:22.701,0.85202,0.85218,1.00,1.20
2013.12.16 05:18:27.325,0.85197,0.85218,1.15,1.50
2013.12.16 05:18:27.765,0.85193,0.85218,3.08,2.03
2013.12.16 05:18:28.410,0.85195,0.85218,1.15,1.00
2013.12.16 05:18:29.854,0.85202,0.85223,1.00,1.15
2013.12.16 05:18:30.021,0.85202,0.85223,1.15,1.28
2013.12.16 05:18:31.456,0.85199,0.85221,3.08,1.00
2013.12.16 05:18:32.759,0.852,0.85221,1.15,1.20
2013.12.16 05:18:32.859,0.852,0.85221,3.08,1.00
2013.12.16 05:18:33.162,0.85199,0.85213,2.33,1.00
2013.12.16 05:18:33.213,0.85198,0.85213,1.15,1.00
2013.12.16 05:18:33.424,0.85194,0.85213,1.15,1.00
2013.12.16 05:18:33.525,0.85194,0.85213,2.33,1.00
2013.12.16 05:18:34.690,0.85197,0.85213,3.08,1.00
2013.12.16 05:18:35.028,0.85201,0.85218,2.33,1.50
2013.12.16 05:18:35.179,0.85201,0.85222,2.33,1.13
2013.12.16 05:18:35.573,0.852,0.85219,2.33,1.00
2013.12.16 05:18:35.724,0.85199,0.85222,3.08,1.38
2013.12.16 05:18:35.875,0.852,0.85217,3.08,1.00
2013.12.16 05:18:36.127,0.85202,0.85223,1.15,1.00
2013.12.16 05:18:36.279,0.852,0.85223,1.15,1.08
2013.12.16 05:18:36.380,0.852,0.85223,1.15,1.15
2013.12.16 05:18:36.481,0.852,0.85223,1.00,1.28
2013.12.16 05:18:38.277,0.852,0.85221,1.00,1.15
2013.12.16 05:18:38.327,0.85195,0.8522,1.18,3.08
2013.12.16 05:18:38.428,0.85193,0.85213,1.15,1.00
2013.12.16 05:18:38.529,0.85192,0.85213,1.15,1.10
2013.12.16 05:18:40.930,0.85192,0.85215,1.18,1.15
2013.12.16 05:18:46.803,0.85192,0.85215,1.15,1.15
2013.12.16 05:18:47.225,0.85196,0.85215,1.10,1.00
2013.12.16 05:18:47.963,0.85196,0.8522,1.10,1.15
2013.12.16 05:18:49.546,0.85196,0.8522,1.15,1.15
2013.12.16 05:18:51.445,0.85199,0.85224,1.18,1.65
2013.12.16 05:18:51.948,0.85199,0.85221,1.00,3.08
2013.12.16 05:18:52.514,0.85196,0.85218,1.18,1.18
2013.12.16 05:18:55.359,0.85198,0.85221,1.08,1.15
2013.12.16 05:18:55.888,0.85201,0.85221,1.20,1.18
2013.12.16 05:18:58.791,0.85207,0.85221,1.00,1.18
2013.12.16 05:18:59.021,0.85207,0.85221,1.00,1.00
2013.12.16 05:19:00.334,0.85201,0.85226,2.03,3.08
2013.12.16 05:19:10.137,0.85206,0.85226,1.00,3.08
2013.12.16 05:19:11.333,0.85207,0.85226,1.00,3.08
2013.12.16 05:19:13.903,0.85207,0.85226,1.00,1.15
2013.12.16 05:19:14.105,0.85212,0.85226,1.00,1.00
2013.12.16 05:19:15.073,0.85206,0.85226,1.18,1.00
2013.12.16 05:19:18.253,0.85202,0.85226,1.15,1.08
2013.12.16 05:19:18.773,0.85207,0.85226,1.00,1.18
2013.12.16 05:19:19.558,0.85207,0.85226,1.10,1.10
2013.12.16 05:19:21.994,0.85202,0.85226,3.08,1.08
2013.12.16 05:19:22.045,0.85202,0.85226,1.15,1.15
2013.12.16 05:19:23.346,0.85202,0.85226,2.33,1.08
2013.12.16 05:19:24.271,0.85201,0.85226,1.65,3.00
2013.12.16 05:19:24.346,0.85201,0.85226,1.65,3.08
2013.12.16 05:19:31.900,0.85202,0.8522,1.08,1.00
2013.12.16 05:19:32.405,0.85202,0.85219,1.08,1.00
2013.12.16 05:19:36.140,0.85202,0.85219,1.00,1.10
2013.12.16 05:19:36.341,0.85207,0.85222,1.00,1.08
2013.12.16 05:19:36.442,0.85207,0.85223,1.08,1.00
2013.12.16 05:19:36.657,0.85202,0.85223,2.03,1.00
2013.12.16 05:19:36.760,0.85203,0.85223,2.70,1.00
2013.12.16 05:19:39.200,0.85207,0.85223,1.28,1.00
2013.12.16 05:19:39.251,0.85207,0.85227,1.28,1.00
2013.12.16 05:19:39.352,0.85208,0.85231,1.65,1.15
2013.12.16 05:19:39.403,0.85208,0.85231,2.03,1.08
2013.12.16 05:19:39.504,0.85213,0.85236,1.13,1.15
2013.12.16 05:19:39.964,0.85211,0.85234,1.45,1.65
2013.12.16 05:19:40.792,0.85211,0.85234,1.13,1.65
2013.12.16 05:19:42.772,0.85209,0.85234,1.28,1.65
2013.12.16 05:19:45.357,0.85209,0.85234,2.03,1.08
2013.12.16 05:19:45.407,0.85209,0.85234,4.20,1.10
2013.12.16 05:19:45.508,0.85209,0.85234,2.03,1.18
2013.12.16 05:19:46.158,0.85211,0.85234,2.33,1.10
2013.12.16 05:19:47.593,0.85211,0.85228,3.08,1.00
2013.12.16 05:19:48.053,0.85207,0.85228,1.53,1.00
2013.12.16 05:19:49.287,0.85208,0.85228,2.70,1.00
2013.12.16 05:19:50.253,0.85209,0.85228,2.70,1.00
2013.12.16 05:19:51.621,0.85211,0.8523,1.28,1.00
2013.12.16 05:19:52.019,0.85211,0.85233,1.28,1.18
2013.12.16 05:19:52.071,0.85215,0.85233,2.33,1.00
2013.12.16 05:19:52.121,0.85215,0.85237,2.33,1.00
2013.12.16 05:19:52.536,0.85219,0.85243,1.15,1.53
2013.12.16 05:19:52.737,0.85217,0.8524,1.15,1.18
2013.12.16 05:19:53.157,0.85219,0.85243,3.08,3.38
2013.12.16 05:19:53.409,0.85217,0.85239,1.15,1.18
2013.12.16 05:19:53.511,0.85217,0.85239,3.08,1.00
2013.12.16 05:19:56.525,0.85217,0.85239,1.15,1.10
2013.12.16 05:19:58.227,0.85217,0.85239,1.08,3.08
2013.12.16 05:19:58.278,0.85217,0.85239,1.00,5.25
2013.12.16 05:20:00.504,0.85217,0.85232,1.00,1.10
2013.12.16 05:20:00.756,0.85212,0.85232,1.00,1.65
2013.12.16 05:20:01.597,0.85212,0.85232,1.00,4.95
2013.12.16 05:20:02.416,0.85212,0.85232,1.00,1.28
2013.12.16 05:20:02.517,0.85217,0.85232,1.00,1.28
2013.12.16 05:20:02.870,0.85217,0.85238,1.15,1.48
2013.12.16 05:20:02.971,0.85217,0.85233,1.00,1.00
2013.12.16 05:20:03.022,0.85212,0.85233,1.65,1.50
2013.12.16 05:20:03.183,0.85212,0.85233,1.65,1.95
2013.12.16 05:20:03.734,0.85212,0.85233,1.18,1.48
2013.12.16 05:20:03.946,0.85209,0.85228,1.15,1.00
2013.12.16 05:20:06.371,0.85207,0.85228,3.83,1.38
2013.12.16 05:20:06.921,0.85207,0.85228,3.83,1.00
2013.12.16 05:20:14.281,0.85207,0.85228,1.15,1.00
2013.12.16 05:20:14.351,0.85207,0.85228,1.15,1.00
2013.12.16 05:20:23.902,0.85207,0.85228,1.20,1.15
2013.12.16 05:20:24.154,0.85205,0.85223,1.15,1.00
2013.12.16 05:20:24.460,0.85207,0.85228,1.20,1.53
2013.12.16 05:20:25.398,0.85207,0.85228,1.20,1.28
2013.12.16 05:20:33.182,0.85205,0.85223,1.10,1.00
2013.12.16 05:20:33.284,0.85203,0.85223,1.00,1.65
2013.12.16 05:20:33.716,0.852,0.85223,1.15,1.65
2013.12.16 05:20:37.002,0.85202,0.85223,1.08,1.28
2013.12.16 05:20:37.053,0.85202,0.85223,1.15,1.20
2013.12.16 05:20:37.344,0.85211,0.85223,1.00,1.00
2013.12.16 05:20:37.577,0.85207,0.85227,1.13,1.18
2013.12.16 05:20:37.780,0.85207,0.85227,1.13,1.18
2013.12.16 05:20:40.365,0.85207,0.85227,1.20,1.20
2013.12.16 05:20:40.612,0.85207,0.85227,1.15,1.00
2013.12.16 05:20:40.914,0.85211,0.85228,1.00,1.20
2013.12.16 05:20:40.965,0.85211,0.85228,1.00,2.70
2013.12.16 05:20:41.066,0.85212,0.85229,2.33,1.38
2013.12.16 05:20:41.167,0.85211,0.85229,2.03,1.00
2013.12.16 05:20:41.673,0.85212,0.85228,1.18,1.00
2013.12.16 05:20:42.335,0.85212,0.85229,1.00,1.18
2013.12.16 05:20:42.692,0.85207,0.85228,1.58,1.08
2013.12.16 05:20:43.229,0.85207,0.85228,1.55,1.10
2013.12.16 05:20:43.383,0.85211,0.85228,1.00,1.10
2013.12.16 05:20:44.062,0.85207,0.85228,2.03,1.58
2013.12.16 05:20:45.165,0.85207,0.85228,1.88,1.65
2013.12.16 05:20:45.367,0.85206,0.85227,1.13,2.03
2013.12.16 05:20:45.418,0.85206,0.85225,1.13,5.63
2013.12.16 05:20:45.740,0.85212,0.85227,1.00,3.45
2013.12.16 05:20:46.391,0.85212,0.85227,1.00,1.15
2013.12.16 05:20:46.492,0.85212,0.85228,1.00,1.28
2013.12.16 05:20:46.794,0.85207,0.85228,1.38,2.03
2013.12.16 05:20:46.845,0.85207,0.85228,1.38,3.45
2013.12.16 05:20:47.486,0.85207,0.85229,1.38,1.15
2013.12.16 05:20:47.587,0.85207,0.85231,2.03,1.28
2013.12.16 05:20:49.863,0.85207,0.85231,1.65,2.70
2013.12.16 05:20:50.201,0.85206,0.85227,1.10,1.53
2013.12.16 05:20:50.554,0.85208,0.85227,1.18,1.38
2013.12.16 05:20:51.098,0.85208,0.85229,1.18,1.45
2013.12.16 05:20:51.162,0.85208,0.85229,1.20,1.45
2013.12.16 05:20:51.212,0.85208,0.85229,1.10,1.55
2013.12.16 05:20:51.423,0.85208,0.85229,1.00,1.53
2013.12.16 05:20:51.959,0.85208,0.85229,1.18,1.48
2013.12.16 05:20:52.186,0.85208,0.85229,1.18,1.48
2013.12.16 05:20:52.992,0.85208,0.85223,1.18,1.38
2013.12.16 05:20:55.810,0.85212,0.85231,1.00,1.53
2013.12.16 05:20:55.922,0.85208,0.85228,1.18,1.38
2013.12.16 05:20:56.129,0.85202,0.85223,2.78,1.38
2013.12.16 05:20:56.280,0.85202,0.85223,1.20,1.58
2013.12.16 05:20:57.350,0.85202,0.85223,1.10,1.53
2013.12.16 05:21:03.092,0.85202,0.85223,1.10,2.78
2013.12.16 05:21:03.685,0.85202,0.85223,1.10,2.40
2013.12.16 05:21:04.613,0.852,0.85219,1.18,1.13
2013.12.16 05:21:07.250,0.852,0.85219,1.18,1.38
2013.12.16 05:21:07.389,0.852,0.85219,1.00,1.53
2013.12.16 05:21:07.724,0.85198,0.85219,1.00,1.53
2013.12.16 05:21:08.052,0.85198,0.85213,1.00,1.00
2013.12.16 05:21:08.152,0.85193,0.85213,1.10,1.08
2013.12.16 05:21:08.682,0.85193,0.85213,1.08,1.13
2013.12.16 05:21:09.042,0.85196,0.85216,1.15,1.13
2013.12.16 05:21:09.355,0.85202,0.85217,1.00,1.13
2013.12.16 05:21:09.892,0.85197,0.85218,1.15,1.55
2013.12.16 05:21:10.044,0.85197,0.85217,1.00,1.53
2013.12.16 05:21:10.347,0.85196,0.85217,1.18,1.48
2013.12.16 05:21:10.579,0.85201,0.85217,1.00,1.48
2013.12.16 05:21:11.209,0.85198,0.85218,1.00,1.55
2013.12.16 05:21:12.845,0.85198,0.85218,1.00,1.55
2013.12.16 05:21:12.952,0.85198,0.85218,1.00,1.55
2013.12.16 05:21:13.053,0.85192,0.85217,1.65,1.53
2013.12.16 05:21:13.609,0.85192,0.85217,1.65,1.53
2013.12.16 05:21:14.120,0.85192,0.85217,1.53,1.53
2013.12.16 05:21:14.639,0.85192,0.85214,1.55,1.53
2013.12.16 05:21:14.740,0.85192,0.85214,1.53,1.48
2013.12.16 05:21:15.256,0.85192,0.85217,1.20,5.63
2013.12.16 05:21:17.809,0.85192,0.85213,1.65,1.53
2013.12.16 05:21:18.820,0.85196,0.85213,1.00,1.53
2013.12.16 05:21:20.921,0.85191,0.85213,1.00,1.53
2013.12.16 05:21:24.573,0.85191,0.85213,1.08,2.78
2013.12.16 05:21:24.930,0.85192,0.85213,2.33,1.88
2013.12.16 05:21:24.981,0.85194,0.85213,1.15,1.00
2013.12.16 05:21:25.486,0.85196,0.85217,1.15,1.38
2013.12.16 05:21:25.834,0.85196,0.85217,1.20,1.53
2013.12.16 05:21:26.164,0.85196,0.85217,1.15,1.38
2013.12.16 05:21:28.181,0.85197,0.85217,3.83,1.38
2013.12.16 05:21:28.241,0.85197,0.85217,3.83,1.00
2013.12.16 05:21:28.291,0.85204,0.85222,1.15,1.00
2013.12.16 05:21:28.635,0.85202,0.85221,1.10,2.25
2013.12.16 05:21:28.736,0.85202,0.85225,1.10,1.15
2013.12.16 05:21:28.949,0.85207,0.85225,1.00,1.15
2013.12.16 05:21:29.075,0.85207,0.85225,1.00,1.15
2013.12.16 05:21:29.176,0.85202,0.85224,1.15,1.20
2013.12.16 05:21:30.279,0.85207,0.85224,1.00,1.20
2013.12.16 05:21:30.382,0.852,0.85223,1.15,1.08
2013.12.16 05:21:30.697,0.852,0.85219,1.08,2.25
2013.12.16 05:21:30.799,0.85196,0.85216,1.00,1.15
2013.12.16 05:21:31.051,0.85199,0.85218,1.00,2.33
2013.12.16 05:21:31.396,0.85202,0.85218,1.00,2.33
2013.12.16 05:21:31.662,0.85202,0.85219,1.00,1.15
2013.12.16 05:21:32.246,0.85202,0.85219,1.00,1.18
2013.12.16 05:21:34.203,0.85202,0.85219,1.00,1.18
2013.12.16 05:21:37.419,0.85202,0.85219,1.00,1.18
2013.12.16 05:21:38.065,0.85197,0.85218,1.38,1.15
2013.12.16 05:21:38.611,0.85202,0.85219,1.38,1.15
2013.12.16 05:21:39.561,0.85202,0.85219,1.38,1.15
2013.12.16 05:21:39.860,0.85202,0.85219,1.00,1.18
2013.12.16 05:21:39.923,0.85202,0.85219,1.00,1.18
2013.12.16 05:21:40.248,0.85202,0.85217,1.00,1.15
2013.12.16 05:21:42.071,0.85206,0.85218,1.00,2.33
2013.12.16 05:21:42.172,0.85202,0.85219,1.38,3.83
2013.12.16 05:21:44.051,0.85197,0.85215,1.38,1.08
2013.12.16 05:21:44.200,0.85197,0.85215,1.38,1.15
2013.12.16 05:21:44.352,0.85191,0.85208,1.38,1.18
2013.12.16 05:21:44.402,0.85191,0.85208,1.38,1.18
2013.12.16 05:21:44.725,0.85191,0.85208,1.38,1.15
2013.12.16 05:21:45.312,0.85191,0.85206,1.38,1.15
2013.12.16 05:21:45.602,0.85191,0.85204,1.00,2.33
2013.12.16 05:21:45.754,0.85196,0.85212,1.00,1.53
2013.12.16 05:21:45.855,0.85192,0.85211,1.00,3.45
2013.12.16 05:21:45.961,0.85192,0.85207,1.00,2.33
2013.12.16 05:21:46.012,0.85186,0.85207,1.38,2.33
2013.12.16 05:21:46.062,0.85186,0.85207,1.38,2.33
2013.12.16 05:21:46.510,0.85192,0.85209,1.38,1.15
2013.12.16 05:21:46.881,0.85191,0.85209,1.00,1.15
2013.12.16 05:21:47.501,0.85191,0.85205,1.00,2.70
2013.12.16 05:21:48.220,0.85191,0.85205,1.38,2.33
2013.12.16 05:21:48.271,0.85191,0.85206,1.38,1.15
2013.12.16 05:21:48.522,0.85196,0.85209,1.00,1.15
2013.12.16 05:21:48.730,0.85196,0.85209,1.00,1.00
2013.12.16 05:21:48.831,0.85196,0.85209,1.00,1.15
2013.12.16 05:21:49.164,0.85202,0.85211,1.00,2.33
2013.12.16 05:21:49.214,0.85197,0.85211,1.00,2.33
2013.12.16 05:21:49.941,0.85201,0.85211,1.00,2.33
2013.12.16 05:21:50.097,0.85201,0.85213,1.00,5.63
2013.12.16 05:21:50.498,0.85196,0.85213,1.00,3.45
2013.12.16 05:21:50.550,0.85196,0.85213,1.00,1.53
2013.12.16 05:21:50.751,0.85196,0.85213,1.38,1.15
2013.12.16 05:21:51.425,0.85201,0.85213,1.00,1.18
2013.12.16 05:21:54.561,0.85201,0.85215,1.00,2.70
2013.12.16 05:21:56.580,0.85201,0.85214,1.00,2.33
2013.12.16 05:22:00.975,0.85201,0.85212,1.00,2.33
2013.12.16 05:22:01.190,0.85192,0.85212,1.38,2.70
2013.12.16 05:22:01.291,0.85192,0.85209,1.00,2.33
2013.12.16 05:22:01.859,0.85192,0.85209,1.00,1.53
2013.12.16 05:22:06.573,0.85192,0.85205,1.00,1.28
2013.12.16 05:22:07.093,0.85192,0.85205,1.00,1.08
2013.12.16 05:22:07.144,0.85187,0.85205,1.00,1.45
2013.12.16 05:22:07.704,0.85187,0.85205,1.00,1.45
2013.12.16 05:22:10.080,0.85187,0.85205,1.00,1.45
2013.12.16 05:22:10.182,0.85191,0.85205,1.00,1.45
2013.12.16 05:22:10.333,0.85191,0.85209,1.00,1.53
2013.12.16 05:22:10.535,0.85191,0.85209,1.00,1.55
2013.12.16 05:22:11.040,0.85191,0.85213,1.00,4.20
2013.12.16 05:22:11.830,0.85191,0.85211,1.00,3.45
2013.12.16 05:22:11.981,0.85191,0.8521,1.00,1.53
2013.12.16 05:22:12.082,0.85186,0.85208,1.20,1.53
2013.12.16 05:22:12.768,0.85186,0.85208,1.00,3.45
2013.12.16 05:22:13.835,0.85192,0.85208,1.00,2.70
2013.12.16 05:22:13.986,0.85196,0.85214,1.00,1.53
2013.12.16 05:22:14.087,0.85196,0.85214,1.13,1.45
2013.12.16 05:22:14.138,0.85201,0.85217,1.00,1.53
2013.12.16 05:22:14.239,0.85196,0.85217,1.20,1.53
2013.12.16 05:22:14.290,0.85196,0.85217,1.20,1.53
2013.12.16 05:22:14.703,0.85202,0.85217,1.00,1.55
2013.12.16 05:22:15.059,0.85197,0.85217,1.00,1.53
2013.12.16 05:22:20.951,0.85202,0.85217,1.00,1.53
2013.12.16 05:22:21.879,0.85202,0.85217,1.00,1.53
2013.12.16 05:22:22.473,0.85202,0.85217,1.00,1.55
2013.12.16 05:22:32.070,0.85202,0.85217,1.00,1.55
2013.12.16 05:22:32.688,0.85202,0.85217,1.00,1.55
2013.12.16 05:22:35.368,0.85196,0.85217,1.08,1.55
2013.12.16 05:22:35.470,0.85196,0.85217,1.00,1.53
2013.12.16 05:22:35.783,0.85202,0.85219,1.00,1.53
2013.12.16 05:22:37.588,0.85197,0.85213,1.10,1.13
2013.12.16 05:22:37.689,0.85197,0.85213,1.00,1.55
2013.12.16 05:22:37.991,0.85197,0.85213,1.00,1.00
2013.12.16 05:22:38.142,0.85201,0.85218,1.00,1.53
2013.12.16 05:22:38.629,0.85201,0.85219,1.00,1.53
2013.12.16 05:22:39.970,0.85201,0.8522,1.00,1.53
2013.12.16 05:22:41.400,0.85201,0.85219,1.00,2.78
2013.12.16 05:22:41.752,0.85206,0.85216,1.00,2.70
2013.12.16 05:22:41.853,0.85207,0.85219,1.00,1.53
2013.12.16 05:22:42.359,0.85207,0.85223,1.00,1.53
2013.12.16 05:22:42.850,0.85207,0.85223,1.00,1.55
2013.12.16 05:22:47.770,0.85207,0.85223,1.00,1.53
2013.12.16 05:22:48.021,0.85207,0.85223,1.00,2.78
2013.12.16 05:22:48.072,0.85207,0.85221,1.00,2.70
2013.12.16 05:22:48.224,0.85206,0.85223,1.00,1.53
2013.12.16 05:22:48.384,0.85201,0.85223,1.20,1.53
2013.12.16 05:22:48.435,0.85201,0.85223,1.20,1.53
2013.12.16 05:22:54.278,0.85207,0.85223,1.00,2.03
2013.12.16 05:22:54.619,0.85207,0.85219,1.00,1.53
2013.12.16 05:22:55.407,0.85207,0.85219,1.00,1.53
2013.12.16 05:22:55.598,0.85202,0.85219,1.00,1.53
2013.12.16 05:22:55.700,0.85202,0.85219,1.00,1.53
2013.12.16 05:22:55.952,0.85202,0.85223,1.10,1.53
2013.12.16 05:22:56.008,0.85202,0.85223,1.10,1.53
2013.12.16 05:22:56.973,0.85202,0.85223,1.20,1.53
2013.12.16 05:22:57.201,0.85202,0.85223,1.00,1.53
2013.12.16 05:22:57.359,0.85207,0.85224,1.00,1.53
2013.12.16 05:22:57.410,0.85207,0.85224,1.00,1.53
2013.12.16 05:22:57.579,0.85201,0.85224,2.03,2.03
2013.12.16 05:22:58.034,0.85201,0.85224,1.50,2.03
2013.12.16 05:22:58.084,0.85201,0.85224,1.50,2.03
2013.12.16 05:22:58.388,0.85197,0.85217,1.48,1.53
2013.12.16 05:22:58.950,0.85197,0.85217,1.13,1.53
2013.12.16 05:23:01.680,0.85197,0.85217,1.13,3.45
2013.12.16 05:23:01.742,0.85197,0.85217,1.13,1.53
2013.12.16 05:23:02.313,0.85197,0.85217,1.00,1.53
2013.12.16 05:23:02.853,0.85197,0.85217,1.18,1.55
2013.12.16 05:23:02.904,0.85202,0.85217,1.00,1.55
2013.12.16 05:23:08.978,0.85202,0.8522,1.00,3.45
2013.12.16 05:23:10.411,0.85202,0.8522,1.00,1.53
2013.12.16 05:23:10.945,0.85202,0.85222,1.00,2.03
2013.12.16 05:23:15.908,0.85202,0.85222,1.00,2.03
2013.12.16 05:23:19.428,0.85202,0.85222,1.00,1.53
2013.12.16 05:23:19.765,0.85202,0.85214,1.00,1.00
2013.12.16 05:23:19.815,0.85196,0.85214,1.38,1.15
2013.12.16 05:23:21.477,0.85196,0.85217,1.88,2.70
2013.12.16 05:23:23.654,0.85202,0.85219,1.00,1.55
2013.12.16 05:23:23.704,0.85202,0.85219,1.00,1.55
2013.12.16 05:23:24.589,0.85202,0.85219,1.00,1.55
2013.12.16 05:23:24.896,0.85196,0.85219,2.03,2.03
2013.12.16 05:23:25.287,0.85202,0.85219,1.00,1.53
2013.12.16 05:23:25.808,0.85202,0.85219,1.00,1.53
2013.12.16 05:23:32.369,0.85202,0.85219,1.00,1.53
2013.12.16 05:23:37.466,0.85202,0.85219,1.00,4.20
2013.12.16 05:23:38.014,0.85202,0.85216,1.00,1.53
2013.12.16 05:23:38.635,0.85202,0.85216,1.00,1.53
2013.12.16 05:23:49.047,0.85196,0.85216,1.00,1.53
2013.12.16 05:23:49.438,0.85196,0.85216,1.00,1.53
2013.12.16 05:23:49.589,0.85196,0.85212,1.00,1.15
2013.12.16 05:23:54.141,0.85192,0.85212,1.38,1.28
2013.12.16 05:23:54.649,0.85192,0.85213,1.13,1.53
2013.12.16 05:23:57.618,0.85192,0.85213,1.38,1.53
2013.12.16 05:23:57.950,0.85196,0.85214,1.00,2.70
2013.12.16 05:23:58.190,0.85196,0.85216,1.00,1.53
2013.12.16 05:23:58.840,0.85196,0.85216,1.00,1.53
2013.12.16 05:24:00.955,0.85196,0.85212,1.00,1.20
2013.12.16 05:24:01.056,0.85192,0.85205,1.38,1.08
2013.12.16 05:24:01.513,0.85192,0.85211,1.38,1.15
2013.12.16 05:24:01.614,0.85192,0.85211,1.38,3.08
2013.12.16 05:24:02.150,0.85187,0.85209,1.55,1.15
2013.12.16 05:24:02.608,0.85187,0.85209,1.38,4.20
2013.12.16 05:24:02.709,0.85184,0.85203,1.53,1.00
2013.12.16 05:24:02.810,0.85182,0.85203,1.45,1.58
2013.12.16 05:24:02.911,0.85182,0.85203,1.50,1.53
2013.12.16 05:24:03.489,0.85182,0.85202,1.00,2.03
2013.12.16 05:24:03.790,0.85182,0.85199,1.00,2.33
2013.12.16 05:24:11.128,0.85182,0.85196,1.00,2.33
2013.12.16 05:24:11.629,0.85174,0.85188,1.38,1.00
2013.12.16 05:24:11.680,0.85174,0.85187,1.00,3.75
2013.12.16 05:24:11.731,0.85172,0.85187,1.50,3.83
2013.12.16 05:24:11.832,0.85176,0.85185,1.00,1.15
2013.12.16 05:24:12.084,0.85177,0.85186,1.00,1.15
2013.12.16 05:24:12.609,0.85176,0.8519,1.00,1.65
2013.12.16 05:24:13.139,0.85172,0.8519,1.00,1.15
2013.12.16 05:24:13.385,0.85176,0.85191,1.00,4.50
2013.12.16 05:24:13.714,0.8518,0.85191,1.00,3.08
2013.12.16 05:24:14.253,0.8518,0.85191,1.00,1.15
2013.12.16 05:24:17.757,0.85181,0.85194,1.00,3.08
2013.12.16 05:24:18.120,0.85176,0.85193,1.00,3.08
2013.12.16 05:24:21.621,0.85171,0.85193,1.13,3.08
2013.12.16 05:24:21.672,0.85171,0.8519,1.00,1.65
2013.12.16 05:24:23.079,0.85171,0.8519,1.00,2.40
2013.12.16 05:24:23.299,0.85177,0.85191,1.00,1.15
2013.12.16 05:24:24.889,0.85177,0.85191,1.00,1.15
2013.12.16 05:24:25.192,0.85182,0.85198,1.00,3.45
2013.12.16 05:24:25.347,0.85176,0.85198,1.00,3.45
2013.12.16 05:24:32.277,0.85174,0.85193,1.08,1.10
2013.12.16 05:24:38.380,0.85177,0.85198,1.00,5.33
2013.12.16 05:24:39.099,0.85176,0.85198,1.00,4.58
2013.12.16 05:24:39.637,0.85174,0.85194,1.20,1.08
2013.12.16 05:24:42.677,0.85174,0.85194,1.00,1.18
2013.12.16 05:24:42.979,0.85169,0.85189,1.08,1.00
2013.12.16 05:24:43.509,0.85169,0.85189,1.08,1.08
2013.12.16 05:24:51.733,0.85169,0.85189,1.15,1.00
2013.12.16 05:24:51.784,0.85171,0.85194,1.10,1.65
2013.12.16 05:24:51.834,0.85173,0.85194,1.00,1.65
2013.12.16 05:24:52.149,0.85173,0.85194,1.15,1.58
2013.12.16 05:25:12.397,0.85173,0.85194,1.18,1.58
2013.12.16 05:25:17.406,0.85177,0.85194,1.00,1.10
2013.12.16 05:25:31.854,0.85177,0.85194,1.00,1.08
2013.12.16 05:25:32.544,0.85177,0.85194,1.00,2.03
2013.12.16 05:25:32.595,0.85172,0.85193,1.00,1.15
2013.12.16 05:25:50.415,0.85172,0.85191,1.00,2.33
2013.12.16 05:25:50.737,0.85172,0.85188,1.00,3.08
2013.12.16 05:25:54.906,0.85176,0.85191,1.00,1.65
2013.12.16 05:25:55.574,0.85172,0.85192,1.00,2.33
2013.12.16 05:25:57.892,0.85177,0.85192,1.00,2.33
2013.12.16 05:26:02.387,0.85177,0.85194,1.00,3.08
2013.12.16 05:26:03.226,0.85177,0.85195,1.00,2.33
2013.12.16 05:26:12.972,0.85177,0.85197,1.00,3.08
2013.12.16 05:26:13.605,0.85174,0.85193,1.10,1.18
2013.12.16 05:26:13.962,0.85174,0.85193,1.00,1.15
2013.12.16 05:26:31.541,0.85172,0.85192,1.00,2.33
2013.12.16 05:26:31.967,0.85172,0.85186,1.00,1.15
2013.12.16 05:26:32.511,0.85172,0.85186,1.00,1.15
2013.12.16 05:26:36.089,0.85167,0.85186,1.50,1.15
2013.12.16 05:26:36.190,0.85167,0.85184,1.50,1.18
2013.12.16 05:26:36.684,0.85167,0.85184,1.00,3.08
2013.12.16 05:26:37.613,0.85167,0.85182,1.00,1.15
2013.12.16 05:26:37.916,0.85167,0.85179,1.00,2.33
2013.12.16 05:26:38.023,0.85162,0.85179,1.00,2.33
2013.12.16 05:26:40.035,0.85162,0.85177,1.00,1.15
2013.12.16 05:26:40.569,0.85162,0.85176,1.00,1.15
2013.12.16 05:26:40.670,0.85162,0.85179,1.00,6.00
2013.12.16 05:26:40.887,0.85166,0.85179,1.00,6.00
2013.12.16 05:26:46.825,0.85162,0.85179,1.00,5.25
2013.12.16 05:26:52.526,0.85162,0.85175,1.00,2.33
2013.12.16 05:26:52.678,0.85159,0.85173,1.00,1.65
2013.12.16 05:26:52.779,0.85156,0.85173,1.00,1.15
2013.12.16 05:26:54.635,0.85152,0.85174,1.13,6.00
2013.12.16 05:26:54.693,0.85152,0.85172,1.13,2.33
2013.12.16 05:26:56.174,0.85157,0.85171,1.00,1.15
2013.12.16 05:26:56.363,0.85157,0.85171,1.00,1.15
2013.12.16 05:26:56.570,0.85157,0.85174,1.13,1.15
2013.12.16 05:26:58.837,0.85155,0.85173,1.38,3.08
2013.12.16 05:26:59.040,0.85152,0.85173,1.38,3.08
2013.12.16 05:26:59.176,0.85152,0.85173,1.13,3.08
2013.12.16 05:26:59.277,0.85156,0.85173,1.00,2.33
2013.12.16 05:26:59.827,0.85157,0.85173,1.00,2.33
2013.12.16 05:27:00.906,0.85152,0.85173,1.00,2.33
2013.12.16 05:27:02.934,0.85157,0.85173,1.00,3.08
2013.12.16 05:27:03.035,0.85157,0.85175,1.00,1.15
2013.12.16 05:27:03.565,0.85157,0.85179,1.00,3.08
2013.12.16 05:27:07.215,0.85157,0.85177,1.00,4.50
2013.12.16 05:27:07.521,0.85155,0.85174,1.00,2.33
2013.12.16 05:27:07.622,0.85151,0.85174,1.58,2.33
2013.12.16 05:27:07.989,0.85156,0.85174,1.00,2.33
2013.12.16 05:27:08.166,0.85151,0.85174,1.58,3.08
2013.12.16 05:27:08.505,0.85157,0.85174,1.00,3.08
2013.12.16 05:27:09.872,0.85157,0.85176,1.00,2.33
2013.12.16 05:27:11.575,0.85152,0.85176,1.08,2.33
2013.12.16 05:27:12.099,0.85152,0.85173,1.50,2.33
2013.12.16 05:27:12.625,0.85152,0.85172,1.50,3.08
2013.12.16 05:27:13.335,0.85152,0.85171,1.00,5.25
2013.12.16 05:27:13.489,0.85148,0.85171,1.00,5.25
2013.12.16 05:27:13.590,0.85148,0.85168,1.00,3.08
2013.12.16 05:27:21.035,0.85152,0.85168,1.00,3.08
2013.12.16 05:27:21.086,0.85152,0.85171,1.00,3.08
2013.12.16 05:27:21.187,0.85157,0.85171,1.00,2.33
2013.12.16 05:27:21.288,0.85157,0.85172,1.00,1.15
2013.12.16 05:27:21.389,0.85152,0.85174,1.00,2.33
2013.12.16 05:27:25.445,0.85152,0.85174,1.15,1.08
2013.12.16 05:27:25.546,0.85159,0.85174,1.00,1.08
2013.12.16 05:27:25.646,0.85153,0.85174,1.18,1.08
2013.12.16 05:27:27.374,0.85153,0.85174,1.10,1.08
2013.12.16 05:27:32.565,0.85151,0.8517,1.08,1.10
2013.12.16 05:27:32.892,0.85151,0.85171,1.00,1.15
2013.12.16 05:27:33.413,0.85151,0.8517,1.00,1.15
2013.12.16 05:27:38.381,0.85151,0.8517,1.00,1.15
2013.12.16 05:27:39.687,0.85151,0.85169,1.00,1.15
2013.12.16 05:27:39.989,0.85151,0.85167,1.00,3.08
2013.12.16 05:27:40.223,0.85146,0.85165,1.00,3.08
2013.12.16 05:28:13.325,0.85142,0.85164,1.00,1.15
2013.12.16 05:28:13.476,0.85142,0.85162,1.00,3.08
2013.12.16 05:28:13.904,0.85147,0.85162,1.00,3.08
2013.12.16 05:28:21.140,0.85147,0.85162,1.00,1.15
2013.12.16 05:28:21.970,0.85147,0.85163,1.00,1.15
2013.12.16 05:28:22.263,0.85147,0.85163,1.00,1.15
2013.12.16 05:28:22.564,0.85152,0.85163,1.00,1.18
2013.12.16 05:28:23.101,0.85152,0.85166,1.00,1.18
2013.12.16 05:28:24.230,0.85152,0.85166,1.00,1.00
2013.12.16 05:28:25.973,0.85157,0.85166,1.00,1.00
2013.12.16 05:28:26.124,0.85157,0.85171,1.00,1.18
2013.12.16 05:28:26.426,0.85162,0.85171,1.00,1.10
2013.12.16 05:28:27.071,0.85162,0.85175,1.00,1.15
2013.12.16 05:28:27.623,0.85157,0.85175,1.00,1.15
2013.12.16 05:28:28.183,0.85157,0.85175,1.00,1.15
2013.12.16 05:28:28.520,0.85161,0.85175,1.00,1.15
2013.12.16 05:28:32.964,0.85161,0.85175,1.00,3.83
2013.12.16 05:28:34.478,0.85157,0.85175,1.00,3.83
2013.12.16 05:29:01.514,0.85151,0.85173,1.00,3.08
2013.12.16 05:29:01.565,0.85151,0.85171,1.00,2.33
2013.12.16 05:29:01.944,0.85156,0.85171,1.00,1.15
2013.12.16 05:29:09.731,0.85156,0.85173,1.00,2.33
2013.12.16 05:29:09.882,0.85147,0.85166,1.00,1.15
2013.12.16 05:29:09.933,0.85147,0.85166,1.00,3.08
2013.12.16 05:29:10.262,0.85152,0.85165,1.00,3.08
2013.12.16 05:29:10.620,0.85152,0.85165,1.00,1.00
2013.12.16 05:29:10.773,0.85152,0.8517,1.00,1.15
2013.12.16 05:29:11.295,0.85151,0.8517,1.00,1.15
2013.12.16 05:29:11.522,0.85151,0.8517,1.00,1.15
2013.12.16 05:29:12.038,0.85151,0.8517,1.00,1.15
2013.12.16 05:29:13.594,0.85146,0.8517,1.65,1.65
2013.12.16 05:29:14.028,0.85146,0.8517,1.65,1.65
2013.12.16 05:29:14.078,0.85152,0.8517,1.00,2.03
2013.12.16 05:29:14.583,0.85146,0.85168,1.28,1.00
2013.12.16 05:29:14.837,0.85151,0.8517,1.00,1.65
2013.12.16 05:29:15.134,0.85146,0.85168,1.28,1.00
2013.12.16 05:29:15.594,0.85146,0.85163,1.08,1.08
2013.12.16 05:29:15.646,0.85146,0.85163,1.00,1.15
2013.12.16 05:29:15.697,0.85146,0.85163,1.00,1.53
2013.12.16 05:29:15.748,0.85142,0.85163,1.20,2.03
2013.12.16 05:29:15.798,0.85151,0.85163,1.00,1.53
2013.12.16 05:29:15.950,0.85151,0.85164,1.00,2.40
2013.12.16 05:29:16.357,0.85147,0.85164,1.00,2.40
2013.12.16 05:29:16.509,0.85148,0.85168,1.00,1.15
2013.12.16 05:29:17.021,0.85147,0.85168,1.10,1.65
2013.12.16 05:29:17.114,0.85152,0.85168,1.00,1.15
2013.12.16 05:29:17.267,0.85152,0.85168,1.00,1.10
2013.12.16 05:29:17.335,0.85145,0.85168,2.70,1.10
2013.12.16 05:29:21.859,0.85151,0.85171,1.00,1.28
2013.12.16 05:29:22.655,0.85151,0.85171,1.00,1.15
2013.12.16 05:29:24.282,0.85151,0.85171,1.00,1.15
2013.12.16 05:29:24.491,0.85151,0.85173,1.20,1.28
2013.12.16 05:29:25.472,0.85151,0.85173,1.58,1.53
2013.12.16 05:29:26.000,0.85151,0.85173,1.28,1.53
2013.12.16 05:29:26.051,0.85151,0.85169,1.00,2.70
2013.12.16 05:29:26.176,0.85147,0.85167,1.00,2.33
2013.12.16 05:29:26.278,0.85151,0.85167,1.00,2.33
2013.12.16 05:29:30.374,0.85151,0.85168,1.00,4.20
2013.12.16 05:29:31.775,0.85151,0.85168,1.00,2.03
2013.12.16 05:29:33.343,0.85151,0.85168,1.00,4.20
2013.12.16 05:29:37.552,0.85151,0.85165,1.00,2.33
2013.12.16 05:29:42.008,0.85151,0.85167,1.00,1.53
2013.12.16 05:29:43.863,0.85146,0.85167,1.13,1.53
2013.12.16 05:29:44.402,0.85147,0.85167,1.00,2.03
2013.12.16 05:29:45.274,0.85147,0.85165,1.00,1.20
2013.12.16 05:29:45.628,0.85152,0.85166,1.00,1.18
2013.12.16 05:29:45.830,0.85147,0.85168,1.88,1.28
2013.12.16 05:29:46.702,0.85147,0.85168,1.50,1.53
2013.12.16 05:29:46.803,0.85147,0.85164,1.00,1.18
2013.12.16 05:29:47.328,0.85147,0.85168,1.00,4.20
2013.12.16 05:29:47.642,0.85151,0.85168,1.00,3.08
2013.12.16 05:29:48.782,0.85147,0.85168,1.88,3.83
2013.12.16 05:29:50.071,0.85147,0.8516,1.50,2.25
2013.12.16 05:29:50.323,0.85142,0.85157,1.38,1.18
2013.12.16 05:29:50.424,0.85142,0.85157,1.00,1.18
2013.12.16 05:29:50.525,0.85142,0.85158,1.00,2.33
2013.12.16 05:29:50.626,0.85142,0.85162,1.10,1.08
2013.12.16 05:29:52.679,0.85146,0.85162,1.00,1.08
2013.12.16 05:29:52.899,0.85141,0.85162,1.08,1.08
2013.12.16 05:29:55.112,0.85141,0.85162,1.00,3.08
2013.12.16 05:29:55.164,0.85139,0.85162,1.10,3.08
2013.12.16 05:29:55.215,0.85139,0.85162,1.08,1.15
2013.12.16 05:29:56.076,0.85142,0.85162,1.00,1.15
2013.12.16 05:29:58.137,0.85141,0.85162,1.10,1.15
2013.12.16 05:29:58.592,0.85146,0.85162,1.00,1.15
2013.12.16 05:29:59.122,0.85142,0.85162,1.00,1.15
2013.12.16 05:29:59.662,0.85141,0.85162,1.10,1.15
2013.12.16 05:30:01.102,0.85147,0.85162,1.00,1.15
2013.12.16 05:30:01.840,0.85147,0.85162,1.08,1.08
2013.12.16 05:30:01.891,0.85155,0.85162,1.00,1.00
2013.12.16 05:30:02.093,0.85146,0.85162,1.18,1.00
2013.12.16 05:30:02.144,0.85146,0.85167,1.18,1.08
2013.12.16 05:30:02.195,0.85146,0.85167,1.10,1.08
2013.12.16 05:30:02.499,0.85146,0.85165,1.00,2.33
2013.12.16 05:30:08.497,0.85146,0.85166,1.00,1.53
2013.12.16 05:30:14.103,0.85141,0.85164,1.65,1.53
2013.12.16 05:30:14.446,0.85147,0.85163,1.00,1.18
2013.12.16 05:30:14.795,0.85147,0.85162,1.00,2.33
2013.12.16 05:30:16.241,0.85147,0.85163,1.00,1.15
2013.12.16 05:30:16.901,0.85147,0.85165,1.00,3.08
2013.12.16 05:30:17.443,0.85152,0.85165,1.00,2.33
2013.12.16 05:30:18.711,0.85146,0.85165,1.00,2.70
2013.12.16 05:30:19.044,0.85142,0.85165,1.00,2.70
2013.12.16 05:30:19.628,0.85141,0.85163,1.00,1.65
2013.12.16 05:30:19.678,0.85137,0.8516,1.15,1.58
2013.12.16 05:30:19.981,0.85137,0.85159,1.00,2.33
2013.12.16 05:30:23.574,0.85136,0.85159,1.10,3.83
2013.12.16 05:30:23.905,0.85137,0.85156,1.00,2.33
2013.12.16 05:30:23.971,0.85137,0.85157,1.00,2.40
2013.12.16 05:30:24.223,0.85137,0.85155,1.00,1.15
2013.12.16 05:30:25.550,0.85137,0.85157,1.00,3.08
2013.12.16 05:30:25.882,0.85142,0.85157,1.00,1.15
2013.12.16 05:30:29.164,0.85137,0.85157,1.00,1.15
2013.12.16 05:30:29.385,0.85142,0.85157,1.00,1.15
2013.12.16 05:30:29.916,0.85142,0.85157,1.00,1.15
2013.12.16 05:30:29.966,0.85136,0.85157,1.00,1.15
2013.12.16 05:30:30.168,0.85142,0.85157,1.00,1.65
2013.12.16 05:30:30.269,0.85136,0.85157,1.10,1.65
2013.12.16 05:30:30.370,0.85136,0.85157,1.00,3.08
2013.12.16 05:30:30.684,0.85141,0.85157,1.00,3.08
2013.12.16 05:30:41.986,0.85141,0.85156,1.00,1.15
2013.12.16 05:30:42.037,0.85141,0.85156,1.00,1.18
2013.12.16 05:31:02.463,0.85141,0.85162,1.08,2.33
2013.12.16 05:31:02.563,0.85141,0.85163,1.08,1.18
2013.12.16 05:31:11.192,0.85142,0.85165,1.08,1.15
2013.12.16 05:31:16.422,0.85143,0.85168,1.15,1.15
2013.12.16 05:31:16.472,0.85143,0.85168,1.08,1.15
2013.12.16 05:31:16.775,0.85147,0.85168,1.00,1.15
2013.12.16 05:31:17.062,0.85143,0.85168,1.18,1.15
2013.12.16 05:31:17.163,0.85142,0.85166,1.20,1.15
2013.12.16 05:31:17.466,0.85141,0.85164,1.58,2.33
2013.12.16 05:31:17.782,0.85142,0.85166,1.08,3.83
2013.12.16 05:31:17.833,0.85142,0.85166,1.00,6.00
2013.12.16 05:31:18.339,0.85142,0.85164,1.00,1.15
2013.12.16 05:31:18.390,0.85142,0.85163,1.00,2.33
2013.12.16 05:31:18.713,0.85142,0.85161,1.00,3.08
2013.12.16 05:31:20.299,0.85137,0.85158,1.00,1.15
2013.12.16 05:31:20.507,0.85137,0.85157,1.00,1.15
2013.12.16 05:31:20.885,0.85142,0.85157,1.00,1.15
2013.12.16 05:31:21.739,0.85137,0.85157,1.50,1.15
2013.12.16 05:31:24.831,0.85141,0.85158,1.00,5.25
2013.12.16 05:31:25.370,0.85137,0.85158,1.50,5.25
2013.12.16 05:31:39.150,0.85137,0.85155,1.00,2.33
2013.12.16 05:31:39.454,0.85133,0.85152,1.00,1.15
2013.12.16 05:31:39.504,0.85133,0.85152,1.00,3.08
2013.12.16 05:31:39.825,0.85132,0.8515,1.00,2.33
2013.12.16 05:31:40.891,0.85132,0.85152,1.00,1.15
2013.12.16 05:31:43.530,0.85132,0.85154,1.00,2.33
2013.12.16 05:31:43.640,0.85137,0.85154,1.00,2.33
2013.12.16 05:32:04.315,0.85137,0.85153,1.00,2.33
2013.12.16 05:32:04.658,0.85142,0.85154,1.00,2.33
2013.12.16 05:32:04.709,0.85142,0.85155,1.00,1.15
2013.12.16 05:32:05.017,0.85139,0.85156,1.00,3.08
2013.12.16 05:32:05.168,0.85136,0.85158,1.00,3.08
2013.12.16 05:32:05.469,0.85136,0.8516,1.18,3.08
2013.12.16 05:32:09.126,0.85131,0.85157,1.65,1.15
2013.12.16 05:32:09.227,0.8514,0.85157,1.00,3.08
2013.12.16 05:32:09.328,0.85133,0.85155,1.00,1.15
2013.12.16 05:32:10.911,0.85133,0.85153,1.00,1.15
2013.12.16 05:32:14.603,0.85129,0.85153,1.20,1.15
2013.12.16 05:32:14.704,0.85129,0.85151,1.00,2.33
2013.12.16 05:32:15.026,0.85132,0.85149,1.00,3.08
2013.12.16 05:32:15.376,0.85132,0.85152,1.00,3.08
2013.12.16 05:32:16.767,0.85132,0.85153,1.00,2.33
2013.12.16 05:32:17.461,0.85133,0.85153,1.00,2.33
2013.12.16 05:32:17.561,0.85133,0.85155,1.00,2.33
2013.12.16 05:32:17.778,0.85136,0.85155,1.00,2.33
2013.12.16 05:32:18.080,0.85136,0.85159,1.50,3.08
2013.12.16 05:32:22.093,0.85136,0.85158,1.50,2.33
2013.12.16 05:32:22.631,0.85136,0.85155,1.50,2.33
2013.12.16 05:32:22.921,0.85136,0.85157,1.50,3.08
2013.12.16 05:32:24.252,0.85136,0.85155,1.00,2.33
2013.12.16 05:32:52.415,0.85136,0.85154,1.00,2.33
2013.12.16 05:32:52.567,0.85132,0.85153,1.00,1.65
2013.12.16 05:32:52.669,0.85132,0.85151,1.00,2.33
2013.12.16 05:32:52.770,0.85127,0.8515,1.00,1.15
2013.12.16 05:32:52.871,0.85127,0.85148,1.00,3.08
2013.12.16 05:32:53.186,0.85131,0.8515,1.00,5.25
2013.12.16 05:32:54.324,0.85131,0.85147,1.00,2.33
2013.12.16 05:32:56.961,0.85128,0.8515,1.00,1.15
2013.12.16 05:32:57.012,0.85128,0.85149,1.00,2.33
2013.12.16 05:32:57.411,0.85126,0.85148,1.00,1.65
2013.12.16 05:33:00.132,0.85124,0.85147,1.20,1.15
2013.12.16 05:33:02.438,0.85126,0.85147,1.00,1.15
2013.12.16 05:33:05.082,0.85126,0.85145,1.00,1.15
2013.12.16 05:33:05.572,0.85132,0.85149,1.00,4.50
2013.12.16 05:33:05.673,0.85127,0.8515,1.10,1.65
2013.12.16 05:33:05.892,0.85127,0.85146,1.00,1.15
2013.12.16 05:33:07.218,0.85128,0.85146,1.00,1.15
2013.12.16 05:33:07.972,0.85127,0.85146,1.00,1.15
2013.12.16 05:33:18.169,0.85127,0.85145,1.00,3.08
2013.12.16 05:33:24.364,0.85127,0.85147,1.00,3.08
2013.12.16 05:33:24.819,0.85127,0.85144,1.00,1.15
2013.12.16 05:33:31.021,0.85131,0.85144,1.00,1.65
2013.12.16 05:33:39.819,0.85127,0.85144,1.00,1.65
2013.12.16 05:33:39.929,0.85131,0.85144,1.00,1.65
2013.12.16 05:33:40.809,0.85127,0.85144,1.00,1.65
2013.12.16 05:33:42.150,0.85131,0.85142,1.00,1.18
2013.12.16 05:33:42.470,0.85126,0.85142,1.00,2.33
2013.12.16 05:33:46.169,0.85126,0.85142,1.00,1.15
2013.12.16 05:33:46.690,0.85126,0.85141,1.00,1.15
2013.12.16 05:33:46.740,0.85126,0.85136,1.00,1.08
2013.12.16 05:33:48.070,0.85121,0.85136,1.00,1.18
2013.12.16 05:33:48.221,0.85127,0.85136,1.00,1.18
2013.12.16 05:33:48.761,0.85127,0.85141,1.00,1.15
2013.12.16 05:33:48.952,0.85131,0.85142,1.00,4.50
2013.12.16 05:33:49.053,0.85131,0.85143,1.00,1.15
2013.12.16 05:33:49.422,0.85127,0.85146,1.00,3.08
2013.12.16 05:34:12.384,0.85127,0.85143,1.00,1.15
2013.12.16 05:34:17.029,0.85127,0.85144,1.00,3.08
2013.12.16 05:34:17.130,0.85121,0.85141,1.00,1.15
2013.12.16 05:34:25.840,0.85121,0.85141,1.00,1.20
2013.12.16 05:34:26.377,0.85121,0.85141,1.18,1.10
2013.12.16 05:34:27.112,0.85124,0.85146,1.00,3.08
2013.12.16 05:34:27.617,0.85121,0.85144,1.18,1.15
2013.12.16 05:34:44.527,0.85121,0.85144,1.08,3.83
2013.12.16 05:34:44.578,0.85121,0.85144,1.00,6.00
2013.12.16 05:34:53.204,0.85121,0.85144,1.20,1.15
2013.12.16 05:34:53.447,0.85124,0.85145,1.00,1.15
2013.12.16 05:34:58.295,0.85121,0.85145,1.65,1.15
2013.12.16 05:34:58.497,0.85121,0.85143,1.10,1.15
2013.12.16 05:34:58.857,0.85117,0.85141,1.28,1.15
2013.12.16 05:34:58.959,0.85126,0.85143,1.00,3.83
2013.12.16 05:34:59.060,0.85121,0.85142,1.00,3.08
2013.12.16 05:34:59.312,0.85117,0.85142,1.58,3.08
2013.12.16 05:35:01.493,0.85118,0.85141,2.25,1.08
2013.12.16 05:35:01.544,0.85119,0.85141,1.15,1.00
2013.12.16 05:35:01.817,0.85122,0.85143,1.18,1.10
2013.12.16 05:35:01.918,0.85127,0.85143,1.00,1.18
2013.12.16 05:35:02.019,0.85122,0.85143,1.18,1.10
2013.12.16 05:35:02.216,0.85126,0.85143,1.00,1.10
2013.12.16 05:35:02.463,0.85121,0.85143,1.15,1.10
2013.12.16 05:35:02.514,0.85126,0.85147,1.00,1.65
2013.12.16 05:35:02.831,0.85122,0.85145,1.18,1.15
2013.12.16 05:35:03.826,0.85122,0.85141,1.18,1.00
2013.12.16 05:35:04.442,0.85122,0.85141,1.10,1.08
2013.12.16 05:35:06.541,0.85122,0.85141,1.08,1.00
2013.12.16 05:35:06.968,0.85127,0.85141,1.00,1.00
2013.12.16 05:35:07.019,0.85127,0.85147,1.00,1.15
2013.12.16 05:35:07.120,0.85123,0.85147,1.15,1.15
2013.12.16 05:35:09.039,0.85122,0.85145,1.15,1.18
2013.12.16 05:35:09.089,0.85122,0.85145,1.18,1.15
2013.12.16 05:35:09.696,0.85127,0.85145,1.00,1.15
2013.12.16 05:35:14.254,0.85121,0.85145,1.15,1.15
2013.12.16 05:35:16.109,0.85119,0.85144,1.15,1.18
2013.12.16 05:35:16.460,0.85122,0.85145,1.15,1.65
2013.12.16 05:35:16.987,0.85124,0.85148,1.15,1.65
2013.12.16 05:35:26.260,0.85124,0.85148,1.15,1.65
2013.12.16 05:35:26.579,0.85124,0.85147,1.10,2.33
2013.12.16 05:35:26.713,0.85124,0.85148,1.08,2.40
2013.12.16 05:35:30.824,0.85122,0.85145,1.28,1.10
2013.12.16 05:35:30.975,0.85122,0.85145,1.15,1.10
2013.12.16 05:35:38.591,0.85122,0.85145,1.15,1.10
2013.12.16 05:35:38.926,0.85127,0.85144,1.00,1.00
2013.12.16 05:35:39.268,0.85127,0.85144,1.45,1.00
2013.12.16 05:35:39.319,0.85127,0.85151,1.53,1.15
2013.12.16 05:35:39.836,0.85127,0.85151,1.15,1.15
2013.12.16 05:35:43.492,0.85127,0.8515,1.08,1.15
2013.12.16 05:35:44.204,0.85127,0.8515,1.00,1.15
2013.12.16 05:35:52.931,0.85127,0.85149,1.15,1.20
2013.12.16 05:35:58.887,0.85127,0.85149,1.18,1.18
2013.12.16 05:35:59.190,0.85131,0.85149,1.00,1.15
2013.12.16 05:35:59.240,0.85131,0.85149,1.00,1.18
2013.12.16 05:35:59.291,0.85131,0.85149,1.00,1.20
2013.12.16 05:35:59.392,0.85127,0.85149,1.15,1.20
2013.12.16 05:36:05.208,0.85131,0.85151,1.00,1.18
2013.12.16 05:36:05.717,0.85131,0.85156,3.83,1.15
2013.12.16 05:36:13.203,0.85131,0.85156,4.58,1.15
2013.12.16 05:36:13.253,0.85131,0.85156,2.40,1.15
2013.12.16 05:36:26.167,0.85131,0.85156,1.65,1.15
2013.12.16 05:36:26.370,0.85132,0.85156,2.33,1.08
2013.12.16 05:36:26.420,0.85137,0.85156,1.20,1.00
2013.12.16 05:36:26.926,0.85137,0.85157,1.20,1.20
2013.12.16 05:36:27.597,0.85137,0.85157,1.00,1.15
2013.12.16 05:36:28.216,0.85131,0.85155,3.08,1.18
2013.12.16 05:36:33.462,0.85131,0.85155,3.83,1.15
2013.12.16 05:36:33.512,0.85131,0.85155,1.18,3.08
2013.12.16 05:36:34.024,0.85131,0.85155,1.18,1.65
2013.12.16 05:36:38.187,0.85129,0.85153,1.15,1.15
2013.12.16 05:36:38.238,0.85129,0.85153,1.15,1.15
2013.12.16 05:36:38.895,0.85131,0.85155,1.00,6.75
2013.12.16 05:36:40.566,0.85129,0.85153,1.15,1.15
2013.12.16 05:36:41.234,0.85131,0.85155,1.00,6.75
2013.12.16 05:36:46.289,0.85129,0.85153,1.15,2.40
2013.12.16 05:36:46.390,0.85127,0.85151,1.15,3.08
2013.12.16 05:36:46.441,0.85127,0.85146,1.08,1.10
2013.12.16 05:36:57.046,0.85127,0.8515,1.15,1.15
2013.12.16 05:37:17.339,0.85127,0.8515,1.15,1.10
2013.12.16 05:37:38.352,0.85127,0.8515,1.15,1.18
2013.12.16 05:37:39.248,0.85127,0.8515,1.15,1.15
2013.12.16 05:37:45.134,0.85127,0.8515,3.83,1.18
2013.12.16 05:37:45.915,0.85127,0.8515,3.83,1.10
2013.12.16 05:37:51.955,0.85127,0.8515,1.15,1.18
2013.12.16 05:38:04.316,0.85125,0.85151,1.15,2.33
2013.12.16 05:38:07.886,0.85123,0.85146,2.33,1.18
2013.12.16 05:38:07.937,0.85122,0.85146,1.65,1.15
2013.12.16 05:38:08.662,0.85126,0.85146,1.00,1.15
2013.12.16 05:38:09.986,0.85122,0.85146,1.65,1.15
2013.12.16 05:38:13.097,0.85122,0.85144,1.65,1.00
2013.12.16 05:38:13.255,0.8512,0.85142,2.25,1.08
2013.12.16 05:38:13.519,0.85118,0.85141,1.10,2.33
2013.12.16 05:38:18.225,0.85113,0.85139,1.18,5.33
2013.12.16 05:38:18.429,0.85111,0.85134,1.15,1.08
2013.12.16 05:38:20.108,0.85117,0.85134,1.00,1.15
2013.12.16 05:38:20.158,0.85117,0.85134,1.00,1.18
2013.12.16 05:38:20.309,0.85117,0.85138,1.10,1.65
2013.12.16 05:38:21.316,0.85122,0.85138,1.00,1.65
2013.12.16 05:38:21.704,0.85122,0.85137,1.00,1.15
2013.12.16 05:38:23.773,0.85122,0.85135,1.00,1.15
2013.12.16 05:38:26.488,0.85122,0.85134,1.00,1.65
2013.12.16 05:38:26.960,0.85122,0.85134,1.00,3.83
2013.12.16 05:38:27.541,0.85122,0.85134,1.00,1.65
2013.12.16 05:38:27.642,0.85122,0.85134,1.00,1.15
2013.12.16 05:38:28.311,0.85122,0.85134,1.00,1.15
2013.12.16 05:38:29.163,0.85122,0.85134,1.00,3.08
2013.12.16 05:38:29.941,0.85122,0.85133,1.00,2.33
2013.12.16 05:38:30.569,0.85116,0.85133,1.00,5.25
2013.12.16 05:38:31.435,0.85121,0.85133,1.00,5.25
2013.12.16 05:38:33.336,0.85121,0.85134,1.00,2.40
2013.12.16 05:38:33.910,0.85121,0.85134,1.00,1.65
2013.12.16 05:38:36.205,0.85124,0.85134,1.00,1.15
2013.12.16 05:38:36.457,0.85126,0.85138,1.00,1.15
2013.12.16 05:38:36.508,0.85121,0.85137,1.00,1.15
2013.12.16 05:38:36.709,0.85121,0.85137,1.00,3.08
2013.12.16 05:38:36.935,0.85117,0.85137,1.00,3.08
2013.12.16 05:38:37.197,0.85121,0.85135,1.00,1.15
2013.12.16 05:38:37.399,0.85117,0.85137,1.38,2.33
2013.12.16 05:38:37.450,0.85117,0.85138,1.55,1.10
2013.12.16 05:38:37.551,0.85117,0.85141,1.50,2.33
2013.12.16 05:38:38.126,0.85117,0.85138,1.18,1.08
2013.12.16 05:38:46.175,0.85122,0.85138,1.00,1.08
2013.12.16 05:38:49.384,0.85114,0.85138,3.08,1.08
2013.12.16 05:38:49.435,0.85112,0.85134,2.33,1.08
2013.12.16 05:38:49.486,0.85111,0.85134,1.15,1.08
2013.12.16 05:38:49.788,0.85116,0.85139,1.00,1.15
2013.12.16 05:39:00.822,0.85112,0.85131,1.58,2.25
2013.12.16 05:39:00.872,0.85112,0.85131,1.00,3.08
2013.12.16 05:39:00.923,0.85112,0.85127,1.00,2.33
2013.12.16 05:39:04.305,0.85112,0.85125,1.00,2.33
2013.12.16 05:39:04.557,0.85106,0.8512,1.00,1.15
2013.12.16 05:39:05.439,0.85111,0.85122,1.00,2.33
2013.12.16 05:39:05.540,0.85107,0.85123,1.00,1.65
2013.12.16 05:39:11.230,0.85107,0.85122,1.00,2.33
2013.12.16 05:39:13.895,0.85106,0.85121,1.00,1.15
2013.12.16 05:39:17.743,0.85107,0.85121,1.00,1.15
2013.12.16 05:39:22.378,0.85101,0.85121,1.00,1.15
2013.12.16 05:39:23.120,0.85101,0.8512,1.38,1.53
2013.12.16 05:39:23.726,0.85101,0.8512,1.13,1.53
2013.12.16 05:39:25.466,0.85101,0.85119,1.13,2.70
2013.12.16 05:39:29.595,0.85101,0.85122,1.13,5.63
2013.12.16 05:39:47.299,0.85101,0.85122,1.38,6.38
2013.12.16 05:39:47.822,0.85101,0.85122,1.00,6.38
2013.12.16 05:39:50.414,0.85101,0.8512,1.00,1.28
2013.12.16 05:39:55.170,0.85101,0.85118,1.00,2.33
2013.12.16 05:39:55.373,0.85096,0.85117,1.38,4.88
2013.12.16 05:39:55.424,0.85096,0.85114,1.00,1.53
2013.12.16 05:39:55.599,0.85091,0.85114,1.50,2.03
2013.12.16 05:39:56.227,0.85091,0.85114,1.50,2.78
2013.12.16 05:40:00.362,0.85091,0.85113,1.00,2.78
2013.12.16 05:40:03.443,0.85091,0.85113,1.00,2.78
2013.12.16 05:40:04.262,0.85091,0.85113,1.00,2.78
2013.12.16 05:40:05.692,0.85091,0.85113,1.00,2.78
2013.12.16 05:40:07.672,0.85091,0.85113,1.00,2.78
2013.12.16 05:40:07.723,0.85091,0.85111,1.00,3.45
2013.12.16 05:40:08.025,0.85087,0.85109,1.00,2.03
2013.12.16 05:40:08.277,0.85086,0.85107,1.00,5.63
2013.12.16 05:40:08.805,0.85086,0.85107,1.00,1.15
2013.12.16 05:40:09.472,0.85086,0.85105,1.00,3.08
2013.12.16 05:40:09.875,0.85091,0.85103,1.00,1.65
2013.12.16 05:40:09.926,0.85091,0.85103,1.00,1.50
2013.12.16 05:40:10.027,0.85083,0.85103,1.00,1.15
2013.12.16 05:40:11.234,0.85082,0.85103,1.10,1.15
2013.12.16 05:40:12.343,0.85086,0.85104,1.00,1.53
2013.12.16 05:40:12.510,0.85082,0.85103,1.00,3.45
2013.12.16 05:40:12.764,0.85081,0.85101,1.00,2.33
2013.12.16 05:40:13.070,0.85086,0.85101,1.00,2.33
2013.12.16 05:40:15.114,0.85086,0.85103,1.00,6.38
2013.12.16 05:40:20.452,0.85086,0.85103,1.00,2.03
2013.12.16 05:40:22.412,0.85086,0.85104,1.00,1.15
2013.12.16 05:40:22.463,0.85086,0.85104,1.08,1.00
2013.12.16 05:40:23.120,0.85086,0.85103,1.08,1.00
2013.12.16 05:40:39.637,0.85084,0.85108,1.15,1.65
2013.12.16 05:40:39.738,0.85085,0.85108,2.33,1.58
2013.12.16 05:40:39.839,0.85088,0.85112,1.15,1.18
2013.12.16 05:40:40.224,0.85092,0.85115,1.18,1.15
2013.12.16 05:40:40.325,0.85092,0.85115,1.15,1.00
2013.12.16 05:40:40.766,0.85097,0.85117,1.18,1.00
2013.12.16 05:40:40.867,0.85099,0.85122,1.15,1.15
2013.12.16 05:40:43.948,0.85099,0.85122,1.08,1.15
2013.12.16 05:40:43.999,0.85099,0.85119,1.00,1.15
2013.12.16 05:40:44.167,0.85099,0.85122,1.18,1.15
2013.12.16 05:40:44.779,0.85099,0.85122,1.15,1.18
2013.12.16 05:40:45.897,0.85099,0.85121,1.08,2.25
2013.12.16 05:40:46.048,0.85099,0.85122,1.15,1.15
2013.12.16 05:40:47.636,0.85099,0.85122,1.18,3.08
2013.12.16 05:40:47.686,0.85099,0.85122,1.10,3.45
2013.12.16 05:40:48.322,0.85095,0.85119,1.15,1.15
2013.12.16 05:40:48.379,0.85101,0.85121,1.00,3.45
2013.12.16 05:40:54.134,0.85096,0.8512,1.10,1.15
2013.12.16 05:40:55.263,0.85096,0.85117,1.00,1.18
2013.12.16 05:40:55.754,0.85096,0.85117,1.00,3.08
2013.12.16 05:40:57.119,0.85096,0.85115,1.00,2.33
2013.12.16 05:40:57.321,0.85092,0.85115,1.00,4.50
2013.12.16 05:40:58.836,0.85097,0.85115,1.00,4.50
2013.12.16 05:40:59.240,0.85097,0.85116,1.00,1.15
2013.12.16 05:41:01.912,0.85097,0.85117,1.00,1.15
2013.12.16 05:41:07.072,0.85096,0.85117,1.00,2.40
2013.12.16 05:41:07.211,0.85096,0.85117,1.00,4.58
2013.12.16 05:41:07.652,0.85096,0.85115,1.00,2.33
2013.12.16 05:41:07.762,0.85096,0.85117,1.00,1.65
2013.12.16 05:41:16.226,0.85096,0.85116,1.00,3.83
2013.12.16 05:41:17.429,0.85096,0.85116,1.00,1.15
2013.12.16 05:41:18.201,0.85096,0.85115,1.00,1.15
2013.12.16 05:41:23.791,0.85092,0.85113,1.00,1.15
2013.12.16 05:41:28.633,0.85097,0.85115,1.00,1.15
2013.12.16 05:41:36.116,0.85097,0.85113,1.00,2.33
2013.12.16 05:41:36.343,0.85092,0.85112,1.00,4.20
2013.12.16 05:41:36.545,0.85092,0.85108,1.00,1.15
2013.12.16 05:41:39.092,0.85087,0.85105,1.00,1.15
2013.12.16 05:41:39.193,0.85087,0.85104,1.00,2.33
2013.12.16 05:41:39.703,0.85087,0.85105,1.00,1.15
2013.12.16 05:41:40.187,0.85087,0.85104,1.00,2.33
2013.12.16 05:41:40.288,0.85087,0.85105,1.00,1.15
2013.12.16 05:41:40.389,0.85087,0.85104,1.00,5.25
2013.12.16 05:41:40.490,0.85087,0.85105,1.00,1.15
2013.12.16 05:41:42.315,0.85087,0.85103,1.00,1.65
2013.12.16 05:41:42.613,0.85082,0.851,1.00,1.18
2013.12.16 05:41:42.771,0.85082,0.851,1.00,1.15
2013.12.16 05:41:44.029,0.85087,0.851,1.00,1.15
2013.12.16 05:41:44.181,0.85081,0.851,1.00,1.15
2013.12.16 05:41:45.531,0.85081,0.85099,1.00,1.55
2013.12.16 05:41:45.582,0.85077,0.85098,1.18,1.45
2013.12.16 05:41:45.791,0.85074,0.85094,2.33,1.00
2013.12.16 05:41:46.002,0.85071,0.85091,1.10,1.18
2013.12.16 05:41:46.272,0.85076,0.85094,1.00,1.53
2013.12.16 05:41:46.373,0.85071,0.85094,1.20,2.78
2013.12.16 05:41:47.161,0.85071,0.85093,1.10,2.70
2013.12.16 05:41:48.743,0.85071,0.85094,1.10,2.40
2013.12.16 05:41:49.482,0.85071,0.85094,1.18,1.65
2013.12.16 05:41:49.533,0.85071,0.85094,1.15,1.65
2013.12.16 05:41:50.866,0.85072,0.85094,1.15,1.50
2013.12.16 05:41:50.969,0.85076,0.85094,1.00,1.50
2013.12.16 05:41:51.540,0.85077,0.85094,1.00,1.00
2013.12.16 05:41:51.842,0.85081,0.85099,1.00,1.15
2013.12.16 05:41:52.771,0.85081,0.85099,1.00,1.20
2013.12.16 05:41:54.860,0.85086,0.85103,1.00,1.28
2013.12.16 05:41:54.960,0.85082,0.85103,1.00,1.28
2013.12.16 05:41:55.061,0.85082,0.85102,1.00,2.33
2013.12.16 05:42:12.082,0.85077,0.85099,1.18,1.18
2013.12.16 05:42:12.569,0.85077,0.85099,1.08,1.65
2013.12.16 05:42:12.620,0.85077,0.85099,1.00,1.65
2013.12.16 05:42:13.231,0.85076,0.85099,1.00,2.78
2013.12.16 05:42:16.420,0.85082,0.85099,1.00,1.65
2013.12.16 05:42:16.642,0.85076,0.85097,1.00,1.15
2013.12.16 05:42:20.803,0.85076,0.85095,1.00,1.53
2013.12.16 05:42:21.550,0.85076,0.85095,1.00,3.45
2013.12.16 05:42:28.372,0.85071,0.85092,1.55,1.15
2013.12.16 05:42:28.523,0.85071,0.85092,1.00,3.08
2013.12.16 05:42:42.543,0.85071,0.85089,1.00,1.18
2013.12.16 05:42:46.081,0.85077,0.85089,1.00,1.15
2013.12.16 05:42:46.630,0.85071,0.85089,1.00,1.15
2013.12.16 05:42:48.101,0.85063,0.85079,1.00,1.15
2013.12.16 05:42:48.404,0.85066,0.85081,1.00,3.45
2013.12.16 05:42:48.454,0.85066,0.85081,1.00,2.33
2013.12.16 05:42:48.760,0.85066,0.85083,1.00,2.33
2013.12.16 05:42:48.830,0.85072,0.85083,1.00,2.33
2013.12.16 05:42:48.881,0.85072,0.85088,1.00,2.33
2013.12.16 05:42:49.049,0.85063,0.85088,1.15,3.08
2013.12.16 05:42:49.430,0.85072,0.85088,1.00,2.33
2013.12.16 05:42:55.108,0.85063,0.85079,1.15,1.00
2013.12.16 05:42:55.159,0.85063,0.85079,1.15,1.38
2013.12.16 05:42:55.210,0.85063,0.85079,1.00,1.53
2013.12.16 05:42:55.261,0.85061,0.85079,1.00,1.53
2013.12.16 05:42:55.743,0.85061,0.85079,1.00,2.78
2013.12.16 05:43:07.162,0.85063,0.8508,1.00,1.15
2013.12.16 05:43:07.319,0.85063,0.85082,1.00,1.15
2013.12.16 05:43:07.421,0.85063,0.85082,1.15,1.00
2013.12.16 05:43:08.129,0.85063,0.85088,1.15,2.33
2013.12.16 05:43:30.510,0.85063,0.85088,1.15,2.33
2013.12.16 05:43:30.561,0.85067,0.85089,1.10,1.15
2013.12.16 05:43:30.720,0.85068,0.85092,1.08,3.83
2013.12.16 05:43:31.135,0.85072,0.85095,1.58,3.83
2013.12.16 05:43:32.390,0.85077,0.85095,1.00,3.83
2013.12.16 05:43:32.838,0.85082,0.85095,1.00,3.83
2013.12.16 05:43:33.058,0.85077,0.85095,1.00,3.83
2013.12.16 05:43:43.278,0.85082,0.85095,1.00,3.08
2013.12.16 05:43:43.330,0.85082,0.85095,1.00,1.15
2013.12.16 05:43:43.532,0.85082,0.85095,1.00,1.10
2013.12.16 05:43:49.351,0.85089,0.85097,1.00,1.15
2013.12.16 05:43:49.452,0.85091,0.85102,1.00,4.20
2013.12.16 05:43:49.552,0.85092,0.85105,1.00,1.00
2013.12.16 05:43:49.703,0.85092,0.85109,1.10,1.00
2013.12.16 05:43:50.939,0.8509,0.85113,1.15,1.08
2013.12.16 05:43:50.990,0.8509,0.85113,3.83,1.10
2013.12.16 05:43:52.350,0.85093,0.85114,1.15,1.08
2013.12.16 05:43:52.916,0.85091,0.85114,3.08,1.10
2013.12.16 05:43:53.811,0.85091,0.85114,1.15,1.08
2013.12.16 05:43:54.431,0.8509,0.85113,1.15,1.08
2013.12.16 05:43:56.599,0.85089,0.85109,3.00,2.25
2013.12.16 05:43:56.701,0.85087,0.85108,1.00,3.45
2013.12.16 05:43:57.004,0.85087,0.8511,1.08,2.25
2013.12.16 05:43:57.106,0.85087,0.85112,3.08,1.18
2013.12.16 05:43:57.257,0.85089,0.85112,2.33,1.10
2013.12.16 05:44:05.489,0.85091,0.85113,5.25,1.00
2013.12.16 05:44:05.589,0.85088,0.85113,5.25,1.20
2013.12.16 05:44:05.690,0.85088,0.85113,1.15,1.15
2013.12.16 05:44:05.803,0.85088,0.85113,3.08,1.10
2013.12.16 05:44:07.776,0.85088,0.85113,1.15,1.18
2013.12.16 05:44:08.819,0.85091,0.85116,1.15,2.33
2013.12.16 05:44:09.071,0.85097,0.85123,1.15,1.65
2013.12.16 05:44:09.509,0.85099,0.85123,1.15,1.18
2013.12.16 05:44:13.527,0.85099,0.85119,1.15,1.00
2013.12.16 05:44:13.648,0.85099,0.85119,1.08,1.45
2013.12.16 05:44:13.749,0.85097,0.85119,1.20,1.53
2013.12.16 05:44:17.876,0.85102,0.8512,1.00,1.28
2013.12.16 05:44:18.057,0.85092,0.85118,6.75,1.15
2013.12.16 05:44:18.427,0.85102,0.8512,1.00,1.53
2013.12.16 05:44:34.384,0.85102,0.85119,1.00,1.15
2013.12.16 05:44:47.198,0.85097,0.85118,1.10,1.15
2013.12.16 05:44:49.646,0.85097,0.85118,1.00,3.83
2013.12.16 05:44:57.598,0.85097,0.85118,1.08,1.28
2013.12.16 05:44:57.649,0.85097,0.85118,1.15,1.28
2013.12.16 05:44:57.700,0.85102,0.85119,1.00,2.78
2013.12.16 05:44:58.159,0.85102,0.85115,1.00,1.08
2013.12.16 05:44:59.955,0.85102,0.85115,1.00,1.18
2013.12.16 05:45:00.006,0.85096,0.85115,1.00,1.18
2013.12.16 05:45:00.975,0.85096,0.85115,1.00,1.15
2013.12.16 05:45:01.712,0.85096,0.85115,1.00,1.15
2013.12.16 05:46:00.316,0.85093,0.85119,1.15,5.63
2013.12.16 05:46:01.018,0.85093,0.85119,1.00,1.38
2013.12.16 05:46:01.915,0.85093,0.85119,1.00,1.38
2013.12.16 05:46:01.987,0.85086,0.85122,1.38,1.38
2013.12.16 05:46:02.437,0.85088,0.85118,3.38,3.38
2013.12.16 05:46:15.920,0.85089,0.85115,1.15,1.65
2013.12.16 05:46:15.971,0.85089,0.85115,1.15,2.03
2013.12.16 05:46:16.474,0.85086,0.8511,3.45,1.00
2013.12.16 05:46:19.479,0.85089,0.8511,1.15,1.00
2013.12.16 05:46:19.999,0.85089,0.8511,1.15,1.00
2013.12.16 05:46:20.490,0.8509,0.85114,1.15,1.55
2013.12.16 05:46:36.706,0.8509,0.85114,1.18,1.15
2013.12.16 05:46:36.756,0.8509,0.85114,1.20,1.15
2013.12.16 05:46:59.125,0.85086,0.8511,1.15,1.18
2013.12.16 05:46:59.334,0.85091,0.85107,1.00,1.00
2013.12.16 05:46:59.657,0.85091,0.85107,1.00,1.15
2013.12.16 05:47:04.273,0.85091,0.85107,1.00,1.15
2013.12.16 05:47:06.059,0.85086,0.85107,1.00,1.15
2013.12.16 05:47:11.420,0.85086,0.85107,1.10,1.28
2013.12.16 05:47:14.097,0.85089,0.85109,1.00,3.08
2013.12.16 05:47:14.198,0.85086,0.85109,1.10,3.83
2013.12.16 05:47:14.496,0.85086,0.85109,1.15,1.15
2013.12.16 05:47:24.242,0.85086,0.85109,1.65,1.00
2013.12.16 05:47:27.385,0.85086,0.85109,1.08,1.95
2013.12.16 05:47:27.436,0.85086,0.85109,1.10,4.20
2013.12.16 05:47:27.537,0.85086,0.85105,1.00,1.15
2013.12.16 05:47:44.584,0.85086,0.85105,1.00,1.15
2013.12.16 05:47:58.355,0.85086,0.85105,1.00,1.15
2013.12.16 05:47:58.459,0.85086,0.85102,1.00,1.18
2013.12.16 05:47:59.007,0.85086,0.85098,1.00,1.00
2013.12.16 05:48:00.468,0.85086,0.85098,1.00,1.15
2013.12.16 05:48:00.519,0.85081,0.85095,1.00,1.20
2013.12.16 05:48:00.569,0.85081,0.85095,1.00,1.15
2013.12.16 05:48:00.620,0.85076,0.85092,1.00,1.08
2013.12.16 05:48:00.787,0.85076,0.85091,1.00,1.15
2013.12.16 05:48:01.327,0.85076,0.85092,1.00,1.15
2013.12.16 05:48:05.789,0.85072,0.85091,1.00,2.33
2013.12.16 05:48:06.293,0.85072,0.85088,1.00,1.15
2013.12.16 05:48:07.545,0.85072,0.85088,1.00,1.08
2013.12.16 05:48:17.813,0.85072,0.85088,1.00,1.08
2013.12.16 05:48:21.431,0.85072,0.85085,1.00,1.15
2013.12.16 05:48:21.632,0.85067,0.85085,1.00,1.15
2013.12.16 05:48:21.834,0.85067,0.85083,1.00,1.18
2013.12.16 05:48:22.619,0.85062,0.85083,1.50,1.65
2013.12.16 05:48:22.924,0.85062,0.85082,1.00,1.15
2013.12.16 05:48:25.606,0.85057,0.85078,1.65,1.00
2013.12.16 05:48:25.657,0.85057,0.85078,1.58,1.45
2013.12.16 05:48:25.960,0.85057,0.85075,1.00,1.53
2013.12.16 05:48:26.395,0.85057,0.85075,1.00,1.53
2013.12.16 05:48:29.590,0.85061,0.85075,1.00,1.53
2013.12.16 05:48:29.691,0.85061,0.85077,1.00,1.53
2013.12.16 05:48:29.756,0.85061,0.85077,1.00,1.53
2013.12.16 05:48:30.311,0.85061,0.85076,1.00,1.38
2013.12.16 05:48:30.574,0.85057,0.85076,1.00,1.38
2013.12.16 05:48:30.776,0.85057,0.85077,1.00,1.53
2013.12.16 05:48:31.304,0.85062,0.85077,1.00,1.53
2013.12.16 05:48:31.405,0.85062,0.85077,1.00,1.53
2013.12.16 05:48:32.615,0.85062,0.85077,1.00,1.48
2013.12.16 05:48:33.733,0.85062,0.85076,1.00,1.38
2013.12.16 05:48:33.834,0.85062,0.85076,1.00,1.38
2013.12.16 05:48:34.342,0.85062,0.85077,1.00,1.38
2013.12.16 05:48:36.024,0.85062,0.85077,1.00,1.55
2013.12.16 05:48:37.016,0.85062,0.85077,1.00,1.55
2013.12.16 05:48:37.453,0.85062,0.85077,1.00,1.55
2013.12.16 05:48:38.901,0.85057,0.85077,1.18,1.55
2013.12.16 05:48:39.419,0.85057,0.85074,1.00,1.48
2013.12.16 05:48:39.764,0.85057,0.85074,1.00,1.48
2013.12.16 05:48:44.651,0.85065,0.85074,1.00,1.55
2013.12.16 05:48:44.867,0.85061,0.85074,1.00,1.38
2013.12.16 05:48:44.968,0.85061,0.85079,1.00,1.18
2013.12.16 05:48:45.073,0.85061,0.8508,1.08,1.10
2013.12.16 05:48:45.939,0.85072,0.85083,1.00,1.15
2013.12.16 05:48:46.040,0.85072,0.85083,1.00,1.08
2013.12.16 05:48:46.141,0.85072,0.85087,1.00,1.48
2013.12.16 05:48:46.192,0.85072,0.85087,1.00,1.53
2013.12.16 05:48:46.293,0.85062,0.85083,1.18,1.15
2013.12.16 05:48:48.776,0.85059,0.85083,3.08,1.08
2013.12.16 05:48:49.442,0.8506,0.85083,1.15,1.00
2013.12.16 05:48:49.542,0.85062,0.85083,3.08,1.00
2013.12.16 05:48:52.123,0.85072,0.85083,1.00,1.00
2013.12.16 05:48:52.332,0.85072,0.85087,1.00,1.18
2013.12.16 05:48:54.074,0.85067,0.85087,1.10,1.18
2013.12.16 05:48:54.320,0.85071,0.85085,1.00,1.10
2013.12.16 05:48:56.273,0.85077,0.85086,1.00,1.45
2013.12.16 05:48:57.595,0.85071,0.85086,1.00,1.08
2013.12.16 05:49:01.774,0.85067,0.85086,1.10,1.08
2013.12.16 05:49:02.146,0.85071,0.85086,1.00,1.08
2013.12.16 05:49:02.248,0.85066,0.85086,1.08,1.08
2013.12.16 05:49:02.444,0.85072,0.85086,1.00,1.08
2013.12.16 05:49:02.802,0.85067,0.85086,1.10,1.08
2013.12.16 05:49:02.875,0.85071,0.85086,1.00,1.08
2013.12.16 05:49:05.843,0.85066,0.85086,1.08,1.08
2013.12.16 05:49:07.204,0.85072,0.85086,1.00,1.08
2013.12.16 05:49:07.493,0.85066,0.85086,1.08,1.08
2013.12.16 05:49:08.151,0.85066,0.85086,1.08,1.45
2013.12.16 05:49:10.301,0.85066,0.85086,1.00,1.45
2013.12.16 05:49:14.532,0.85063,0.85086,1.15,1.55
2013.12.16 05:49:15.193,0.85066,0.85086,1.00,1.55
2013.12.16 05:49:15.853,0.85062,0.85086,1.15,1.55
2013.12.16 05:49:15.911,0.85067,0.85086,1.00,1.55
2013.12.16 05:49:16.249,0.85067,0.85086,1.00,1.53
2013.12.16 05:49:16.299,0.85062,0.85086,1.18,1.53
2013.12.16 05:49:18.640,0.85067,0.85086,1.00,1.53
2013.12.16 05:49:19.869,0.85067,0.85086,1.00,1.53
2013.12.16 05:49:19.919,0.85072,0.85086,1.00,1.53
2013.12.16 05:49:36.129,0.85072,0.85086,1.00,1.13
2013.12.16 05:49:36.465,0.85076,0.8509,1.00,1.45
2013.12.16 05:49:36.516,0.85076,0.8509,1.00,1.00
2013.12.16 05:49:45.454,0.85076,0.85093,1.00,1.55
2013.12.16 05:49:45.757,0.85076,0.85096,1.10,2.03
2013.12.16 05:49:45.858,0.85081,0.85096,1.00,1.55
2013.12.16 05:49:47.053,0.85081,0.85099,1.00,4.95
2013.12.16 05:49:47.603,0.85081,0.85096,1.00,1.55
2013.12.16 05:49:53.923,0.85081,0.85096,1.00,1.10
2013.12.16 05:50:00.031,0.85081,0.85096,1.00,1.38
2013.12.16 05:50:08.214,0.85081,0.85096,1.00,1.10
2013.12.16 05:50:09.316,0.85081,0.85096,1.00,1.53
2013.12.16 05:50:10.698,0.85081,0.85096,1.00,1.53
2013.12.16 05:50:25.272,0.85081,0.85096,1.00,1.53
2013.12.16 05:50:28.242,0.85081,0.85096,1.00,1.53
2013.12.16 05:50:30.223,0.85081,0.85096,1.00,3.45
2013.12.16 05:50:30.384,0.85077,0.85096,1.00,3.45
2013.12.16 05:50:30.636,0.85077,0.85093,1.00,3.45
2013.12.16 05:50:30.943,0.85077,0.85092,1.00,1.53
2013.12.16 05:50:33.400,0.85077,0.8509,1.00,3.45
2013.12.16 05:50:35.774,0.85077,0.8509,1.00,1.53
2013.12.16 05:50:36.002,0.85077,0.8509,1.00,1.53
2013.12.16 05:50:36.103,0.85071,0.85089,1.00,1.53
2013.12.16 05:50:36.793,0.85071,0.85089,1.00,3.45
2013.12.16 05:50:38.979,0.85071,0.85089,1.00,3.45
2013.12.16 05:50:40.073,0.85071,0.85089,1.00,3.45
2013.12.16 05:50:41.506,0.85071,0.85084,1.00,1.48
2013.12.16 05:50:41.607,0.85067,0.85084,1.00,1.38
2013.12.16 05:50:42.083,0.85067,0.85083,1.00,2.70
2013.12.16 05:50:48.711,0.85067,0.85082,1.00,1.15
2013.12.16 05:50:50.131,0.85067,0.85082,1.00,1.13
2013.12.16 05:50:50.291,0.85071,0.85082,1.00,1.00
2013.12.16 05:50:50.794,0.85071,0.85084,1.00,1.15
2013.12.16 05:50:52.070,0.85071,0.85084,1.00,1.00
2013.12.16 05:51:12.236,0.85071,0.85084,1.00,1.15
2013.12.16 05:51:12.337,0.85067,0.85084,1.00,1.28
2013.12.16 05:51:29.135,0.85062,0.85083,1.10,4.20
2013.12.16 05:51:41.656,0.85062,0.85081,1.00,1.53
2013.12.16 05:51:49.140,0.85066,0.85081,1.00,1.53
2013.12.16 05:51:54.324,0.85066,0.85081,1.00,1.28
2013.12.16 05:51:59.121,0.85066,0.85084,1.00,1.55
2013.12.16 05:52:00.143,0.85066,0.85084,1.00,2.40
2013.12.16 05:52:00.835,0.85066,0.85084,1.00,4.58
2013.12.16 05:52:14.549,0.85066,0.85081,1.00,1.28
2013.12.16 05:52:14.905,0.85061,0.85078,1.00,1.28
2013.12.16 05:52:15.191,0.85061,0.85078,1.00,1.10
2013.12.16 05:52:19.402,0.85061,0.85078,1.00,1.28
2013.12.16 05:52:22.964,0.85061,0.85078,1.00,1.20
2013.12.16 05:52:29.624,0.85071,0.85078,1.00,1.20
2013.12.16 05:52:29.775,0.85072,0.85083,1.00,1.28
2013.12.16 05:52:30.282,0.85067,0.85083,1.00,2.03
2013.12.16 05:52:30.332,0.85067,0.85083,1.00,2.03
2013.12.16 05:52:30.728,0.85071,0.85083,1.00,1.28
2013.12.16 05:52:32.959,0.85067,0.85083,1.00,1.18
2013.12.16 05:52:33.010,0.85067,0.85083,1.00,1.10
2013.12.16 05:52:33.060,0.85067,0.85083,1.00,1.08
2013.12.16 05:52:33.360,0.85066,0.85083,1.00,1.10
2013.12.16 05:52:33.793,0.85066,0.85082,1.00,1.58
2013.12.16 05:52:35.011,0.85061,0.85082,1.00,1.65
2013.12.16 05:52:35.162,0.85066,0.85082,1.00,1.65
2013.12.16 05:52:35.263,0.85061,0.85082,1.00,1.65
2013.12.16 05:52:35.465,0.85061,0.85079,1.00,3.08
2013.12.16 05:52:35.565,0.85058,0.85079,1.00,3.08
2013.12.16 05:52:36.687,0.85057,0.85078,1.00,1.15
2013.12.16 05:52:37.513,0.85057,0.85075,1.00,3.08
2013.12.16 05:52:42.000,0.85057,0.85077,1.00,2.33
2013.12.16 05:52:42.051,0.85057,0.85079,1.00,6.00
2013.12.16 05:52:42.380,0.85061,0.85074,1.00,1.20
2013.12.16 05:52:52.421,0.85062,0.85078,1.00,1.15
2013.12.16 05:52:52.800,0.85062,0.85076,1.00,1.15
2013.12.16 05:52:55.141,0.85056,0.85076,1.00,1.15
2013.12.16 05:53:04.602,0.85052,0.85074,1.20,1.15
2013.12.16 05:53:04.820,0.85056,0.85074,1.00,1.15
2013.12.16 05:53:13.441,0.85056,0.85074,1.00,1.15
2013.12.16 05:53:15.095,0.85056,0.85074,1.00,1.15
2013.12.16 05:53:15.759,0.85056,0.85074,1.00,3.08
2013.12.16 05:53:19.531,0.85056,0.85074,1.00,1.15
2013.12.16 05:53:20.961,0.85056,0.85074,1.00,1.18
2013.12.16 05:53:21.667,0.85056,0.85077,1.00,1.15
2013.12.16 05:53:22.007,0.85056,0.85077,1.08,1.15
2013.12.16 05:53:22.354,0.85061,0.85077,1.00,1.18
2013.12.16 05:53:22.606,0.85056,0.85078,1.08,2.33
2013.12.16 05:53:23.142,0.85056,0.85078,1.00,3.08
2013.12.16 05:53:23.243,0.85056,0.8508,1.08,3.08
2013.12.16 05:53:23.344,0.85062,0.8508,1.00,3.08
2013.12.16 05:53:23.693,0.85067,0.8508,1.00,2.33
2013.12.16 05:53:23.744,0.85067,0.85081,1.00,1.15
2013.12.16 05:53:23.845,0.85067,0.85084,1.00,1.15
2013.12.16 05:53:23.896,0.85061,0.85084,1.28,1.15
2013.12.16 05:53:24.097,0.85067,0.85084,1.00,1.15
2013.12.16 05:53:24.313,0.85062,0.85084,1.10,1.15
2013.12.16 05:53:24.880,0.85066,0.85084,1.00,1.15
2013.12.16 05:53:27.569,0.85066,0.85084,1.00,1.20
2013.12.16 05:53:28.122,0.85066,0.85088,1.15,1.18
2013.12.16 05:53:28.475,0.85068,0.85092,1.15,1.18
2013.12.16 05:53:28.778,0.85069,0.85093,3.08,1.08
2013.12.16 05:53:29.089,0.85072,0.85095,1.10,2.33
2013.12.16 05:53:33.290,0.85072,0.85096,1.08,1.65
2013.12.16 05:53:33.492,0.85072,0.85095,1.65,1.08
2013.12.16 05:53:33.593,0.85072,0.85096,1.15,1.20
2013.12.16 05:53:34.849,0.85077,0.85096,1.00,1.20
2013.12.16 05:53:36.307,0.85079,0.85101,1.00,5.25
2013.12.16 05:53:36.458,0.85077,0.85101,1.00,6.00
2013.12.16 05:53:40.326,0.85077,0.85095,1.00,1.00
2013.12.16 05:53:40.478,0.85075,0.85098,1.00,1.15
2013.12.16 05:53:40.579,0.85076,0.85098,1.18,1.18
2013.12.16 05:53:40.902,0.85081,0.85101,1.00,2.33
2013.12.16 05:53:40.953,0.85077,0.851,1.08,1.15
2013.12.16 05:53:41.305,0.85084,0.85101,1.00,2.33
2013.12.16 05:53:41.406,0.85077,0.85101,1.58,2.33
2013.12.16 05:53:41.608,0.85074,0.85098,1.15,1.15
2013.12.16 05:53:44.956,0.85074,0.85097,1.18,3.08
2013.12.16 05:53:46.308,0.85074,0.85097,1.10,3.08
2013.12.16 05:53:51.019,0.85076,0.85097,1.00,3.08
2013.12.16 05:53:51.400,0.85083,0.85097,1.00,3.08
2013.12.16 05:53:51.553,0.85083,0.85099,1.00,3.08
2013.12.16 05:53:56.135,0.85076,0.85099,1.58,3.08
2013.12.16 05:53:56.241,0.85076,0.85097,1.50,2.33
2013.12.16 05:53:59.626,0.85071,0.85097,1.65,3.08
2013.12.16 05:54:02.581,0.85071,0.85095,1.58,3.08
2013.12.16 05:54:02.883,0.85066,0.85088,1.00,2.33
2013.12.16 05:54:03.102,0.85067,0.85087,1.00,1.18
2013.12.16 05:54:03.450,0.85067,0.85089,1.00,2.33
2013.12.16 05:54:32.045,0.85067,0.85088,1.00,2.33
2013.12.16 05:54:32.748,0.85078,0.8509,1.00,2.33
2013.12.16 05:54:32.849,0.85072,0.85094,1.00,3.08
2013.12.16 05:54:32.965,0.85067,0.85093,1.65,1.15
2013.12.16 05:54:33.066,0.85072,0.85093,1.00,1.15
2013.12.16 05:54:34.449,0.85072,0.85091,1.00,1.15
2013.12.16 05:54:34.978,0.85072,0.85089,1.00,1.15
2013.12.16 05:54:36.699,0.85068,0.85088,1.00,1.15
2013.12.16 05:54:36.749,0.85068,0.85087,1.00,2.33
2013.12.16 05:54:36.852,0.85068,0.85089,1.00,3.08
2013.12.16 05:54:42.150,0.85068,0.85091,1.20,1.15
2013.12.16 05:54:42.556,0.85071,0.85093,1.00,1.15
2013.12.16 05:54:42.859,0.85081,0.851,1.00,2.33
2013.12.16 05:54:45.081,0.85082,0.851,1.00,2.33
2013.12.16 05:54:45.267,0.85082,0.85101,1.00,1.15
2013.12.16 05:54:47.257,0.85082,0.85101,1.00,2.33
2013.12.16 05:54:47.308,0.8508,0.85101,1.00,2.33
2013.12.16 05:54:47.410,0.85077,0.85099,1.00,1.15
2013.12.16 05:54:47.636,0.85082,0.851,1.00,1.15
2013.12.16 05:54:49.328,0.85082,0.851,1.00,1.15
2013.12.16 05:54:49.429,0.85082,0.85101,1.00,1.15
2013.12.16 05:54:49.480,0.85087,0.85101,1.00,1.15
2013.12.16 05:54:50.607,0.85082,0.85101,1.00,1.15
2013.12.16 05:54:54.350,0.85086,0.85101,1.00,1.15
2013.12.16 05:55:11.461,0.85088,0.85106,1.00,2.33
2013.12.16 05:55:11.512,0.85088,0.85108,1.00,4.50
2013.12.16 05:55:11.613,0.85091,0.85108,1.00,1.15
2013.12.16 05:55:13.128,0.85086,0.85108,1.00,1.15
2013.12.16 05:55:19.783,0.85086,0.85108,1.00,1.15
2013.12.16 05:55:34.558,0.85091,0.85108,1.00,1.15
2013.12.16 05:55:37.014,0.85091,0.85108,1.00,1.08
2013.12.16 05:55:42.758,0.85091,0.85108,1.00,1.10
2013.12.16 05:55:44.865,0.85091,0.85112,1.00,2.33
2013.12.16 05:55:49.978,0.85091,0.85113,1.00,1.15
2013.12.16 05:56:01.064,0.85097,0.85113,1.00,1.15
2013.12.16 05:56:01.739,0.85097,0.85113,1.00,1.15
2013.12.16 05:56:01.829,0.85092,0.85113,1.00,1.15
2013.12.16 05:56:02.073,0.85096,0.85113,1.00,1.15
2013.12.16 05:56:02.378,0.85091,0.85113,1.20,1.15
2013.12.16 05:56:14.721,0.85087,0.85113,1.65,3.83
2013.12.16 05:56:15.233,0.85091,0.85113,1.00,3.83
2013.12.16 05:56:22.286,0.85097,0.85113,1.00,3.83
2013.12.16 05:56:22.337,0.85097,0.85113,1.00,1.65
2013.12.16 05:56:22.838,0.85092,0.85113,1.10,1.15
2013.12.16 05:56:26.137,0.85097,0.85113,1.00,1.15
2013.12.16 05:56:33.528,0.85097,0.85113,1.00,1.08
2013.12.16 05:56:53.857,0.85092,0.85117,1.18,2.33
2013.12.16 05:56:54.009,0.85092,0.85115,1.00,3.08
2013.12.16 05:56:56.609,0.85096,0.85115,1.00,3.08
2013.12.16 05:56:56.828,0.85092,0.85116,1.08,3.08
2013.12.16 05:56:57.437,0.85092,0.85115,1.08,2.33
2013.12.16 05:56:58.013,0.85092,0.85115,1.00,5.25
2013.12.16 05:57:04.307,0.85086,0.85115,1.15,5.25
2013.12.16 05:57:11.568,0.85091,0.85115,1.00,5.25
2013.12.16 05:57:12.039,0.85097,0.85115,1.00,3.08
2013.12.16 05:57:12.192,0.85097,0.85115,1.00,1.15
2013.12.16 05:57:18.545,0.85097,0.8512,1.10,3.08
2013.12.16 05:57:18.646,0.85102,0.85116,1.00,1.08
2013.12.16 05:57:18.863,0.85096,0.85116,1.15,1.00
2013.12.16 05:57:21.851,0.85096,0.85116,1.15,1.08
2013.12.16 05:57:22.215,0.85096,0.85116,1.00,1.08
2013.12.16 05:57:24.928,0.85092,0.85116,1.15,1.15
2013.12.16 05:57:25.505,0.85091,0.85112,1.15,1.00
2013.12.16 05:57:29.745,0.85096,0.85112,1.00,1.00
2013.12.16 05:57:31.287,0.85092,0.85112,1.15,1.00
2013.12.16 05:57:32.057,0.85097,0.85112,1.00,1.00
2013.12.16 05:57:40.088,0.85091,0.85112,1.15,1.00
2013.12.16 05:57:40.240,0.85091,0.85112,1.18,1.08
2013.12.16 05:57:40.291,0.85091,0.85112,1.10,1.15
2013.12.16 05:57:40.905,0.85091,0.85112,1.00,3.08
2013.12.16 05:57:41.157,0.85091,0.85112,1.00,1.15
2013.12.16 05:57:41.681,0.85091,0.85112,1.00,1.15
2013.12.16 05:57:41.782,0.85088,0.85112,1.20,1.15
2013.12.16 05:57:42.412,0.85088,0.85111,1.00,1.15
2013.12.16 05:57:42.727,0.85092,0.85111,1.00,1.15
2013.12.16 05:57:43.067,0.85097,0.85111,1.00,1.15
2013.12.16 05:57:44.156,0.85092,0.85112,1.00,3.83
2013.12.16 05:57:44.663,0.85092,0.85108,1.00,1.15
2013.12.16 05:57:45.057,0.85092,0.85108,1.00,1.15
2013.12.16 05:57:45.258,0.85087,0.85106,1.00,2.33
2013.12.16 05:57:45.611,0.85092,0.85105,1.00,1.15
2013.12.16 05:57:45.776,0.85092,0.85105,1.00,1.18
2013.12.16 05:57:45.926,0.85087,0.85105,1.00,1.18
2013.12.16 05:57:46.026,0.85092,0.85105,1.00,1.18
2013.12.16 05:57:46.344,0.85092,0.85105,1.00,1.15
2013.12.16 05:57:46.394,0.85087,0.85105,1.00,1.15
2013.12.16 05:57:46.598,0.85087,0.85105,1.00,1.15
2013.12.16 05:57:46.732,0.85092,0.85105,1.00,1.15
2013.12.16 05:57:47.034,0.85097,0.85113,1.00,3.83
2013.12.16 05:57:47.347,0.85091,0.8511,1.00,1.18
2013.12.16 05:57:47.738,0.85086,0.8511,1.65,1.15
2013.12.16 05:57:47.789,0.85086,0.85109,1.58,1.15
2013.12.16 05:57:48.091,0.85086,0.85106,1.00,1.15
2013.12.16 05:57:48.142,0.85082,0.85106,1.65,1.15
2013.12.16 05:57:48.421,0.85082,0.85105,1.58,3.08
2013.12.16 05:57:49.119,0.85082,0.85103,1.00,1.15
2013.12.16 05:57:50.626,0.85082,0.85103,1.08,1.15
2013.12.16 05:57:50.968,0.85087,0.85107,1.00,3.83
2013.12.16 05:57:51.069,0.85087,0.85107,1.00,1.15
2013.12.16 05:57:52.860,0.85086,0.85107,1.10,1.15
2013.12.16 05:57:59.551,0.85086,0.85101,1.10,1.00
2013.12.16 05:57:59.702,0.85081,0.85101,1.15,1.50
2013.12.16 05:57:59.753,0.85081,0.85101,1.08,1.58
2013.12.16 05:58:00.142,0.85081,0.85098,1.00,1.15
2013.12.16 05:58:00.986,0.85077,0.85098,1.00,1.15
2013.12.16 05:58:01.087,0.85077,0.85098,1.00,3.08
2013.12.16 05:58:01.604,0.85077,0.85094,1.00,1.15
2013.12.16 05:58:01.757,0.85072,0.85093,1.00,1.15
2013.12.16 05:58:01.908,0.85072,0.85091,1.00,1.15
2013.12.16 05:58:02.098,0.8507,0.85091,1.00,3.08
2013.12.16 05:58:02.667,0.85071,0.85091,1.00,3.08
2013.12.16 05:58:03.171,0.8507,0.8509,1.00,1.15
2013.12.16 05:58:03.272,0.8507,0.85089,1.00,2.33
2013.12.16 05:58:03.938,0.85067,0.85089,1.00,2.33
2013.12.16 05:58:04.287,0.85072,0.85089,1.00,2.33
2013.12.16 05:58:04.501,0.85072,0.8509,1.00,1.65
2013.12.16 05:58:05.497,0.85072,0.8509,1.00,1.15
2013.12.16 05:58:05.814,0.85072,0.85089,1.00,3.08
2013.12.16 05:58:06.019,0.85071,0.8509,1.00,1.15
2013.12.16 05:58:06.667,0.85071,0.8509,1.00,1.18
2013.12.16 05:58:07.231,0.85071,0.8509,1.00,1.15
2013.12.16 05:58:11.197,0.85072,0.85093,1.00,2.33
2013.12.16 05:58:11.349,0.85067,0.85093,1.28,3.08
2013.12.16 05:58:11.657,0.85072,0.85093,1.00,3.08
2013.12.16 05:58:12.093,0.85067,0.85093,1.65,3.83
2013.12.16 05:58:12.348,0.85072,0.85093,1.00,3.08
2013.12.16 05:58:16.377,0.85067,0.85093,1.65,3.83
2013.12.16 05:58:18.468,0.85067,0.85088,1.58,3.75
2013.12.16 05:58:18.996,0.85063,0.85084,1.55,1.08
2013.12.16 05:58:19.695,0.85063,0.85084,1.55,1.08
2013.12.16 05:58:24.333,0.85063,0.85084,1.48,1.15
2013.12.16 05:58:24.484,0.85061,0.85082,1.10,1.15
2013.12.16 05:58:24.992,0.85058,0.85078,1.15,1.00
2013.12.16 05:58:26.718,0.85062,0.85082,1.00,1.28
2013.12.16 05:58:30.588,0.85066,0.85082,1.00,1.15
2013.12.16 05:58:30.688,0.85066,0.85086,1.00,1.28
2013.12.16 05:58:30.890,0.85063,0.85083,3.45,1.00
2013.12.16 05:58:30.941,0.85066,0.85086,1.28,1.10
2013.12.16 05:58:31.153,0.85063,0.85083,2.70,1.10
2013.12.16 05:58:31.204,0.85062,0.85083,1.15,1.20
2013.12.16 05:58:31.305,0.85062,0.85083,1.08,1.18
2013.12.16 05:58:31.615,0.85062,0.85084,1.00,3.83
2013.12.16 05:58:32.633,0.85062,0.85084,1.08,1.15
2013.12.16 05:58:33.316,0.85066,0.85086,1.00,3.83
2013.12.16 05:58:33.527,0.85066,0.85083,1.00,1.10
2013.12.16 05:58:33.764,0.85066,0.85083,1.00,1.15
2013.12.16 05:58:38.654,0.85066,0.85083,1.00,1.08
2013.12.16 05:58:39.316,0.85066,0.85083,1.00,1.00
2013.12.16 05:58:40.856,0.85066,0.85083,1.00,1.15
2013.12.16 05:58:41.057,0.85061,0.85083,1.18,1.15
2013.12.16 05:58:41.158,0.85066,0.85083,1.00,1.15
2013.12.16 05:58:41.586,0.85061,0.85083,1.18,1.15
2013.12.16 05:58:41.850,0.85066,0.85083,1.00,1.00
2013.12.16 05:58:41.951,0.85062,0.85083,1.15,1.08
2013.12.16 05:58:43.137,0.85067,0.85084,1.00,1.15
2013.12.16 05:58:43.235,0.85062,0.85084,1.08,1.15
2013.12.16 05:58:43.907,0.85067,0.85084,1.00,1.15
2013.12.16 05:58:44.226,0.85061,0.85084,1.18,1.15
2013.12.16 05:58:44.336,0.85067,0.85084,1.00,1.15
2013.12.16 05:58:47.395,0.85067,0.85084,1.00,3.08
2013.12.16 05:58:47.446,0.85062,0.85083,1.00,1.15
2013.12.16 05:58:47.547,0.85062,0.85083,1.10,1.18
2013.12.16 05:58:47.745,0.85066,0.85084,1.00,1.15
2013.12.16 05:58:48.265,0.85066,0.85084,1.00,1.18
2013.12.16 05:58:58.625,0.85066,0.85084,1.00,1.18
2013.12.16 05:58:58.676,0.85062,0.85083,1.18,1.08
2013.12.16 05:59:00.891,0.85062,0.85083,1.10,1.18
2013.12.16 05:59:05.464,0.85062,0.85083,1.10,1.15
2013.12.16 05:59:05.775,0.85062,0.85077,1.00,1.00
2013.12.16 05:59:05.878,0.85062,0.8508,1.00,1.18
2013.12.16 05:59:05.929,0.85067,0.8508,1.00,1.18
2013.12.16 05:59:06.335,0.85057,0.8508,1.53,1.18
2013.12.16 05:59:06.487,0.85057,0.8508,1.15,1.18
2013.12.16 05:59:06.638,0.85057,0.85077,1.08,1.08
2013.12.16 05:59:06.895,0.85067,0.85079,1.00,1.15
2013.12.16 05:59:06.946,0.85067,0.85079,1.00,1.18
2013.12.16 05:59:07.684,0.85067,0.85079,1.00,1.20
2013.12.16 05:59:10.076,0.85062,0.85079,1.00,1.20
2013.12.16 05:59:12.745,0.85062,0.85083,1.00,1.65
2013.12.16 05:59:12.846,0.85067,0.85083,1.00,1.15
2013.12.16 05:59:13.366,0.85067,0.85083,1.00,1.18
2013.12.16 05:59:19.451,0.85067,0.85083,1.00,1.10
2013.12.16 05:59:20.407,0.85067,0.85086,1.00,1.15
2013.12.16 05:59:23.755,0.85062,0.85083,1.65,1.00
2013.12.16 05:59:24.764,0.85067,0.85086,1.00,1.15
2013.12.16 05:59:30.095,0.85062,0.85083,1.65,1.00
2013.12.16 05:59:30.812,0.85066,0.85086,1.10,1.15
2013.12.16 05:59:31.136,0.85062,0.85074,1.15,1.00
2013.12.16 05:59:31.236,0.85061,0.85079,1.20,1.38
2013.12.16 05:59:31.388,0.85061,0.85079,1.00,1.55
2013.12.16 05:59:32.295,0.85057,0.85073,1.18,1.38
2013.12.16 05:59:32.345,0.85057,0.85073,1.18,1.38
2013.12.16 05:59:32.703,0.85057,0.85073,1.18,1.38
2013.12.16 05:59:33.394,0.85052,0.85073,1.28,1.88
2013.12.16 05:59:33.452,0.85052,0.85073,1.28,1.88
2013.12.16 05:59:33.502,0.85052,0.85073,1.28,1.88
2013.12.16 05:59:33.834,0.85056,0.85073,1.18,1.38
2013.12.16 05:59:33.885,0.85056,0.85073,1.18,1.38
2013.12.16 05:59:33.936,0.85056,0.85074,1.15,1.38
2013.12.16 05:59:34.269,0.85057,0.85077,1.15,1.38
2013.12.16 05:59:34.421,0.85057,0.85077,1.10,1.55
2013.12.16 05:59:34.977,0.85057,0.85077,1.10,1.55
2013.12.16 05:59:35.645,0.85057,0.85077,1.10,1.55
2013.12.16 05:59:36.147,0.85052,0.85068,1.15,1.00
2013.12.16 05:59:36.198,0.85052,0.85068,1.15,1.38
2013.12.16 05:59:36.400,0.85046,0.85064,1.00,1.58
2013.12.16 05:59:36.974,0.85046,0.8506,1.00,1.38
2013.12.16 05:59:37.549,0.85046,0.8506,1.00,1.38
2013.12.16 05:59:38.175,0.85046,0.8506,1.00,1.38
2013.12.16 05:59:38.277,0.85042,0.85058,1.00,1.38
2013.12.16 05:59:38.429,0.85042,0.85056,1.00,1.48
2013.12.16 05:59:38.681,0.85036,0.85052,1.00,1.53
2013.12.16 05:59:38.832,0.85031,0.85052,1.20,1.53
2013.12.16 05:59:39.355,0.85037,0.85052,1.00,1.53
2013.12.16 05:59:40.106,0.85036,0.85052,1.00,1.53
2013.12.16 05:59:40.410,0.85036,0.85048,1.00,1.53
2013.12.16 05:59:40.460,0.85031,0.85048,1.00,1.53
2013.12.16 05:59:41.145,0.85031,0.85047,1.00,1.53
2013.12.16 05:59:41.598,0.85032,0.85051,1.00,2.03
2013.12.16 05:59:41.886,0.85036,0.8505,1.00,2.70
2013.12.16 05:59:41.988,0.85032,0.85048,1.00,1.55
2013.12.16 05:59:43.325,0.85032,0.85048,1.00,1.55
2013.12.16 05:59:44.624,0.85031,0.85051,1.00,2.78
2013.12.16 05:59:46.516,0.85031,0.85051,1.00,2.03
2013.12.16 05:59:46.739,0.85037,0.85051,1.00,4.20
2013.12.16 05:59:47.284,0.85037,0.85051,1.00,1.53
2013.12.16 05:59:47.949,0.85037,0.85054,1.00,2.03
2013.12.16 05:59:48.604,0.85037,0.85054,1.00,2.03
2013.12.16 05:59:48.816,0.85031,0.85054,1.18,2.78
2013.12.16 05:59:52.273,0.85031,0.8505,1.00,1.55
2013.12.16 05:59:52.609,0.85032,0.85048,1.00,2.03
2013.12.16 05:59:52.710,0.85026,0.85044,1.00,1.45
2013.12.16 05:59:53.224,0.85026,0.85044,1.00,1.45
2013.12.16 05:59:53.929,0.85026,0.85044,1.00,1.53
2013.12.16 05:59:54.677,0.85026,0.85044,1.00,1.53
2013.12.16 05:59:55.095,0.85026,0.85044,1.00,1.53
2013.12.16 05:59:55.864,0.85026,0.85044,1.00,1.53
2013.12.16 05:59:56.526,0.85026,0.85044,1.00,1.53
2013.12.16 05:59:56.635,0.85026,0.85044,1.00,1.53
2013.12.16 05:59:57.095,0.85026,0.85044,1.00,1.55
2013.12.16 05:59:57.384,0.85026,0.85044,1.00,1.55
2013.12.16 05:59:58.264,0.85026,0.85044,1.00,1.55
2013.12.16 05:59:58.514,0.85026,0.85044,1.00,1.55
2013.12.16 05:59:59.034,0.85026,0.85044,1.00,1.55
2013.12.16 05:59:59.584,0.85026,0.85044,1.00,1.55
2013.12.16 05:59:59.896,0.85031,0.85048,1.00,2.70
2013.12.16 05:59:59.947,0.85031,0.85049,1.00,4.20
