2018.05.09 12:00:00.311,0.76635,0.76643,1.00,1.00
2018.05.09 12:00:00.619,0.76636,0.76641,1.00,1.00
2018.05.09 12:00:01.093,0.76633,0.7664,1.00,1.00
2018.05.09 12:00:01.648,0.76632,0.7664,1.00,1.00
2018.05.09 12:00:02.124,0.76632,0.76642,1.50,2.25
2018.05.09 12:00:02.226,0.76632,0.7664,1.00,1.00
2018.05.09 12:00:02.430,0.76632,0.76642,1.00,2.25
2018.05.09 12:00:02.697,0.76632,0.7664,1.00,1.00
2018.05.09 12:00:03.228,0.76632,0.76641,1.00,1.00
2018.05.09 12:00:03.780,0.76632,0.76642,1.50,2.25
2018.05.09 12:00:04.085,0.76632,0.7664,1.00,1.50
2018.05.09 12:00:04.410,0.7663,0.76639,1.50,1.00
2018.05.09 12:00:04.939,0.7663,0.76638,1.50,1.00
2018.05.09 12:00:05.841,0.7663,0.76639,1.00,1.00
2018.05.09 12:00:06.391,0.7663,0.76638,1.00,1.00
2018.05.09 12:00:06.940,0.76629,0.76638,1.00,1.00
2018.05.09 12:00:07.196,0.76628,0.76636,1.50,1.00
2018.05.09 12:00:07.709,0.76628,0.76637,1.00,1.00
2018.05.09 12:00:09.138,0.76627,0.76634,1.00,1.00
2018.05.09 12:00:09.411,0.76625,0.76635,1.50,1.00
2018.05.09 12:00:09.614,0.76628,0.76634,1.00,1.00
2018.05.09 12:00:09.715,0.76624,0.76634,1.69,1.00
2018.05.09 12:00:10.242,0.76626,0.76634,2.25,1.00
2018.05.09 12:00:10.698,0.76624,0.76632,1.00,1.00
2018.05.09 12:00:10.859,0.76625,0.76635,1.00,1.50
2018.05.09 12:00:11.101,0.76625,0.76633,1.00,1.00
2018.05.09 12:00:11.741,0.76625,0.76634,1.00,1.00
2018.05.09 12:00:12.399,0.76626,0.76634,1.00,1.00
2018.05.09 12:00:12.953,0.76625,0.76633,1.00,1.00
2018.05.09 12:00:13.362,0.76625,0.76635,1.00,1.50
2018.05.09 12:00:14.901,0.76623,0.76633,1.50,1.00
2018.05.09 12:00:15.205,0.76627,0.76635,1.00,1.50
2018.05.09 12:00:15.746,0.76626,0.76635,1.00,1.50
2018.05.09 12:00:16.066,0.76628,0.76635,1.00,1.00
2018.05.09 12:00:16.315,0.76626,0.76635,1.50,1.00
2018.05.09 12:00:16.688,0.76628,0.76637,1.50,1.00
2018.05.09 12:00:16.891,0.76626,0.76636,1.50,1.50
2018.05.09 12:00:17.532,0.76627,0.76636,1.00,1.00
2018.05.09 12:00:18.466,0.76626,0.76635,1.50,1.00
2018.05.09 12:00:19.169,0.76626,0.76633,1.50,1.00
2018.05.09 12:00:19.675,0.76626,0.76634,1.00,1.00
2018.05.09 12:00:20.258,0.76626,0.76636,1.50,2.25
2018.05.09 12:00:20.361,0.76626,0.76634,1.50,1.00
2018.05.09 12:00:24.148,0.76624,0.76634,1.50,1.00
2018.05.09 12:00:24.250,0.76626,0.76634,1.00,1.00
2018.05.09 12:00:24.560,0.76624,0.76634,1.50,1.00
2018.05.09 12:00:25.092,0.76624,0.76633,1.50,1.00
2018.05.09 12:00:26.307,0.76624,0.76634,1.50,1.00
2018.05.09 12:00:26.459,0.76626,0.76634,1.00,1.00
2018.05.09 12:00:26.718,0.76624,0.76634,1.50,1.00
2018.05.09 12:00:27.218,0.76626,0.76634,1.00,1.00
2018.05.09 12:00:27.788,0.76625,0.76635,1.50,1.00
2018.05.09 12:00:28.293,0.76626,0.76635,1.50,1.00
2018.05.09 12:00:30.056,0.76626,0.76635,1.00,1.00
2018.05.09 12:00:30.642,0.76626,0.76636,1.50,1.50
2018.05.09 12:00:31.149,0.76625,0.76634,1.50,1.00
2018.05.09 12:00:31.201,0.76626,0.76636,1.00,1.50
2018.05.09 12:00:31.377,0.76625,0.76634,1.50,1.00
2018.05.09 12:00:32.557,0.76626,0.76635,1.00,1.00
2018.05.09 12:00:33.384,0.76627,0.76635,1.00,1.00
2018.05.09 12:00:33.966,0.76626,0.76635,1.00,1.00
2018.05.09 12:00:34.513,0.76625,0.76635,1.00,1.00
2018.05.09 12:00:34.838,0.76627,0.76635,1.00,1.00
2018.05.09 12:00:35.208,0.76625,0.76635,1.00,1.00
2018.05.09 12:00:35.360,0.76627,0.76635,1.00,1.00
2018.05.09 12:00:35.665,0.76625,0.76635,1.00,1.00
2018.05.09 12:00:36.025,0.76624,0.76633,2.25,1.00
2018.05.09 12:00:36.922,0.76623,0.76632,1.00,1.00
2018.05.09 12:00:37.443,0.76624,0.76633,1.00,1.00
2018.05.09 12:00:38.457,0.76624,0.76631,1.00,1.00
2018.05.09 12:00:38.895,0.76623,0.76633,1.00,1.50
2018.05.09 12:00:39.400,0.76624,0.76633,1.00,1.00
2018.05.09 12:00:40.084,0.76624,0.76632,1.00,1.00
2018.05.09 12:00:42.187,0.76623,0.76632,1.00,1.00
2018.05.09 12:00:42.459,0.76625,0.76632,1.00,1.00
2018.05.09 12:00:42.814,0.76626,0.76634,1.00,1.00
2018.05.09 12:00:43.000,0.76627,0.76632,1.00,1.00
2018.05.09 12:00:43.209,0.76624,0.7663,1.00,1.00
2018.05.09 12:00:43.463,0.76622,0.7663,1.00,1.00
2018.05.09 12:00:43.992,0.76623,0.7663,1.00,1.00
2018.05.09 12:00:44.791,0.76624,0.7663,1.00,1.00
2018.05.09 12:00:45.318,0.76623,0.7663,1.00,1.00
2018.05.09 12:00:45.626,0.76622,0.76628,1.00,1.00
2018.05.09 12:00:45.733,0.76621,0.7663,1.00,1.50
2018.05.09 12:00:45.784,0.76623,0.7663,1.00,1.50
2018.05.09 12:00:45.886,0.76621,0.7663,1.00,1.50
2018.05.09 12:00:46.088,0.76623,0.7663,1.00,1.00
2018.05.09 12:00:46.392,0.76625,0.76633,1.00,1.00
2018.05.09 12:00:46.526,0.76623,0.76633,3.00,1.50
2018.05.09 12:00:46.779,0.76625,0.7663,1.00,1.00
2018.05.09 12:00:46.982,0.76623,0.76631,1.00,1.50
2018.05.09 12:00:48.415,0.76623,0.7663,1.00,1.00
2018.05.09 12:00:48.570,0.76621,0.76629,1.00,1.00
2018.05.09 12:00:48.672,0.76623,0.76632,1.00,1.50
2018.05.09 12:00:49.214,0.76624,0.76632,1.00,1.50
2018.05.09 12:00:49.722,0.76625,0.76632,1.00,1.50
2018.05.09 12:00:50.229,0.76624,0.76632,1.00,1.50
2018.05.09 12:00:50.708,0.76624,0.7663,1.00,1.00
2018.05.09 12:00:50.861,0.76624,0.76632,1.00,1.50
2018.05.09 12:00:50.911,0.76624,0.7663,1.00,1.00
2018.05.09 12:00:50.963,0.76624,0.76632,1.50,1.00
2018.05.09 12:00:51.014,0.76626,0.76632,1.00,1.00
2018.05.09 12:00:51.315,0.76626,0.76634,1.00,1.50
2018.05.09 12:00:51.417,0.76629,0.76636,1.00,1.00
2018.05.09 12:00:51.926,0.76629,0.76637,1.50,1.00
2018.05.09 12:00:52.449,0.76629,0.76638,1.00,1.50
2018.05.09 12:00:52.755,0.76631,0.76638,1.00,1.50
2018.05.09 12:00:53.379,0.76632,0.76638,1.00,1.00
2018.05.09 12:00:53.953,0.76632,0.76639,1.00,1.00
2018.05.09 12:00:54.766,0.76632,0.76638,1.00,1.00
2018.05.09 12:00:54.963,0.7663,0.76638,1.00,1.00
2018.05.09 12:00:55.166,0.7663,0.76636,1.00,1.00
2018.05.09 12:00:55.705,0.7663,0.76638,1.00,1.00
2018.05.09 12:00:56.214,0.7663,0.76637,1.00,1.00
2018.05.09 12:00:56.432,0.76628,0.76634,1.00,1.00
2018.05.09 12:00:56.484,0.76626,0.76634,1.00,1.00
2018.05.09 12:00:56.802,0.76626,0.76632,1.00,1.00
2018.05.09 12:00:57.152,0.76626,0.76634,1.00,1.00
2018.05.09 12:00:57.703,0.76627,0.76634,1.00,1.00
2018.05.09 12:00:57.754,0.76627,0.76632,1.00,1.00
2018.05.09 12:00:57.805,0.76626,0.76634,1.00,1.50
2018.05.09 12:00:59.054,0.76627,0.76635,1.00,1.50
2018.05.09 12:00:59.368,0.76629,0.76636,1.00,1.00
2018.05.09 12:00:59.876,0.7663,0.76636,1.50,1.00
2018.05.09 12:01:00.400,0.7663,0.76637,1.00,1.50
2018.05.09 12:01:00.912,0.76629,0.76637,1.00,1.00
2018.05.09 12:01:01.421,0.7663,0.76636,1.00,1.00
2018.05.09 12:01:01.473,0.76628,0.76636,1.00,1.00
2018.05.09 12:01:01.635,0.76628,0.76638,1.50,1.00
2018.05.09 12:01:01.787,0.7663,0.76637,1.00,1.00
2018.05.09 12:01:02.296,0.7663,0.76636,1.00,1.00
2018.05.09 12:01:02.798,0.76628,0.76635,1.00,1.00
2018.05.09 12:01:02.900,0.76625,0.76634,1.00,1.00
2018.05.09 12:01:03.414,0.76624,0.76633,1.50,1.00
2018.05.09 12:01:03.466,0.76629,0.76636,1.00,1.50
2018.05.09 12:01:03.568,0.76629,0.76638,1.50,1.50
2018.05.09 12:01:04.074,0.7663,0.76639,1.00,1.00
2018.05.09 12:01:04.296,0.7663,0.76636,1.00,1.00
2018.05.09 12:01:04.470,0.76626,0.76633,1.00,1.00
2018.05.09 12:01:04.572,0.76624,0.76633,1.00,1.00
2018.05.09 12:01:05.403,0.76623,0.76633,2.25,1.00
2018.05.09 12:01:05.845,0.76625,0.76634,1.00,1.00
2018.05.09 12:01:06.371,0.76627,0.76635,1.00,1.50
2018.05.09 12:01:06.474,0.76628,0.76638,2.25,1.50
2018.05.09 12:01:06.769,0.7663,0.76637,1.00,1.00
2018.05.09 12:01:07.276,0.76629,0.76638,1.00,1.00
2018.05.09 12:01:07.953,0.76629,0.76639,2.25,1.50
2018.05.09 12:01:08.405,0.7663,0.76637,1.00,1.00
2018.05.09 12:01:08.942,0.76629,0.76637,1.00,1.00
2018.05.09 12:01:08.993,0.76629,0.76639,1.50,1.00
2018.05.09 12:01:09.082,0.76631,0.76639,1.00,1.00
2018.05.09 12:01:09.395,0.76633,0.76639,1.00,1.00
2018.05.09 12:01:09.722,0.7663,0.76638,1.00,1.50
2018.05.09 12:01:10.178,0.76632,0.76638,1.00,1.00
2018.05.09 12:01:10.564,0.76634,0.7664,1.00,1.00
2018.05.09 12:01:11.305,0.76635,0.7664,1.00,1.00
2018.05.09 12:01:11.970,0.76634,0.7664,1.00,1.00
2018.05.09 12:01:12.736,0.76634,0.76641,1.00,1.00
2018.05.09 12:01:12.788,0.76636,0.76644,1.00,1.50
2018.05.09 12:01:12.839,0.76635,0.76642,1.00,1.00
2018.05.09 12:01:12.995,0.76636,0.76644,1.00,1.50
2018.05.09 12:01:14.188,0.76637,0.76644,1.00,1.00
2018.05.09 12:01:14.697,0.76639,0.76645,1.00,1.00
2018.05.09 12:01:14.749,0.76639,0.76648,1.00,1.50
2018.05.09 12:01:15.060,0.76642,0.76649,1.00,1.00
2018.05.09 12:01:15.570,0.76643,0.76649,1.00,1.00
2018.05.09 12:01:16.000,0.76641,0.76648,1.00,1.00
2018.05.09 12:01:16.051,0.76641,0.76646,1.00,1.00
2018.05.09 12:01:16.102,0.76639,0.76646,1.00,1.00
2018.05.09 12:01:16.963,0.76639,0.76645,1.00,1.00
2018.05.09 12:01:17.279,0.7664,0.76648,1.00,1.50
2018.05.09 12:01:17.860,0.76641,0.76648,1.00,1.00
2018.05.09 12:01:18.063,0.76643,0.76649,1.00,1.00
2018.05.09 12:01:18.575,0.76641,0.76649,1.00,1.00
2018.05.09 12:01:18.677,0.76644,0.76652,1.00,1.00
2018.05.09 12:01:18.863,0.76644,0.76654,1.50,2.25
2018.05.09 12:01:18.967,0.76646,0.76655,1.50,1.00
2018.05.09 12:01:19.473,0.76648,0.76655,1.00,1.00
2018.05.09 12:01:19.731,0.7665,0.76659,1.00,1.00
2018.05.09 12:01:19.834,0.76651,0.76661,1.50,1.50
2018.05.09 12:01:19.916,0.76658,0.76664,1.00,1.67
2018.05.09 12:01:20.447,0.76659,0.76666,1.00,1.67
2018.05.09 12:01:20.599,0.7666,0.76667,1.00,1.50
2018.05.09 12:01:21.071,0.76657,0.76667,1.00,1.00
2018.05.09 12:01:21.576,0.76657,0.76666,1.00,1.00
2018.05.09 12:01:21.988,0.76659,0.76666,1.00,1.00
2018.05.09 12:01:22.386,0.76658,0.76664,1.00,1.00
2018.05.09 12:01:22.743,0.76655,0.76661,1.00,1.00
2018.05.09 12:01:23.050,0.76655,0.76659,1.00,1.00
2018.05.09 12:01:23.573,0.76655,0.76659,1.00,1.00
2018.05.09 12:01:24.052,0.76652,0.76656,1.00,1.00
2018.05.09 12:01:24.407,0.76655,0.7666,1.00,1.00
2018.05.09 12:01:24.611,0.76656,0.76663,1.00,1.50
2018.05.09 12:01:25.121,0.76655,0.76663,1.00,1.50
2018.05.09 12:01:25.448,0.76656,0.76665,1.00,1.50
2018.05.09 12:01:25.959,0.76655,0.76665,1.00,1.00
2018.05.09 12:01:26.477,0.76656,0.76666,1.00,1.42
2018.05.09 12:01:26.629,0.76654,0.76665,1.50,1.00
2018.05.09 12:01:26.794,0.76655,0.76663,1.00,1.00
2018.05.09 12:01:27.050,0.76655,0.76665,1.00,2.17
2018.05.09 12:01:27.570,0.76654,0.76665,1.00,2.17
2018.05.09 12:01:28.088,0.76654,0.76665,1.00,2.17
2018.05.09 12:01:28.258,0.76654,0.76665,1.00,1.50
2018.05.09 12:01:28.598,0.76656,0.76664,1.00,1.00
2018.05.09 12:01:29.375,0.76654,0.76664,2.25,1.00
2018.05.09 12:01:29.885,0.76655,0.76665,1.50,1.00
2018.05.09 12:01:29.987,0.76657,0.76666,1.00,1.00
2018.05.09 12:01:30.504,0.76657,0.76665,1.00,1.00
2018.05.09 12:01:31.086,0.76653,0.76663,1.00,1.50
2018.05.09 12:01:31.137,0.76651,0.76661,2.25,1.00
2018.05.09 12:01:31.442,0.76656,0.7666,1.00,1.00
2018.05.09 12:01:31.493,0.76655,0.7666,1.00,1.00
2018.05.09 12:01:31.818,0.76652,0.76662,1.50,1.50
2018.05.09 12:01:32.324,0.76651,0.76661,2.25,1.00
2018.05.09 12:01:32.477,0.76653,0.76661,1.00,1.00
2018.05.09 12:01:32.579,0.76655,0.76664,1.00,1.00
2018.05.09 12:01:33.154,0.76657,0.76666,1.00,1.00
2018.05.09 12:01:33.308,0.76658,0.76668,1.50,1.50
2018.05.09 12:01:34.123,0.76657,0.76667,1.00,1.00
2018.05.09 12:01:34.630,0.76658,0.76667,1.00,1.00
2018.05.09 12:01:34.994,0.76659,0.76669,1.50,1.00
2018.05.09 12:01:35.503,0.7666,0.76668,1.00,1.00
2018.05.09 12:01:35.909,0.76661,0.76671,1.00,1.00
2018.05.09 12:01:36.981,0.76663,0.76671,1.00,1.00
2018.05.09 12:01:37.338,0.76662,0.76669,1.00,1.00
2018.05.09 12:01:37.611,0.76659,0.76668,1.00,1.50
2018.05.09 12:01:37.663,0.7666,0.7667,1.50,1.50
2018.05.09 12:01:38.068,0.76659,0.76667,1.00,1.00
2018.05.09 12:01:38.363,0.76653,0.76662,1.00,1.00
2018.05.09 12:01:38.414,0.76653,0.7666,1.00,1.00
2018.05.09 12:01:38.516,0.7665,0.76658,1.00,1.00
2018.05.09 12:01:38.617,0.7665,0.7666,1.50,1.50
2018.05.09 12:01:38.786,0.76652,0.76661,1.00,1.00
2018.05.09 12:01:39.295,0.76653,0.76663,1.00,1.50
2018.05.09 12:01:39.549,0.76652,0.76661,1.00,1.00
2018.05.09 12:01:40.083,0.76653,0.76662,1.00,1.00
2018.05.09 12:01:40.507,0.76651,0.76661,1.00,1.50
2018.05.09 12:01:40.968,0.76653,0.76661,1.50,1.00
2018.05.09 12:01:41.355,0.76651,0.7666,1.00,1.00
2018.05.09 12:01:41.883,0.76652,0.76661,1.00,1.50
2018.05.09 12:01:41.985,0.76653,0.76663,1.50,1.00
2018.05.09 12:01:42.087,0.76655,0.76665,1.00,1.50
2018.05.09 12:01:42.530,0.76654,0.76661,1.00,1.00
2018.05.09 12:01:42.683,0.76651,0.7666,1.50,1.50
2018.05.09 12:01:42.734,0.76651,0.76658,1.00,1.00
2018.05.09 12:01:42.835,0.76649,0.76658,1.00,2.25
2018.05.09 12:01:42.886,0.76649,0.76656,1.50,1.00
2018.05.09 12:01:42.988,0.76649,0.76658,1.00,1.50
2018.05.09 12:01:43.559,0.7665,0.76658,1.00,1.00
2018.05.09 12:01:43.977,0.76649,0.76656,1.00,1.00
2018.05.09 12:01:44.494,0.76649,0.76658,1.50,1.00
2018.05.09 12:01:44.643,0.76652,0.76659,1.00,1.50
2018.05.09 12:01:44.796,0.7665,0.76659,1.50,1.00
2018.05.09 12:01:45.204,0.76652,0.76659,1.00,1.00
2018.05.09 12:01:45.725,0.76651,0.76659,1.50,1.00
2018.05.09 12:01:46.120,0.76651,0.76661,2.25,1.50
2018.05.09 12:01:46.475,0.76653,0.76662,1.00,1.00
2018.05.09 12:01:46.923,0.76655,0.76661,1.00,1.00
2018.05.09 12:01:47.031,0.76655,0.76663,1.00,1.00
2018.05.09 12:01:47.133,0.76655,0.76659,1.00,1.00
2018.05.09 12:01:47.185,0.76653,0.76659,1.00,1.00
2018.05.09 12:01:47.338,0.76653,0.76657,1.00,1.00
2018.05.09 12:01:47.392,0.76649,0.76657,1.50,1.00
2018.05.09 12:01:49.025,0.76649,0.76656,1.50,1.00
2018.05.09 12:01:49.179,0.76647,0.76656,2.25,1.00
2018.05.09 12:01:49.719,0.76648,0.76658,1.50,1.50
2018.05.09 12:01:50.027,0.7665,0.76658,1.00,1.00
2018.05.09 12:01:50.349,0.76648,0.76656,1.00,1.00
2018.05.09 12:01:50.654,0.76651,0.76659,1.00,2.25
2018.05.09 12:01:51.390,0.7665,0.76659,2.25,1.50
2018.05.09 12:01:51.700,0.7665,0.76657,2.25,1.00
2018.05.09 12:01:52.375,0.76649,0.76657,1.00,1.50
2018.05.09 12:01:52.649,0.76649,0.76659,1.50,1.50
2018.05.09 12:01:53.350,0.76651,0.7666,1.00,1.00
2018.05.09 12:01:53.702,0.76655,0.76663,2.25,2.25
2018.05.09 12:01:53.965,0.76656,0.76665,1.00,1.00
2018.05.09 12:01:54.197,0.76657,0.76667,1.00,2.25
2018.05.09 12:01:54.555,0.76659,0.76668,1.00,1.00
2018.05.09 12:01:57.315,0.76663,0.76667,1.00,1.00
2018.05.09 12:01:57.367,0.76663,0.76668,3.00,1.00
2018.05.09 12:01:57.419,0.76664,0.76673,1.50,1.00
2018.05.09 12:01:57.520,0.76666,0.76674,1.00,1.00
2018.05.09 12:01:57.730,0.76664,0.76674,2.25,1.00
2018.05.09 12:01:58.089,0.76666,0.76676,1.50,1.00
2018.05.09 12:01:58.438,0.76664,0.76674,1.50,1.00
2018.05.09 12:01:58.746,0.76662,0.76671,1.00,1.50
2018.05.09 12:01:58.870,0.76659,0.76669,1.50,1.50
2018.05.09 12:01:59.075,0.76658,0.76665,1.00,1.00
2018.05.09 12:01:59.475,0.76656,0.76665,1.50,1.00
2018.05.09 12:01:59.526,0.76657,0.76667,1.00,1.87
2018.05.09 12:02:00.360,0.76657,0.76666,1.50,1.00
2018.05.09 12:02:00.614,0.76659,0.76666,1.00,1.00
2018.05.09 12:02:01.024,0.76657,0.76665,1.50,1.00
2018.05.09 12:02:01.359,0.76657,0.76667,1.50,1.50
2018.05.09 12:02:01.512,0.7666,0.76666,1.00,1.00
2018.05.09 12:02:01.563,0.7666,0.76669,1.50,1.50
2018.05.09 12:02:01.715,0.76658,0.76668,1.00,1.00
2018.05.09 12:02:02.777,0.7666,0.76669,1.00,1.50
2018.05.09 12:02:04.504,0.76658,0.76666,1.00,1.00
2018.05.09 12:02:04.757,0.7666,0.76669,1.00,2.25
2018.05.09 12:02:05.344,0.76659,0.76669,2.25,1.00
2018.05.09 12:02:05.446,0.76661,0.76671,1.50,1.50
2018.05.09 12:02:05.857,0.76659,0.76669,1.50,1.00
2018.05.09 12:02:06.395,0.7666,0.7667,1.00,2.25
2018.05.09 12:02:06.721,0.76662,0.76671,1.00,1.00
2018.05.09 12:02:07.028,0.76665,0.76675,1.00,2.25
2018.05.09 12:02:07.592,0.76666,0.76675,1.00,1.00
2018.05.09 12:02:08.119,0.76665,0.76675,1.00,1.00
2018.05.09 12:02:08.646,0.76668,0.76676,1.00,1.00
2018.05.09 12:02:08.698,0.76668,0.76678,1.00,2.25
2018.05.09 12:02:09.938,0.76667,0.76676,1.50,1.00
2018.05.09 12:02:09.990,0.76665,0.76675,1.00,1.50
2018.05.09 12:02:10.144,0.76663,0.76673,1.50,1.00
2018.05.09 12:02:11.379,0.76664,0.76674,1.00,1.50
2018.05.09 12:02:11.713,0.7666,0.76669,1.00,1.00
2018.05.09 12:02:12.293,0.76661,0.7667,1.00,1.00
2018.05.09 12:02:12.955,0.7666,0.7667,1.50,1.50
2018.05.09 12:02:13.474,0.76662,0.76671,1.00,1.50
2018.05.09 12:02:13.929,0.76665,0.7667,1.00,1.50
2018.05.09 12:02:14.394,0.76662,0.76671,1.00,1.00
2018.05.09 12:02:14.546,0.76661,0.76669,1.00,1.00
2018.05.09 12:02:15.070,0.7666,0.76669,1.00,1.00
2018.05.09 12:02:16.863,0.7666,0.76668,1.00,1.50
2018.05.09 12:02:16.914,0.76657,0.76667,4.50,1.00
2018.05.09 12:02:16.965,0.76659,0.76667,1.00,1.00
2018.05.09 12:02:17.320,0.76659,0.76669,1.50,1.00
2018.05.09 12:02:19.473,0.7666,0.7667,1.00,2.25
2018.05.09 12:02:20.109,0.7666,0.76669,1.00,1.00
2018.05.09 12:02:20.830,0.76661,0.7667,1.00,1.00
2018.05.09 12:02:20.881,0.76659,0.7667,3.00,1.00
2018.05.09 12:02:21.535,0.76659,0.76669,2.25,1.00
2018.05.09 12:02:22.194,0.7666,0.76668,1.00,1.00
2018.05.09 12:02:22.537,0.76661,0.7667,1.00,1.00
2018.05.09 12:02:23.122,0.76661,0.76669,1.00,1.00
2018.05.09 12:02:23.690,0.7666,0.76669,1.00,1.00
2018.05.09 12:02:24.339,0.76659,0.76669,4.50,1.00
2018.05.09 12:02:26.652,0.7666,0.76669,1.00,1.00
2018.05.09 12:02:26.753,0.76661,0.76671,1.00,1.50
2018.05.09 12:02:27.095,0.76664,0.76672,1.00,1.00
2018.05.09 12:02:27.146,0.76662,0.76671,1.50,1.00
2018.05.09 12:02:27.761,0.76662,0.76669,1.00,1.00
2018.05.09 12:02:27.812,0.76661,0.76671,1.00,3.00
2018.05.09 12:02:27.965,0.76661,0.76669,1.00,1.00
2018.05.09 12:02:28.067,0.76662,0.76671,1.00,1.50
2018.05.09 12:02:28.598,0.76661,0.7667,1.50,1.00
2018.05.09 12:02:29.061,0.76659,0.76669,2.25,1.50
2018.05.09 12:02:29.250,0.76659,0.76667,1.50,1.00
2018.05.09 12:02:29.455,0.76657,0.76667,4.50,1.00
2018.05.09 12:02:30.244,0.76656,0.76665,2.25,1.00
2018.05.09 12:02:30.655,0.76658,0.76668,1.00,1.50
2018.05.09 12:02:30.707,0.7666,0.76669,1.00,1.00
2018.05.09 12:02:31.085,0.76658,0.76668,2.25,1.00
2018.05.09 12:02:31.138,0.7666,0.7667,1.00,1.50
2018.05.09 12:02:31.667,0.76659,0.76669,1.50,1.00
2018.05.09 12:02:31.971,0.76661,0.7667,1.00,1.00
2018.05.09 12:02:32.275,0.76664,0.7667,1.00,1.00
2018.05.09 12:02:32.377,0.76661,0.7667,1.00,1.00
2018.05.09 12:02:32.918,0.7666,0.76669,1.00,1.00
2018.05.09 12:02:33.428,0.76659,0.76669,1.50,1.00
2018.05.09 12:02:33.761,0.76662,0.76669,1.00,1.00
2018.05.09 12:02:34.274,0.76661,0.7667,1.00,1.00
2018.05.09 12:02:34.813,0.7666,0.7667,1.50,1.50
2018.05.09 12:02:35.298,0.7666,0.76668,1.00,1.50
2018.05.09 12:02:35.401,0.76658,0.76668,1.50,1.00
2018.05.09 12:02:35.603,0.76658,0.76666,1.00,1.00
2018.05.09 12:02:36.108,0.76657,0.76667,2.25,1.00
2018.05.09 12:02:36.655,0.76658,0.76668,1.00,1.00
2018.05.09 12:02:37.206,0.76657,0.76667,3.00,1.00
2018.05.09 12:02:37.824,0.76658,0.76668,1.00,1.00
2018.05.09 12:02:38.827,0.76659,0.76668,1.00,1.00
2018.05.09 12:02:39.356,0.76658,0.76668,1.50,1.00
2018.05.09 12:02:39.891,0.76659,0.76668,2.25,1.00
2018.05.09 12:02:40.401,0.76658,0.76668,3.00,1.00
2018.05.09 12:02:41.002,0.76659,0.76668,1.00,1.00
2018.05.09 12:02:41.536,0.76659,0.76669,1.50,2.25
2018.05.09 12:02:42.063,0.76658,0.76668,1.50,1.00
2018.05.09 12:02:42.583,0.7666,0.76669,1.00,1.00
2018.05.09 12:02:43.114,0.76661,0.76669,1.00,1.50
2018.05.09 12:02:43.450,0.76659,0.76668,1.00,1.00
2018.05.09 12:02:43.891,0.76657,0.76667,3.00,1.00
2018.05.09 12:02:44.385,0.76661,0.76668,1.00,1.00
2018.05.09 12:02:44.631,0.76658,0.76667,1.00,1.00
2018.05.09 12:02:44.785,0.7666,0.76669,1.00,1.50
2018.05.09 12:02:45.014,0.76658,0.76668,1.50,1.00
2018.05.09 12:02:45.167,0.7666,0.76669,1.00,1.00
2018.05.09 12:02:45.608,0.76663,0.76673,1.50,1.00
2018.05.09 12:02:46.117,0.76664,0.76674,1.50,1.50
2018.05.09 12:02:46.666,0.76663,0.76673,2.25,1.00
2018.05.09 12:02:47.361,0.76664,0.76674,1.00,1.50
2018.05.09 12:02:48.114,0.76664,0.76672,1.00,1.50
2018.05.09 12:02:48.429,0.7666,0.7667,1.00,1.50
2018.05.09 12:02:48.837,0.76662,0.7667,1.00,1.50
2018.05.09 12:02:49.394,0.7666,0.7667,1.00,1.50
2018.05.09 12:02:49.496,0.76659,0.76668,1.50,1.00
2018.05.09 12:02:49.805,0.76659,0.76666,1.00,1.00
2018.05.09 12:02:50.322,0.76658,0.76666,1.00,1.00
2018.05.09 12:02:50.424,0.76658,0.76668,1.00,2.25
2018.05.09 12:02:50.950,0.76659,0.76668,2.25,2.25
2018.05.09 12:02:51.456,0.76658,0.76667,3.00,1.00
2018.05.09 12:02:51.987,0.76657,0.76667,1.50,1.50
2018.05.09 12:02:53.757,0.76658,0.76667,1.00,1.00
2018.05.09 12:02:54.266,0.76659,0.76667,1.00,1.00
2018.05.09 12:02:54.811,0.76658,0.76667,1.00,1.00
2018.05.09 12:02:55.359,0.76659,0.76667,1.00,1.00
2018.05.09 12:02:55.819,0.76659,0.76669,1.50,1.00
2018.05.09 12:02:59.644,0.7666,0.76669,1.00,1.00
2018.05.09 12:03:00.156,0.7666,0.7667,1.50,1.50
2018.05.09 12:03:00.207,0.76662,0.76672,1.00,1.50
2018.05.09 12:03:00.535,0.76664,0.76672,1.00,1.00
2018.05.09 12:03:01.037,0.76663,0.76672,1.00,1.00
2018.05.09 12:03:01.984,0.76661,0.76671,3.75,1.00
2018.05.09 12:03:02.150,0.76661,0.76669,3.00,1.00
2018.05.09 12:03:02.305,0.76658,0.76667,1.00,1.00
2018.05.09 12:03:02.645,0.7666,0.7667,1.00,1.50
2018.05.09 12:03:03.151,0.76661,0.76671,1.00,1.00
2018.05.09 12:03:03.684,0.7666,0.7667,2.25,1.00
2018.05.09 12:03:05.082,0.76661,0.76671,1.00,1.00
2018.05.09 12:03:05.183,0.76663,0.76673,1.00,1.50
2018.05.09 12:03:05.683,0.76663,0.7667,1.00,1.00
2018.05.09 12:03:05.735,0.76661,0.76671,1.00,1.50
2018.05.09 12:03:06.103,0.7666,0.76669,1.50,1.00
2018.05.09 12:03:06.308,0.76657,0.76667,1.00,1.00
2018.05.09 12:03:06.664,0.76659,0.76667,1.00,1.00
2018.05.09 12:03:07.150,0.76657,0.76666,1.00,1.00
2018.05.09 12:03:08.515,0.76657,0.76667,1.50,1.00
2018.05.09 12:03:09.118,0.76659,0.76667,1.00,1.00
2018.05.09 12:03:09.795,0.76659,0.76668,1.00,1.00
2018.05.09 12:03:10.115,0.76661,0.76669,1.00,1.00
2018.05.09 12:03:12.322,0.76661,0.7667,1.00,1.00
2018.05.09 12:03:12.767,0.76663,0.76671,1.00,1.00
2018.05.09 12:03:13.505,0.76663,0.76669,1.00,1.00
2018.05.09 12:03:13.608,0.76661,0.76668,1.00,1.00
2018.05.09 12:03:13.661,0.76661,0.7667,1.50,1.00
2018.05.09 12:03:13.713,0.76663,0.76672,1.00,1.50
2018.05.09 12:03:13.784,0.76664,0.76674,1.50,1.00
2018.05.09 12:03:14.142,0.76666,0.76675,1.00,1.00
2018.05.09 12:03:14.649,0.76666,0.76674,1.00,1.00
2018.05.09 12:03:15.178,0.76666,0.76675,1.00,1.00
2018.05.09 12:03:15.751,0.76666,0.76674,1.00,1.00
2018.05.09 12:03:16.740,0.76666,0.76673,1.00,1.00
2018.05.09 12:03:16.793,0.76664,0.76672,1.50,1.00
2018.05.09 12:03:17.579,0.76664,0.76673,1.00,1.00
2018.05.09 12:03:18.081,0.76664,0.76672,1.00,1.00
2018.05.09 12:03:18.184,0.76662,0.7667,1.50,1.00
2018.05.09 12:03:18.848,0.76662,0.76671,1.50,1.00
2018.05.09 12:03:19.380,0.76662,0.7667,1.00,1.50
2018.05.09 12:03:20.144,0.76662,0.76672,3.00,1.50
2018.05.09 12:03:20.195,0.76664,0.76672,1.00,1.50
2018.05.09 12:03:20.702,0.76663,0.76671,1.00,1.50
2018.05.09 12:03:21.038,0.76661,0.76669,1.50,1.50
2018.05.09 12:03:21.626,0.7666,0.7667,1.50,1.00
2018.05.09 12:03:23.201,0.76662,0.76671,1.00,1.00
2018.05.09 12:03:23.304,0.76663,0.76673,1.00,1.50
2018.05.09 12:03:23.846,0.76664,0.76673,1.50,1.00
2018.05.09 12:03:24.637,0.76664,0.76674,1.50,1.00
2018.05.09 12:03:24.689,0.76666,0.76674,1.00,1.00
2018.05.09 12:03:25.210,0.76663,0.76673,1.00,1.00
2018.05.09 12:03:25.748,0.76664,0.76673,1.00,1.00
2018.05.09 12:03:27.502,0.76664,0.76674,1.50,1.50
2018.05.09 12:03:28.022,0.76665,0.76674,1.00,1.00
2018.05.09 12:03:28.531,0.76666,0.76674,1.00,1.00
2018.05.09 12:03:29.038,0.76666,0.76675,1.00,1.50
2018.05.09 12:03:29.580,0.76665,0.76675,1.00,2.25
2018.05.09 12:03:30.318,0.76665,0.76674,1.00,1.00
2018.05.09 12:03:30.782,0.76663,0.76673,1.00,1.50
2018.05.09 12:03:31.158,0.76662,0.76671,1.50,1.00
2018.05.09 12:03:31.698,0.76662,0.76672,2.25,1.00
2018.05.09 12:03:32.005,0.76664,0.76673,1.00,1.00
2018.05.09 12:03:32.338,0.76665,0.76675,1.00,1.00
2018.05.09 12:03:32.892,0.76666,0.76674,1.00,1.00
2018.05.09 12:03:33.124,0.76664,0.76673,1.00,1.00
2018.05.09 12:03:33.226,0.76664,0.76671,1.00,1.00
2018.05.09 12:03:33.869,0.76664,0.76672,1.00,1.50
2018.05.09 12:03:34.143,0.76659,0.76668,1.00,1.00
2018.05.09 12:03:34.248,0.76658,0.76666,1.00,1.00
2018.05.09 12:03:34.763,0.76657,0.76665,1.00,1.00
2018.05.09 12:03:35.403,0.76654,0.76664,1.50,1.00
2018.05.09 12:03:36.049,0.76655,0.76665,1.00,2.17
2018.05.09 12:03:36.632,0.76654,0.76664,1.50,1.00
2018.05.09 12:03:37.677,0.76655,0.76665,1.00,1.42
2018.05.09 12:03:38.208,0.76654,0.76664,1.00,1.50
2018.05.09 12:03:38.719,0.76655,0.76665,1.50,1.67
2018.05.09 12:03:39.276,0.76655,0.76665,1.50,1.42
2018.05.09 12:03:39.378,0.76654,0.76663,1.00,1.00
2018.05.09 12:03:39.480,0.76652,0.76662,1.00,1.50
2018.05.09 12:03:39.987,0.76653,0.76662,1.00,1.00
2018.05.09 12:03:40.139,0.76655,0.76665,1.00,2.17
2018.05.09 12:03:40.444,0.76658,0.76666,1.00,1.00
2018.05.09 12:03:40.972,0.76657,0.76667,1.00,1.00
2018.05.09 12:03:41.531,0.76658,0.76668,1.00,1.50
2018.05.09 12:03:42.059,0.76657,0.76667,1.00,1.00
2018.05.09 12:03:42.654,0.76657,0.76665,1.00,1.00
2018.05.09 12:03:42.782,0.76655,0.76665,1.00,1.50
2018.05.09 12:03:44.329,0.76654,0.76664,1.00,1.00
2018.05.09 12:03:44.456,0.76656,0.76666,1.00,1.50
2018.05.09 12:03:45.151,0.76655,0.76665,1.50,1.00
2018.05.09 12:03:45.458,0.76658,0.76666,1.00,1.00
2018.05.09 12:03:45.660,0.76658,0.76668,1.00,2.25
2018.05.09 12:03:45.873,0.76657,0.76666,1.00,1.00
2018.05.09 12:03:46.411,0.76657,0.76665,1.00,1.00
2018.05.09 12:03:46.462,0.76655,0.76664,1.50,1.00
2018.05.09 12:03:47.059,0.76655,0.76665,1.50,1.50
2018.05.09 12:03:47.581,0.76655,0.76664,1.00,1.00
2018.05.09 12:03:47.746,0.76653,0.76663,1.00,1.50
2018.05.09 12:03:48.388,0.76654,0.76663,1.00,1.50
2018.05.09 12:03:51.508,0.76655,0.76662,1.00,1.00
2018.05.09 12:03:51.661,0.76656,0.76665,1.00,1.50
2018.05.09 12:03:52.438,0.76655,0.76665,1.00,3.00
2018.05.09 12:03:52.980,0.76656,0.76665,1.00,1.50
2018.05.09 12:03:53.525,0.76656,0.76666,1.00,1.50
2018.05.09 12:03:53.577,0.76658,0.76666,1.00,1.00
2018.05.09 12:03:54.238,0.76657,0.76666,1.00,1.00
2018.05.09 12:03:54.871,0.76657,0.76667,1.00,1.50
2018.05.09 12:03:55.421,0.76656,0.76666,1.50,1.50
2018.05.09 12:03:57.577,0.76657,0.76666,1.00,1.00
2018.05.09 12:03:58.090,0.76657,0.76667,1.00,1.00
2018.05.09 12:03:58.613,0.76656,0.76666,1.50,1.00
2018.05.09 12:03:59.923,0.76657,0.76667,1.00,1.50
2018.05.09 12:04:00.228,0.76654,0.76664,1.50,1.00
2018.05.09 12:04:00.777,0.76655,0.76665,1.00,1.00
2018.05.09 12:04:01.321,0.76656,0.76665,1.00,1.00
2018.05.09 12:04:01.578,0.76654,0.76665,1.50,1.50
2018.05.09 12:04:02.180,0.76654,0.76664,1.50,1.00
2018.05.09 12:04:02.686,0.76654,0.76663,1.00,1.00
2018.05.09 12:04:02.966,0.76655,0.76665,1.00,2.25
2018.05.09 12:04:03.335,0.76655,0.76663,1.00,1.00
2018.05.09 12:04:03.437,0.76653,0.76663,1.00,1.50
2018.05.09 12:04:03.981,0.76653,0.76662,1.00,1.00
2018.05.09 12:04:04.084,0.76651,0.76661,1.50,1.00
2018.05.09 12:04:05.082,0.76653,0.76662,1.00,1.00
2018.05.09 12:04:05.188,0.76654,0.76664,1.50,2.25
2018.05.09 12:04:05.675,0.76654,0.76662,1.00,1.00
2018.05.09 12:04:06.265,0.76653,0.76662,1.00,1.00
2018.05.09 12:04:06.775,0.76654,0.76662,1.00,1.00
2018.05.09 12:04:06.877,0.76654,0.76664,1.50,2.25
2018.05.09 12:04:07.030,0.76656,0.76664,1.00,1.00
2018.05.09 12:04:07.655,0.76656,0.76665,1.00,1.00
2018.05.09 12:04:08.543,0.76654,0.76664,1.50,1.00
2018.05.09 12:04:08.646,0.76653,0.76662,1.00,1.00
2018.05.09 12:04:09.143,0.76651,0.76661,1.50,1.00
2018.05.09 12:04:10.031,0.76653,0.76663,1.00,2.25
2018.05.09 12:04:12.937,0.76656,0.76663,1.00,2.25
2018.05.09 12:04:17.473,0.76657,0.76663,1.00,1.00
2018.05.09 12:04:18.058,0.76656,0.76663,1.00,1.50
2018.05.09 12:04:19.529,0.76653,0.76663,1.00,1.50
2018.05.09 12:04:21.547,0.76651,0.76659,1.00,1.00
2018.05.09 12:04:21.702,0.76647,0.76657,1.00,1.00
2018.05.09 12:04:22.443,0.76648,0.76657,1.00,1.00
2018.05.09 12:04:23.432,0.76647,0.76658,1.00,1.50
2018.05.09 12:04:23.941,0.76648,0.76658,1.50,1.00
2018.05.09 12:04:23.992,0.76652,0.76658,1.00,1.00
2018.05.09 12:04:25.092,0.76651,0.76658,1.00,1.00
2018.05.09 12:04:26.538,0.76653,0.76658,1.00,1.00
2018.05.09 12:04:26.742,0.76653,0.7666,1.00,2.25
2018.05.09 12:04:28.491,0.76653,0.76659,1.00,1.00
2018.05.09 12:04:29.312,0.76653,0.7666,1.00,1.50
2018.05.09 12:04:29.876,0.76652,0.76659,1.00,1.00
2018.05.09 12:04:30.517,0.76652,0.7666,1.00,1.50
2018.05.09 12:04:34.192,0.76652,0.76659,1.00,1.50
2018.05.09 12:04:35.174,0.76652,0.76661,1.00,3.00
2018.05.09 12:04:35.278,0.76653,0.76659,1.00,1.00
2018.05.09 12:04:35.589,0.76652,0.76657,1.00,1.50
2018.05.09 12:04:35.640,0.76649,0.76657,1.00,2.25
2018.05.09 12:04:35.761,0.76653,0.76659,1.00,1.00
2018.05.09 12:04:35.913,0.76655,0.76662,1.00,1.00
2018.05.09 12:04:36.498,0.76656,0.76662,1.00,1.50
2018.05.09 12:04:36.549,0.76653,0.76661,1.00,1.00
2018.05.09 12:04:37.320,0.76653,0.7666,1.00,1.50
2018.05.09 12:04:38.833,0.76652,0.7666,1.00,1.50
2018.05.09 12:04:39.226,0.76652,0.76658,1.00,1.00
2018.05.09 12:04:39.328,0.76653,0.7666,1.00,1.00
2018.05.09 12:04:39.861,0.76653,0.76661,1.00,1.00
2018.05.09 12:04:40.410,0.76654,0.76662,1.00,1.00
2018.05.09 12:04:41.181,0.76656,0.76664,1.00,3.00
2018.05.09 12:04:41.492,0.76655,0.76662,1.00,1.00
2018.05.09 12:04:42.034,0.76654,0.7666,1.00,1.00
2018.05.09 12:04:42.557,0.76653,0.7666,1.00,1.00
2018.05.09 12:04:43.267,0.76653,0.76659,1.00,1.00
2018.05.09 12:04:43.809,0.76653,0.7666,1.00,1.00
2018.05.09 12:04:44.508,0.76654,0.7666,1.00,1.00
2018.05.09 12:04:45.120,0.76655,0.76662,1.00,1.00
2018.05.09 12:04:45.711,0.76654,0.76662,1.00,2.25
2018.05.09 12:04:46.264,0.76655,0.76662,1.00,1.00
2018.05.09 12:04:46.970,0.76654,0.76662,1.00,1.50
2018.05.09 12:04:47.488,0.76655,0.76662,1.00,1.00
2018.05.09 12:04:48.177,0.76656,0.76664,1.00,1.00
2018.05.09 12:04:48.847,0.76655,0.76663,1.00,1.00
2018.05.09 12:04:48.964,0.76655,0.76661,1.00,1.00
2018.05.09 12:04:49.373,0.76655,0.76663,1.00,1.50
2018.05.09 12:04:49.911,0.76655,0.76661,1.00,1.00
2018.05.09 12:04:50.526,0.76656,0.76661,1.00,1.00
2018.05.09 12:04:50.681,0.76654,0.76661,1.00,1.50
2018.05.09 12:04:51.689,0.76655,0.76663,1.00,1.50
2018.05.09 12:04:52.064,0.76657,0.76665,1.00,2.25
2018.05.09 12:04:52.649,0.76657,0.76664,1.00,1.00
2018.05.09 12:04:53.188,0.76657,0.76665,1.00,1.50
2018.05.09 12:04:53.865,0.76658,0.76667,1.00,3.00
2018.05.09 12:04:54.119,0.76657,0.76665,1.00,1.00
2018.05.09 12:04:54.618,0.76655,0.76665,1.50,1.50
2018.05.09 12:04:55.168,0.76656,0.76665,1.00,1.50
2018.05.09 12:04:55.779,0.76656,0.76664,1.00,1.00
2018.05.09 12:04:56.285,0.76657,0.76665,1.00,1.00
2018.05.09 12:04:56.952,0.76656,0.76663,1.00,1.00
2018.05.09 12:04:57.818,0.76655,0.76663,1.00,1.00
2018.05.09 12:04:58.393,0.76656,0.76663,1.00,1.00
2018.05.09 12:04:58.801,0.76657,0.76665,1.00,1.50
2018.05.09 12:04:58.932,0.76655,0.76664,1.00,1.00
2018.05.09 12:04:59.084,0.76658,0.76665,1.00,1.00
2018.05.09 12:04:59.439,0.76657,0.76663,1.00,1.00
2018.05.09 12:04:59.490,0.76657,0.76665,1.00,1.00
2018.05.09 12:05:00.369,0.76658,0.76665,1.00,1.00
2018.05.09 12:05:00.919,0.76659,0.76665,1.00,1.00
2018.05.09 12:05:01.464,0.76658,0.76665,1.50,1.00
2018.05.09 12:05:01.992,0.76657,0.76664,1.50,1.00
2018.05.09 12:05:02.679,0.76658,0.76664,1.00,1.00
2018.05.09 12:05:03.202,0.76658,0.76665,1.00,1.50
2018.05.09 12:05:04.033,0.76657,0.76665,1.00,1.00
2018.05.09 12:05:04.866,0.76657,0.76664,1.50,1.00
2018.05.09 12:05:05.379,0.76657,0.76665,1.00,1.00
2018.05.09 12:05:06.143,0.76658,0.76665,1.00,1.00
2018.05.09 12:05:06.295,0.76659,0.76667,1.50,1.00
2018.05.09 12:05:06.656,0.76664,0.7667,1.00,1.50
2018.05.09 12:05:06.708,0.76665,0.76672,1.00,1.50
2018.05.09 12:05:06.875,0.76667,0.76674,1.00,1.00
2018.05.09 12:05:06.927,0.76667,0.76676,1.50,1.13
2018.05.09 12:05:07.489,0.76666,0.76675,1.50,1.50
2018.05.09 12:05:08.959,0.76665,0.76673,1.50,1.00
2018.05.09 12:05:09.295,0.76664,0.76671,1.00,1.00
2018.05.09 12:05:09.799,0.76665,0.76671,1.00,1.00
2018.05.09 12:05:10.454,0.76665,0.76673,1.00,1.00
2018.05.09 12:05:13.240,0.76666,0.76673,1.00,1.00
2018.05.09 12:05:13.292,0.76663,0.76671,1.00,1.00
2018.05.09 12:05:13.343,0.76662,0.76669,1.00,1.00
2018.05.09 12:05:13.865,0.76661,0.76669,1.00,1.00
2018.05.09 12:05:14.744,0.76662,0.76669,1.00,1.00
2018.05.09 12:05:15.001,0.76662,0.76671,1.00,1.50
2018.05.09 12:05:15.558,0.76662,0.76671,1.00,1.87
2018.05.09 12:05:15.820,0.76661,0.7667,1.00,1.50
2018.05.09 12:05:16.012,0.76662,0.7667,1.00,1.00
2018.05.09 12:05:16.521,0.76661,0.7667,1.00,1.00
2018.05.09 12:05:17.033,0.76661,0.76671,1.00,1.87
2018.05.09 12:05:17.596,0.76662,0.76671,1.00,2.25
2018.05.09 12:05:18.271,0.76662,0.76669,1.00,1.00
2018.05.09 12:05:18.322,0.76662,0.76671,1.00,3.00
2018.05.09 12:05:18.543,0.7666,0.76669,1.00,1.50
2018.05.09 12:05:19.676,0.76661,0.76669,1.00,1.00
2018.05.09 12:05:20.205,0.76661,0.7667,1.00,1.50
2018.05.09 12:05:20.715,0.76661,0.76669,1.00,1.00
2018.05.09 12:05:21.409,0.7666,0.76669,1.00,1.00
2018.05.09 12:05:21.953,0.76661,0.76669,1.00,1.00
2018.05.09 12:05:22.318,0.76659,0.76667,1.00,1.00
2018.05.09 12:05:22.421,0.76656,0.76665,2.25,1.00
2018.05.09 12:05:22.524,0.76657,0.76667,1.00,1.87
2018.05.09 12:05:22.769,0.76658,0.76663,1.00,1.00
2018.05.09 12:05:23.304,0.76657,0.76663,1.00,1.00
2018.05.09 12:05:23.610,0.76658,0.76666,1.00,1.50
2018.05.09 12:05:24.092,0.76656,0.76665,1.50,1.00
2018.05.09 12:05:24.623,0.76657,0.76664,1.00,1.00
2018.05.09 12:05:25.190,0.76656,0.76664,1.00,1.00
2018.05.09 12:05:25.725,0.76657,0.76664,1.00,1.00
2018.05.09 12:05:26.072,0.76658,0.76666,1.00,2.25
2018.05.09 12:05:26.682,0.76657,0.76666,1.00,2.25
2018.05.09 12:05:27.193,0.76656,0.76665,1.50,1.00
2018.05.09 12:05:27.244,0.76656,0.76663,1.00,1.00
2018.05.09 12:05:27.447,0.76656,0.76665,1.00,3.00
2018.05.09 12:05:27.991,0.76657,0.76665,1.00,2.25
2018.05.09 12:05:29.368,0.76657,0.76666,1.00,1.50
2018.05.09 12:05:30.013,0.76658,0.76667,1.00,3.75
2018.05.09 12:05:30.534,0.76659,0.76667,1.00,2.25
2018.05.09 12:05:30.825,0.76661,0.76669,1.00,1.50
2018.05.09 12:05:32.373,0.76659,0.76667,1.00,1.00
2018.05.09 12:05:32.883,0.7666,0.76669,1.00,2.25
2018.05.09 12:05:33.132,0.76663,0.76671,1.00,1.00
2018.05.09 12:05:33.642,0.76664,0.76671,1.00,1.00
2018.05.09 12:05:34.185,0.76664,0.76669,1.00,1.00
2018.05.09 12:05:34.287,0.76664,0.76672,1.00,2.10
2018.05.09 12:05:34.490,0.76665,0.76669,1.00,1.00
2018.05.09 12:05:34.620,0.76665,0.76672,1.00,2.85
2018.05.09 12:05:34.930,0.76665,0.76669,1.00,1.00
2018.05.09 12:05:35.032,0.76665,0.76672,1.00,2.85
2018.05.09 12:05:35.579,0.76665,0.76671,1.00,1.00
2018.05.09 12:05:35.732,0.76665,0.76669,1.00,1.00
2018.05.09 12:05:35.835,0.76665,0.76672,1.00,2.10
2018.05.09 12:05:35.993,0.76664,0.7667,1.00,1.00
2018.05.09 12:05:36.590,0.76664,0.76669,1.00,1.00
2018.05.09 12:05:37.162,0.76664,0.7667,1.00,1.00
2018.05.09 12:05:37.868,0.76664,0.76672,1.00,3.00
2018.05.09 12:05:38.275,0.76665,0.7667,1.00,1.00
2018.05.09 12:05:40.400,0.76664,0.7667,1.50,1.00
2018.05.09 12:05:41.214,0.76664,0.76669,1.00,1.00
2018.05.09 12:05:41.265,0.76664,0.76671,1.00,1.50
2018.05.09 12:05:41.485,0.76662,0.76671,1.50,1.50
2018.05.09 12:05:41.900,0.76664,0.76671,1.00,1.00
2018.05.09 12:05:42.488,0.76664,0.76669,1.00,1.00
2018.05.09 12:05:43.030,0.76663,0.7667,1.00,1.50
2018.05.09 12:05:43.538,0.76664,0.7667,1.00,1.50
2018.05.09 12:05:46.583,0.76665,0.7667,1.00,1.00
2018.05.09 12:05:50.146,0.76664,0.76668,1.00,1.00
2018.05.09 12:05:50.198,0.76663,0.76668,1.00,1.00
2018.05.09 12:05:50.744,0.76662,0.76668,1.00,1.00
2018.05.09 12:05:51.376,0.76662,0.76667,1.00,1.00
2018.05.09 12:05:51.921,0.76662,0.76668,1.00,1.00
2018.05.09 12:05:53.185,0.76663,0.76668,1.00,1.50
2018.05.09 12:05:53.696,0.76662,0.7667,1.00,1.00
2018.05.09 12:05:53.748,0.76664,0.7667,1.00,1.00
2018.05.09 12:05:54.796,0.76663,0.7667,1.00,1.00
2018.05.09 12:05:55.351,0.76664,0.7667,1.00,1.50
2018.05.09 12:05:56.697,0.76663,0.7667,1.00,3.00
2018.05.09 12:05:57.225,0.76662,0.7667,1.00,2.25
2018.05.09 12:05:58.182,0.76662,0.76669,1.00,1.00
2018.05.09 12:05:58.699,0.76663,0.7667,1.00,1.50
2018.05.09 12:05:59.229,0.76662,0.7667,1.50,1.50
2018.05.09 12:05:59.535,0.76664,0.7667,1.00,1.50
2018.05.09 12:05:59.871,0.76662,0.7667,1.50,1.50
2018.05.09 12:06:00.179,0.76664,0.7667,1.00,1.00
2018.05.09 12:06:00.540,0.76663,0.76667,1.00,1.00
2018.05.09 12:06:00.592,0.76659,0.76665,1.50,1.50
2018.05.09 12:06:00.644,0.76658,0.76662,1.50,1.00
2018.05.09 12:06:00.696,0.76659,0.76664,1.00,1.00
2018.05.09 12:06:01.945,0.76659,0.76666,1.50,1.00
2018.05.09 12:06:01.996,0.76662,0.76668,1.00,1.50
2018.05.09 12:06:02.505,0.76661,0.76669,1.00,1.72
2018.05.09 12:06:03.042,0.76662,0.76668,1.00,1.00
2018.05.09 12:06:06.660,0.76661,0.76668,1.00,1.00
2018.05.09 12:06:08.204,0.76661,0.76665,1.00,1.00
2018.05.09 12:06:08.408,0.76661,0.76665,1.00,1.00
2018.05.09 12:06:08.852,0.7666,0.76668,1.00,1.50
2018.05.09 12:06:17.108,0.7666,0.76667,1.00,1.00
2018.05.09 12:06:17.690,0.7666,0.76668,1.00,3.00
2018.05.09 12:06:19.959,0.76661,0.76668,1.00,3.75
2018.05.09 12:06:20.114,0.76661,0.76666,1.00,1.00
2018.05.09 12:06:21.611,0.76659,0.76663,1.00,1.00
2018.05.09 12:06:21.763,0.76657,0.76662,1.50,1.00
2018.05.09 12:06:21.817,0.76656,0.7666,1.00,1.00
2018.05.09 12:06:21.970,0.76654,0.7666,1.50,1.00
2018.05.09 12:06:22.073,0.76654,0.76663,1.50,3.75
2018.05.09 12:06:22.277,0.76656,0.76663,1.00,3.00
2018.05.09 12:06:23.235,0.76656,0.76665,1.50,2.25
2018.05.09 12:06:24.116,0.76656,0.76661,1.50,1.00
2018.05.09 12:06:24.167,0.76656,0.76665,1.50,2.25
2018.05.09 12:06:24.545,0.76656,0.76663,1.00,1.00
2018.05.09 12:06:24.981,0.76656,0.7666,1.00,1.00
2018.05.09 12:06:25.032,0.76656,0.76664,1.00,1.50
2018.05.09 12:06:25.355,0.76656,0.76661,1.00,1.00
2018.05.09 12:06:25.577,0.76656,0.76664,1.00,1.50
2018.05.09 12:06:25.833,0.76659,0.76664,1.00,1.00
2018.05.09 12:06:26.001,0.76662,0.7667,1.00,1.00
2018.05.09 12:06:26.510,0.76662,0.76669,1.50,1.00
2018.05.09 12:06:27.017,0.76662,0.7667,1.00,1.50
2018.05.09 12:06:27.793,0.76661,0.76669,1.50,1.00
2018.05.09 12:06:28.344,0.7666,0.76668,1.50,1.00
2018.05.09 12:06:28.600,0.76659,0.76665,1.00,1.00
2018.05.09 12:06:28.706,0.76657,0.76664,1.00,1.00
2018.05.09 12:06:29.317,0.76658,0.76664,1.00,1.00
2018.05.09 12:06:29.890,0.76659,0.76664,1.00,1.00
2018.05.09 12:06:29.942,0.76659,0.76667,1.00,1.00
2018.05.09 12:06:32.782,0.7666,0.76665,1.00,1.00
2018.05.09 12:06:32.865,0.76658,0.76665,1.50,1.00
2018.05.09 12:06:33.390,0.76659,0.76665,1.00,1.00
2018.05.09 12:06:34.052,0.76658,0.76664,1.50,1.00
2018.05.09 12:06:34.566,0.76658,0.76665,1.00,1.00
2018.05.09 12:06:35.090,0.76659,0.76665,1.00,1.00
2018.05.09 12:06:35.975,0.7666,0.76665,1.00,1.00
2018.05.09 12:06:36.387,0.7666,0.76668,1.00,1.50
2018.05.09 12:06:37.006,0.76661,0.76668,1.00,1.50
2018.05.09 12:06:37.281,0.76661,0.7667,1.50,3.00
2018.05.09 12:06:37.782,0.76662,0.76669,1.00,1.00
2018.05.09 12:06:38.059,0.76662,0.76667,1.00,1.00
2018.05.09 12:06:38.571,0.76661,0.76668,1.50,1.00
2018.05.09 12:06:39.441,0.7666,0.76668,1.00,1.50
2018.05.09 12:06:39.773,0.76656,0.76662,2.25,1.00
2018.05.09 12:06:39.825,0.76656,0.76664,2.25,1.00
2018.05.09 12:06:40.571,0.76657,0.76664,1.00,1.00
2018.05.09 12:06:43.293,0.76657,0.76666,1.50,3.60
2018.05.09 12:06:43.818,0.76658,0.76666,1.00,5.85
2018.05.09 12:06:44.360,0.76658,0.76664,1.00,1.00
2018.05.09 12:06:44.966,0.76659,0.76666,1.00,1.00
2018.05.09 12:06:46.005,0.76658,0.76666,1.00,1.50
2018.05.09 12:06:46.056,0.76658,0.76664,1.00,1.00
2018.05.09 12:06:46.208,0.76656,0.76664,1.50,1.50
2018.05.09 12:06:47.101,0.76655,0.76664,1.50,1.50
2018.05.09 12:06:47.205,0.76657,0.76664,1.00,1.50
2018.05.09 12:06:47.499,0.76655,0.76664,1.50,1.50
2018.05.09 12:06:47.928,0.76655,0.76662,1.00,1.00
2018.05.09 12:06:48.436,0.76654,0.76662,2.25,1.00
2018.05.09 12:06:49.147,0.76654,0.76661,1.00,1.00
2018.05.09 12:06:49.477,0.7665,0.76657,1.50,1.00
2018.05.09 12:06:49.941,0.7665,0.76659,1.50,1.50
2018.05.09 12:06:50.608,0.7665,0.76657,1.00,1.00
2018.05.09 12:06:51.115,0.76649,0.76657,1.00,1.00
2018.05.09 12:06:51.663,0.76648,0.76655,1.50,1.00
2018.05.09 12:06:51.714,0.76648,0.76657,1.50,1.50
2018.05.09 12:06:53.312,0.76649,0.76656,1.00,1.00
2018.05.09 12:06:53.567,0.76647,0.76656,2.25,1.00
2018.05.09 12:06:53.970,0.76649,0.76657,1.00,1.00
2018.05.09 12:06:54.277,0.76648,0.76655,1.00,1.00
2018.05.09 12:06:54.810,0.76647,0.76655,1.00,1.50
2018.05.09 12:06:55.115,0.76646,0.76653,1.50,1.00
2018.05.09 12:06:55.218,0.76646,0.76655,1.50,1.50
2018.05.09 12:06:58.091,0.76646,0.76654,1.00,1.00
2018.05.09 12:06:58.651,0.76646,0.76655,1.50,2.25
2018.05.09 12:06:59.408,0.76646,0.76654,1.50,1.00
2018.05.09 12:06:59.938,0.76646,0.76653,1.00,1.00
2018.05.09 12:07:01.496,0.76645,0.76653,1.00,1.50
2018.05.09 12:07:01.700,0.76645,0.76651,1.00,1.00
2018.05.09 12:07:02.955,0.76644,0.76651,1.00,1.00
2018.05.09 12:07:03.552,0.76643,0.76651,1.00,1.00
2018.05.09 12:07:04.175,0.7664,0.76649,1.50,1.50
2018.05.09 12:07:04.710,0.76641,0.76649,1.00,1.00
2018.05.09 12:07:05.313,0.76641,0.7665,1.50,1.00
2018.05.09 12:07:05.993,0.76643,0.76652,1.00,2.25
2018.05.09 12:07:06.317,0.76645,0.76654,1.00,1.00
2018.05.09 12:07:07.573,0.76645,0.76652,1.00,1.00
2018.05.09 12:07:07.712,0.76645,0.76654,1.00,1.00
2018.05.09 12:07:08.318,0.76645,0.76653,1.00,1.00
2018.05.09 12:07:08.578,0.76643,0.76652,2.25,1.00
2018.05.09 12:07:09.089,0.76642,0.76651,1.00,1.00
2018.05.09 12:07:09.435,0.76642,0.76649,1.00,1.00
2018.05.09 12:07:09.688,0.76642,0.76651,1.00,1.00
2018.05.09 12:07:09.942,0.76641,0.76648,1.00,1.00
2018.05.09 12:07:10.094,0.76641,0.7665,1.00,1.00
2018.05.09 12:07:12.199,0.76641,0.76648,1.00,1.00
2018.05.09 12:07:12.393,0.76641,0.7665,1.00,1.00
2018.05.09 12:07:12.786,0.76641,0.76647,1.00,1.00
2018.05.09 12:07:13.000,0.76641,0.7665,1.00,1.50
2018.05.09 12:07:13.329,0.76641,0.76647,1.00,1.00
2018.05.09 12:07:13.573,0.76641,0.7665,1.00,1.50
2018.05.09 12:07:14.262,0.7664,0.76649,1.50,1.50
2018.05.09 12:07:14.634,0.7664,0.76647,1.50,1.00
2018.05.09 12:07:14.847,0.76641,0.7665,1.00,1.00
2018.05.09 12:07:15.394,0.76642,0.76651,1.00,1.25
2018.05.09 12:07:15.928,0.76642,0.7665,1.00,2.25
2018.05.09 12:07:16.658,0.76642,0.76649,1.00,1.00
2018.05.09 12:07:17.176,0.7664,0.76646,1.00,1.00
2018.05.09 12:07:17.228,0.7664,0.76648,1.50,1.50
2018.05.09 12:07:17.517,0.76639,0.76646,1.50,1.00
2018.05.09 12:07:18.030,0.76638,0.76646,1.50,1.00
2018.05.09 12:07:18.570,0.76639,0.76646,1.50,1.00
2018.05.09 12:07:19.478,0.76639,0.76643,1.00,1.00
2018.05.09 12:07:19.529,0.76639,0.76646,1.00,1.00
2018.05.09 12:07:19.682,0.76639,0.76644,1.00,1.00
2018.05.09 12:07:19.784,0.76639,0.76646,1.00,1.00
2018.05.09 12:07:20.305,0.76638,0.76645,1.50,1.00
2018.05.09 12:07:20.514,0.76638,0.76643,1.00,1.00
2018.05.09 12:07:20.565,0.76638,0.76645,1.00,1.00
2018.05.09 12:07:20.944,0.76636,0.76644,1.50,1.00
2018.05.09 12:07:21.045,0.76638,0.76645,1.00,2.25
2018.05.09 12:07:21.366,0.76636,0.76644,1.00,1.00
2018.05.09 12:07:21.888,0.7664,0.76646,1.00,1.00
2018.05.09 12:07:22.042,0.76638,0.76645,1.00,1.00
2018.05.09 12:07:22.456,0.76639,0.76647,1.00,1.00
2018.05.09 12:07:22.870,0.76639,0.76645,1.00,1.00
2018.05.09 12:07:23.124,0.76639,0.76647,1.00,1.00
2018.05.09 12:07:23.677,0.76638,0.76645,1.50,1.00
2018.05.09 12:07:23.881,0.76639,0.76647,1.00,1.00
2018.05.09 12:07:25.492,0.76639,0.76646,1.00,1.00
2018.05.09 12:07:26.013,0.76638,0.76646,1.50,1.00
2018.05.09 12:07:26.671,0.76639,0.76647,1.00,1.50
2018.05.09 12:07:28.389,0.76638,0.76646,1.50,1.00
2018.05.09 12:07:28.986,0.76639,0.76646,1.00,1.00
2018.05.09 12:07:30.293,0.76638,0.76646,1.50,1.50
2018.05.09 12:07:30.852,0.76639,0.76646,1.00,1.50
2018.05.09 12:07:31.468,0.7664,0.76646,1.00,1.00
2018.05.09 12:07:31.986,0.76639,0.76646,1.00,1.50
2018.05.09 12:07:32.139,0.76638,0.76644,1.00,1.00
2018.05.09 12:07:32.490,0.76639,0.76646,1.00,1.50
2018.05.09 12:07:32.956,0.76637,0.76645,1.00,1.00
2018.05.09 12:07:33.058,0.76636,0.76642,1.50,1.00
2018.05.09 12:07:33.467,0.76636,0.76644,1.00,1.50
2018.05.09 12:07:33.571,0.76639,0.76645,1.00,1.00
2018.05.09 12:07:33.725,0.7664,0.76647,1.00,1.87
2018.05.09 12:07:36.457,0.76639,0.76646,1.00,1.00
2018.05.09 12:07:37.163,0.76638,0.76645,1.00,1.50
2018.05.09 12:07:37.485,0.76639,0.76647,1.00,2.25
2018.05.09 12:07:38.470,0.76638,0.76646,1.50,1.00
2018.05.09 12:07:39.956,0.7664,0.76645,1.00,1.00
2018.05.09 12:07:40.007,0.7664,0.76647,1.00,2.25
2018.05.09 12:07:40.573,0.76639,0.76645,1.00,1.00
2018.05.09 12:07:41.114,0.76639,0.76646,1.00,1.00
2018.05.09 12:07:41.791,0.7664,0.76647,1.00,2.25
2018.05.09 12:07:42.426,0.76639,0.76647,1.00,2.25
2018.05.09 12:07:44.582,0.7664,0.76647,1.00,2.25
2018.05.09 12:07:45.094,0.76639,0.76647,1.50,1.50
2018.05.09 12:07:45.636,0.7664,0.76648,1.00,1.00
2018.05.09 12:07:46.398,0.76639,0.76645,2.25,1.00
2018.05.09 12:07:46.502,0.7664,0.76648,1.00,1.00
2018.05.09 12:07:46.553,0.76639,0.76646,1.50,1.50
2018.05.09 12:07:47.091,0.7664,0.76647,1.00,1.00
2018.05.09 12:07:47.694,0.76639,0.76647,2.25,1.50
2018.05.09 12:07:48.223,0.76638,0.76646,1.00,1.00
2018.05.09 12:07:48.740,0.76639,0.76646,1.00,1.00
2018.05.09 12:07:48.892,0.76641,0.76649,2.10,2.25
2018.05.09 12:07:48.943,0.76643,0.7665,1.00,1.00
2018.05.09 12:07:49.046,0.76644,0.76652,1.00,1.50
2018.05.09 12:07:50.373,0.76644,0.76651,1.00,1.00
2018.05.09 12:07:51.025,0.76644,0.76652,1.00,1.00
2018.05.09 12:07:51.490,0.76644,0.76649,1.50,1.00
2018.05.09 12:07:51.695,0.76644,0.76651,1.00,1.50
2018.05.09 12:07:52.212,0.76643,0.76651,1.50,1.50
2018.05.09 12:07:52.695,0.76645,0.76653,1.00,2.25
2018.05.09 12:07:53.002,0.76647,0.76655,1.00,2.25
2018.05.09 12:07:53.375,0.76645,0.76652,1.00,1.50
2018.05.09 12:07:53.426,0.76646,0.76654,1.00,1.50
2018.05.09 12:07:54.143,0.76646,0.76653,1.00,1.00
2018.05.09 12:07:54.689,0.76647,0.76654,1.00,1.00
2018.05.09 12:07:56.154,0.76646,0.76654,1.50,1.50
2018.05.09 12:07:56.677,0.76647,0.76654,1.00,1.00
2018.05.09 12:07:57.202,0.76646,0.76653,1.50,1.00
2018.05.09 12:07:57.725,0.76646,0.76654,1.00,1.00
2018.05.09 12:07:58.329,0.76646,0.76653,1.50,1.00
2018.05.09 12:07:59.798,0.76645,0.76652,1.00,1.00
2018.05.09 12:08:00.806,0.76645,0.76651,1.50,1.00
2018.05.09 12:08:01.382,0.76645,0.76652,1.50,1.00
2018.05.09 12:08:01.946,0.76645,0.76651,1.00,1.00
2018.05.09 12:08:02.207,0.76645,0.76653,1.50,1.00
2018.05.09 12:08:02.360,0.76649,0.76654,1.00,1.00
2018.05.09 12:08:02.536,0.76649,0.76656,1.00,1.00
2018.05.09 12:08:03.045,0.76648,0.76655,1.50,1.00
2018.05.09 12:08:03.528,0.7665,0.76657,1.00,1.50
2018.05.09 12:08:04.047,0.76649,0.76656,1.00,1.00
2018.05.09 12:08:04.469,0.76647,0.76655,1.50,1.00
2018.05.09 12:08:05.197,0.76647,0.76654,1.00,1.00
2018.05.09 12:08:05.723,0.76647,0.76655,1.50,1.12
2018.05.09 12:08:06.075,0.76644,0.76651,1.00,1.00
2018.05.09 12:08:06.873,0.76646,0.76653,1.00,1.00
2018.05.09 12:08:07.387,0.76647,0.76654,1.00,1.50
2018.05.09 12:08:08.583,0.76646,0.76654,1.50,1.50
2018.05.09 12:08:09.136,0.76646,0.76653,1.50,1.00
2018.05.09 12:08:09.649,0.76645,0.76652,1.00,1.00
2018.05.09 12:08:11.631,0.76645,0.76651,1.00,1.00
2018.05.09 12:08:11.785,0.76646,0.76653,1.50,1.00
2018.05.09 12:08:13.190,0.76646,0.7665,1.50,1.00
2018.05.09 12:08:13.241,0.76646,0.76653,1.50,1.00
2018.05.09 12:08:13.778,0.76645,0.76653,1.50,1.00
2018.05.09 12:08:15.192,0.76646,0.76652,1.00,1.00
2018.05.09 12:08:15.719,0.76645,0.76652,1.50,1.00
2018.05.09 12:08:16.245,0.76644,0.76651,1.00,1.00
2018.05.09 12:08:16.447,0.76645,0.76649,1.00,1.00
2018.05.09 12:08:16.657,0.76645,0.76652,1.00,1.00
2018.05.09 12:08:16.860,0.76645,0.76649,1.00,1.00
2018.05.09 12:08:16.962,0.76645,0.76652,1.50,1.00
2018.05.09 12:08:17.180,0.76645,0.7665,1.00,1.00
2018.05.09 12:08:17.231,0.76645,0.76652,1.50,1.00
2018.05.09 12:08:17.619,0.76645,0.7665,1.00,1.00
2018.05.09 12:08:17.812,0.76645,0.76652,1.00,1.00
2018.05.09 12:08:18.017,0.76646,0.76654,1.00,2.25
2018.05.09 12:08:18.364,0.76646,0.76651,1.00,1.00
2018.05.09 12:08:18.466,0.76646,0.76654,1.00,2.25
2018.05.09 12:08:18.615,0.76645,0.76652,1.50,1.00
2018.05.09 12:08:19.137,0.76645,0.76651,1.00,1.00
2018.05.09 12:08:19.642,0.76644,0.76651,1.00,1.50
2018.05.09 12:08:20.178,0.76644,0.76652,1.50,1.35
2018.05.09 12:08:20.727,0.76645,0.76652,1.00,1.00
2018.05.09 12:08:21.376,0.76646,0.76652,1.00,1.50
2018.05.09 12:08:21.813,0.76644,0.7665,1.00,1.00
2018.05.09 12:08:22.363,0.76643,0.7665,1.00,1.00
2018.05.09 12:08:23.393,0.76643,0.76649,1.00,1.00
2018.05.09 12:08:24.033,0.76642,0.7665,1.50,1.50
2018.05.09 12:08:24.544,0.76642,0.76649,1.00,1.00
2018.05.09 12:08:25.237,0.76642,0.76648,1.00,1.00
2018.05.09 12:08:25.760,0.76642,0.76649,1.00,1.00
2018.05.09 12:08:26.292,0.76642,0.7665,1.50,2.25
2018.05.09 12:08:26.617,0.76641,0.76647,1.00,1.00
2018.05.09 12:08:26.947,0.7664,0.76645,1.00,1.50
2018.05.09 12:08:26.997,0.76637,0.76645,1.50,1.50
2018.05.09 12:08:27.201,0.76637,0.76643,1.00,1.00
2018.05.09 12:08:27.747,0.76637,0.76644,1.50,1.00
2018.05.09 12:08:28.413,0.76636,0.76643,1.00,1.00
2018.05.09 12:08:28.978,0.76636,0.76644,1.50,1.00
2018.05.09 12:08:29.506,0.76637,0.76644,1.50,1.00
2018.05.09 12:08:29.892,0.76638,0.76646,1.00,2.10
2018.05.09 12:08:30.751,0.76637,0.76646,1.50,3.04
2018.05.09 12:08:30.884,0.76636,0.76644,1.50,1.00
2018.05.09 12:08:31.189,0.76635,0.76642,1.00,1.00
2018.05.09 12:08:31.765,0.76635,0.76643,1.00,1.00
2018.05.09 12:08:32.085,0.76635,0.76641,1.00,1.00
2018.05.09 12:08:32.356,0.76632,0.7664,2.25,1.50
2018.05.09 12:08:33.975,0.76632,0.76639,1.50,1.00
2018.05.09 12:08:34.143,0.76632,0.76637,1.00,1.00
2018.05.09 12:08:34.245,0.76632,0.76639,1.00,1.00
2018.05.09 12:08:34.967,0.76634,0.76642,1.00,2.25
2018.05.09 12:08:35.478,0.76635,0.76643,1.50,1.00
2018.05.09 12:08:35.871,0.76633,0.76641,1.50,1.00
2018.05.09 12:08:36.279,0.76632,0.76639,1.00,1.00
2018.05.09 12:08:36.820,0.76631,0.76639,1.50,1.00
2018.05.09 12:08:37.709,0.7663,0.76638,1.50,1.00
2018.05.09 12:08:38.258,0.76631,0.76638,1.00,1.00
2018.05.09 12:08:39.225,0.7663,0.76637,1.00,1.50
2018.05.09 12:08:39.875,0.76631,0.76638,1.00,1.00
2018.05.09 12:08:40.078,0.76629,0.76637,1.50,1.50
2018.05.09 12:08:40.129,0.76631,0.76637,1.00,1.00
2018.05.09 12:08:40.401,0.76629,0.76637,1.50,1.00
2018.05.09 12:08:40.452,0.76631,0.76638,1.00,1.00
2018.05.09 12:08:40.709,0.76627,0.76635,1.00,2.25
2018.05.09 12:08:41.220,0.76627,0.76634,1.00,1.00
2018.05.09 12:08:41.577,0.76626,0.76631,1.00,1.00
2018.05.09 12:08:41.751,0.76625,0.76633,1.50,1.00
2018.05.09 12:08:42.080,0.76625,0.76631,1.50,1.00
2018.05.09 12:08:42.131,0.76625,0.76633,1.50,1.00
2018.05.09 12:08:42.913,0.76626,0.76634,1.00,1.00
2018.05.09 12:08:43.421,0.76627,0.76635,1.00,1.00
2018.05.09 12:08:45.771,0.76627,0.76634,1.50,1.00
2018.05.09 12:08:46.113,0.76628,0.76636,1.00,1.00
2018.05.09 12:08:49.342,0.76628,0.76634,1.00,1.00
2018.05.09 12:08:49.494,0.76628,0.76636,1.00,1.00
2018.05.09 12:08:49.888,0.76628,0.76634,1.00,1.00
2018.05.09 12:08:50.042,0.76628,0.76636,1.00,1.00
2018.05.09 12:08:50.566,0.76629,0.76636,1.00,1.00
2018.05.09 12:08:51.759,0.76627,0.76635,1.00,1.50
2018.05.09 12:08:51.964,0.76629,0.76636,1.00,1.00
2018.05.09 12:08:52.487,0.76628,0.76635,1.00,1.00
2018.05.09 12:08:53.191,0.76629,0.76636,1.00,1.50
2018.05.09 12:08:53.848,0.76628,0.76636,1.00,1.50
2018.05.09 12:08:59.061,0.76627,0.76635,1.00,1.00
2018.05.09 12:09:00.124,0.76628,0.76636,1.00,1.50
2018.05.09 12:09:00.783,0.76627,0.76635,1.00,1.00
2018.05.09 12:09:01.331,0.76628,0.76636,1.00,1.00
2018.05.09 12:09:05.069,0.76629,0.76637,1.00,1.00
2018.05.09 12:09:05.853,0.76634,0.7664,1.00,1.50
2018.05.09 12:09:05.955,0.76634,0.76642,1.00,1.50
2018.05.09 12:09:06.554,0.76633,0.76641,1.00,1.00
2018.05.09 12:09:07.752,0.76634,0.76642,1.00,1.00
2018.05.09 12:09:09.051,0.76634,0.76641,1.00,1.00
2018.05.09 12:09:09.644,0.76634,0.76642,1.00,1.00
2018.05.09 12:09:09.695,0.76636,0.76644,1.00,1.50
2018.05.09 12:09:11.275,0.76637,0.76645,1.00,1.50
2018.05.09 12:09:11.704,0.76635,0.76643,1.00,1.00
2018.05.09 12:09:12.288,0.76636,0.76643,1.00,1.00
2018.05.09 12:09:12.810,0.76635,0.76643,1.00,1.00
2018.05.09 12:09:13.235,0.76635,0.76641,1.00,1.00
2018.05.09 12:09:13.287,0.76635,0.76643,1.00,1.00
2018.05.09 12:09:13.812,0.76636,0.76643,1.00,1.50
2018.05.09 12:09:14.327,0.76635,0.76642,1.00,1.00
2018.05.09 12:09:14.856,0.76634,0.76641,1.50,1.00
2018.05.09 12:09:15.383,0.76635,0.76641,1.00,1.00
2018.05.09 12:09:15.985,0.76634,0.76642,1.50,1.50
2018.05.09 12:09:16.250,0.76634,0.7664,1.00,1.00
2018.05.09 12:09:16.352,0.76635,0.76642,1.00,1.00
2018.05.09 12:09:16.855,0.76634,0.76641,1.00,1.00
2018.05.09 12:09:17.365,0.76634,0.76642,1.50,1.00
2018.05.09 12:09:17.493,0.76636,0.76644,1.00,1.00
2018.05.09 12:09:17.898,0.76635,0.76642,1.00,1.00
2018.05.09 12:09:18.440,0.76635,0.76643,1.00,1.50
2018.05.09 12:09:18.765,0.76634,0.76641,1.00,1.00
2018.05.09 12:09:18.982,0.76635,0.76643,1.00,1.50
2018.05.09 12:09:19.136,0.76637,0.76644,1.00,1.00
2018.05.09 12:09:19.659,0.76636,0.76643,1.00,1.00
2018.05.09 12:09:19.857,0.76634,0.76642,1.00,1.00
2018.05.09 12:09:20.361,0.76635,0.76642,1.00,1.00
2018.05.09 12:09:20.463,0.76636,0.76644,1.00,1.00
2018.05.09 12:09:21.520,0.76637,0.76644,1.00,1.00
2018.05.09 12:09:22.041,0.76636,0.76643,1.00,1.00
2018.05.09 12:09:23.993,0.76636,0.76644,1.00,1.50
2018.05.09 12:09:24.529,0.76636,0.76643,1.00,1.00
2018.05.09 12:09:25.039,0.76636,0.76644,1.00,1.00
2018.05.09 12:09:25.581,0.76637,0.76644,1.00,1.50
2018.05.09 12:09:26.126,0.76636,0.76644,1.00,1.00
2018.05.09 12:09:27.063,0.76637,0.76644,1.00,1.00
2018.05.09 12:09:27.594,0.76638,0.76645,1.00,1.00
2018.05.09 12:09:28.986,0.76637,0.76644,1.00,1.00
2018.05.09 12:09:29.520,0.76638,0.76646,1.00,1.00
2018.05.09 12:09:29.571,0.76637,0.76644,1.00,1.00
2018.05.09 12:09:30.254,0.76638,0.76645,1.00,1.00
2018.05.09 12:09:37.140,0.76638,0.76646,1.00,1.00
2018.05.09 12:09:37.972,0.76641,0.76649,1.00,2.25
2018.05.09 12:09:38.275,0.76643,0.7665,1.00,1.00
2018.05.09 12:09:38.858,0.76642,0.76649,1.00,1.00
2018.05.09 12:09:39.550,0.7664,0.76647,1.00,1.00
2018.05.09 12:09:40.063,0.76639,0.76647,1.50,1.00
2018.05.09 12:09:40.468,0.76641,0.76648,1.00,1.00
2018.05.09 12:09:41.001,0.76639,0.76647,1.00,1.00
2018.05.09 12:09:41.510,0.76639,0.76646,1.00,1.00
2018.05.09 12:09:42.213,0.76639,0.76647,1.00,1.00
2018.05.09 12:09:42.818,0.76639,0.76646,1.00,1.00
2018.05.09 12:09:43.347,0.76639,0.76647,1.00,1.00
2018.05.09 12:09:44.148,0.76639,0.76646,1.00,1.00
2018.05.09 12:09:49.233,0.76638,0.76645,1.00,1.00
2018.05.09 12:09:49.338,0.76636,0.76644,1.00,1.00
2018.05.09 12:09:50.709,0.76636,0.76643,1.00,1.00
2018.05.09 12:09:51.225,0.76635,0.76643,1.50,1.00
2018.05.09 12:09:53.048,0.76636,0.76643,1.00,1.00
2018.05.09 12:09:54.865,0.76635,0.76643,2.25,1.00
2018.05.09 12:09:55.415,0.76636,0.76643,1.00,1.00
2018.05.09 12:10:00.097,0.76636,0.76642,1.00,1.00
2018.05.09 12:10:00.703,0.76635,0.76643,1.00,1.00
2018.05.09 12:10:05.861,0.76634,0.76642,1.50,1.00
2018.05.09 12:10:08.646,0.76634,0.76641,1.50,1.00
2018.05.09 12:10:10.106,0.76635,0.76642,1.00,1.00
2018.05.09 12:10:15.227,0.76633,0.7664,1.00,1.00
2018.05.09 12:10:15.531,0.76626,0.76633,1.00,1.50
2018.05.09 12:10:16.353,0.76626,0.76631,1.00,1.00
2018.05.09 12:10:16.831,0.76626,0.76633,1.00,2.25
2018.05.09 12:10:17.181,0.76629,0.76636,1.00,1.00
2018.05.09 12:10:17.488,0.76634,0.7664,1.00,1.00
2018.05.09 12:10:18.025,0.76635,0.76641,1.00,1.50
2018.05.09 12:10:18.554,0.76634,0.76641,1.00,1.50
2018.05.09 12:10:18.886,0.76632,0.76639,1.00,1.50
2018.05.09 12:10:19.259,0.76634,0.76639,1.00,1.00
2018.05.09 12:10:20.100,0.76634,0.76641,1.00,2.25
2018.05.09 12:10:23.617,0.76633,0.7664,1.00,1.00
2018.05.09 12:10:25.050,0.76632,0.7664,1.00,1.00
2018.05.09 12:10:25.580,0.76632,0.76639,1.00,1.00
2018.05.09 12:10:26.605,0.76632,0.7664,1.00,1.50
2018.05.09 12:10:27.266,0.76633,0.7664,1.00,1.50
2018.05.09 12:10:27.774,0.76632,0.76639,1.00,1.00
2018.05.09 12:10:29.537,0.76632,0.7664,1.00,1.50
2018.05.09 12:10:30.063,0.76633,0.76639,1.00,1.00
2018.05.09 12:10:30.831,0.76633,0.7664,1.00,1.50
2018.05.09 12:10:32.299,0.76632,0.7664,1.50,1.50
2018.05.09 12:10:33.080,0.76632,0.76639,1.00,1.00
2018.05.09 12:10:34.006,0.76633,0.7664,1.00,1.50
2018.05.09 12:10:34.556,0.76634,0.76641,1.00,1.00
2018.05.09 12:10:35.346,0.76635,0.76641,1.00,1.00
2018.05.09 12:10:36.484,0.76635,0.76642,1.00,1.00
2018.05.09 12:10:37.092,0.76636,0.76643,1.00,1.50
2018.05.09 12:10:37.965,0.76635,0.76643,1.50,1.50
2018.05.09 12:10:38.038,0.76635,0.76641,1.50,1.00
2018.05.09 12:10:38.549,0.76635,0.76642,1.50,1.00
2018.05.09 12:10:40.053,0.76634,0.76642,1.00,1.00
2018.05.09 12:10:40.357,0.76636,0.76643,1.00,2.25
2018.05.09 12:10:41.117,0.76637,0.76643,1.00,1.00
2018.05.09 12:10:42.239,0.76636,0.76643,1.00,1.00
2018.05.09 12:10:48.857,0.76637,0.76643,1.00,1.00
2018.05.09 12:10:50.224,0.76637,0.76644,1.00,1.00
2018.05.09 12:10:50.763,0.76636,0.76643,1.00,1.00
2018.05.09 12:10:51.292,0.76636,0.76644,1.00,1.00
2018.05.09 12:10:51.834,0.76636,0.76643,1.00,1.00
2018.05.09 12:10:53.633,0.76637,0.76645,1.00,1.50
2018.05.09 12:10:54.153,0.76637,0.76644,1.00,1.00
2018.05.09 12:10:54.804,0.76638,0.76644,1.00,1.00
2018.05.09 12:10:55.412,0.76637,0.76644,1.50,1.00
2018.05.09 12:10:57.513,0.76638,0.76645,1.00,3.00
2018.05.09 12:10:58.786,0.76638,0.76644,1.00,1.00
2018.05.09 12:11:00.269,0.76637,0.76644,1.50,1.00
2018.05.09 12:11:02.378,0.76636,0.76642,1.00,1.50
2018.05.09 12:11:02.479,0.76634,0.76642,1.50,1.50
2018.05.09 12:11:02.942,0.76636,0.76642,1.00,1.00
2018.05.09 12:11:03.456,0.76637,0.76642,1.00,1.00
2018.05.09 12:11:05.404,0.76637,0.76644,1.50,1.00
2018.05.09 12:11:18.893,0.76641,0.76646,2.10,1.00
2018.05.09 12:11:19.010,0.76639,0.76646,1.00,1.00
2018.05.09 12:11:19.532,0.76638,0.76645,1.00,1.50
2018.05.09 12:11:20.365,0.76637,0.76644,1.00,1.00
2018.05.09 12:11:23.391,0.76637,0.76645,1.50,1.00
2018.05.09 12:11:23.940,0.76637,0.76646,1.50,1.00
2018.05.09 12:11:24.497,0.76638,0.76646,1.00,1.50
2018.05.09 12:11:25.127,0.76638,0.76645,1.00,1.00
2018.05.09 12:11:25.661,0.76637,0.76645,1.50,1.50
2018.05.09 12:11:27.583,0.76638,0.76645,1.00,1.00
2018.05.09 12:11:27.737,0.76637,0.76643,1.00,1.50
2018.05.09 12:11:27.790,0.76635,0.76644,1.50,2.25
2018.05.09 12:11:28.090,0.76637,0.76644,1.00,1.50
2018.05.09 12:11:28.603,0.76636,0.76644,1.00,1.50
2018.05.09 12:11:30.621,0.76635,0.76644,1.50,1.50
2018.05.09 12:11:30.927,0.76642,0.76646,1.00,1.00
2018.05.09 12:11:30.979,0.76642,0.76649,1.00,1.50
2018.05.09 12:11:31.032,0.76644,0.76651,1.00,1.00
2018.05.09 12:11:31.344,0.76634,0.76642,1.00,1.00
2018.05.09 12:11:32.152,0.76633,0.76642,1.00,1.00
2018.05.09 12:11:33.172,0.76633,0.76641,1.00,1.00
2018.05.09 12:11:34.190,0.76633,0.76642,1.00,1.50
2018.05.09 12:11:35.888,0.76634,0.76643,1.00,2.25
2018.05.09 12:11:36.613,0.76634,0.76642,1.00,1.00
2018.05.09 12:11:39.261,0.76634,0.76641,1.00,1.00
2018.05.09 12:11:39.414,0.76632,0.76641,1.00,1.50
2018.05.09 12:11:39.467,0.7663,0.76639,1.00,1.00
2018.05.09 12:11:40.052,0.76631,0.76639,1.00,1.00
2018.05.09 12:11:40.533,0.76632,0.76641,1.00,2.25
2018.05.09 12:11:41.124,0.76632,0.7664,1.00,1.00
2018.05.09 12:11:41.726,0.76631,0.7664,1.00,1.50
2018.05.09 12:11:43.545,0.76631,0.76639,1.00,1.00
2018.05.09 12:11:44.060,0.76631,0.7664,1.00,1.50
2018.05.09 12:11:45.294,0.76632,0.7664,1.00,1.00
2018.05.09 12:11:45.800,0.76632,0.76641,1.00,1.50
2018.05.09 12:11:46.870,0.76634,0.76641,1.00,1.00
2018.05.09 12:11:47.154,0.76632,0.7664,1.00,1.00
2018.05.09 12:11:47.691,0.76631,0.76639,1.00,1.00
2018.05.09 12:11:48.691,0.7663,0.76639,1.00,1.50
2018.05.09 12:11:49.410,0.76631,0.76638,1.00,1.00
2018.05.09 12:11:50.081,0.76631,0.76639,1.00,1.00
2018.05.09 12:11:54.782,0.7663,0.76639,1.00,1.50
2018.05.09 12:12:01.224,0.7663,0.76637,1.00,1.00
2018.05.09 12:12:01.419,0.7663,0.76639,1.00,1.50
2018.05.09 12:12:01.680,0.7663,0.76637,1.00,1.00
2018.05.09 12:12:01.782,0.7663,0.76639,1.00,1.50
2018.05.09 12:12:01.913,0.7663,0.76637,1.00,1.00
2018.05.09 12:12:01.964,0.7663,0.76639,1.00,1.50
2018.05.09 12:12:02.256,0.7663,0.76637,1.00,1.00
2018.05.09 12:12:02.307,0.7663,0.76639,1.00,1.50
2018.05.09 12:12:02.480,0.7663,0.76637,1.00,1.00
2018.05.09 12:12:02.582,0.7663,0.76639,1.00,1.50
2018.05.09 12:12:02.700,0.7663,0.76637,1.00,1.00
2018.05.09 12:12:02.801,0.7663,0.76639,1.00,1.50
2018.05.09 12:12:02.955,0.7663,0.76637,1.00,1.00
2018.05.09 12:12:03.107,0.7663,0.76639,1.00,1.50
2018.05.09 12:12:03.477,0.7663,0.76637,1.00,1.00
2018.05.09 12:12:03.635,0.7663,0.76639,1.00,1.50
2018.05.09 12:12:03.686,0.7663,0.76637,1.00,1.00
2018.05.09 12:12:03.853,0.7663,0.76639,1.00,1.50
2018.05.09 12:12:04.042,0.7663,0.76637,1.00,1.00
2018.05.09 12:12:04.196,0.7663,0.76639,1.00,1.50
2018.05.09 12:12:05.020,0.7663,0.76638,1.00,1.00
2018.05.09 12:12:05.566,0.76629,0.76638,1.50,1.00
2018.05.09 12:12:06.322,0.7663,0.76638,1.00,1.00
2018.05.09 12:12:06.858,0.76631,0.76639,1.00,1.00
2018.05.09 12:12:07.637,0.76631,0.7664,1.50,1.00
2018.05.09 12:12:08.489,0.76632,0.7664,1.00,1.00
2018.05.09 12:12:09.033,0.76631,0.7664,1.50,1.00
2018.05.09 12:12:09.269,0.76631,0.76638,1.50,1.00
2018.05.09 12:12:09.320,0.76631,0.7664,1.50,1.00
2018.05.09 12:12:09.859,0.76632,0.76641,1.50,3.00
2018.05.09 12:12:10.571,0.76632,0.7664,1.50,1.00
2018.05.09 12:12:11.080,0.76632,0.76641,1.50,2.25
2018.05.09 12:12:12.435,0.76632,0.7664,1.50,1.00
2018.05.09 12:12:12.976,0.76632,0.76641,1.50,2.25
2018.05.09 12:12:13.098,0.76631,0.76639,1.50,1.00
2018.05.09 12:12:13.796,0.76632,0.76639,1.00,1.00
2018.05.09 12:12:14.310,0.76631,0.76639,1.00,1.00
2018.05.09 12:12:14.882,0.76633,0.76639,1.00,1.00
2018.05.09 12:12:15.418,0.76633,0.76641,1.00,1.72
2018.05.09 12:12:15.524,0.76633,0.76639,1.00,1.00
2018.05.09 12:12:15.576,0.76632,0.76641,1.00,2.10
2018.05.09 12:12:16.434,0.76632,0.76639,1.00,1.00
2018.05.09 12:12:16.536,0.76632,0.76641,1.00,2.10
2018.05.09 12:12:16.841,0.76632,0.76639,1.00,1.00
2018.05.09 12:12:16.986,0.76633,0.76641,1.00,1.50
2018.05.09 12:12:17.087,0.76633,0.76639,1.00,1.00
2018.05.09 12:12:17.604,0.76632,0.76638,1.00,1.00
2018.05.09 12:12:18.115,0.76632,0.76639,1.00,1.50
2018.05.09 12:12:18.648,0.76632,0.76638,1.00,1.00
2018.05.09 12:12:19.173,0.76631,0.76639,1.00,3.75
2018.05.09 12:12:19.835,0.76631,0.76636,1.00,1.00
2018.05.09 12:12:19.886,0.76631,0.76639,1.00,2.25
2018.05.09 12:12:20.599,0.7663,0.76639,1.00,2.25
2018.05.09 12:12:21.272,0.7663,0.76638,1.00,1.00
2018.05.09 12:12:21.819,0.7663,0.76639,1.00,3.00
2018.05.09 12:12:22.182,0.7663,0.76637,1.00,1.00
2018.05.09 12:12:22.789,0.7663,0.76638,1.00,1.00
2018.05.09 12:12:24.501,0.76631,0.76638,1.00,2.25
2018.05.09 12:12:25.068,0.7663,0.76638,1.00,1.00
2018.05.09 12:12:26.115,0.7663,0.76637,1.00,1.00
2018.05.09 12:12:26.649,0.76631,0.76638,1.00,1.50
2018.05.09 12:12:27.654,0.7663,0.76637,1.00,1.00
2018.05.09 12:12:27.962,0.7664,0.76645,1.00,2.25
2018.05.09 12:12:28.145,0.76641,0.76647,1.00,1.00
2018.05.09 12:12:28.634,0.76639,0.76646,1.00,1.00
2018.05.09 12:12:28.686,0.76638,0.76644,1.00,1.50
2018.05.09 12:12:28.993,0.76638,0.76642,1.00,1.00
2018.05.09 12:12:29.248,0.76638,0.76644,1.00,1.00
2018.05.09 12:12:30.371,0.76637,0.76644,1.50,1.00
2018.05.09 12:12:30.473,0.76638,0.76646,1.50,1.50
2018.05.09 12:12:31.085,0.76639,0.76647,1.00,1.00
2018.05.09 12:12:31.376,0.76637,0.76646,1.50,1.00
2018.05.09 12:12:31.887,0.76638,0.76646,1.00,1.00
2018.05.09 12:12:32.135,0.76636,0.76643,1.00,1.00
2018.05.09 12:12:32.389,0.76634,0.76643,1.50,1.50
2018.05.09 12:12:32.490,0.76636,0.76643,1.00,1.50
2018.05.09 12:12:32.968,0.76638,0.76643,1.00,1.00
2018.05.09 12:12:33.789,0.76638,0.76644,1.00,1.00
2018.05.09 12:12:33.891,0.76638,0.76646,1.00,2.25
2018.05.09 12:12:34.852,0.76641,0.76646,1.00,1.00
2018.05.09 12:12:34.954,0.76641,0.76649,1.00,1.00
2018.05.09 12:12:35.005,0.76644,0.76651,1.00,1.00
2018.05.09 12:12:35.309,0.76646,0.76652,1.00,1.00
2018.05.09 12:12:36.005,0.76646,0.76653,1.00,1.00
2018.05.09 12:12:36.634,0.76645,0.76653,1.00,1.00
2018.05.09 12:12:36.940,0.76648,0.76657,1.00,1.50
2018.05.09 12:12:37.181,0.76645,0.76652,1.00,1.00
2018.05.09 12:12:37.892,0.76644,0.76652,1.50,1.00
2018.05.09 12:12:38.696,0.76644,0.76653,1.50,1.50
2018.05.09 12:12:39.336,0.76645,0.76653,1.00,1.50
2018.05.09 12:12:40.604,0.76645,0.76652,1.50,1.00
2018.05.09 12:12:41.152,0.76645,0.76653,1.50,1.50
2018.05.09 12:12:45.313,0.76644,0.76653,1.50,2.25
2018.05.09 12:12:45.711,0.76643,0.76649,1.50,1.00
2018.05.09 12:12:46.018,0.76643,0.76651,1.00,1.12
2018.05.09 12:12:46.307,0.76645,0.76651,1.00,1.12
2018.05.09 12:12:48.572,0.76643,0.76651,1.00,1.00
2018.05.09 12:12:48.832,0.76644,0.76649,1.00,1.00
2018.05.09 12:12:49.340,0.76643,0.7665,1.00,1.00
2018.05.09 12:12:49.848,0.76642,0.7665,1.00,1.00
2018.05.09 12:12:50.388,0.76642,0.76649,1.00,1.00
2018.05.09 12:12:50.902,0.76641,0.76649,1.00,1.50
2018.05.09 12:12:51.642,0.76641,0.76648,1.00,1.00
2018.05.09 12:12:52.222,0.76642,0.76649,1.00,1.00
2018.05.09 12:12:52.534,0.76644,0.7665,1.00,1.00
2018.05.09 12:12:53.392,0.76644,0.76652,1.00,1.50
2018.05.09 12:12:54.156,0.76645,0.76652,1.00,1.50
2018.05.09 12:12:54.673,0.76644,0.76652,1.00,1.00
2018.05.09 12:12:55.817,0.76644,0.76653,1.00,1.50
2018.05.09 12:12:55.919,0.76646,0.76654,1.00,1.50
2018.05.09 12:12:57.570,0.76645,0.76654,1.00,1.50
2018.05.09 12:12:57.909,0.76644,0.7665,1.00,1.50
2018.05.09 12:12:58.306,0.76642,0.7665,1.00,2.25
2018.05.09 12:12:58.509,0.7664,0.76649,1.00,1.00
2018.05.09 12:12:58.714,0.76642,0.7665,1.00,2.25
2018.05.09 12:13:00.359,0.76641,0.7665,1.00,2.25
2018.05.09 12:13:02.944,0.76641,0.76649,1.00,1.00
2018.05.09 12:13:03.263,0.76638,0.76646,1.00,1.00
2018.05.09 12:13:03.619,0.76639,0.76648,1.00,3.00
2018.05.09 12:13:06.451,0.7664,0.76648,1.00,1.50
2018.05.09 12:13:07.204,0.76641,0.76648,1.00,1.50
2018.05.09 12:13:07.742,0.76642,0.76648,1.00,1.00
2018.05.09 12:13:08.985,0.76641,0.76648,1.00,1.00
2018.05.09 12:13:09.507,0.76642,0.76648,1.00,1.00
2018.05.09 12:13:10.083,0.76642,0.7665,1.00,1.50
2018.05.09 12:13:11.110,0.7664,0.76649,1.00,1.00
2018.05.09 12:13:13.134,0.76641,0.76649,1.00,1.50
2018.05.09 12:13:13.793,0.76641,0.7665,1.00,1.50
2018.05.09 12:13:14.356,0.76641,0.76649,1.00,1.00
2018.05.09 12:13:15.295,0.76641,0.7665,1.00,1.50
2018.05.09 12:13:17.276,0.76642,0.7665,1.00,2.25
2018.05.09 12:13:17.828,0.76641,0.7665,1.00,1.50
2018.05.09 12:13:18.378,0.76642,0.7665,1.00,1.00
2018.05.09 12:13:18.884,0.76641,0.7665,1.00,1.50
2018.05.09 12:13:20.912,0.76642,0.7665,1.00,1.50
2018.05.09 12:13:21.422,0.76641,0.7665,1.00,1.50
2018.05.09 12:13:22.418,0.76642,0.7665,1.00,1.50
2018.05.09 12:13:22.932,0.76643,0.7665,1.00,1.00
2018.05.09 12:13:24.463,0.76642,0.7665,1.00,1.50
2018.05.09 12:13:25.182,0.76642,0.76649,1.00,1.00
2018.05.09 12:13:26.981,0.76643,0.76649,1.00,1.00
2018.05.09 12:13:27.519,0.76643,0.7665,1.00,2.25
2018.05.09 12:13:27.940,0.76641,0.76649,1.00,2.25
2018.05.09 12:13:28.423,0.76638,0.76646,1.00,1.50
2018.05.09 12:13:28.932,0.76638,0.76645,1.00,1.50
2018.05.09 12:13:30.317,0.76637,0.76645,1.00,2.25
2018.05.09 12:13:30.843,0.76636,0.76644,1.00,1.00
2018.05.09 12:13:32.337,0.76636,0.76643,1.00,1.00
2018.05.09 12:13:32.863,0.76638,0.76643,1.00,1.00
2018.05.09 12:13:32.914,0.76636,0.76643,1.00,1.00
2018.05.09 12:13:35.234,0.76634,0.7664,1.00,1.88
2018.05.09 12:13:35.286,0.76628,0.76636,3.00,1.50
2018.05.09 12:13:35.338,0.76628,0.76632,1.00,1.00
2018.05.09 12:13:35.389,0.76623,0.76631,1.00,1.00
2018.05.09 12:13:35.897,0.76624,0.76631,1.00,1.00
2018.05.09 12:13:36.462,0.76624,0.76632,1.00,1.50
2018.05.09 12:13:38.434,0.76623,0.76631,1.00,1.00
2018.05.09 12:13:38.638,0.76625,0.76631,1.00,1.00
2018.05.09 12:13:39.180,0.76626,0.76631,1.00,1.00
2018.05.09 12:13:39.711,0.76625,0.76631,1.00,1.00
2018.05.09 12:13:39.763,0.76625,0.76633,1.00,1.50
2018.05.09 12:13:40.572,0.76628,0.76634,1.00,1.00
2018.05.09 12:13:41.014,0.76626,0.76634,1.00,1.50
2018.05.09 12:13:41.523,0.76627,0.76633,1.00,1.00
2018.05.09 12:13:41.779,0.76625,0.76632,1.00,1.50
2018.05.09 12:13:41.931,0.76623,0.76631,1.00,1.00
2018.05.09 12:13:41.982,0.76625,0.76632,1.00,1.00
2018.05.09 12:13:42.309,0.76628,0.76633,1.00,1.00
2018.05.09 12:13:42.361,0.76628,0.76635,1.00,1.00
2018.05.09 12:13:42.876,0.76628,0.76636,1.00,2.25
2018.05.09 12:13:43.383,0.76629,0.76636,1.00,1.00
2018.05.09 12:13:43.925,0.7663,0.76636,1.00,1.00
2018.05.09 12:13:44.428,0.76629,0.76636,1.00,1.00
2018.05.09 12:13:44.941,0.7663,0.76637,1.00,1.00
2018.05.09 12:13:45.045,0.76633,0.76637,1.00,1.00
2018.05.09 12:13:45.350,0.76635,0.7664,1.00,1.00
2018.05.09 12:13:45.881,0.76635,0.76641,1.00,1.00
2018.05.09 12:13:46.697,0.76635,0.7664,1.00,1.00
2018.05.09 12:13:47.334,0.76634,0.7664,1.00,1.00
2018.05.09 12:13:47.386,0.76636,0.7664,1.00,1.00
2018.05.09 12:13:47.933,0.76635,0.76641,1.00,1.00
2018.05.09 12:13:48.502,0.76635,0.7664,1.00,1.00
2018.05.09 12:13:49.016,0.76634,0.76639,1.00,1.00
2018.05.09 12:13:49.604,0.76635,0.76639,1.00,1.00
2018.05.09 12:13:50.275,0.76634,0.76639,1.00,1.00
2018.05.09 12:13:50.529,0.76632,0.76639,1.00,1.00
2018.05.09 12:13:50.783,0.76632,0.76637,1.00,1.00
2018.05.09 12:13:50.885,0.76629,0.76636,1.00,1.00
2018.05.09 12:13:50.936,0.76631,0.76636,1.00,1.00
2018.05.09 12:13:51.046,0.76629,0.76636,1.00,1.00
2018.05.09 12:13:51.097,0.76629,0.76634,1.00,1.00
2018.05.09 12:13:51.640,0.76628,0.76635,1.00,1.00
2018.05.09 12:13:52.720,0.76628,0.76633,1.00,1.00
2018.05.09 12:13:52.876,0.76626,0.76633,1.00,1.00
2018.05.09 12:13:53.412,0.76626,0.76634,1.00,1.50
2018.05.09 12:13:53.565,0.76628,0.76634,1.00,1.00
2018.05.09 12:13:53.903,0.76622,0.76628,1.00,1.00
2018.05.09 12:13:54.210,0.76625,0.76631,1.00,1.00
2018.05.09 12:13:54.365,0.76627,0.76634,1.50,1.50
2018.05.09 12:13:55.159,0.76628,0.76634,1.00,1.00
2018.05.09 12:13:55.261,0.76626,0.76633,1.00,1.50
2018.05.09 12:13:55.313,0.76624,0.76632,1.00,1.00
2018.05.09 12:13:55.828,0.76626,0.76631,1.00,1.00
2018.05.09 12:13:56.381,0.76625,0.76631,1.00,1.00
2018.05.09 12:13:57.442,0.76624,0.76631,1.00,1.50
2018.05.09 12:13:57.950,0.76625,0.76631,1.00,1.00
2018.05.09 12:13:58.282,0.76624,0.76633,1.00,1.50
2018.05.09 12:13:58.486,0.76624,0.76631,1.00,1.50
2018.05.09 12:13:58.658,0.76622,0.7663,1.00,1.00
2018.05.09 12:13:59.189,0.76622,0.76629,1.00,1.50
2018.05.09 12:13:59.707,0.76623,0.76629,1.00,1.00
2018.05.09 12:14:00.224,0.76623,0.7663,1.00,1.00
2018.05.09 12:14:00.767,0.76624,0.76631,1.00,1.00
2018.05.09 12:14:02.652,0.76623,0.76631,1.00,1.00
2018.05.09 12:14:03.229,0.76624,0.76631,1.00,1.00
2018.05.09 12:14:03.777,0.76627,0.76633,1.00,1.50
2018.05.09 12:14:04.286,0.76627,0.76634,1.00,1.00
2018.05.09 12:14:04.793,0.76626,0.76634,1.00,1.50
2018.05.09 12:14:06.091,0.76626,0.76633,1.00,1.00
2018.05.09 12:14:10.091,0.76627,0.76634,1.00,1.00
2018.05.09 12:14:12.003,0.76627,0.76633,1.00,1.00
2018.05.09 12:14:12.055,0.76624,0.76631,1.00,1.00
2018.05.09 12:14:12.260,0.76622,0.76629,1.00,1.00
2018.05.09 12:14:13.131,0.76623,0.7663,1.00,1.50
2018.05.09 12:14:13.802,0.76622,0.76629,1.00,1.00
2018.05.09 12:14:14.336,0.76621,0.76628,1.00,1.00
2018.05.09 12:14:14.993,0.76622,0.76629,1.00,1.50
2018.05.09 12:14:16.690,0.76622,0.7663,1.00,3.00
2018.05.09 12:14:17.201,0.76622,0.76629,1.00,1.00
2018.05.09 12:14:17.707,0.76622,0.7663,1.00,2.25
2018.05.09 12:14:18.223,0.76623,0.7663,1.00,2.25
2018.05.09 12:14:20.131,0.76621,0.76629,1.00,1.00
2018.05.09 12:14:20.184,0.76625,0.76632,1.00,1.00
2018.05.09 12:14:20.369,0.76628,0.76636,1.00,2.25
2018.05.09 12:14:20.892,0.76629,0.76636,1.00,1.50
2018.05.09 12:14:21.413,0.76628,0.76636,1.00,1.50
2018.05.09 12:14:22.378,0.76629,0.76636,1.00,1.50
2018.05.09 12:14:22.887,0.7663,0.76636,1.00,1.00
2018.05.09 12:14:23.423,0.7663,0.76637,1.00,1.00
2018.05.09 12:14:27.743,0.7663,0.76638,1.00,1.50
2018.05.09 12:14:28.345,0.7663,0.76637,1.00,1.00
2018.05.09 12:14:28.932,0.7663,0.76638,1.00,1.50
2018.05.09 12:14:29.545,0.76631,0.76638,1.00,1.50
2018.05.09 12:14:30.305,0.7663,0.76637,1.00,1.00
2018.05.09 12:14:30.882,0.7663,0.76636,1.00,1.00
2018.05.09 12:14:31.771,0.76629,0.76636,1.00,1.00
2018.05.09 12:14:31.823,0.76631,0.76638,1.00,1.50
2018.05.09 12:14:36.091,0.7663,0.76637,1.00,1.00
2018.05.09 12:14:37.471,0.7663,0.76636,1.00,1.00
2018.05.09 12:14:37.988,0.76631,0.76636,1.00,1.00
2018.05.09 12:14:39.355,0.7663,0.76636,1.00,1.00
2018.05.09 12:14:39.406,0.76628,0.76635,1.00,1.00
2018.05.09 12:14:40.043,0.76628,0.76636,1.00,1.50
2018.05.09 12:14:40.814,0.76628,0.76635,1.00,1.00
2018.05.09 12:14:41.334,0.7663,0.76636,1.00,1.00
2018.05.09 12:14:42.917,0.7663,0.76637,1.00,1.00
2018.05.09 12:14:43.826,0.76629,0.76636,1.00,1.00
2018.05.09 12:14:44.282,0.76631,0.76638,1.00,1.00
2018.05.09 12:14:45.260,0.7663,0.76637,1.00,1.00
2018.05.09 12:14:45.569,0.76632,0.76639,1.00,1.50
2018.05.09 12:14:49.145,0.76629,0.76636,1.00,1.00
2018.05.09 12:14:49.702,0.76629,0.76635,1.00,1.00
2018.05.09 12:14:49.863,0.7663,0.76638,1.00,1.50
2018.05.09 12:14:50.389,0.76631,0.76638,1.00,1.50
2018.05.09 12:14:50.993,0.7663,0.76638,1.00,1.50
2018.05.09 12:14:51.334,0.76629,0.76636,1.00,1.00
2018.05.09 12:14:51.385,0.7663,0.76638,1.00,1.50
2018.05.09 12:14:51.741,0.7663,0.76636,1.00,1.00
2018.05.09 12:14:51.875,0.76628,0.76635,1.00,1.00
2018.05.09 12:14:52.397,0.76629,0.76636,1.00,1.50
2018.05.09 12:14:53.064,0.7663,0.76636,1.00,1.00
2018.05.09 12:14:53.166,0.7663,0.76638,1.00,3.00
2018.05.09 12:14:54.126,0.76631,0.76638,1.00,2.25
2018.05.09 12:14:54.907,0.7663,0.76638,1.00,2.25
2018.05.09 12:14:55.446,0.76631,0.76638,1.00,1.00
2018.05.09 12:14:56.285,0.76632,0.76638,1.00,1.00
2018.05.09 12:14:56.916,0.7663,0.76638,1.00,1.50
2018.05.09 12:14:58.051,0.76631,0.76638,1.00,1.50
2018.05.09 12:15:01.816,0.76632,0.76638,1.00,1.00
2018.05.09 12:15:02.491,0.7663,0.76637,1.00,1.00
2018.05.09 12:15:02.594,0.76626,0.76633,1.00,1.00
2018.05.09 12:15:04.312,0.76627,0.76634,1.00,1.00
2018.05.09 12:15:04.860,0.76626,0.76633,1.00,1.00
2018.05.09 12:15:05.245,0.76627,0.76635,1.00,1.50
2018.05.09 12:15:05.778,0.76628,0.76635,1.00,1.50
2018.05.09 12:15:08.266,0.76629,0.76636,1.00,1.50
2018.05.09 12:15:08.368,0.76627,0.76635,1.00,1.00
2018.05.09 12:15:08.726,0.76626,0.76633,1.00,1.00
2018.05.09 12:15:09.267,0.76626,0.76634,1.00,1.00
2018.05.09 12:15:09.775,0.76625,0.76633,1.00,1.50
2018.05.09 12:15:10.094,0.76624,0.76631,1.00,1.00
2018.05.09 12:15:12.235,0.76626,0.76633,1.00,1.50
2018.05.09 12:15:12.798,0.76625,0.76633,1.00,1.50
2018.05.09 12:15:13.606,0.76625,0.76632,1.00,1.00
2018.05.09 12:15:17.213,0.76624,0.76631,1.00,1.00
2018.05.09 12:15:17.264,0.76621,0.76629,1.50,1.00
2018.05.09 12:15:17.315,0.7662,0.76626,1.50,1.00
2018.05.09 12:15:17.532,0.76616,0.76623,1.00,1.00
2018.05.09 12:15:18.042,0.76617,0.76624,1.00,1.00
2018.05.09 12:15:18.593,0.76618,0.76625,1.00,1.00
2018.05.09 12:15:19.218,0.76618,0.76626,1.00,1.50
2018.05.09 12:15:19.888,0.76619,0.76627,1.00,1.50
2018.05.09 12:15:19.993,0.76618,0.76625,1.00,1.00
2018.05.09 12:15:20.503,0.76618,0.76626,1.00,1.00
2018.05.09 12:15:21.038,0.76618,0.76625,1.00,1.00
2018.05.09 12:15:21.830,0.76617,0.76624,1.00,1.00
2018.05.09 12:15:22.731,0.76618,0.76625,1.00,1.00
2018.05.09 12:15:23.253,0.76617,0.76624,1.00,1.00
2018.05.09 12:15:23.847,0.76618,0.76625,1.00,1.00
2018.05.09 12:15:24.547,0.76619,0.76626,1.00,1.00
2018.05.09 12:15:26.283,0.76615,0.76625,1.00,1.00
2018.05.09 12:15:28.803,0.76613,0.76622,1.00,1.00
2018.05.09 12:15:29.308,0.76612,0.76622,1.00,1.00
2018.05.09 12:15:30.021,0.76613,0.76623,1.00,1.50
2018.05.09 12:15:30.759,0.7661,0.7662,2.25,1.00
2018.05.09 12:15:31.064,0.76607,0.76617,1.00,1.00
2018.05.09 12:15:31.867,0.76606,0.76615,1.50,1.00
2018.05.09 12:15:32.071,0.76607,0.76617,1.00,1.00
2018.05.09 12:15:32.379,0.76606,0.76615,1.00,1.00
2018.05.09 12:15:32.489,0.76607,0.76617,1.00,1.00
2018.05.09 12:15:32.693,0.76606,0.76615,1.00,1.00
2018.05.09 12:15:32.795,0.76607,0.76617,1.00,1.00
2018.05.09 12:15:33.064,0.76606,0.76615,1.00,1.00
2018.05.09 12:15:33.115,0.76607,0.76617,1.00,1.00
2018.05.09 12:15:33.787,0.76605,0.76615,3.00,1.00
2018.05.09 12:15:34.182,0.76611,0.76621,1.50,1.50
2018.05.09 12:15:34.497,0.76614,0.76623,1.00,1.50
2018.05.09 12:15:35.038,0.76614,0.76624,1.00,1.00
2018.05.09 12:15:35.344,0.76616,0.76626,1.50,1.50
2018.05.09 12:15:35.741,0.76615,0.76624,1.00,1.00
2018.05.09 12:15:36.223,0.76613,0.76623,1.50,1.00
2018.05.09 12:15:38.847,0.76614,0.76624,1.00,1.50
2018.05.09 12:15:39.348,0.76613,0.76623,1.50,1.00
2018.05.09 12:15:39.859,0.76614,0.76624,1.00,1.50
2018.05.09 12:15:40.349,0.76616,0.76624,1.00,1.00
2018.05.09 12:15:40.660,0.76618,0.76626,1.00,1.00
2018.05.09 12:15:41.194,0.76618,0.76627,1.00,1.50
2018.05.09 12:15:41.791,0.76617,0.76627,1.00,2.25
2018.05.09 12:15:42.764,0.76616,0.76626,1.00,1.00
2018.05.09 12:15:45.218,0.76616,0.76624,1.00,1.00
2018.05.09 12:15:46.256,0.76615,0.76624,1.50,1.00
2018.05.09 12:15:49.290,0.76616,0.76624,1.00,1.00
2018.05.09 12:15:49.898,0.76615,0.76624,2.25,1.00
2018.05.09 12:15:50.421,0.76616,0.76624,1.00,1.00
2018.05.09 12:15:50.937,0.76615,0.76624,2.25,1.00
2018.05.09 12:15:53.999,0.76615,0.76622,1.00,1.50
2018.05.09 12:15:54.524,0.76614,0.76621,1.00,1.00
2018.05.09 12:15:55.091,0.76612,0.7662,1.00,1.00
2018.05.09 12:15:55.695,0.76611,0.7662,1.00,1.00
2018.05.09 12:15:58.835,0.76612,0.7662,1.00,1.00
2018.05.09 12:16:00.491,0.76615,0.76622,1.00,1.00
2018.05.09 12:16:00.594,0.76615,0.76624,1.50,1.00
2018.05.09 12:16:00.961,0.76613,0.7662,1.50,1.00
2018.05.09 12:16:01.016,0.7661,0.7662,3.75,1.00
2018.05.09 12:16:01.518,0.7661,0.76619,1.50,1.00
2018.05.09 12:16:01.978,0.76609,0.76617,1.00,1.00
2018.05.09 12:16:02.132,0.76607,0.76617,1.00,2.25
2018.05.09 12:16:02.652,0.76608,0.76617,1.50,1.50
2018.05.09 12:16:05.101,0.76608,0.76616,1.00,1.00
2018.05.09 12:16:05.644,0.76607,0.76617,1.00,2.25
2018.05.09 12:16:05.843,0.76606,0.76615,1.00,1.00
2018.05.09 12:16:09.524,0.76606,0.76614,1.00,1.00
2018.05.09 12:16:09.575,0.76604,0.76614,1.50,1.00
2018.05.09 12:16:09.828,0.76606,0.76615,1.00,1.50
2018.05.09 12:16:09.879,0.76604,0.76614,1.50,1.00
2018.05.09 12:16:10.802,0.76606,0.76615,1.00,1.50
2018.05.09 12:16:11.688,0.76606,0.76616,1.50,1.00
2018.05.09 12:16:14.197,0.76606,0.76615,1.50,1.00
2018.05.09 12:16:15.153,0.76606,0.76614,1.00,1.00
2018.05.09 12:16:18.715,0.76606,0.76615,1.50,1.00
2018.05.09 12:16:19.702,0.76606,0.76614,1.00,1.00
2018.05.09 12:16:20.212,0.76606,0.76615,1.00,1.50
2018.05.09 12:16:22.471,0.76608,0.76617,1.00,1.50
2018.05.09 12:16:22.781,0.7661,0.76618,1.00,1.50
2018.05.09 12:16:23.824,0.76609,0.76615,1.50,1.00
2018.05.09 12:16:24.167,0.76609,0.76613,1.00,1.00
2018.05.09 12:16:24.693,0.76607,0.76613,1.00,1.00
2018.05.09 12:16:24.762,0.76605,0.76613,1.50,1.00
2018.05.09 12:16:25.149,0.76605,0.76615,2.25,1.00
2018.05.09 12:16:27.195,0.76605,0.76613,1.00,1.00
2018.05.09 12:16:27.805,0.76605,0.76612,1.00,1.00
2018.05.09 12:16:29.218,0.76604,0.76614,1.00,1.00
2018.05.09 12:16:29.397,0.76606,0.76614,1.00,1.00
2018.05.09 12:16:29.650,0.76608,0.76617,1.00,1.00
2018.05.09 12:16:31.327,0.76609,0.76617,1.00,1.00
2018.05.09 12:16:32.211,0.76608,0.76617,2.25,1.00
2018.05.09 12:16:32.529,0.7661,0.76617,1.00,1.00
2018.05.09 12:16:33.676,0.76609,0.76617,1.00,1.00
2018.05.09 12:16:33.829,0.76606,0.76615,2.25,1.00
2018.05.09 12:16:36.491,0.76607,0.76615,1.00,1.00
2018.05.09 12:16:36.847,0.76606,0.76613,1.00,1.50
2018.05.09 12:16:37.000,0.76604,0.76612,1.00,1.00
2018.05.09 12:16:37.224,0.76602,0.76612,2.10,1.50
2018.05.09 12:16:37.427,0.76604,0.76612,1.00,1.00
2018.05.09 12:16:37.933,0.76604,0.76613,1.50,1.00
2018.05.09 12:16:38.466,0.76603,0.76613,2.25,1.00
2018.05.09 12:16:38.989,0.76604,0.76613,1.00,1.00
2018.05.09 12:16:39.300,0.76606,0.76614,1.00,1.50
2018.05.09 12:16:39.606,0.76604,0.76614,1.50,1.50
2018.05.09 12:16:40.139,0.76604,0.76613,1.50,1.00
2018.05.09 12:16:40.961,0.76605,0.76613,1.00,1.00
2018.05.09 12:16:41.267,0.76607,0.76614,1.00,1.00
2018.05.09 12:16:42.761,0.76606,0.76612,1.00,1.50
2018.05.09 12:16:42.812,0.76604,0.76612,1.00,1.50
2018.05.09 12:16:42.964,0.76602,0.76611,1.00,1.00
2018.05.09 12:16:43.471,0.76603,0.76612,1.50,1.00
2018.05.09 12:16:44.012,0.76604,0.76613,1.00,1.00
2018.05.09 12:16:44.547,0.76604,0.76612,1.00,1.00
2018.05.09 12:16:45.056,0.76604,0.76613,1.50,1.00
2018.05.09 12:16:45.361,0.76606,0.76613,1.00,1.00
2018.05.09 12:16:45.513,0.76604,0.76613,2.25,1.00
2018.05.09 12:16:46.033,0.76604,0.76612,2.25,1.00
2018.05.09 12:16:49.290,0.76605,0.76612,1.00,1.00
2018.05.09 12:16:49.635,0.76608,0.76617,1.50,1.00
2018.05.09 12:16:50.143,0.76609,0.76617,1.00,1.00
2018.05.09 12:16:51.092,0.76608,0.76617,1.50,1.00
2018.05.09 12:16:54.104,0.76608,0.76616,1.00,1.00
2018.05.09 12:16:54.155,0.76608,0.76618,3.00,1.50
2018.05.09 12:16:54.309,0.7661,0.76618,1.00,1.00
2018.05.09 12:16:55.905,0.76609,0.76618,1.50,1.00
2018.05.09 12:16:56.434,0.7661,0.76618,1.00,1.00
2018.05.09 12:16:56.999,0.76611,0.76618,1.00,1.00
2018.05.09 12:16:57.050,0.76611,0.76621,1.50,1.50
2018.05.09 12:16:57.581,0.76612,0.76621,1.00,1.50
2018.05.09 12:16:58.148,0.76611,0.7662,1.00,1.00
2018.05.09 12:17:00.249,0.76612,0.76621,1.00,2.25
2018.05.09 12:17:04.171,0.76611,0.76621,2.25,1.50
2018.05.09 12:17:04.478,0.76613,0.76621,1.00,1.00
2018.05.09 12:17:04.909,0.76615,0.76621,1.00,1.00
2018.05.09 12:17:04.961,0.76615,0.76623,1.00,1.00
2018.05.09 12:17:05.270,0.76617,0.76623,1.00,1.00
2018.05.09 12:17:05.563,0.76617,0.76626,1.00,2.25
2018.05.09 12:17:06.091,0.76618,0.76626,1.00,1.50
2018.05.09 12:17:07.682,0.76617,0.76626,1.50,1.00
2018.05.09 12:17:10.193,0.76618,0.76626,1.00,1.50
2018.05.09 12:17:10.855,0.76617,0.76626,1.00,1.50
2018.05.09 12:17:11.541,0.76618,0.76626,1.00,1.00
2018.05.09 12:17:12.366,0.76619,0.76626,1.00,1.00
2018.05.09 12:17:13.150,0.76619,0.76628,1.00,1.00
2018.05.09 12:17:13.765,0.7662,0.76628,1.50,1.00
2018.05.09 12:17:15.493,0.76621,0.76629,1.00,1.00
2018.05.09 12:17:16.002,0.76622,0.7663,1.00,1.00
2018.05.09 12:17:16.509,0.76622,0.76631,1.00,1.50
2018.05.09 12:17:18.586,0.76624,0.76631,1.00,1.00
2018.05.09 12:17:18.943,0.76625,0.76633,1.00,1.00
2018.05.09 12:17:19.477,0.76625,0.76634,1.00,2.25
2018.05.09 12:17:20.004,0.76626,0.76634,1.00,2.25
2018.05.09 12:17:20.907,0.76627,0.76634,1.00,1.00
2018.05.09 12:17:21.973,0.76627,0.76633,1.00,1.00
2018.05.09 12:17:22.083,0.76625,0.76632,1.00,1.00
2018.05.09 12:17:22.134,0.76625,0.76634,1.00,1.50
2018.05.09 12:17:22.393,0.7663,0.76637,1.00,1.50
2018.05.09 12:17:22.599,0.76629,0.76639,1.50,2.25
2018.05.09 12:17:22.884,0.76627,0.76633,1.00,1.00
2018.05.09 12:17:22.987,0.76623,0.76633,1.50,1.00
2018.05.09 12:17:23.190,0.76625,0.76633,1.00,1.00
2018.05.09 12:17:23.764,0.76624,0.76634,1.50,1.50
2018.05.09 12:17:26.489,0.76625,0.76635,1.00,1.00
2018.05.09 12:17:27.100,0.76624,0.76634,1.50,1.00
2018.05.09 12:17:28.263,0.76625,0.76635,1.00,1.00
2018.05.09 12:17:29.464,0.76624,0.76634,1.50,1.00
2018.05.09 12:17:29.984,0.76625,0.76635,1.00,1.00
2018.05.09 12:17:32.242,0.76624,0.76635,1.50,1.00
2018.05.09 12:17:32.774,0.76624,0.76634,1.50,1.00
2018.05.09 12:17:33.295,0.76624,0.76635,1.50,1.00
2018.05.09 12:17:34.531,0.76625,0.76635,1.00,1.00
2018.05.09 12:17:35.077,0.76624,0.76635,1.50,1.00
2018.05.09 12:17:35.580,0.76625,0.76635,1.00,1.00
2018.05.09 12:17:36.096,0.76624,0.76635,1.50,1.00
2018.05.09 12:17:36.640,0.76625,0.76635,1.00,1.00
2018.05.09 12:17:37.339,0.76624,0.76634,1.50,1.00
2018.05.09 12:17:39.295,0.76624,0.76635,1.00,1.00
2018.05.09 12:17:40.068,0.76625,0.76635,1.00,1.00
2018.05.09 12:17:40.745,0.76626,0.76636,1.00,2.25
2018.05.09 12:17:41.289,0.76626,0.76635,1.00,1.00
2018.05.09 12:17:41.914,0.76626,0.76636,1.50,1.50
2018.05.09 12:17:42.619,0.76626,0.76635,1.00,1.00
2018.05.09 12:17:43.169,0.76626,0.76634,1.00,1.00
2018.05.09 12:17:43.220,0.76626,0.76636,1.50,1.50
2018.05.09 12:17:44.369,0.76626,0.76635,1.50,1.00
2018.05.09 12:17:44.893,0.76626,0.76636,1.50,1.50
2018.05.09 12:17:45.606,0.76626,0.76635,1.00,1.00
2018.05.09 12:17:46.189,0.76627,0.76635,1.00,1.00
2018.05.09 12:17:47.584,0.76627,0.76637,2.25,1.50
2018.05.09 12:17:47.635,0.76627,0.76635,1.50,1.00
2018.05.09 12:17:47.685,0.76627,0.76637,2.25,1.50
2018.05.09 12:17:48.267,0.76627,0.76635,1.50,1.00
2018.05.09 12:17:48.369,0.76628,0.76637,1.50,1.00
2018.05.09 12:17:48.665,0.76629,0.76635,1.00,1.00
2018.05.09 12:17:48.803,0.76629,0.76637,1.00,1.00
2018.05.09 12:17:49.410,0.7663,0.76637,1.00,1.00
2018.05.09 12:17:49.892,0.76627,0.76637,1.50,1.00
2018.05.09 12:17:50.582,0.76627,0.76636,1.00,1.00
2018.05.09 12:17:50.634,0.76628,0.76638,1.00,1.00
2018.05.09 12:17:51.143,0.76628,0.76637,1.00,1.00
2018.05.09 12:17:53.277,0.76629,0.76639,1.00,1.50
2018.05.09 12:17:55.061,0.76628,0.76638,2.25,1.00
2018.05.09 12:17:55.698,0.7663,0.7664,1.50,1.00
2018.05.09 12:17:56.107,0.76632,0.76641,1.00,1.00
2018.05.09 12:17:56.672,0.76633,0.76641,1.00,1.00
2018.05.09 12:17:57.633,0.76633,0.7664,1.00,1.00
2018.05.09 12:17:58.154,0.76632,0.7664,1.00,1.00
2018.05.09 12:18:00.218,0.76634,0.76644,1.00,1.50
2018.05.09 12:18:00.321,0.76638,0.76647,1.00,1.00
2018.05.09 12:18:00.475,0.76636,0.76646,2.25,1.00
2018.05.09 12:18:00.782,0.76636,0.76644,1.00,1.00
2018.05.09 12:18:01.106,0.76634,0.76644,1.50,1.00
2018.05.09 12:18:01.702,0.76636,0.76645,1.00,1.00
2018.05.09 12:18:02.744,0.76635,0.76645,1.50,1.00
2018.05.09 12:18:03.052,0.76637,0.76646,1.00,1.00
2018.05.09 12:18:03.388,0.76636,0.76643,1.00,1.00
2018.05.09 12:18:04.221,0.76635,0.76643,1.00,1.00
2018.05.09 12:18:04.729,0.76635,0.76642,1.00,1.00
2018.05.09 12:18:05.613,0.76635,0.76643,1.00,1.00
2018.05.09 12:18:05.881,0.76633,0.76642,1.00,1.00
2018.05.09 12:18:06.402,0.76634,0.76641,1.00,1.00
2018.05.09 12:18:07.157,0.76635,0.76645,1.00,1.69
2018.05.09 12:18:07.260,0.76636,0.76643,1.00,1.00
2018.05.09 12:18:07.312,0.76635,0.76645,1.00,1.50
2018.05.09 12:18:07.417,0.76638,0.76648,1.00,2.25
2018.05.09 12:18:07.743,0.7664,0.76648,1.00,1.50
2018.05.09 12:18:08.100,0.76638,0.76648,1.50,1.00
2018.05.09 12:18:08.500,0.7664,0.76646,1.00,1.00
2018.05.09 12:18:08.603,0.76636,0.76645,1.00,1.00
2018.05.09 12:18:08.910,0.76634,0.76644,2.25,1.00
2018.05.09 12:18:09.264,0.76632,0.76642,3.00,1.00
2018.05.09 12:18:09.774,0.76631,0.76641,1.50,1.00
2018.05.09 12:18:10.272,0.76634,0.76644,1.00,1.50
2018.05.09 12:18:10.876,0.76635,0.76645,1.00,1.50
2018.05.09 12:18:11.412,0.76636,0.76646,1.00,1.50
2018.05.09 12:18:12.843,0.76636,0.76645,1.00,1.00
2018.05.09 12:18:13.384,0.76635,0.76645,1.50,1.00
2018.05.09 12:18:14.137,0.76636,0.76646,1.00,1.50
2018.05.09 12:18:14.896,0.76637,0.76647,1.00,1.00
2018.05.09 12:18:15.420,0.76636,0.76646,1.50,1.00
2018.05.09 12:18:17.399,0.76638,0.76648,1.00,1.00
2018.05.09 12:18:18.277,0.76636,0.76645,1.50,1.00
2018.05.09 12:18:18.548,0.76636,0.76647,1.00,2.25
2018.05.09 12:18:18.650,0.76634,0.76643,1.00,1.00
2018.05.09 12:18:18.803,0.76635,0.76645,1.00,1.50
2018.05.09 12:18:19.352,0.76636,0.76645,1.00,1.00
2018.05.09 12:18:19.862,0.76636,0.76646,1.00,1.00
2018.05.09 12:18:20.594,0.76637,0.76647,1.00,1.50
2018.05.09 12:18:20.696,0.7664,0.7665,1.00,1.00
2018.05.09 12:18:21.169,0.76642,0.7665,1.00,1.00
2018.05.09 12:18:21.372,0.76642,0.76652,1.50,1.00
2018.05.09 12:18:22.425,0.76641,0.76649,1.00,1.00
2018.05.09 12:18:22.476,0.76639,0.76649,1.50,1.00
2018.05.09 12:18:22.631,0.7664,0.76651,2.25,1.50
2018.05.09 12:18:22.682,0.76642,0.76651,1.00,1.00
2018.05.09 12:18:23.245,0.76641,0.76651,1.00,1.50
2018.05.09 12:18:23.565,0.76642,0.76653,1.00,2.25
2018.05.09 12:18:23.718,0.76641,0.76651,1.00,1.00
2018.05.09 12:18:24.412,0.76642,0.76652,1.00,1.00
2018.05.09 12:18:24.934,0.76642,0.76651,1.00,1.00
2018.05.09 12:18:26.241,0.76642,0.76652,1.00,1.00
2018.05.09 12:18:27.105,0.76641,0.76651,1.00,1.00
2018.05.09 12:18:27.651,0.7664,0.7665,1.00,1.50
2018.05.09 12:18:29.875,0.76641,0.7665,1.00,1.00
2018.05.09 12:18:30.418,0.7664,0.76651,1.00,1.50
2018.05.09 12:18:31.088,0.76641,0.76651,1.00,1.50
2018.05.09 12:18:32.292,0.76642,0.76651,1.00,1.00
2018.05.09 12:18:33.140,0.76642,0.76652,1.00,3.00
2018.05.09 12:18:33.471,0.76645,0.76654,1.00,1.00
2018.05.09 12:18:34.406,0.76644,0.76654,1.50,1.50
2018.05.09 12:18:34.915,0.76645,0.76654,1.50,1.00
2018.05.09 12:18:35.709,0.76645,0.76655,1.50,1.00
2018.05.09 12:18:35.761,0.76646,0.76657,1.00,1.50
2018.05.09 12:18:36.902,0.76645,0.76655,1.50,1.00
2018.05.09 12:18:37.453,0.76646,0.76656,1.00,1.00
2018.05.09 12:18:38.048,0.76647,0.76657,1.00,1.50
2018.05.09 12:18:38.553,0.76646,0.76656,1.00,1.00
2018.05.09 12:18:40.063,0.76646,0.76657,1.00,1.50
2018.05.09 12:18:40.822,0.76647,0.76657,1.00,1.50
2018.05.09 12:18:43.190,0.76646,0.76656,1.00,1.00
2018.05.09 12:18:44.430,0.76645,0.76656,1.00,1.50
2018.05.09 12:18:45.265,0.76645,0.76655,1.00,1.00
2018.05.09 12:18:45.776,0.76644,0.76655,1.50,1.00
2018.05.09 12:18:46.292,0.76645,0.76656,1.00,1.50
2018.05.09 12:18:46.857,0.76645,0.76655,1.00,1.00
2018.05.09 12:18:47.499,0.76646,0.76656,1.00,1.00
2018.05.09 12:18:47.838,0.76645,0.76654,1.00,1.00
2018.05.09 12:18:48.851,0.76644,0.76654,1.00,1.00
2018.05.09 12:18:54.674,0.76645,0.76654,1.00,1.00
2018.05.09 12:18:55.349,0.76644,0.76654,1.00,1.50
2018.05.09 12:18:56.505,0.76645,0.76654,1.00,1.00
2018.05.09 12:18:57.021,0.76644,0.76654,1.00,1.50
2018.05.09 12:18:57.786,0.76645,0.76654,1.00,1.00
2018.05.09 12:18:58.114,0.76642,0.76649,1.00,1.00
2018.05.09 12:18:58.216,0.76638,0.76648,3.00,1.00
2018.05.09 12:18:58.711,0.7664,0.76651,1.50,1.50
2018.05.09 12:18:59.264,0.7664,0.7665,1.50,1.00
2018.05.09 12:18:59.811,0.7664,0.76651,2.25,1.50
2018.05.09 12:19:01.582,0.76642,0.76651,1.00,1.00
2018.05.09 12:19:01.891,0.76641,0.76649,1.00,1.00
2018.05.09 12:19:02.428,0.7664,0.7665,1.00,2.25
2018.05.09 12:19:03.004,0.7664,0.76649,1.00,1.00
2018.05.09 12:19:03.580,0.7664,0.76648,1.00,1.00
2018.05.09 12:19:03.889,0.76638,0.76646,1.00,1.00
2018.05.09 12:19:04.173,0.76638,0.76648,1.00,2.25
2018.05.09 12:19:04.224,0.76638,0.76646,1.00,1.00
2018.05.09 12:19:04.275,0.76638,0.76648,1.00,2.25
2018.05.09 12:19:04.327,0.76637,0.76646,1.00,1.00
2018.05.09 12:19:04.378,0.76637,0.76648,1.50,2.25
2018.05.09 12:19:04.429,0.76637,0.76646,1.00,1.00
2018.05.09 12:19:05.747,0.76637,0.76647,1.50,1.00
2018.05.09 12:19:06.331,0.76637,0.76646,1.00,1.00
2018.05.09 12:19:07.170,0.76637,0.76647,1.50,1.00
2018.05.09 12:19:07.677,0.76637,0.76646,1.00,1.00
2018.05.09 12:19:07.880,0.76638,0.76648,1.00,2.25
2018.05.09 12:19:08.426,0.76637,0.76646,1.00,1.00
2018.05.09 12:19:08.975,0.76636,0.76646,2.25,1.00
2018.05.09 12:19:09.590,0.76635,0.76645,1.00,1.00
2018.05.09 12:19:10.122,0.76635,0.76644,1.00,1.00
2018.05.09 12:19:10.654,0.76634,0.76644,2.25,1.50
2018.05.09 12:19:10.958,0.76634,0.76642,1.00,1.00
2018.05.09 12:19:11.009,0.76632,0.76642,2.25,1.00
2018.05.09 12:19:11.570,0.76633,0.76643,1.50,1.00
2018.05.09 12:19:14.178,0.76633,0.76642,1.00,1.00
2018.05.09 12:19:14.427,0.76631,0.76638,1.00,1.60
2018.05.09 12:19:14.479,0.76627,0.76637,1.50,1.50
2018.05.09 12:19:15.148,0.76627,0.76638,1.50,1.50
2018.05.09 12:19:15.680,0.76627,0.76637,1.00,1.00
2018.05.09 12:19:16.210,0.76627,0.76636,1.00,1.00
2018.05.09 12:19:16.998,0.76627,0.76637,1.50,1.00
2018.05.09 12:19:17.942,0.76627,0.76636,1.00,1.00
2018.05.09 12:19:18.471,0.76627,0.76635,1.00,1.00
2018.05.09 12:19:18.762,0.76627,0.76637,1.00,1.50
2018.05.09 12:19:19.111,0.76626,0.76635,1.00,1.00
2018.05.09 12:19:19.623,0.76625,0.76635,2.25,1.00
2018.05.09 12:19:20.136,0.76625,0.76634,1.00,1.00
2018.05.09 12:19:20.662,0.76625,0.76635,1.50,1.00
2018.05.09 12:19:21.941,0.76625,0.76634,1.50,1.00
2018.05.09 12:19:22.502,0.76625,0.76635,1.50,1.00
2018.05.09 12:19:22.809,0.76624,0.76632,1.00,1.00
2018.05.09 12:19:22.912,0.76624,0.76634,1.50,1.00
2018.05.09 12:19:23.083,0.76623,0.76632,1.50,1.00
2018.05.09 12:19:23.186,0.76621,0.76631,1.50,1.00
2018.05.09 12:19:23.695,0.76622,0.76632,1.00,1.00
2018.05.09 12:19:24.201,0.76622,0.76631,1.00,1.00
2018.05.09 12:19:24.711,0.76623,0.76631,1.00,1.00
2018.05.09 12:19:25.219,0.76622,0.7663,1.00,1.00
2018.05.09 12:19:25.734,0.76622,0.76631,1.00,1.00
2018.05.09 12:19:25.939,0.76621,0.76629,1.00,1.00
2018.05.09 12:19:26.158,0.76621,0.76631,1.00,1.00
2018.05.09 12:19:26.668,0.76622,0.7663,1.00,1.00
2018.05.09 12:19:27.200,0.76621,0.7663,1.50,1.00
2018.05.09 12:19:30.287,0.76621,0.76629,1.50,1.00
2018.05.09 12:19:30.693,0.76621,0.76631,2.25,1.00
2018.05.09 12:19:30.745,0.76621,0.76629,1.50,1.00
2018.05.09 12:19:30.899,0.76621,0.76631,2.25,1.00
2018.05.09 12:19:30.950,0.76621,0.76629,1.50,1.00
2018.05.09 12:19:31.103,0.76621,0.76631,2.25,1.00
2018.05.09 12:19:31.155,0.76621,0.76629,1.50,1.00
2018.05.09 12:19:31.206,0.76621,0.76631,2.25,1.00
2018.05.09 12:19:31.885,0.76621,0.76629,1.50,1.00
2018.05.09 12:19:32.248,0.76621,0.76631,2.25,1.00
2018.05.09 12:19:32.786,0.76622,0.76631,1.00,1.00
2018.05.09 12:19:33.442,0.76622,0.7663,1.00,1.00
2018.05.09 12:19:33.548,0.76623,0.76633,1.00,1.00
2018.05.09 12:19:34.055,0.76622,0.76632,2.25,1.00
2018.05.09 12:19:34.567,0.76623,0.76632,1.00,1.00
2018.05.09 12:19:35.121,0.76623,0.76631,1.00,1.00
2018.05.09 12:19:35.223,0.76623,0.76633,1.50,1.50
2018.05.09 12:19:35.275,0.76623,0.76631,1.00,1.00
2018.05.09 12:19:35.393,0.76623,0.76633,1.50,1.50
2018.05.09 12:19:35.495,0.76623,0.76631,1.00,1.00
2018.05.09 12:19:35.699,0.76623,0.76633,1.50,1.50
2018.05.09 12:19:35.751,0.76623,0.76631,1.00,1.00
2018.05.09 12:19:35.922,0.76624,0.76633,1.00,1.50
2018.05.09 12:19:36.346,0.76623,0.76631,1.00,1.00
2018.05.09 12:19:36.889,0.76622,0.76632,2.25,1.00
2018.05.09 12:19:37.461,0.76622,0.76631,1.50,1.00
2018.05.09 12:19:37.983,0.76622,0.7663,1.00,1.00
2018.05.09 12:19:38.572,0.76622,0.76631,1.00,1.00
2018.05.09 12:19:39.115,0.76622,0.7663,1.00,1.00
2018.05.09 12:19:39.403,0.76622,0.76632,1.50,1.00
2018.05.09 12:19:39.556,0.76622,0.7663,1.00,1.00
2018.05.09 12:19:39.775,0.76622,0.76632,1.50,1.00
2018.05.09 12:19:40.006,0.76622,0.7663,1.00,1.00
2018.05.09 12:19:40.365,0.76622,0.76632,1.50,1.00
2018.05.09 12:19:40.416,0.76622,0.7663,1.00,1.00
2018.05.09 12:19:40.468,0.76622,0.76632,1.50,1.00
2018.05.09 12:19:40.519,0.76622,0.7663,1.00,1.00
2018.05.09 12:19:40.674,0.76622,0.76632,1.50,1.00
2018.05.09 12:19:41.010,0.76622,0.7663,1.00,1.00
2018.05.09 12:19:41.314,0.76622,0.76632,1.50,1.00
2018.05.09 12:19:41.815,0.76622,0.76631,1.00,1.00
2018.05.09 12:19:42.668,0.76622,0.76632,1.50,1.00
2018.05.09 12:19:43.194,0.76622,0.76631,1.00,1.00
2018.05.09 12:19:43.771,0.76622,0.7663,1.50,1.00
2018.05.09 12:19:45.021,0.76622,0.76631,1.00,1.00
2018.05.09 12:19:45.560,0.76622,0.7663,1.00,1.00
2018.05.09 12:19:45.982,0.76626,0.76635,1.00,1.00
2018.05.09 12:19:46.034,0.76629,0.76637,1.00,2.25
2018.05.09 12:19:46.340,0.76631,0.76637,1.00,1.00
2018.05.09 12:19:46.459,0.76629,0.76637,1.00,1.00
2018.05.09 12:19:46.963,0.76628,0.76637,1.50,1.00
2018.05.09 12:19:47.495,0.76629,0.76638,1.00,1.00
2018.05.09 12:19:48.107,0.76629,0.76636,1.00,1.00
2018.05.09 12:19:48.158,0.76629,0.76638,1.00,1.00
2018.05.09 12:19:48.763,0.76628,0.76638,2.25,1.00
2018.05.09 12:19:49.299,0.76629,0.76637,1.00,1.00
2018.05.09 12:19:49.826,0.7663,0.76638,1.00,1.00
2018.05.09 12:19:50.366,0.7663,0.76639,1.00,1.00
2018.05.09 12:19:50.417,0.7663,0.76637,1.00,1.00
2018.05.09 12:19:50.571,0.7663,0.76639,1.00,1.00
2018.05.09 12:19:50.622,0.7663,0.76637,1.00,1.00
2018.05.09 12:19:51.255,0.7663,0.76639,1.00,1.00
2018.05.09 12:19:51.307,0.7663,0.76637,1.00,1.00
2018.05.09 12:19:51.460,0.7663,0.76639,1.00,1.00
2018.05.09 12:19:51.562,0.7663,0.76637,1.00,1.00
2018.05.09 12:19:51.791,0.76631,0.76639,1.00,1.50
2018.05.09 12:19:52.165,0.76629,0.76638,1.50,1.00
2018.05.09 12:19:55.072,0.76629,0.76637,1.00,1.00
2018.05.09 12:19:56.003,0.76627,0.76635,1.50,1.00
2018.05.09 12:19:56.509,0.76626,0.76634,1.00,1.00
2018.05.09 12:19:57.488,0.76629,0.76634,1.00,1.00
2018.05.09 12:19:58.264,0.76629,0.76635,1.00,1.00
2018.05.09 12:19:58.806,0.76628,0.76635,1.00,1.00
2018.05.09 12:19:59.330,0.76629,0.76635,1.00,1.00
2018.05.09 12:19:59.840,0.76628,0.76636,1.00,1.50
2018.05.09 12:20:00.145,0.76625,0.76629,1.00,1.00
2018.05.09 12:20:00.228,0.76625,0.76629,1.00,1.00
2018.05.09 12:20:00.381,0.76623,0.76628,1.00,1.00
2018.05.09 12:20:00.433,0.76623,0.76631,1.00,1.50
2018.05.09 12:20:00.585,0.76627,0.76632,1.00,1.50
2018.05.09 12:20:01.091,0.76625,0.76632,1.00,1.50
2018.05.09 12:20:02.106,0.76625,0.76631,1.00,1.00
2018.05.09 12:20:02.809,0.76626,0.76632,1.00,1.00
2018.05.09 12:20:03.016,0.76626,0.76635,1.50,1.50
2018.05.09 12:20:03.067,0.76628,0.76632,1.00,1.00
2018.05.09 12:20:03.169,0.76625,0.76632,1.00,1.00
2018.05.09 12:20:03.702,0.76626,0.76632,1.00,1.00
2018.05.09 12:20:05.399,0.76627,0.76632,1.00,1.00
2018.05.09 12:20:05.605,0.76629,0.76636,1.00,1.00
2018.05.09 12:20:05.661,0.76632,0.76638,1.00,1.00
2018.05.09 12:20:06.196,0.76632,0.76637,1.00,1.00
2018.05.09 12:20:06.503,0.7663,0.76636,1.00,1.00
2018.05.09 12:20:06.911,0.76632,0.76637,1.00,1.50
2018.05.09 12:20:07.819,0.76632,0.76636,1.00,1.00
2018.05.09 12:20:08.261,0.7663,0.76634,1.00,1.00
2018.05.09 12:20:08.364,0.76629,0.76635,1.00,1.00
2018.05.09 12:20:08.811,0.76628,0.76637,1.00,1.50
2018.05.09 12:20:09.329,0.76629,0.76637,1.00,1.50
2018.05.09 12:20:09.590,0.76631,0.76637,1.00,1.50
2018.05.09 12:20:10.127,0.76631,0.76636,1.00,1.00
2018.05.09 12:20:10.649,0.7663,0.76636,1.00,1.00
2018.05.09 12:20:11.459,0.76629,0.76636,1.00,1.00
2018.05.09 12:20:12.004,0.76631,0.76636,1.00,1.00
2018.05.09 12:20:12.729,0.7663,0.76636,1.00,1.00
2018.05.09 12:20:13.263,0.76626,0.76635,1.00,1.00
2018.05.09 12:20:13.315,0.76625,0.76629,1.00,1.00
2018.05.09 12:20:13.376,0.76623,0.76629,1.00,1.00
2018.05.09 12:20:13.477,0.76621,0.76629,1.00,1.50
2018.05.09 12:20:13.986,0.76625,0.76631,1.00,1.00
2018.05.09 12:20:14.037,0.76625,0.76633,1.00,1.00
2018.05.09 12:20:14.446,0.76628,0.76636,1.00,1.00
2018.05.09 12:20:14.774,0.76631,0.76637,1.00,1.00
2018.05.09 12:20:15.283,0.7663,0.76637,1.00,1.00
2018.05.09 12:20:15.828,0.7663,0.76636,1.00,1.00
2018.05.09 12:20:16.359,0.76629,0.76636,1.00,1.50
2018.05.09 12:20:16.693,0.76621,0.76629,1.00,1.00
2018.05.09 12:20:16.846,0.76621,0.76631,1.50,2.25
2018.05.09 12:20:16.897,0.76623,0.76631,1.00,1.50
2018.05.09 12:20:16.999,0.76623,0.76633,2.25,1.50
2018.05.09 12:20:17.100,0.76626,0.76633,1.00,1.50
2018.05.09 12:20:17.813,0.76626,0.76632,1.00,1.00
2018.05.09 12:20:17.865,0.76622,0.7663,1.50,1.50
2018.05.09 12:20:18.413,0.76622,0.76629,1.00,1.00
2018.05.09 12:20:20.445,0.76622,0.7663,1.00,1.00
2018.05.09 12:20:20.825,0.76623,0.76632,1.00,2.25
2018.05.09 12:20:20.978,0.76627,0.76632,1.00,1.00
2018.05.09 12:20:21.550,0.76627,0.76631,1.00,1.00
2018.05.09 12:20:21.993,0.76625,0.76631,1.00,1.00
2018.05.09 12:20:22.269,0.76627,0.76632,1.00,1.50
2018.05.09 12:20:22.915,0.76627,0.76633,1.00,1.00
2018.05.09 12:20:23.265,0.76625,0.76631,1.00,1.00
2018.05.09 12:20:23.780,0.76624,0.76632,1.00,1.50
2018.05.09 12:20:24.208,0.76626,0.76632,1.00,1.00
2018.05.09 12:20:24.757,0.76627,0.76631,1.00,1.00
2018.05.09 12:20:25.016,0.76626,0.76633,1.00,1.00
2018.05.09 12:20:25.533,0.76627,0.76634,1.00,1.50
2018.05.09 12:20:26.984,0.76626,0.76631,1.00,1.00
2018.05.09 12:20:27.290,0.76623,0.76629,1.00,1.00
2018.05.09 12:20:27.847,0.76623,0.7663,1.00,2.25
2018.05.09 12:20:27.934,0.76626,0.76631,1.00,1.00
2018.05.09 12:20:28.241,0.76627,0.76633,1.00,1.00
2018.05.09 12:20:29.395,0.76627,0.76634,1.00,1.50
2018.05.09 12:20:29.497,0.76629,0.76634,1.00,1.00
2018.05.09 12:20:29.702,0.76627,0.76633,1.00,1.12
2018.05.09 12:20:29.960,0.76627,0.76635,1.00,1.50
2018.05.09 12:20:30.042,0.76629,0.76635,1.00,1.50
2018.05.09 12:20:31.161,0.76626,0.76635,1.00,1.50
2018.05.09 12:20:31.694,0.76625,0.76635,1.50,1.50
2018.05.09 12:20:32.086,0.76627,0.76633,1.00,1.00
2018.05.09 12:20:32.187,0.76624,0.76633,1.00,1.00
2018.05.09 12:20:32.742,0.76624,0.76632,1.00,1.00
2018.05.09 12:20:32.947,0.76624,0.76634,1.00,1.50
2018.05.09 12:20:33.051,0.76626,0.76636,1.50,1.50
2018.05.09 12:20:33.377,0.76628,0.76636,1.00,1.50
2018.05.09 12:20:33.968,0.76627,0.76636,1.00,1.00
2018.05.09 12:20:34.192,0.76624,0.76634,1.50,1.50
2018.05.09 12:20:34.618,0.76626,0.76634,1.00,1.50
2018.05.09 12:20:35.258,0.76627,0.76636,1.00,1.00
2018.05.09 12:20:35.721,0.76628,0.76638,1.00,1.50
2018.05.09 12:20:36.248,0.76629,0.76638,1.00,1.50
2018.05.09 12:20:36.490,0.76627,0.76636,1.00,1.00
2018.05.09 12:20:36.850,0.76628,0.76638,1.00,2.25
2018.05.09 12:20:37.444,0.76629,0.76638,2.25,1.00
2018.05.09 12:20:38.242,0.76629,0.76637,1.00,1.00
2018.05.09 12:20:38.293,0.76626,0.76636,2.25,1.00
2018.05.09 12:20:39.211,0.76625,0.76635,1.00,1.00
2018.05.09 12:20:39.886,0.76625,0.76634,1.00,1.00
2018.05.09 12:20:40.393,0.76624,0.76634,2.25,1.00
2018.05.09 12:20:40.745,0.76623,0.76632,1.00,1.00
2018.05.09 12:20:40.899,0.76624,0.76634,1.00,1.50
2018.05.09 12:20:41.001,0.76624,0.76632,1.00,1.00
2018.05.09 12:20:41.103,0.76622,0.76632,2.25,1.00
2018.05.09 12:20:41.643,0.76623,0.76633,1.00,1.50
2018.05.09 12:20:42.562,0.76623,0.76632,1.00,1.00
2018.05.09 12:20:43.094,0.76623,0.76633,1.50,1.50
2018.05.09 12:20:43.823,0.76623,0.76632,1.00,1.00
2018.05.09 12:20:44.325,0.76623,0.76633,1.50,1.50
2018.05.09 12:20:45.195,0.76623,0.76632,1.00,1.00
2018.05.09 12:20:45.907,0.76622,0.76631,1.00,1.00
2018.05.09 12:20:46.060,0.76623,0.76633,1.00,2.25
2018.05.09 12:20:46.112,0.76622,0.76631,1.00,1.00
2018.05.09 12:20:46.624,0.76621,0.76631,1.00,2.25
2018.05.09 12:20:47.134,0.76622,0.76631,1.50,1.50
2018.05.09 12:20:47.684,0.76621,0.7663,1.00,1.00
2018.05.09 12:20:48.244,0.76621,0.76631,1.00,2.25
2018.05.09 12:20:48.789,0.76621,0.7663,1.00,1.00
2018.05.09 12:20:49.313,0.76621,0.76631,1.50,2.25
2018.05.09 12:20:49.835,0.76621,0.7663,1.00,1.00
2018.05.09 12:20:50.378,0.76621,0.76629,1.00,1.00
2018.05.09 12:20:50.589,0.76621,0.76631,1.00,2.25
2018.05.09 12:20:50.691,0.76623,0.76631,1.50,1.00
2018.05.09 12:20:50.793,0.76623,0.76633,1.50,2.25
2018.05.09 12:20:51.308,0.76624,0.76633,1.00,1.50
2018.05.09 12:20:51.811,0.76623,0.76633,1.50,1.50
2018.05.09 12:20:52.327,0.76623,0.76632,1.00,1.00
2018.05.09 12:20:52.831,0.76623,0.76633,1.00,2.25
2018.05.09 12:20:54.578,0.76623,0.76632,1.00,1.00
2018.05.09 12:20:55.087,0.76623,0.76631,1.00,1.00
2018.05.09 12:20:55.188,0.76623,0.76633,1.50,1.50
2018.05.09 12:20:55.903,0.76624,0.76633,1.00,1.50
2018.05.09 12:20:56.430,0.76624,0.76632,1.50,1.00
2018.05.09 12:20:56.734,0.76624,0.76634,2.25,1.00
2018.05.09 12:20:57.274,0.76624,0.76632,1.00,1.00
2018.05.09 12:20:58.242,0.76622,0.76632,2.25,1.50
2018.05.09 12:20:58.451,0.76622,0.7663,1.50,1.00
2018.05.09 12:21:00.548,0.76622,0.76631,1.50,1.00
2018.05.09 12:21:01.062,0.76622,0.7663,1.50,1.00
2018.05.09 12:21:01.582,0.76622,0.76631,1.50,1.00
2018.05.09 12:21:02.175,0.76623,0.76631,1.00,1.00
2018.05.09 12:21:02.687,0.76622,0.7663,1.50,1.00
2018.05.09 12:21:03.197,0.76622,0.76631,1.50,1.00
2018.05.09 12:21:04.563,0.76622,0.76632,2.25,1.00
2018.05.09 12:21:05.105,0.76622,0.76631,1.50,1.00
2018.05.09 12:21:06.580,0.76622,0.76632,2.25,1.00
2018.05.09 12:21:07.387,0.76622,0.7663,1.50,1.00
2018.05.09 12:21:08.567,0.76622,0.76631,1.00,1.00
2018.05.09 12:21:09.080,0.76622,0.76632,1.50,1.50
2018.05.09 12:21:09.847,0.76622,0.76631,1.00,1.00
2018.05.09 12:21:10.718,0.76622,0.7663,1.00,1.00
2018.05.09 12:21:11.692,0.76622,0.76632,1.50,1.50
2018.05.09 12:21:12.231,0.76622,0.76631,1.00,1.00
2018.05.09 12:21:13.123,0.76622,0.7663,1.00,1.00
2018.05.09 12:21:13.174,0.7662,0.76628,1.50,1.35
2018.05.09 12:21:13.378,0.76616,0.76626,1.50,1.00
2018.05.09 12:21:14.339,0.76615,0.76622,1.00,1.00
2018.05.09 12:21:14.391,0.76613,0.76621,1.50,1.50
2018.05.09 12:21:14.443,0.76611,0.76618,1.00,1.50
2018.05.09 12:21:14.495,0.76608,0.76616,1.00,1.00
2018.05.09 12:21:14.656,0.76608,0.76618,1.50,1.50
2018.05.09 12:21:15.407,0.76611,0.76618,1.00,1.00
2018.05.09 12:21:15.914,0.7661,0.76619,1.00,1.00
2018.05.09 12:21:16.303,0.76612,0.76619,1.00,1.00
2018.05.09 12:21:16.796,0.7661,0.76617,1.00,1.00
2018.05.09 12:21:17.322,0.76611,0.76618,1.00,1.00
2018.05.09 12:21:17.904,0.76611,0.76617,1.00,1.00
2018.05.09 12:21:18.190,0.76608,0.76615,1.00,1.00
2018.05.09 12:21:18.697,0.76607,0.76615,1.00,1.00
2018.05.09 12:21:18.759,0.76609,0.76615,1.00,1.00
2018.05.09 12:21:19.171,0.76607,0.76614,1.50,1.00
2018.05.09 12:21:19.497,0.76609,0.76615,1.00,1.00
2018.05.09 12:21:20.114,0.76608,0.76615,1.00,1.00
2018.05.09 12:21:20.624,0.76607,0.76614,1.00,1.00
2018.05.09 12:21:21.239,0.76606,0.76614,1.00,1.00
2018.05.09 12:21:21.290,0.76606,0.76616,1.50,1.00
2018.05.09 12:21:21.842,0.76606,0.76615,1.00,1.00
2018.05.09 12:21:22.379,0.76607,0.76615,1.00,1.00
2018.05.09 12:21:23.097,0.76606,0.76615,1.50,1.00
2018.05.09 12:21:23.646,0.76606,0.76616,2.25,1.00
2018.05.09 12:21:23.751,0.76607,0.76614,1.00,1.00
2018.05.09 12:21:23.904,0.76605,0.76614,1.50,1.00
2018.05.09 12:21:24.881,0.76605,0.76613,1.50,1.00
2018.05.09 12:21:25.409,0.76604,0.76613,1.50,1.00
2018.05.09 12:21:27.981,0.76605,0.76613,1.00,1.00
2018.05.09 12:21:30.291,0.76605,0.76612,1.00,1.00
2018.05.09 12:21:30.821,0.76605,0.76613,1.00,1.00
2018.05.09 12:21:32.097,0.76606,0.76613,1.00,1.00
2018.05.09 12:21:32.149,0.76606,0.76615,1.00,1.50
2018.05.09 12:21:32.956,0.76606,0.76614,1.00,1.00
2018.05.09 12:21:33.489,0.76607,0.76614,1.00,1.00
2018.05.09 12:21:34.006,0.76605,0.76613,1.00,1.00
2018.05.09 12:21:38.564,0.76604,0.76613,1.00,1.00
2018.05.09 12:21:39.595,0.76605,0.76613,1.00,1.00
2018.05.09 12:21:40.076,0.76606,0.76615,1.00,1.00
2018.05.09 12:21:40.614,0.76606,0.76614,1.00,1.00
2018.05.09 12:21:41.164,0.76605,0.76613,1.00,1.00
2018.05.09 12:21:41.689,0.76605,0.76614,1.00,1.00
2018.05.09 12:21:42.229,0.76606,0.76614,1.00,1.00
2018.05.09 12:21:42.736,0.76606,0.76613,1.00,1.00
2018.05.09 12:21:43.287,0.76605,0.76613,1.00,1.00
2018.05.09 12:21:43.838,0.76604,0.76613,1.00,1.00
2018.05.09 12:21:44.462,0.76605,0.76613,1.00,1.00
2018.05.09 12:21:48.962,0.76605,0.76614,1.00,1.00
2018.05.09 12:21:49.920,0.76605,0.76613,1.00,1.00
2018.05.09 12:21:50.493,0.76604,0.76613,1.00,1.00
2018.05.09 12:21:51.613,0.76605,0.76613,1.00,1.50
2018.05.09 12:21:52.117,0.76605,0.76614,1.00,1.00
2018.05.09 12:21:52.664,0.76606,0.76613,1.00,1.00
2018.05.09 12:21:53.188,0.76606,0.76614,1.00,1.00
2018.05.09 12:21:53.695,0.76606,0.76613,1.00,1.00
2018.05.09 12:21:54.205,0.76606,0.76614,1.00,1.00
2018.05.09 12:21:54.740,0.76605,0.76614,1.00,1.00
2018.05.09 12:21:55.247,0.76605,0.76613,1.00,1.00
2018.05.09 12:21:55.855,0.76604,0.76613,1.00,1.00
2018.05.09 12:21:56.491,0.76605,0.76613,1.50,1.00
2018.05.09 12:21:57.446,0.76605,0.76614,1.00,1.50
2018.05.09 12:21:58.671,0.76603,0.76612,1.00,1.00
2018.05.09 12:21:59.571,0.76603,0.76613,1.50,1.00
2018.05.09 12:22:00.300,0.76603,0.76612,1.00,1.00
2018.05.09 12:22:00.630,0.76601,0.76609,1.50,1.00
2018.05.09 12:22:00.804,0.76596,0.76605,1.50,1.00
2018.05.09 12:22:01.325,0.76595,0.76605,1.50,1.00
2018.05.09 12:22:01.840,0.76596,0.76606,1.00,1.00
2018.05.09 12:22:02.768,0.76595,0.76605,1.00,1.00
2018.05.09 12:22:03.293,0.76596,0.76606,1.00,1.50
2018.05.09 12:22:03.815,0.76596,0.76607,1.00,1.00
2018.05.09 12:22:05.338,0.76597,0.76607,1.00,1.00
2018.05.09 12:22:05.839,0.76596,0.76607,1.00,1.00
2018.05.09 12:22:06.392,0.76597,0.76607,1.00,1.00
2018.05.09 12:22:06.909,0.76596,0.76607,1.00,2.25
2018.05.09 12:22:09.630,0.76596,0.76606,1.00,1.00
2018.05.09 12:22:10.174,0.76595,0.76606,1.50,1.00
2018.05.09 12:22:10.743,0.76595,0.76605,1.50,1.00
2018.05.09 12:22:11.258,0.76595,0.76606,1.50,1.00
2018.05.09 12:22:11.810,0.76595,0.76605,1.00,1.50
2018.05.09 12:22:13.234,0.76594,0.76605,1.00,2.25
2018.05.09 12:22:13.337,0.76593,0.766,1.00,1.00
2018.05.09 12:22:13.392,0.76591,0.76599,1.12,1.50
2018.05.09 12:22:13.599,0.7659,0.76601,1.50,1.50
2018.05.09 12:22:14.100,0.76591,0.76601,1.00,1.50
2018.05.09 12:22:15.244,0.76591,0.76602,1.50,1.00
2018.05.09 12:22:15.354,0.76593,0.76604,1.00,1.50
2018.05.09 12:22:15.662,0.76591,0.76602,2.25,1.00
2018.05.09 12:22:16.340,0.76591,0.76601,2.25,1.00
2018.05.09 12:22:16.974,0.76591,0.76602,2.25,1.50
2018.05.09 12:22:17.593,0.76591,0.76601,1.50,1.00
2018.05.09 12:22:18.474,0.76591,0.76602,2.25,1.50
2018.05.09 12:22:18.799,0.7659,0.766,1.00,1.00
2018.05.09 12:22:20.101,0.76591,0.76601,1.00,1.00
2018.05.09 12:22:20.707,0.76591,0.76602,1.00,2.25
2018.05.09 12:22:21.382,0.76591,0.76601,1.00,1.00
2018.05.09 12:22:21.887,0.76591,0.76602,1.00,3.00
2018.05.09 12:22:22.521,0.76591,0.76601,1.00,1.00
2018.05.09 12:22:23.076,0.76591,0.76602,1.00,2.25
2018.05.09 12:22:23.592,0.76591,0.76601,1.00,1.00
2018.05.09 12:22:24.138,0.7659,0.766,1.00,1.50
2018.05.09 12:22:24.639,0.76589,0.766,1.00,1.00
2018.05.09 12:22:25.161,0.76589,0.76599,1.00,1.50
2018.05.09 12:22:25.757,0.76588,0.76599,1.50,1.00
2018.05.09 12:22:26.247,0.7659,0.766,1.50,1.50
2018.05.09 12:22:27.161,0.76588,0.76599,1.50,1.00
2018.05.09 12:22:27.696,0.76589,0.76599,1.00,1.50
2018.05.09 12:22:28.202,0.76588,0.76599,1.50,1.50
2018.05.09 12:22:28.796,0.76589,0.76599,1.00,1.50
2018.05.09 12:22:29.443,0.76588,0.76599,1.50,1.50
2018.05.09 12:22:30.282,0.76588,0.76598,1.50,1.00
2018.05.09 12:22:30.821,0.76588,0.76599,1.50,1.50
2018.05.09 12:22:35.863,0.76588,0.76598,1.00,1.00
2018.05.09 12:22:36.116,0.7659,0.76599,1.00,1.00
2018.05.09 12:22:36.319,0.76588,0.76599,2.25,1.00
2018.05.09 12:22:36.522,0.76587,0.76596,1.00,1.00
2018.05.09 12:22:36.573,0.76585,0.76596,1.50,1.50
2018.05.09 12:22:37.061,0.76588,0.76598,1.00,1.50
2018.05.09 12:22:37.573,0.76588,0.76597,1.00,1.00
2018.05.09 12:22:38.164,0.76587,0.76597,1.00,1.50
2018.05.09 12:22:38.713,0.76585,0.76596,2.25,1.00
2018.05.09 12:22:40.047,0.76586,0.76597,1.00,1.50
2018.05.09 12:22:40.958,0.76585,0.76595,1.50,1.00
2018.05.09 12:22:41.294,0.76588,0.76598,1.50,1.00
2018.05.09 12:22:42.487,0.76591,0.766,1.00,1.00
2018.05.09 12:22:42.538,0.76591,0.76602,1.50,2.10
2018.05.09 12:22:42.691,0.76591,0.766,1.00,1.00
2018.05.09 12:22:42.844,0.76589,0.766,1.00,2.25
2018.05.09 12:22:42.947,0.76588,0.76598,2.25,1.00
2018.05.09 12:22:44.791,0.7659,0.76601,1.50,1.50
2018.05.09 12:22:45.322,0.7659,0.76598,1.00,1.00
2018.05.09 12:22:45.373,0.76587,0.76598,2.25,1.00
2018.05.09 12:22:45.901,0.76588,0.76598,1.00,1.00
2018.05.09 12:22:47.569,0.76589,0.76599,1.00,2.25
2018.05.09 12:22:48.850,0.76588,0.76598,1.50,1.00
2018.05.09 12:22:48.994,0.7659,0.766,1.00,1.00
2018.05.09 12:22:49.507,0.7659,0.76601,1.00,1.50
2018.05.09 12:22:50.065,0.76589,0.766,2.25,1.00
2018.05.09 12:22:51.327,0.7659,0.76601,1.00,1.50
2018.05.09 12:22:51.878,0.76591,0.766,1.00,1.00
2018.05.09 12:22:52.046,0.76588,0.76598,1.00,1.00
2018.05.09 12:22:52.435,0.76587,0.76595,1.00,1.00
2018.05.09 12:22:52.637,0.76586,0.76597,2.25,1.00
2018.05.09 12:22:53.075,0.76588,0.76598,1.50,1.50
2018.05.09 12:22:53.604,0.76588,0.76597,1.50,1.00
2018.05.09 12:22:54.235,0.76588,0.76599,2.25,1.00
2018.05.09 12:22:55.024,0.76588,0.76598,1.50,1.00
2018.05.09 12:22:56.785,0.76588,0.76597,1.00,1.00
2018.05.09 12:22:57.608,0.76588,0.76598,1.50,1.00
2018.05.09 12:22:59.506,0.76589,0.76599,1.00,1.50
2018.05.09 12:22:59.714,0.76588,0.76597,1.00,1.00
2018.05.09 12:22:59.918,0.76589,0.76599,1.00,1.50
2018.05.09 12:23:00.053,0.76591,0.76601,1.00,1.50
2018.05.09 12:23:00.513,0.76592,0.76603,1.50,1.50
2018.05.09 12:23:00.763,0.76593,0.76601,1.00,1.00
2018.05.09 12:23:00.919,0.7659,0.766,3.00,1.00
2018.05.09 12:23:01.622,0.7659,0.76601,3.00,1.00
2018.05.09 12:23:01.725,0.76592,0.76602,1.00,1.50
2018.05.09 12:23:02.066,0.76594,0.76604,2.25,1.00
2018.05.09 12:23:02.529,0.76592,0.76601,1.00,1.00
2018.05.09 12:23:02.580,0.76592,0.76603,1.50,1.50
2018.05.09 12:23:02.632,0.76592,0.76601,1.00,1.00
2018.05.09 12:23:03.071,0.76593,0.76603,1.00,1.50
2018.05.09 12:23:03.652,0.76594,0.76603,1.00,1.00
2018.05.09 12:23:04.161,0.76594,0.76604,1.00,1.00
2018.05.09 12:23:04.664,0.76595,0.76605,1.00,1.00
2018.05.09 12:23:04.767,0.76597,0.76605,1.00,1.00
2018.05.09 12:23:05.095,0.76597,0.76607,1.00,1.50
2018.05.09 12:23:05.264,0.76598,0.76609,1.50,1.50
2018.05.09 12:23:05.800,0.76599,0.76609,1.00,1.50
2018.05.09 12:23:06.496,0.76598,0.76608,1.50,1.00
2018.05.09 12:23:07.017,0.76597,0.76608,1.50,1.00
2018.05.09 12:23:07.554,0.76598,0.76608,1.00,1.00
2018.05.09 12:23:08.478,0.76597,0.76607,1.00,1.00
2018.05.09 12:23:10.404,0.76597,0.76606,1.00,1.00
2018.05.09 12:23:10.947,0.76597,0.76607,1.00,1.50
2018.05.09 12:23:11.452,0.76598,0.76607,1.00,1.00
2018.05.09 12:23:11.964,0.76597,0.76607,1.00,1.00
2018.05.09 12:23:12.804,0.76596,0.76606,2.25,1.00
2018.05.09 12:23:13.113,0.76598,0.76609,1.00,2.25
2018.05.09 12:23:13.165,0.766,0.76609,1.00,2.25
2018.05.09 12:23:13.267,0.76598,0.76608,1.50,1.00
2018.05.09 12:23:13.813,0.76599,0.76609,1.00,1.50
2018.05.09 12:23:15.685,0.76601,0.7661,1.00,1.00
2018.05.09 12:23:16.225,0.76604,0.76613,1.00,2.25
2018.05.09 12:23:16.677,0.76602,0.76612,1.00,1.00
2018.05.09 12:23:16.779,0.766,0.76611,1.00,1.00
2018.05.09 12:23:16.881,0.76602,0.76612,1.00,1.00
2018.05.09 12:23:17.186,0.76601,0.7661,1.00,1.00
2018.05.09 12:23:17.402,0.76599,0.7661,1.50,1.50
2018.05.09 12:23:17.862,0.76599,0.76608,1.50,1.00
2018.05.09 12:23:18.460,0.76598,0.76609,1.50,1.50
2018.05.09 12:23:19.254,0.76599,0.7661,1.00,1.50
2018.05.09 12:23:19.794,0.76598,0.76609,1.00,1.50
2018.05.09 12:23:20.317,0.76598,0.76608,1.00,1.00
2018.05.09 12:23:21.706,0.76599,0.76609,1.00,1.00
2018.05.09 12:23:22.256,0.76598,0.76608,1.00,1.00
2018.05.09 12:23:23.171,0.76599,0.7661,1.00,2.25
2018.05.09 12:23:23.982,0.766,0.7661,1.00,3.00
2018.05.09 12:23:24.618,0.76601,0.7661,1.00,1.50
2018.05.09 12:23:25.135,0.766,0.76611,1.00,1.50
2018.05.09 12:23:25.237,0.76599,0.76609,2.25,1.00
2018.05.09 12:23:25.573,0.76601,0.7661,1.00,1.00
2018.05.09 12:23:25.960,0.76601,0.76612,1.50,1.00
2018.05.09 12:23:26.587,0.76602,0.76612,1.00,1.00
2018.05.09 12:23:28.439,0.76603,0.76613,1.00,2.25
2018.05.09 12:23:28.498,0.766,0.76611,1.50,1.00
2018.05.09 12:23:29.236,0.766,0.7661,1.00,1.50
2018.05.09 12:23:29.774,0.766,0.76611,1.00,1.50
2018.05.09 12:23:31.364,0.76601,0.76612,1.00,1.50
2018.05.09 12:23:31.843,0.766,0.7661,1.50,1.00
2018.05.09 12:23:32.926,0.76599,0.7661,1.00,1.50
2018.05.09 12:23:33.316,0.76599,0.76608,1.00,1.00
2018.05.09 12:23:33.723,0.766,0.7661,1.00,1.50
2018.05.09 12:23:34.250,0.76599,0.76609,1.00,1.00
2018.05.09 12:23:34.519,0.76596,0.76608,1.50,2.25
2018.05.09 12:23:34.736,0.76596,0.76606,1.00,1.50
2018.05.09 12:23:34.892,0.76593,0.76604,1.50,1.50
2018.05.09 12:23:35.199,0.76595,0.76605,1.00,1.00
2018.05.09 12:23:36.047,0.76595,0.76606,1.50,1.00
2018.05.09 12:23:36.396,0.76598,0.76607,1.00,1.00
2018.05.09 12:23:37.803,0.76597,0.76607,1.00,1.00
2018.05.09 12:23:38.239,0.76598,0.76609,1.00,2.25
2018.05.09 12:23:38.845,0.76599,0.76609,1.00,1.50
2018.05.09 12:23:39.447,0.766,0.76609,1.00,1.00
2018.05.09 12:23:41.391,0.76597,0.76608,1.87,1.00
2018.05.09 12:23:41.492,0.76597,0.76606,1.50,1.00
2018.05.09 12:23:42.210,0.76597,0.76607,1.00,1.00
2018.05.09 12:23:43.241,0.76596,0.76607,1.00,1.00
2018.05.09 12:23:43.545,0.76599,0.76609,1.00,1.50
2018.05.09 12:23:44.759,0.766,0.76609,1.00,1.00
2018.05.09 12:23:45.093,0.76596,0.76607,2.10,2.25
2018.05.09 12:23:46.082,0.76595,0.76606,2.44,1.00
2018.05.09 12:23:46.596,0.76596,0.76607,1.00,2.25
2018.05.09 12:23:47.620,0.76595,0.76605,2.25,1.00
2018.05.09 12:23:48.195,0.76594,0.76605,1.50,1.50
2018.05.09 12:23:49.006,0.76595,0.76604,1.00,1.00
2018.05.09 12:23:49.542,0.76594,0.76604,1.00,1.00
2018.05.09 12:23:50.018,0.76596,0.76605,1.00,1.00
2018.05.09 12:23:50.588,0.76595,0.76605,1.00,1.00
2018.05.09 12:23:51.127,0.76595,0.76606,1.50,1.00
2018.05.09 12:23:51.474,0.76597,0.76608,1.50,1.00
2018.05.09 12:23:51.979,0.76598,0.76609,1.50,2.25
2018.05.09 12:23:52.300,0.76597,0.76607,1.50,1.00
2018.05.09 12:23:52.808,0.76598,0.76608,1.00,1.00
2018.05.09 12:23:53.325,0.76597,0.76608,1.50,1.50
2018.05.09 12:23:53.855,0.766,0.76608,1.00,1.00
2018.05.09 12:23:54.370,0.76598,0.76609,1.50,1.50
2018.05.09 12:23:55.316,0.76599,0.76609,1.00,1.50
2018.05.09 12:23:55.851,0.76597,0.76608,1.50,1.00
2018.05.09 12:23:56.423,0.76598,0.76608,1.00,1.00
2018.05.09 12:23:56.924,0.76599,0.76609,1.00,1.50
2018.05.09 12:23:58.784,0.76598,0.76609,1.00,1.50
2018.05.09 12:23:58.886,0.76598,0.76606,1.00,1.00
2018.05.09 12:23:58.988,0.76596,0.76606,1.00,1.00
2018.05.09 12:23:59.513,0.76597,0.76607,1.00,1.50
2018.05.09 12:24:01.203,0.76599,0.76609,1.00,1.00
2018.05.09 12:24:01.408,0.76594,0.76605,4.69,1.00
2018.05.09 12:24:01.459,0.76597,0.76606,1.00,1.00
2018.05.09 12:24:01.613,0.76595,0.76606,1.50,1.50
2018.05.09 12:24:01.715,0.76597,0.76606,1.00,1.00
2018.05.09 12:24:02.341,0.76595,0.76606,1.50,1.50
2018.05.09 12:24:02.718,0.76597,0.76606,1.00,1.00
2018.05.09 12:24:02.867,0.76597,0.76608,1.00,1.69
2018.05.09 12:24:03.308,0.76599,0.76608,1.00,1.50
2018.05.09 12:24:03.842,0.76598,0.76608,1.00,1.00
2018.05.09 12:24:04.339,0.76596,0.76607,2.25,1.00
2018.05.09 12:24:04.966,0.76596,0.76605,1.50,1.00
2018.05.09 12:24:05.512,0.76595,0.76605,1.00,1.00
2018.05.09 12:24:06.333,0.76594,0.76605,1.00,2.25
2018.05.09 12:24:06.937,0.76594,0.76604,1.50,1.00
2018.05.09 12:24:07.327,0.76596,0.76605,1.00,1.00
2018.05.09 12:24:07.715,0.76594,0.76605,1.50,1.50
2018.05.09 12:24:08.240,0.76594,0.76604,1.00,1.00
2018.05.09 12:24:10.224,0.76593,0.76604,1.00,1.00
2018.05.09 12:24:10.428,0.76595,0.76605,1.00,2.25
2018.05.09 12:24:10.530,0.76593,0.76604,1.50,1.50
2018.05.09 12:24:11.065,0.76593,0.76603,1.50,1.00
2018.05.09 12:24:11.645,0.76594,0.76604,1.00,1.00
2018.05.09 12:24:12.159,0.76593,0.76604,2.25,1.00
2018.05.09 12:24:12.721,0.76593,0.76603,1.00,1.50
2018.05.09 12:24:13.575,0.76593,0.76602,1.00,1.00
2018.05.09 12:24:13.961,0.76591,0.76601,3.75,1.00
2018.05.09 12:24:14.013,0.76592,0.76603,1.00,1.50
2018.05.09 12:24:14.546,0.76591,0.76602,4.50,1.00
2018.05.09 12:24:15.887,0.76592,0.76603,1.00,1.50
2018.05.09 12:24:16.433,0.76592,0.76602,1.00,1.00
2018.05.09 12:24:18.436,0.76592,0.76601,1.00,1.00
2018.05.09 12:24:18.765,0.76592,0.76603,1.00,1.50
2018.05.09 12:24:19.706,0.76592,0.76601,1.00,1.00
2018.05.09 12:24:20.231,0.76591,0.76601,1.00,1.50
2018.05.09 12:24:20.740,0.76592,0.76601,1.00,1.00
2018.05.09 12:24:21.283,0.76591,0.76601,1.00,1.50
2018.05.09 12:24:21.783,0.76592,0.76603,1.00,3.00
2018.05.09 12:24:22.419,0.76594,0.76603,1.00,1.00
2018.05.09 12:24:22.982,0.76592,0.76603,1.50,2.25
2018.05.09 12:24:24.017,0.76594,0.76603,1.00,1.00
2018.05.09 12:24:24.763,0.76594,0.76604,1.00,2.25
2018.05.09 12:24:25.313,0.76593,0.76603,1.00,1.00
2018.05.09 12:24:26.772,0.76592,0.76602,1.00,1.00
2018.05.09 12:24:27.454,0.76591,0.76602,1.00,1.50
2018.05.09 12:24:27.760,0.76586,0.76597,1.00,1.50
2018.05.09 12:24:28.274,0.76587,0.76598,1.00,2.25
2018.05.09 12:24:30.029,0.76588,0.76598,1.00,2.25
2018.05.09 12:24:30.084,0.76585,0.76596,1.50,1.00
2018.05.09 12:24:30.186,0.76585,0.76594,1.00,1.00
2018.05.09 12:24:30.440,0.76587,0.76597,1.00,1.00
2018.05.09 12:24:30.491,0.76589,0.76599,1.00,3.00
2018.05.09 12:24:31.011,0.76587,0.76598,1.50,1.00
2018.05.09 12:24:31.066,0.7659,0.766,1.50,1.00
2018.05.09 12:24:31.402,0.76587,0.76597,2.25,1.50
2018.05.09 12:24:31.711,0.76587,0.76595,1.50,1.00
2018.05.09 12:24:31.763,0.76587,0.76597,1.50,1.50
2018.05.09 12:24:32.118,0.76589,0.76599,1.00,1.00
2018.05.09 12:24:32.634,0.76589,0.766,1.00,1.50
2018.05.09 12:24:33.181,0.76587,0.76597,2.85,1.00
2018.05.09 12:24:33.838,0.76587,0.76598,1.00,2.25
2018.05.09 12:24:34.343,0.76588,0.76598,1.00,1.50
2018.05.09 12:24:36.350,0.76587,0.76598,1.00,1.50
2018.05.09 12:24:37.644,0.76588,0.76598,1.00,1.00
2018.05.09 12:24:38.129,0.76586,0.76596,2.25,1.00
2018.05.09 12:24:40.076,0.76587,0.76596,1.00,1.50
2018.05.09 12:24:40.623,0.76588,0.76597,1.00,1.00
2018.05.09 12:24:41.251,0.76587,0.76597,1.00,1.00
2018.05.09 12:24:41.790,0.76588,0.76597,1.00,1.00
2018.05.09 12:24:42.683,0.76587,0.76597,1.50,1.00
2018.05.09 12:24:43.642,0.76588,0.76597,1.00,1.00
2018.05.09 12:24:44.163,0.76589,0.76597,1.00,1.00
2018.05.09 12:24:50.573,0.76587,0.76596,1.00,1.00
2018.05.09 12:24:50.879,0.76589,0.76598,1.00,1.00
2018.05.09 12:24:51.342,0.76589,0.766,1.00,1.50
2018.05.09 12:24:51.393,0.76591,0.766,1.00,1.00
2018.05.09 12:24:51.940,0.76592,0.766,1.00,1.00
2018.05.09 12:24:52.093,0.7659,0.76601,1.50,1.50
2018.05.09 12:24:52.296,0.76588,0.76598,1.35,1.00
2018.05.09 12:24:52.612,0.76589,0.766,1.00,2.25
2018.05.09 12:24:53.067,0.76588,0.76597,1.00,1.00
2018.05.09 12:24:53.500,0.7659,0.766,1.00,2.25
2018.05.09 12:24:54.012,0.76589,0.76599,1.50,1.00
2018.05.09 12:24:54.730,0.76588,0.76599,1.35,1.00
2018.05.09 12:24:55.233,0.76588,0.76598,1.00,1.00
2018.05.09 12:24:55.769,0.76587,0.76598,3.00,1.00
2018.05.09 12:24:56.164,0.76589,0.76599,1.00,1.00
2018.05.09 12:24:56.215,0.76587,0.76598,3.00,1.50
2018.05.09 12:24:56.755,0.76589,0.76599,1.00,1.00
2018.05.09 12:24:57.080,0.76591,0.766,1.00,1.00
2018.05.09 12:24:57.646,0.76591,0.76601,1.00,1.00
2018.05.09 12:25:00.095,0.76589,0.76599,1.00,1.00
2018.05.09 12:25:00.147,0.76587,0.76598,3.00,1.00
2018.05.09 12:25:00.754,0.76589,0.76598,1.00,1.00
2018.05.09 12:25:00.858,0.7659,0.766,1.00,1.50
2018.05.09 12:25:01.431,0.7659,0.76601,1.00,1.50
2018.05.09 12:25:01.947,0.7659,0.766,1.00,1.50
2018.05.09 12:25:02.111,0.76588,0.76599,2.25,1.00
2018.05.09 12:25:02.635,0.76589,0.766,1.00,2.25
2018.05.09 12:25:03.139,0.7659,0.766,1.00,1.50
2018.05.09 12:25:03.291,0.76589,0.76597,1.00,1.00
2018.05.09 12:25:03.394,0.76587,0.76597,1.00,1.00
2018.05.09 12:25:03.913,0.76586,0.76597,2.25,1.50
2018.05.09 12:25:04.293,0.76588,0.76597,1.00,1.00
2018.05.09 12:25:04.729,0.76586,0.76597,2.25,1.50
2018.05.09 12:25:05.318,0.76589,0.76598,1.00,1.00
2018.05.09 12:25:06.045,0.76588,0.76599,1.00,1.50
2018.05.09 12:25:08.879,0.76587,0.76598,1.50,1.00
2018.05.09 12:25:09.394,0.76588,0.76597,1.00,1.00
2018.05.09 12:25:09.793,0.76591,0.76599,1.00,1.00
2018.05.09 12:25:09.844,0.76591,0.76602,1.50,2.25
2018.05.09 12:25:10.395,0.76592,0.76602,1.00,1.00
2018.05.09 12:25:10.915,0.76593,0.76602,1.00,1.00
2018.05.09 12:25:12.251,0.76593,0.76603,1.00,1.50
2018.05.09 12:25:12.947,0.76593,0.76602,1.00,1.00
2018.05.09 12:25:13.654,0.76592,0.76602,1.50,1.00
2018.05.09 12:25:14.173,0.76592,0.76603,1.50,1.50
2018.05.09 12:25:14.225,0.76594,0.76603,1.00,1.00
2018.05.09 12:25:14.328,0.76595,0.76605,1.00,1.00
2018.05.09 12:25:14.837,0.76595,0.76606,1.00,2.25
2018.05.09 12:25:21.321,0.76595,0.76605,1.00,1.00
2018.05.09 12:25:21.372,0.76594,0.76603,1.00,1.00
2018.05.09 12:25:21.673,0.76588,0.76599,2.25,1.50
2018.05.09 12:25:21.724,0.76588,0.76597,1.00,1.50
2018.05.09 12:25:21.928,0.76589,0.76599,1.00,1.00
2018.05.09 12:25:22.994,0.7659,0.76599,1.00,1.00
2018.05.09 12:25:23.552,0.76588,0.76599,1.00,1.50
2018.05.09 12:25:24.134,0.7659,0.76599,1.00,1.00
2018.05.09 12:25:24.855,0.7659,0.766,1.00,1.00
2018.05.09 12:25:25.462,0.7659,0.76601,1.00,2.25
2018.05.09 12:25:26.644,0.76592,0.766,1.00,1.00
2018.05.09 12:25:26.852,0.76591,0.76602,1.50,1.50
2018.05.09 12:25:27.365,0.76591,0.76601,1.00,1.00
2018.05.09 12:25:30.014,0.76591,0.76602,1.50,1.50
2018.05.09 12:25:30.587,0.76593,0.76602,1.00,1.00
2018.05.09 12:25:30.894,0.76593,0.76604,1.00,2.25
2018.05.09 12:25:31.257,0.76592,0.76602,1.00,1.00
2018.05.09 12:25:31.730,0.76595,0.76605,1.00,1.50
2018.05.09 12:25:32.245,0.76596,0.76606,1.00,1.50
2018.05.09 12:25:32.851,0.76595,0.76605,1.00,1.00
2018.05.09 12:25:33.471,0.76595,0.76606,1.00,1.50
2018.05.09 12:25:34.279,0.76596,0.76606,1.00,1.50
2018.05.09 12:25:34.788,0.76594,0.76605,1.50,1.00
2018.05.09 12:25:34.840,0.76594,0.76603,1.00,1.00
2018.05.09 12:25:34.994,0.76592,0.76603,2.25,1.00
2018.05.09 12:25:35.600,0.76593,0.76604,1.00,2.25
2018.05.09 12:25:35.651,0.76592,0.76602,2.25,1.00
2018.05.09 12:25:36.199,0.76592,0.76603,1.50,1.50
2018.05.09 12:25:36.739,0.76591,0.76602,1.00,1.50
2018.05.09 12:25:37.473,0.76592,0.76602,1.00,1.00
2018.05.09 12:25:38.951,0.76591,0.76602,1.50,1.00
2018.05.09 12:25:39.262,0.76593,0.76603,1.00,1.00
2018.05.09 12:25:40.056,0.76592,0.76602,1.00,1.00
2018.05.09 12:25:40.289,0.76593,0.76604,1.00,1.50
2018.05.09 12:25:41.057,0.76592,0.76603,1.50,1.00
2018.05.09 12:25:44.005,0.76594,0.76604,1.00,1.50
2018.05.09 12:25:44.516,0.76593,0.76603,1.50,1.00
2018.05.09 12:25:44.989,0.76594,0.76605,1.00,2.25
2018.05.09 12:25:45.286,0.76593,0.76603,1.50,1.00
2018.05.09 12:25:46.972,0.76592,0.76602,1.00,1.00
2018.05.09 12:25:47.547,0.76593,0.76602,1.00,1.00
2018.05.09 12:25:48.474,0.76592,0.76602,1.00,1.00
2018.05.09 12:25:48.837,0.76594,0.76602,1.00,1.00
2018.05.09 12:25:48.939,0.76592,0.76602,1.00,1.00
2018.05.09 12:25:49.908,0.76593,0.76602,1.00,1.00
2018.05.09 12:25:50.468,0.76591,0.76602,1.00,2.25
2018.05.09 12:25:50.857,0.76593,0.76602,1.00,1.00
2018.05.09 12:25:51.517,0.76592,0.76602,1.00,1.00
2018.05.09 12:25:55.409,0.76593,0.76602,1.00,1.00
2018.05.09 12:25:56.839,0.76596,0.76604,1.00,1.50
2018.05.09 12:25:57.042,0.76598,0.76607,1.00,1.50
2018.05.09 12:25:57.381,0.766,0.76606,1.00,1.00
2018.05.09 12:25:57.634,0.766,0.76609,1.00,1.50
2018.05.09 12:25:57.786,0.76602,0.76609,1.00,1.00
2018.05.09 12:25:58.371,0.76603,0.76609,1.00,1.00
2018.05.09 12:25:58.882,0.76602,0.76609,1.00,1.00
2018.05.09 12:25:59.395,0.76601,0.76609,1.00,1.00
2018.05.09 12:25:59.736,0.76597,0.76601,1.00,1.00
2018.05.09 12:25:59.838,0.76598,0.76603,1.00,1.00
2018.05.09 12:26:00.036,0.76595,0.76602,1.00,1.50
2018.05.09 12:26:00.558,0.76594,0.76602,1.00,1.50
2018.05.09 12:26:01.065,0.76595,0.76602,1.00,1.50
2018.05.09 12:26:01.593,0.76595,0.76601,1.00,1.00
2018.05.09 12:26:02.157,0.76594,0.76602,1.00,1.50
2018.05.09 12:26:02.770,0.76594,0.76601,1.00,1.00
2018.05.09 12:26:03.309,0.76594,0.766,1.00,1.00
2018.05.09 12:26:04.243,0.76594,0.76601,1.00,1.00
2018.05.09 12:26:04.346,0.76595,0.76603,1.00,3.00
2018.05.09 12:26:04.522,0.76595,0.76601,1.00,1.00
2018.05.09 12:26:04.952,0.76593,0.76597,1.00,1.00
2018.05.09 12:26:05.004,0.76592,0.76599,1.00,1.00
2018.05.09 12:26:05.208,0.7659,0.76598,1.00,1.00
2018.05.09 12:26:05.759,0.76591,0.76599,1.00,1.50
2018.05.09 12:26:06.359,0.76591,0.76598,1.00,1.00
2018.05.09 12:26:07.629,0.76591,0.76599,1.00,2.25
2018.05.09 12:26:07.884,0.76593,0.766,1.00,1.00
2018.05.09 12:26:08.343,0.76592,0.76598,1.00,1.00
2018.05.09 12:26:08.513,0.7659,0.76598,1.00,1.00
2018.05.09 12:26:09.502,0.7659,0.76597,1.00,1.00
2018.05.09 12:26:10.873,0.7659,0.76598,1.00,1.50
2018.05.09 12:26:11.446,0.7659,0.76597,1.00,1.00
2018.05.09 12:26:12.181,0.76589,0.76597,1.00,1.00
2018.05.09 12:26:12.759,0.7659,0.76597,1.00,1.00
2018.05.09 12:26:14.242,0.7659,0.76598,1.00,1.00
2018.05.09 12:26:14.395,0.76592,0.76598,1.00,1.00
2018.05.09 12:26:14.914,0.76591,0.76598,1.00,1.00
2018.05.09 12:26:15.017,0.76591,0.766,1.00,1.00
2018.05.09 12:26:15.170,0.76594,0.76601,1.00,1.50
2018.05.09 12:26:15.824,0.76593,0.76601,1.00,1.00
2018.05.09 12:26:16.333,0.76593,0.76599,1.00,1.00
2018.05.09 12:26:16.881,0.76592,0.766,1.50,1.00
2018.05.09 12:26:17.637,0.76592,0.76599,1.50,1.00
2018.05.09 12:26:19.141,0.76591,0.76598,1.00,1.00
2018.05.09 12:26:22.161,0.76592,0.76599,1.00,1.00
2018.05.09 12:26:22.957,0.76592,0.766,1.00,1.00
2018.05.09 12:26:23.262,0.76596,0.76603,1.00,2.25
2018.05.09 12:26:23.314,0.76594,0.76602,1.00,1.00
2018.05.09 12:26:24.364,0.76591,0.76598,1.50,1.00
2018.05.09 12:26:24.728,0.76593,0.766,1.00,2.25
2018.05.09 12:26:25.233,0.76594,0.766,1.00,1.50
2018.05.09 12:26:26.585,0.76595,0.766,1.00,1.00
2018.05.09 12:26:27.094,0.76594,0.766,1.00,1.00
2018.05.09 12:26:28.218,0.76595,0.76603,1.00,1.50
2018.05.09 12:26:28.739,0.76594,0.76602,1.50,1.50
2018.05.09 12:26:29.784,0.76593,0.76601,1.00,1.00
2018.05.09 12:26:30.326,0.76593,0.766,1.00,1.50
2018.05.09 12:26:35.219,0.76594,0.76601,1.00,1.50
2018.05.09 12:26:36.617,0.76593,0.766,1.00,1.00
2018.05.09 12:26:37.241,0.76592,0.766,1.00,1.00
2018.05.09 12:26:37.934,0.76594,0.76601,1.00,1.00
2018.05.09 12:26:38.238,0.76591,0.76598,1.50,1.00
2018.05.09 12:26:40.159,0.7659,0.76598,1.50,1.00
2018.05.09 12:26:40.689,0.76591,0.76598,1.50,1.00
2018.05.09 12:26:41.307,0.76592,0.76599,1.00,1.00
2018.05.09 12:26:41.817,0.76591,0.76598,1.50,1.00
2018.05.09 12:26:42.670,0.76591,0.76599,1.50,1.00
2018.05.09 12:26:43.108,0.76593,0.76599,1.00,1.00
2018.05.09 12:26:43.418,0.76594,0.76601,1.00,1.00
2018.05.09 12:26:43.967,0.76593,0.766,1.00,1.00
2018.05.09 12:26:44.018,0.76594,0.76602,1.00,2.25
2018.05.09 12:26:44.325,0.76593,0.766,1.00,1.00
2018.05.09 12:26:44.458,0.76594,0.76602,1.00,1.50
2018.05.09 12:26:48.227,0.76594,0.76601,1.00,1.00
2018.05.09 12:26:48.732,0.76595,0.76602,1.00,1.00
2018.05.09 12:26:50.665,0.76594,0.76601,1.00,1.00
2018.05.09 12:26:51.183,0.76594,0.766,1.00,1.00
2018.05.09 12:26:51.688,0.76594,0.76601,1.50,1.00
2018.05.09 12:26:54.048,0.76594,0.766,1.00,1.00
2018.05.09 12:26:54.307,0.76592,0.76599,1.50,1.00
2018.05.09 12:26:54.841,0.76591,0.76598,1.50,1.00
2018.05.09 12:26:54.944,0.76592,0.766,1.00,1.00
2018.05.09 12:26:54.996,0.76591,0.76598,1.50,1.00
2018.05.09 12:26:56.038,0.7659,0.76597,1.50,1.00
2018.05.09 12:26:56.644,0.7659,0.76598,1.50,1.50
2018.05.09 12:26:58.069,0.76592,0.76598,1.00,1.00
2018.05.09 12:26:58.188,0.7659,0.76598,1.50,1.50
2018.05.09 12:26:58.290,0.76592,0.76599,1.00,1.00
2018.05.09 12:26:58.868,0.76592,0.76598,1.00,1.00
2018.05.09 12:27:00.335,0.76591,0.76598,1.00,1.50
2018.05.09 12:27:02.513,0.76592,0.76598,1.00,1.00
2018.05.09 12:27:07.117,0.76591,0.76598,1.00,1.50
2018.05.09 12:27:07.867,0.76592,0.76598,1.00,1.00
2018.05.09 12:27:08.664,0.76591,0.76598,1.00,1.50
2018.05.09 12:27:09.524,0.76592,0.76599,1.00,1.00
2018.05.09 12:27:10.085,0.76591,0.76599,1.00,1.00
2018.05.09 12:27:11.335,0.76591,0.76598,1.00,1.00
2018.05.09 12:27:12.264,0.7659,0.76598,1.00,1.00
2018.05.09 12:27:12.765,0.7659,0.76597,1.00,1.00
2018.05.09 12:27:13.334,0.76591,0.76598,1.00,1.00
2018.05.09 12:27:14.593,0.7659,0.76598,1.00,1.00
2018.05.09 12:27:14.899,0.76592,0.76599,1.00,1.00
2018.05.09 12:27:15.428,0.76591,0.76598,1.00,1.00
2018.05.09 12:27:16.182,0.76592,0.76599,1.00,1.00
2018.05.09 12:27:18.035,0.76591,0.76598,1.00,1.00
2018.05.09 12:27:19.250,0.76594,0.766,1.00,1.00
2018.05.09 12:27:19.653,0.76588,0.76595,1.50,1.00
2018.05.09 12:27:19.806,0.76586,0.76593,1.00,1.00
2018.05.09 12:27:20.326,0.76585,0.76592,1.00,1.50
2018.05.09 12:27:20.617,0.76586,0.76594,1.00,1.50
2018.05.09 12:27:21.120,0.76585,0.76593,1.00,1.00
2018.05.09 12:27:22.249,0.76586,0.76593,1.00,1.00
2018.05.09 12:27:22.609,0.76588,0.76594,1.00,1.00
2018.05.09 12:27:22.711,0.76583,0.7659,1.50,1.00
2018.05.09 12:27:23.167,0.76579,0.76589,1.00,1.50
2018.05.09 12:27:23.264,0.76577,0.76588,1.00,1.00
2018.05.09 12:27:23.422,0.76579,0.76588,1.00,1.00
2018.05.09 12:27:23.905,0.76582,0.76589,1.00,1.50
2018.05.09 12:27:24.525,0.76583,0.76589,1.00,1.00
2018.05.09 12:27:24.845,0.76585,0.76592,1.00,1.00
2018.05.09 12:27:24.896,0.76587,0.76594,1.00,1.50
2018.05.09 12:27:25.434,0.76586,0.76593,1.00,1.00
2018.05.09 12:27:25.753,0.76589,0.76595,1.00,1.00
2018.05.09 12:27:25.804,0.76589,0.76597,1.00,1.00
2018.05.09 12:27:26.395,0.76589,0.76596,1.00,1.00
2018.05.09 12:27:26.683,0.76587,0.76595,1.00,1.00
2018.05.09 12:27:27.210,0.76587,0.76594,1.00,1.00
2018.05.09 12:27:27.542,0.76588,0.76596,1.00,1.00
2018.05.09 12:27:27.698,0.7659,0.76597,1.00,1.00
2018.05.09 12:27:27.801,0.76588,0.76596,1.00,1.00
2018.05.09 12:27:29.218,0.76587,0.76595,1.00,1.00
2018.05.09 12:27:29.483,0.76589,0.76596,1.00,1.00
2018.05.09 12:27:30.071,0.76588,0.76596,1.00,1.50
2018.05.09 12:27:30.418,0.76588,0.76594,1.00,1.00
2018.05.09 12:27:30.618,0.76589,0.76596,1.00,2.25
2018.05.09 12:27:30.669,0.76587,0.76593,1.00,1.00
2018.05.09 12:27:30.720,0.76589,0.76596,1.00,3.00
2018.05.09 12:27:31.077,0.76586,0.76594,1.00,1.00
2018.05.09 12:27:31.627,0.76585,0.76593,1.00,1.00
2018.05.09 12:27:31.678,0.76587,0.76594,1.00,2.25
2018.05.09 12:27:32.058,0.76585,0.76593,1.00,1.00
2018.05.09 12:27:32.109,0.76587,0.76594,1.00,1.50
2018.05.09 12:27:32.211,0.76585,0.76593,1.00,1.00
2018.05.09 12:27:32.974,0.76587,0.76594,1.00,1.50
2018.05.09 12:27:33.293,0.76585,0.76592,1.00,1.00
2018.05.09 12:27:33.622,0.76587,0.76594,1.00,1.00
2018.05.09 12:27:34.213,0.76586,0.76593,1.00,1.00
2018.05.09 12:27:34.765,0.76585,0.76593,1.00,1.00
2018.05.09 12:27:35.814,0.76586,0.76593,1.00,1.00
2018.05.09 12:27:36.422,0.76585,0.76592,1.00,1.00
2018.05.09 12:27:36.627,0.76583,0.76591,1.00,1.00
2018.05.09 12:27:37.131,0.76584,0.76591,1.00,1.00
2018.05.09 12:27:37.669,0.76585,0.76591,1.00,1.00
2018.05.09 12:27:40.635,0.76584,0.76591,1.00,1.00
2018.05.09 12:27:41.077,0.76585,0.76593,1.00,1.00
2018.05.09 12:27:41.635,0.76585,0.76592,1.00,1.50
2018.05.09 12:27:42.189,0.76584,0.76591,1.00,1.00
2018.05.09 12:27:42.838,0.76584,0.76592,1.00,1.00
2018.05.09 12:27:43.392,0.76584,0.76591,1.00,1.00
2018.05.09 12:27:47.394,0.76585,0.76592,1.00,1.50
2018.05.09 12:27:47.666,0.76583,0.7659,1.00,1.00
2018.05.09 12:27:47.987,0.7658,0.76587,1.00,1.00
2018.05.09 12:27:48.376,0.76584,0.7659,1.00,1.00
2018.05.09 12:27:48.681,0.76588,0.76593,1.00,1.00
2018.05.09 12:27:48.929,0.7659,0.76597,1.00,1.00
2018.05.09 12:27:48.980,0.7659,0.76595,1.00,1.00
2018.05.09 12:27:49.183,0.7659,0.76597,1.00,1.00
2018.05.09 12:27:49.284,0.76591,0.76599,1.00,1.69
2018.05.09 12:27:49.886,0.76592,0.76599,1.00,1.25
2018.05.09 12:27:50.471,0.76591,0.76599,1.50,1.25
2018.05.09 12:27:50.699,0.76591,0.76597,1.50,1.00
2018.05.09 12:27:52.049,0.76592,0.76597,1.00,1.00
2018.05.09 12:27:52.625,0.76592,0.76599,1.00,1.50
2018.05.09 12:27:54.813,0.76591,0.76598,1.50,1.00
2018.05.09 12:27:55.343,0.7659,0.76598,1.00,1.50
2018.05.09 12:27:56.014,0.76591,0.76598,1.00,1.50
2018.05.09 12:27:56.116,0.76589,0.76596,1.00,1.00
2018.05.09 12:27:56.734,0.76589,0.76595,1.00,1.00
2018.05.09 12:27:57.388,0.76589,0.76594,1.00,1.00
2018.05.09 12:27:58.136,0.76589,0.76596,1.00,1.50
2018.05.09 12:28:00.324,0.7659,0.76596,1.00,1.00
2018.05.09 12:28:00.985,0.7659,0.76597,1.00,1.00
2018.05.09 12:28:01.792,0.76589,0.76596,1.00,1.50
2018.05.09 12:28:01.946,0.76588,0.76594,1.00,1.00
2018.05.09 12:28:02.048,0.76589,0.76596,1.00,2.25
2018.05.09 12:28:04.740,0.76589,0.76595,1.00,1.00
2018.05.09 12:28:05.725,0.76587,0.76595,1.00,1.50
2018.05.09 12:28:06.045,0.76589,0.76595,1.00,1.00
2018.05.09 12:28:07.264,0.76589,0.76596,1.00,3.00
2018.05.09 12:28:07.724,0.76589,0.76594,1.00,1.00
2018.05.09 12:28:07.833,0.76589,0.76596,1.00,3.00
2018.05.09 12:28:08.340,0.76589,0.76595,1.00,1.00
2018.05.09 12:28:09.191,0.76589,0.76596,1.00,3.75
2018.05.09 12:28:10.173,0.76589,0.76594,1.00,1.00
2018.05.09 12:28:10.806,0.76589,0.76595,1.00,1.00
2018.05.09 12:28:11.318,0.76589,0.76594,1.00,1.00
2018.05.09 12:28:11.369,0.76589,0.76596,1.00,2.25
2018.05.09 12:28:14.711,0.76589,0.76594,1.00,1.00
2018.05.09 12:28:14.873,0.76589,0.76596,1.00,1.00
2018.05.09 12:28:15.384,0.7659,0.76597,1.00,3.00
2018.05.09 12:28:17.633,0.76587,0.76594,1.00,1.00
2018.05.09 12:28:17.889,0.76583,0.76591,1.00,1.50
2018.05.09 12:28:18.165,0.76585,0.76592,1.00,1.50
2018.05.09 12:28:18.690,0.76586,0.76593,1.00,2.25
2018.05.09 12:28:19.468,0.76587,0.76594,1.00,1.00
2018.05.09 12:28:19.519,0.76585,0.76593,1.00,1.00
2018.05.09 12:28:19.571,0.76584,0.76591,1.00,1.00
2018.05.09 12:28:20.137,0.76584,0.76592,1.00,2.25
2018.05.09 12:28:20.859,0.76584,0.76591,1.00,1.00
2018.05.09 12:28:21.194,0.76587,0.76594,1.00,1.50
2018.05.09 12:28:23.360,0.76587,0.76593,1.00,1.00
2018.05.09 12:28:24.071,0.76587,0.76594,1.00,1.50
2018.05.09 12:28:24.580,0.76588,0.76595,1.00,1.50
2018.05.09 12:28:25.103,0.76587,0.76595,1.00,2.25
2018.05.09 12:28:26.316,0.76587,0.76594,1.00,1.00
2018.05.09 12:28:27.434,0.76586,0.76593,1.00,1.50
2018.05.09 12:28:28.197,0.76587,0.76595,1.00,1.50
2018.05.09 12:28:28.299,0.7659,0.76596,1.00,1.00
2018.05.09 12:28:28.813,0.7659,0.76597,1.00,2.25
2018.05.09 12:28:31.017,0.76591,0.76597,1.00,1.00
2018.05.09 12:28:31.764,0.76591,0.76598,1.00,1.50
2018.05.09 12:28:34.395,0.76591,0.76597,1.00,1.00
2018.05.09 12:28:34.990,0.76591,0.76598,1.00,1.50
2018.05.09 12:28:35.625,0.76588,0.76595,1.00,1.00
2018.05.09 12:28:38.168,0.76585,0.76592,1.00,1.00
2018.05.09 12:28:38.271,0.76586,0.76594,1.00,1.00
2018.05.09 12:28:39.501,0.76587,0.76595,1.00,1.50
2018.05.09 12:28:40.046,0.76588,0.76595,1.00,1.50
2018.05.09 12:28:40.620,0.76587,0.76594,1.00,1.00
2018.05.09 12:28:41.857,0.76587,0.76595,1.00,1.00
2018.05.09 12:28:42.406,0.76587,0.76594,1.00,1.00
2018.05.09 12:28:44.902,0.76588,0.76595,1.00,1.00
2018.05.09 12:28:45.439,0.76586,0.76593,1.00,1.00
2018.05.09 12:28:45.962,0.76587,0.76594,1.00,1.00
2018.05.09 12:28:46.468,0.76588,0.76595,1.00,1.00
2018.05.09 12:28:47.877,0.76587,0.76594,1.00,1.00
2018.05.09 12:28:50.199,0.76586,0.76593,1.00,1.00
2018.05.09 12:28:50.565,0.76588,0.76595,1.00,1.50
2018.05.09 12:28:51.192,0.76587,0.76594,1.00,1.00
2018.05.09 12:28:53.138,0.76586,0.76593,1.00,1.00
2018.05.09 12:28:53.674,0.76585,0.76592,1.00,1.00
2018.05.09 12:28:53.994,0.76587,0.76594,1.00,3.00
2018.05.09 12:28:54.335,0.76584,0.76591,1.00,1.50
2018.05.09 12:28:54.995,0.76583,0.7659,1.00,1.50
2018.05.09 12:28:55.625,0.76584,0.7659,1.00,1.00
2018.05.09 12:28:57.454,0.76584,0.76591,1.00,1.50
2018.05.09 12:28:57.845,0.76582,0.76589,1.00,1.00
2018.05.09 12:28:58.164,0.76584,0.76591,1.00,2.25
2018.05.09 12:28:58.773,0.76583,0.7659,1.00,1.00
2018.05.09 12:28:59.313,0.76582,0.76589,1.00,1.00
2018.05.09 12:29:00.249,0.76582,0.76588,1.00,1.00
2018.05.09 12:29:00.402,0.76583,0.7659,1.00,1.00
2018.05.09 12:29:01.872,0.76583,0.76589,1.00,1.00
2018.05.09 12:29:04.325,0.76582,0.76589,1.00,2.25
2018.05.09 12:29:06.564,0.7658,0.76587,1.00,1.50
2018.05.09 12:29:06.870,0.76577,0.76583,1.00,1.00
2018.05.09 12:29:07.411,0.76577,0.76584,1.00,2.25
2018.05.09 12:29:07.939,0.76576,0.76583,1.00,1.50
2018.05.09 12:29:08.904,0.76575,0.76582,1.00,1.00
2018.05.09 12:29:11.013,0.76576,0.76583,1.00,1.50
2018.05.09 12:29:11.652,0.76577,0.76584,1.00,1.50
2018.05.09 12:29:12.163,0.76578,0.76584,1.00,1.00
2018.05.09 12:29:12.702,0.76579,0.76585,1.00,1.00
2018.05.09 12:29:13.305,0.76579,0.76586,1.00,1.50
2018.05.09 12:29:14.437,0.76578,0.76585,1.00,1.00
2018.05.09 12:29:15.212,0.76575,0.76584,1.50,1.00
2018.05.09 12:29:16.490,0.76575,0.76585,1.50,1.00
2018.05.09 12:29:16.741,0.76575,0.76583,1.00,1.00
2018.05.09 12:29:17.287,0.76575,0.76584,1.00,1.00
2018.05.09 12:29:17.899,0.76576,0.76585,1.50,1.00
2018.05.09 12:29:18.959,0.76576,0.76586,1.00,2.25
2018.05.09 12:29:19.498,0.76575,0.76585,1.00,1.50
2018.05.09 12:29:21.147,0.76576,0.76585,1.00,1.50
2018.05.09 12:29:21.629,0.76577,0.76587,1.00,2.25
2018.05.09 12:29:22.138,0.76578,0.76587,1.00,1.50
2018.05.09 12:29:22.723,0.76576,0.76586,1.50,1.00
2018.05.09 12:29:23.248,0.76577,0.76586,1.00,1.00
2018.05.09 12:29:23.762,0.76578,0.76587,1.00,1.00
2018.05.09 12:29:24.249,0.76576,0.76586,2.25,1.00
2018.05.09 12:29:24.453,0.76576,0.76584,1.00,1.00
2018.05.09 12:29:25.630,0.76575,0.76584,1.00,1.00
2018.05.09 12:29:25.733,0.76573,0.76583,1.69,1.00
2018.05.09 12:29:26.211,0.76575,0.76584,1.00,1.50
2018.05.09 12:29:26.754,0.76574,0.76584,1.50,1.50
2018.05.09 12:29:27.282,0.76574,0.76583,1.00,1.00
2018.05.09 12:29:27.800,0.76574,0.76584,1.50,1.50
2018.05.09 12:29:28.302,0.76574,0.76583,1.00,1.00
2018.05.09 12:29:30.067,0.76573,0.76583,2.25,1.00
2018.05.09 12:29:30.689,0.76574,0.76584,1.00,1.00
2018.05.09 12:29:31.216,0.76573,0.76583,2.25,1.00
2018.05.09 12:29:31.557,0.76573,0.76581,1.00,1.00
2018.05.09 12:29:32.067,0.76573,0.76582,1.00,1.00
2018.05.09 12:29:32.641,0.76573,0.76581,1.00,1.00
2018.05.09 12:29:33.432,0.76572,0.76582,1.50,1.50
2018.05.09 12:29:33.944,0.76573,0.76583,2.25,1.00
2018.05.09 12:29:34.312,0.76575,0.76584,1.00,1.00
2018.05.09 12:29:34.568,0.76576,0.76586,1.00,2.25
2018.05.09 12:29:35.170,0.76576,0.76585,1.00,1.00
2018.05.09 12:29:35.672,0.76575,0.76585,1.00,1.50
2018.05.09 12:29:36.101,0.76577,0.76586,1.00,1.00
2018.05.09 12:29:36.204,0.76579,0.76589,1.00,1.00
2018.05.09 12:29:36.564,0.76581,0.7659,1.00,1.00
2018.05.09 12:29:37.050,0.7658,0.76592,1.00,1.50
2018.05.09 12:29:37.280,0.76582,0.76592,1.00,2.25
2018.05.09 12:29:37.880,0.76581,0.76591,1.50,1.00
2018.05.09 12:29:38.775,0.7658,0.7659,1.00,1.00
2018.05.09 12:29:39.520,0.76581,0.76592,1.50,1.00
2018.05.09 12:29:40.037,0.76582,0.76592,1.00,1.00
2018.05.09 12:29:40.140,0.76581,0.7659,1.00,1.00
2018.05.09 12:29:40.192,0.76579,0.7659,1.50,1.50
2018.05.09 12:29:40.301,0.76581,0.7659,1.00,1.00
2018.05.09 12:29:40.354,0.76579,0.7659,1.50,1.00
2018.05.09 12:29:40.713,0.76579,0.76588,1.00,1.00
2018.05.09 12:29:41.069,0.76576,0.76587,3.00,1.00
2018.05.09 12:29:41.764,0.76577,0.76587,1.00,1.00
2018.05.09 12:29:42.162,0.76579,0.7659,1.00,2.25
2018.05.09 12:29:42.265,0.76577,0.76588,1.12,1.50
2018.05.09 12:29:42.895,0.76579,0.76589,1.00,1.00
2018.05.09 12:29:43.216,0.76581,0.76591,1.00,1.50
2018.05.09 12:29:43.267,0.76582,0.76593,1.00,1.50
2018.05.09 12:29:43.750,0.7658,0.76592,1.50,1.00
2018.05.09 12:29:43.801,0.76579,0.7659,1.25,1.00
2018.05.09 12:29:44.342,0.76578,0.7659,1.50,1.00
2018.05.09 12:29:44.711,0.7658,0.76592,1.00,1.50
2018.05.09 12:29:45.411,0.76581,0.76594,1.00,3.75
2018.05.09 12:29:45.462,0.7658,0.76592,1.50,1.00
2018.05.09 12:29:45.565,0.76582,0.76595,1.00,1.00
2018.05.09 12:29:45.667,0.7658,0.76592,1.50,1.00
2018.05.09 12:29:46.190,0.76584,0.76593,1.00,1.00
2018.05.09 12:29:46.246,0.76584,0.76595,1.00,1.00
2018.05.09 12:29:46.298,0.76584,0.76597,1.00,2.25
2018.05.09 12:29:46.349,0.76577,0.76599,1.88,2.25
2018.05.09 12:29:46.605,0.76574,0.76596,1.38,1.00
2018.05.09 12:29:46.657,0.76574,0.76599,1.00,2.25
2018.05.09 12:29:46.709,0.76573,0.766,1.56,2.63
2018.05.09 12:29:47.127,0.76581,0.76601,1.38,1.00
2018.05.09 12:29:47.339,0.76587,0.76609,1.00,1.00
2018.05.09 12:29:47.390,0.76589,0.76611,1.00,1.75
2018.05.09 12:29:47.502,0.76589,0.76611,1.44,1.19
2018.05.09 12:29:47.553,0.7659,0.76611,1.38,1.00
2018.05.09 12:29:47.658,0.7659,0.76611,1.00,1.50
2018.05.09 12:29:47.713,0.76598,0.76617,1.00,1.00
2018.05.09 12:29:47.764,0.76595,0.76615,1.00,1.00
2018.05.09 12:29:47.815,0.76602,0.76617,1.00,1.00
2018.05.09 12:29:47.866,0.76599,0.76617,1.00,1.00
2018.05.09 12:29:47.917,0.76599,0.76621,1.00,1.75
2018.05.09 12:29:48.247,0.76601,0.76616,1.00,1.75
2018.05.09 12:29:48.364,0.76601,0.76615,1.00,1.75
2018.05.09 12:29:48.415,0.76596,0.76612,1.00,1.00
2018.05.09 12:29:48.517,0.76598,0.76618,1.00,1.00
2018.05.09 12:29:48.568,0.76598,0.7662,1.00,2.25
2018.05.09 12:29:48.619,0.76602,0.76621,1.00,3.00
2018.05.09 12:29:48.964,0.76602,0.76617,1.00,1.00
2018.05.09 12:29:49.016,0.76602,0.76619,1.00,1.00
2018.05.09 12:29:49.067,0.76598,0.76619,1.50,1.00
2018.05.09 12:29:49.119,0.76595,0.76618,1.00,1.50
2018.05.09 12:29:49.221,0.76595,0.76614,1.00,1.38
2018.05.09 12:29:49.272,0.76595,0.76614,1.00,1.00
2018.05.09 12:29:49.377,0.76593,0.76616,1.00,2.06
2018.05.09 12:29:49.429,0.76593,0.76615,1.00,1.38
2018.05.09 12:29:49.480,0.76589,0.76613,1.00,1.00
2018.05.09 12:29:49.652,0.76589,0.76612,1.50,1.38
2018.05.09 12:29:49.754,0.76586,0.76613,1.00,1.38
2018.05.09 12:29:49.909,0.76587,0.76612,1.38,1.75
2018.05.09 12:29:49.960,0.76587,0.76609,1.00,1.50
2018.05.09 12:29:50.063,0.76586,0.76613,2.25,1.00
2018.05.09 12:29:50.115,0.76586,0.76615,2.25,1.50
2018.05.09 12:29:50.166,0.76586,0.76613,1.00,1.00
2018.05.09 12:29:50.217,0.76582,0.76605,1.50,1.00
2018.05.09 12:29:50.486,0.76583,0.76612,1.00,1.38
2018.05.09 12:29:50.537,0.76588,0.76613,1.00,1.38
2018.05.09 12:29:50.588,0.76583,0.76613,1.38,2.25
2018.05.09 12:29:50.639,0.7659,0.76613,1.00,1.38
2018.05.09 12:29:50.791,0.7659,0.76614,1.00,1.38
2018.05.09 12:29:50.981,0.76588,0.76609,1.25,1.13
2018.05.09 12:29:51.133,0.76586,0.76609,1.00,1.00
2018.05.09 12:29:51.184,0.7659,0.7661,1.00,1.00
2018.05.09 12:29:51.336,0.76588,0.76612,1.00,1.00
2018.05.09 12:29:51.489,0.7659,0.76612,1.00,1.00
2018.05.09 12:29:51.836,0.76592,0.76615,1.63,1.00
2018.05.09 12:29:51.988,0.76588,0.76615,1.00,1.00
2018.05.09 12:29:52.039,0.76586,0.76615,1.50,1.00
2018.05.09 12:29:52.090,0.76588,0.76612,1.00,1.00
2018.05.09 12:29:52.398,0.76589,0.76614,1.38,1.13
2018.05.09 12:29:52.743,0.76589,0.76612,1.38,1.00
2018.05.09 12:29:53.339,0.76585,0.76608,2.25,1.00
2018.05.09 12:29:53.390,0.7659,0.76613,1.00,1.00
2018.05.09 12:29:53.493,0.7659,0.76616,1.00,1.00
2018.05.09 12:29:53.544,0.76594,0.76616,1.00,1.00
2018.05.09 12:29:53.646,0.76589,0.76612,1.00,1.00
2018.05.09 12:29:53.698,0.76588,0.76613,1.38,1.88
2018.05.09 12:29:54.325,0.76592,0.76612,1.00,1.00
2018.05.09 12:29:54.433,0.76592,0.76617,1.00,1.50
2018.05.09 12:29:54.661,0.7659,0.76614,1.88,1.00
2018.05.09 12:29:55.003,0.7659,0.76614,1.00,1.50
2018.05.09 12:29:55.054,0.76593,0.76616,1.00,1.00
2018.05.09 12:29:55.157,0.76593,0.76619,1.00,1.00
2018.05.09 12:29:55.208,0.76589,0.76615,1.50,1.00
2018.05.09 12:29:55.530,0.76582,0.766,1.00,1.00
2018.05.09 12:29:55.833,0.76582,0.766,1.38,1.00
2018.05.09 12:29:56.162,0.7658,0.76601,1.88,1.00
2018.05.09 12:29:56.436,0.76582,0.76603,1.38,1.00
2018.05.09 12:29:56.942,0.76581,0.76606,1.38,1.00
2018.05.09 12:29:57.046,0.7658,0.76606,1.50,1.00
2018.05.09 12:29:57.199,0.7658,0.7661,1.38,1.00
2018.05.09 12:29:57.250,0.7658,0.76613,1.38,1.00
2018.05.09 12:29:57.375,0.7658,0.76613,1.38,1.38
2018.05.09 12:29:57.917,0.76582,0.76614,1.38,1.38
2018.05.09 12:29:58.019,0.7658,0.76615,1.00,1.00
2018.05.09 12:29:58.286,0.7658,0.76614,1.88,1.00
2018.05.09 12:29:58.637,0.7658,0.76614,1.38,1.38
2018.05.09 12:29:59.109,0.7658,0.76614,1.38,1.88
2018.05.09 12:29:59.825,0.7658,0.76613,1.44,1.50
2018.05.09 12:29:59.876,0.76576,0.7661,1.00,1.00
2018.05.09 12:29:59.978,0.76576,0.7661,1.38,1.00
2018.05.09 12:30:00.083,0.76575,0.76615,1.00,1.00
2018.05.09 12:30:00.237,0.76575,0.76621,1.00,1.00
2018.05.09 12:30:00.390,0.76571,0.76621,1.12,1.00
2018.05.09 12:30:00.513,0.76578,0.76614,1.00,1.00
2018.05.09 12:30:00.830,0.76579,0.76611,1.00,1.00
2018.05.09 12:30:00.932,0.76578,0.76613,1.50,1.50
2018.05.09 12:30:01.173,0.76578,0.7661,1.00,1.00
2018.05.09 12:30:01.427,0.76579,0.76614,1.00,1.00
2018.05.09 12:30:01.480,0.76577,0.76607,1.00,1.00
2018.05.09 12:30:01.533,0.76575,0.76608,1.00,1.00
2018.05.09 12:30:01.584,0.76576,0.76611,1.00,1.00
2018.05.09 12:30:01.636,0.76575,0.76607,1.00,1.00
2018.05.09 12:30:01.791,0.76585,0.76619,1.00,1.00
2018.05.09 12:30:02.046,0.76586,0.76616,1.00,1.00
2018.05.09 12:30:02.353,0.76585,0.76611,1.00,1.00
2018.05.09 12:30:02.557,0.76584,0.76615,1.44,1.00
2018.05.09 12:30:02.608,0.76585,0.7661,1.00,1.00
2018.05.09 12:30:02.712,0.76584,0.76614,1.00,1.00
2018.05.09 12:30:02.764,0.76589,0.76614,1.00,1.00
2018.05.09 12:30:02.863,0.76585,0.76613,1.44,1.00
2018.05.09 12:30:02.914,0.76584,0.76612,1.00,1.00
2018.05.09 12:30:02.965,0.76584,0.76609,1.00,1.00
2018.05.09 12:30:03.270,0.76581,0.76606,1.00,1.00
2018.05.09 12:30:03.547,0.76579,0.76609,1.00,1.00
2018.05.09 12:30:03.649,0.76584,0.7661,1.00,1.50
2018.05.09 12:30:03.959,0.76591,0.76607,1.00,1.00
2018.05.09 12:30:04.533,0.76593,0.76608,1.00,1.00
2018.05.09 12:30:04.856,0.76596,0.76611,1.00,1.00
2018.05.09 12:30:04.958,0.76593,0.76611,1.00,1.00
2018.05.09 12:30:05.009,0.76593,0.76608,1.00,1.00
2018.05.09 12:30:05.538,0.76594,0.76609,1.00,1.00
2018.05.09 12:30:06.074,0.76592,0.76607,1.00,1.00
2018.05.09 12:30:06.636,0.76593,0.76607,1.00,1.50
2018.05.09 12:30:06.688,0.76589,0.76604,1.00,1.00
2018.05.09 12:30:06.790,0.76589,0.76602,1.00,1.00
2018.05.09 12:30:06.841,0.76592,0.76607,1.00,1.00
2018.05.09 12:30:07.045,0.76592,0.76605,1.00,1.00
2018.05.09 12:30:07.097,0.76593,0.76611,1.00,1.50
2018.05.09 12:30:07.182,0.76595,0.76611,1.00,1.50
2018.05.09 12:30:07.233,0.76593,0.7661,1.00,1.50
2018.05.09 12:30:07.284,0.76596,0.7661,1.00,1.00
2018.05.09 12:30:07.436,0.76594,0.76609,1.00,1.00
2018.05.09 12:30:07.539,0.76591,0.76603,1.00,1.00
2018.05.09 12:30:07.590,0.76587,0.76603,1.50,1.00
2018.05.09 12:30:07.641,0.76589,0.76603,1.00,1.00
2018.05.09 12:30:07.820,0.76591,0.76606,1.00,1.00
2018.05.09 12:30:07.923,0.76588,0.76607,1.00,1.00
2018.05.09 12:30:08.077,0.76591,0.76607,1.00,1.00
2018.05.09 12:30:08.391,0.7659,0.76605,1.00,1.00
2018.05.09 12:30:08.861,0.76591,0.76607,1.00,1.50
2018.05.09 12:30:09.048,0.76583,0.76605,1.00,1.50
2018.05.09 12:30:09.101,0.76584,0.76601,1.00,1.00
2018.05.09 12:30:09.410,0.76587,0.76602,1.00,1.00
2018.05.09 12:30:09.621,0.76588,0.76605,1.00,1.00
2018.05.09 12:30:09.672,0.76589,0.76608,1.00,1.00
2018.05.09 12:30:09.723,0.7659,0.76603,1.00,1.00
2018.05.09 12:30:10.130,0.76587,0.76602,1.00,1.00
2018.05.09 12:30:10.612,0.76584,0.76599,1.00,1.00
2018.05.09 12:30:10.954,0.76591,0.76604,1.00,1.00
2018.05.09 12:30:11.263,0.76592,0.76606,1.00,1.50
2018.05.09 12:30:11.366,0.76589,0.76602,1.00,1.00
2018.05.09 12:30:11.910,0.7659,0.76601,1.50,1.00
2018.05.09 12:30:12.230,0.7659,0.76599,1.00,1.00
2018.05.09 12:30:12.693,0.7659,0.76596,1.00,1.00
2018.05.09 12:30:13.110,0.7659,0.76594,1.00,1.00
2018.05.09 12:30:13.264,0.76583,0.76594,1.00,1.00
2018.05.09 12:30:13.370,0.7659,0.76594,1.00,1.00
2018.05.09 12:30:13.555,0.76594,0.76602,1.00,1.00
2018.05.09 12:30:13.609,0.76594,0.766,1.00,1.00
2018.05.09 12:30:13.661,0.76594,0.76602,1.00,1.00
2018.05.09 12:30:13.715,0.76592,0.76601,1.00,1.00
2018.05.09 12:30:14.224,0.76592,0.76599,1.00,1.00
2018.05.09 12:30:14.531,0.76585,0.76596,1.45,1.00
2018.05.09 12:30:14.903,0.76583,0.76598,1.45,2.06
2018.05.09 12:30:15.160,0.76578,0.76585,1.00,1.00
2018.05.09 12:30:15.263,0.76578,0.76587,1.00,1.00
2018.05.09 12:30:15.356,0.76578,0.76585,1.00,1.00
2018.05.09 12:30:15.412,0.76578,0.76587,1.00,1.00
2018.05.09 12:30:15.514,0.76578,0.76589,1.00,1.50
2018.05.09 12:30:15.821,0.76578,0.76586,1.00,1.50
2018.05.09 12:30:15.872,0.76578,0.76588,1.00,1.50
2018.05.09 12:30:16.051,0.76578,0.7659,1.50,1.00
2018.05.09 12:30:16.102,0.76578,0.7659,1.95,1.00
2018.05.09 12:30:16.562,0.76578,0.76589,1.00,1.00
2018.05.09 12:30:16.933,0.76576,0.76589,1.00,1.00
2018.05.09 12:30:17.237,0.76573,0.76587,1.69,1.00
2018.05.09 12:30:17.770,0.76574,0.76585,1.25,1.00
2018.05.09 12:30:18.852,0.76575,0.76586,1.00,1.00
2018.05.09 12:30:19.223,0.7658,0.76591,1.45,1.00
2018.05.09 12:30:19.477,0.7658,0.76591,1.45,1.00
2018.05.09 12:30:19.682,0.76578,0.76589,1.45,1.00
2018.05.09 12:30:19.733,0.76576,0.76587,1.45,1.00
2018.05.09 12:30:19.987,0.76581,0.76592,1.45,1.00
2018.05.09 12:30:20.564,0.76582,0.76593,1.00,1.50
2018.05.09 12:30:21.027,0.7658,0.76591,1.00,1.00
2018.05.09 12:30:21.347,0.76579,0.76591,1.45,1.00
2018.05.09 12:30:21.705,0.76583,0.76594,1.45,1.00
2018.05.09 12:30:22.088,0.76579,0.7659,1.45,1.00
2018.05.09 12:30:22.694,0.76577,0.76589,1.45,1.00
2018.05.09 12:30:22.745,0.76578,0.76591,1.20,1.12
2018.05.09 12:30:23.259,0.76578,0.7659,1.20,1.00
2018.05.09 12:30:23.630,0.7658,0.76591,1.00,1.00
2018.05.09 12:30:24.471,0.76579,0.7659,1.00,1.00
2018.05.09 12:30:24.878,0.7658,0.76592,1.00,1.50
2018.05.09 12:30:25.014,0.76583,0.76595,1.00,3.19
2018.05.09 12:30:25.321,0.76582,0.76591,1.00,1.00
2018.05.09 12:30:25.670,0.76585,0.76595,1.00,1.50
2018.05.09 12:30:25.773,0.76582,0.76595,2.25,2.25
2018.05.09 12:30:26.373,0.76582,0.76594,1.50,1.00
2018.05.09 12:30:27.047,0.76584,0.76594,1.50,1.00
2018.05.09 12:30:27.361,0.76584,0.76596,2.25,1.00
2018.05.09 12:30:27.668,0.76587,0.76596,1.00,1.50
2018.05.09 12:30:27.872,0.76587,0.76598,1.50,1.00
2018.05.09 12:30:27.923,0.76589,0.76599,1.00,1.00
2018.05.09 12:30:28.167,0.76587,0.76599,1.00,1.50
2018.05.09 12:30:28.363,0.76586,0.76595,1.50,1.00
2018.05.09 12:30:28.670,0.76586,0.76597,1.00,1.00
2018.05.09 12:30:29.290,0.76588,0.76597,1.00,1.50
2018.05.09 12:30:29.391,0.76586,0.76598,1.50,1.50
2018.05.09 12:30:29.914,0.76591,0.76598,1.00,1.00
2018.05.09 12:30:30.444,0.7659,0.76599,1.50,1.00
2018.05.09 12:30:30.857,0.76591,0.76601,1.00,1.50
2018.05.09 12:30:31.479,0.76592,0.76601,1.00,1.50
2018.05.09 12:30:31.682,0.76589,0.76601,1.00,2.25
2018.05.09 12:30:31.936,0.76591,0.766,1.00,1.00
2018.05.09 12:30:32.466,0.7659,0.766,1.00,1.00
2018.05.09 12:30:32.994,0.76589,0.76599,1.00,1.00
2018.05.09 12:30:33.527,0.76588,0.76599,1.00,1.00
2018.05.09 12:30:33.833,0.76587,0.76597,1.00,1.00
2018.05.09 12:30:34.059,0.76585,0.76597,1.50,1.00
2018.05.09 12:30:34.517,0.76588,0.76597,1.00,1.00
2018.05.09 12:30:34.864,0.76591,0.76598,1.00,1.00
2018.05.09 12:30:34.916,0.76591,0.766,1.00,1.00
2018.05.09 12:30:35.278,0.76589,0.766,1.50,1.00
2018.05.09 12:30:35.514,0.76589,0.76598,1.00,1.00
2018.05.09 12:30:35.617,0.76591,0.76601,1.00,1.00
2018.05.09 12:30:35.720,0.76593,0.76602,1.00,1.00
2018.05.09 12:30:36.027,0.76591,0.76598,1.00,1.00
2018.05.09 12:30:36.208,0.76588,0.76597,1.00,1.00
2018.05.09 12:30:36.723,0.76587,0.76597,1.00,1.00
2018.05.09 12:30:37.492,0.7659,0.76599,1.00,1.00
2018.05.09 12:30:37.651,0.76587,0.76597,2.25,1.00
2018.05.09 12:30:37.777,0.76588,0.76599,1.50,1.50
2018.05.09 12:30:37.829,0.7659,0.76599,1.00,1.50
2018.05.09 12:30:37.983,0.76589,0.76602,1.50,1.50
2018.05.09 12:30:38.035,0.76589,0.766,1.50,1.00
2018.05.09 12:30:38.367,0.76591,0.76601,2.25,1.00
2018.05.09 12:30:38.471,0.76587,0.76598,1.50,1.00
2018.05.09 12:30:38.522,0.76588,0.766,1.00,1.00
2018.05.09 12:30:38.676,0.7659,0.76602,1.69,1.00
2018.05.09 12:30:39.007,0.76592,0.76602,1.00,1.00
2018.05.09 12:30:39.405,0.7659,0.76601,1.00,1.00
2018.05.09 12:30:39.629,0.76592,0.76602,1.00,1.00
2018.05.09 12:30:39.836,0.76588,0.76599,1.50,1.00
2018.05.09 12:30:40.041,0.76592,0.76601,1.00,1.00
2018.05.09 12:30:40.208,0.7659,0.76601,1.00,1.50
2018.05.09 12:30:40.411,0.76589,0.76599,2.25,1.00
2018.05.09 12:30:40.954,0.76589,0.766,2.25,1.50
2018.05.09 12:30:41.310,0.76591,0.76599,1.50,1.00
2018.05.09 12:30:41.493,0.76591,0.76603,1.50,1.00
2018.05.09 12:30:41.964,0.76589,0.76599,1.00,1.50
2018.05.09 12:30:42.017,0.7659,0.76601,1.00,1.50
2018.05.09 12:30:42.068,0.76589,0.76599,1.50,1.00
2018.05.09 12:30:42.391,0.76593,0.76604,1.00,1.00
2018.05.09 12:30:42.443,0.76592,0.76602,1.50,1.50
2018.05.09 12:30:42.546,0.7659,0.76601,1.00,1.50
2018.05.09 12:30:42.650,0.76592,0.766,1.00,1.00
2018.05.09 12:30:42.857,0.7659,0.766,1.50,1.00
2018.05.09 12:30:43.218,0.76587,0.76597,1.00,1.00
2018.05.09 12:30:43.743,0.76584,0.76595,1.00,1.50
2018.05.09 12:30:43.794,0.76583,0.76594,1.87,1.00
2018.05.09 12:30:44.565,0.76584,0.76594,1.37,1.50
2018.05.09 12:30:44.681,0.76584,0.76594,1.37,1.50
2018.05.09 12:30:45.194,0.76584,0.76594,1.22,1.50
2018.05.09 12:30:45.397,0.76584,0.76594,1.30,1.00
2018.05.09 12:30:45.550,0.76584,0.76592,1.30,1.00
2018.05.09 12:30:45.812,0.76585,0.76594,1.00,1.00
2018.05.09 12:30:45.863,0.76585,0.76596,1.00,1.00
2018.05.09 12:30:46.016,0.76587,0.76596,1.00,1.00
2018.05.09 12:30:46.493,0.76586,0.76596,1.22,1.50
2018.05.09 12:30:47.019,0.76584,0.76594,1.22,1.00
2018.05.09 12:30:47.533,0.76585,0.76593,1.72,1.00
2018.05.09 12:30:47.585,0.76586,0.76596,1.22,1.50
2018.05.09 12:30:48.135,0.76587,0.76596,1.22,1.00
2018.05.09 12:30:48.637,0.76587,0.76596,1.00,1.00
2018.05.09 12:30:48.906,0.76586,0.76598,1.30,1.50
2018.05.09 12:30:48.958,0.76588,0.76599,1.00,1.00
2018.05.09 12:30:49.297,0.7659,0.766,1.00,1.00
2018.05.09 12:30:49.502,0.76587,0.76598,1.50,1.00
2018.05.09 12:30:49.810,0.76589,0.76597,1.00,1.50
2018.05.09 12:30:50.070,0.76586,0.76597,1.00,1.50
2018.05.09 12:30:50.121,0.76585,0.76595,1.00,1.00
2018.05.09 12:30:50.677,0.76584,0.76594,1.30,1.00
2018.05.09 12:30:50.985,0.76585,0.76595,1.22,1.00
2018.05.09 12:30:51.293,0.76584,0.76594,1.60,1.00
2018.05.09 12:30:51.446,0.76586,0.76596,2.10,1.00
2018.05.09 12:30:51.951,0.76586,0.76596,1.60,1.50
2018.05.09 12:30:52.365,0.76586,0.76596,1.60,1.50
2018.05.09 12:30:52.568,0.76585,0.76596,1.60,1.50
2018.05.09 12:30:53.078,0.76585,0.76596,1.60,1.50
2018.05.09 12:30:53.180,0.76585,0.76597,1.60,3.00
2018.05.09 12:30:53.614,0.76585,0.76594,1.60,1.00
2018.05.09 12:30:53.842,0.76586,0.76596,1.60,1.50
2018.05.09 12:30:54.008,0.76587,0.76596,1.60,1.00
2018.05.09 12:30:54.114,0.76585,0.76594,2.85,1.00
2018.05.09 12:30:54.270,0.76586,0.76596,1.60,1.50
2018.05.09 12:30:54.743,0.76585,0.76593,1.60,1.00
2018.05.09 12:30:54.950,0.76582,0.76591,1.00,1.50
2018.05.09 12:30:55.371,0.76584,0.76594,1.52,1.00
2018.05.09 12:30:55.682,0.76585,0.76593,1.52,1.00
2018.05.09 12:30:56.060,0.76584,0.76594,1.52,1.50
2018.05.09 12:30:56.417,0.76585,0.76595,1.52,1.50
2018.05.09 12:30:56.862,0.76585,0.76595,1.52,1.50
2018.05.09 12:30:56.914,0.76584,0.76592,2.02,1.00
2018.05.09 12:30:57.390,0.76582,0.76592,2.77,1.00
2018.05.09 12:30:57.696,0.7658,0.7659,2.02,1.00
2018.05.09 12:30:57.842,0.7658,0.76589,1.00,1.00
2018.05.09 12:30:57.997,0.7658,0.76591,1.00,2.25
2018.05.09 12:30:58.200,0.76581,0.76593,1.37,2.62
2018.05.09 12:30:58.505,0.76581,0.76591,1.37,1.00
2018.05.09 12:30:58.898,0.76581,0.76592,1.87,1.50
2018.05.09 12:30:59.404,0.76582,0.76592,1.37,1.00
2018.05.09 12:30:59.996,0.76582,0.7659,1.00,1.00
2018.05.09 12:31:00.047,0.76584,0.7659,1.00,1.00
2018.05.09 12:31:00.200,0.76585,0.76595,1.37,1.50
2018.05.09 12:31:00.418,0.76584,0.76593,1.37,1.00
2018.05.09 12:31:00.621,0.76584,0.76595,1.63,2.25
2018.05.09 12:31:00.773,0.76587,0.76597,1.00,1.00
2018.05.09 12:31:00.961,0.76589,0.76598,1.00,1.00
2018.05.09 12:31:01.012,0.76589,0.766,1.00,1.00
2018.05.09 12:31:01.520,0.76588,0.76599,1.00,1.00
2018.05.09 12:31:02.063,0.76589,0.76599,1.00,1.00
2018.05.09 12:31:02.708,0.7659,0.76599,1.00,2.25
2018.05.09 12:31:03.286,0.76591,0.766,1.00,1.50
2018.05.09 12:31:03.866,0.76593,0.76602,1.00,1.00
2018.05.09 12:31:04.372,0.76592,0.76602,1.87,1.00
2018.05.09 12:31:05.082,0.76592,0.76601,1.00,1.00
2018.05.09 12:31:05.135,0.7659,0.766,1.00,2.25
2018.05.09 12:31:05.805,0.76589,0.76599,1.00,1.00
2018.05.09 12:31:05.956,0.76587,0.76597,1.50,1.00
2018.05.09 12:31:06.261,0.76591,0.76601,1.00,1.00
2018.05.09 12:31:06.769,0.76592,0.76601,1.00,1.00
2018.05.09 12:31:07.359,0.76593,0.766,1.00,1.00
2018.05.09 12:31:07.752,0.76595,0.76601,1.00,1.00
2018.05.09 12:31:07.803,0.76595,0.76603,1.00,1.50
2018.05.09 12:31:08.261,0.76596,0.76601,1.00,1.00
2018.05.09 12:31:08.565,0.76595,0.766,1.50,1.00
2018.05.09 12:31:08.974,0.76595,0.76601,1.00,1.00
2018.05.09 12:31:09.660,0.76595,0.766,1.00,1.00
2018.05.09 12:31:10.335,0.76596,0.766,1.00,1.00
2018.05.09 12:31:10.574,0.76597,0.76601,1.00,1.00
2018.05.09 12:31:10.662,0.76597,0.76607,1.00,1.50
2018.05.09 12:31:10.714,0.76597,0.76601,1.00,1.00
2018.05.09 12:31:11.260,0.76597,0.76607,1.00,1.50
2018.05.09 12:31:12.238,0.76596,0.76606,1.00,1.00
2018.05.09 12:31:13.563,0.76597,0.76607,1.00,1.87
2018.05.09 12:31:13.817,0.76595,0.76606,1.00,1.00
2018.05.09 12:31:15.164,0.76594,0.76606,1.00,1.45
2018.05.09 12:31:15.708,0.76595,0.76605,1.00,1.45
2018.05.09 12:31:16.210,0.76594,0.76605,1.00,1.45
2018.05.09 12:31:16.265,0.76596,0.76606,1.00,1.00
2018.05.09 12:31:16.419,0.76598,0.76608,1.00,1.50
2018.05.09 12:31:16.725,0.76597,0.76606,1.00,1.45
2018.05.09 12:31:16.776,0.76597,0.76606,1.00,1.45
2018.05.09 12:31:16.936,0.76594,0.76604,1.50,1.45
2018.05.09 12:31:17.038,0.76592,0.76602,1.50,1.00
2018.05.09 12:31:17.191,0.76594,0.76604,1.00,1.95
2018.05.09 12:31:17.394,0.76592,0.76602,1.50,1.00
2018.05.09 12:31:17.572,0.7659,0.766,1.50,1.00
2018.05.09 12:31:18.029,0.76595,0.76602,1.00,1.20
2018.05.09 12:31:18.349,0.76597,0.76605,1.00,1.45
2018.05.09 12:31:18.400,0.76597,0.76605,1.00,1.45
2018.05.09 12:31:18.864,0.76595,0.76605,1.69,1.67
2018.05.09 12:31:19.018,0.76597,0.76607,1.50,2.17
2018.05.09 12:31:19.398,0.76597,0.76607,1.50,2.17
2018.05.09 12:31:19.499,0.76594,0.76603,1.00,1.00
2018.05.09 12:31:20.017,0.76595,0.76605,1.00,2.17
2018.05.09 12:31:20.241,0.76595,0.76605,1.00,2.17
2018.05.09 12:31:20.669,0.76597,0.76607,1.00,2.17
2018.05.09 12:31:20.822,0.76595,0.76605,1.00,1.67
2018.05.09 12:31:20.980,0.76592,0.76602,1.00,1.00
2018.05.09 12:31:21.032,0.76594,0.76604,1.00,1.42
2018.05.09 12:31:21.344,0.76591,0.76601,1.00,1.00
2018.05.09 12:31:22.600,0.76595,0.76601,1.00,1.50
2018.05.09 12:31:22.702,0.76591,0.76601,1.50,1.00
2018.05.09 12:31:22.803,0.76593,0.76601,1.00,1.00
2018.05.09 12:31:23.486,0.76594,0.76601,1.00,1.00
2018.05.09 12:31:23.950,0.76594,0.76603,1.00,1.00
2018.05.09 12:31:24.539,0.76595,0.76603,1.00,1.00
2018.05.09 12:31:24.590,0.76593,0.76602,1.00,1.00
2018.05.09 12:31:24.694,0.76592,0.766,1.00,1.00
2018.05.09 12:31:25.089,0.76592,0.76602,1.00,1.00
2018.05.09 12:31:25.395,0.76595,0.76601,1.00,1.00
2018.05.09 12:31:25.664,0.76596,0.76603,1.00,1.50
2018.05.09 12:31:25.716,0.76596,0.76601,1.00,1.00
2018.05.09 12:31:25.848,0.76596,0.76603,1.00,1.00
2018.05.09 12:31:25.900,0.76594,0.76602,1.00,1.00
2018.05.09 12:31:26.361,0.76592,0.76602,2.25,1.00
2018.05.09 12:31:26.602,0.76594,0.76603,1.50,1.00
2018.05.09 12:31:27.103,0.76592,0.76602,2.25,1.00
2018.05.09 12:31:27.258,0.76596,0.76603,1.00,1.00
2018.05.09 12:31:27.310,0.76594,0.76604,1.00,1.50
2018.05.09 12:31:28.728,0.76597,0.76607,1.00,1.50
2018.05.09 12:31:29.242,0.76596,0.76606,1.50,1.00
2018.05.09 12:31:30.294,0.76597,0.76607,1.00,1.50
2018.05.09 12:31:30.601,0.76595,0.76604,1.00,1.00
2018.05.09 12:31:31.339,0.76595,0.76605,1.50,1.50
2018.05.09 12:31:31.846,0.76596,0.76606,1.00,1.00
2018.05.09 12:31:32.399,0.76595,0.76605,2.25,1.00
2018.05.09 12:31:32.962,0.76595,0.76604,1.00,1.00
2018.05.09 12:31:33.482,0.76596,0.76605,1.00,1.50
2018.05.09 12:31:34.019,0.76595,0.76604,1.50,1.00
2018.05.09 12:31:34.535,0.76596,0.76605,1.00,1.50
2018.05.09 12:31:35.739,0.76595,0.76605,1.50,1.00
2018.05.09 12:31:36.254,0.76596,0.76605,1.00,1.00
2018.05.09 12:31:37.238,0.76597,0.76605,1.00,1.00
2018.05.09 12:31:37.390,0.76595,0.76605,1.50,1.00
2018.05.09 12:31:37.441,0.76597,0.76606,1.00,1.00
2018.05.09 12:31:37.990,0.76597,0.76607,1.00,1.00
2018.05.09 12:31:38.670,0.76597,0.76604,1.00,1.00
2018.05.09 12:31:38.721,0.76594,0.76604,1.00,1.00
2018.05.09 12:31:39.641,0.76595,0.76605,1.00,1.00
2018.05.09 12:31:40.865,0.76595,0.76604,1.00,1.00
2018.05.09 12:31:41.382,0.76596,0.76604,1.50,1.00
2018.05.09 12:31:42.020,0.76596,0.76604,2.17,1.00
2018.05.09 12:31:42.272,0.76598,0.76606,1.00,1.00
2018.05.09 12:31:42.366,0.76596,0.76606,1.42,1.50
2018.05.09 12:31:42.634,0.76598,0.76605,1.00,1.00
2018.05.09 12:31:42.990,0.76599,0.76608,1.00,1.00
2018.05.09 12:31:43.525,0.766,0.76608,1.00,1.00
2018.05.09 12:31:44.079,0.76601,0.76609,1.00,1.00
2018.05.09 12:31:44.383,0.76601,0.76611,1.00,2.25
2018.05.09 12:31:44.791,0.76603,0.76611,1.00,1.00
2018.05.09 12:31:44.842,0.76601,0.76611,1.50,1.50
2018.05.09 12:31:45.589,0.76601,0.7661,1.00,1.50
2018.05.09 12:31:46.366,0.76601,0.76611,1.00,1.00
2018.05.09 12:31:46.895,0.766,0.7661,1.50,1.00
2018.05.09 12:31:47.099,0.76603,0.76611,1.00,1.00
2018.05.09 12:31:47.255,0.76603,0.76613,1.50,2.25
2018.05.09 12:31:47.463,0.76605,0.76613,1.00,2.25
2018.05.09 12:31:47.667,0.76606,0.76615,1.00,1.50
2018.05.09 12:31:47.719,0.76608,0.76617,1.00,1.50
2018.05.09 12:31:48.181,0.76609,0.76619,1.00,1.00
2018.05.09 12:31:48.722,0.76608,0.76618,2.25,1.00
2018.05.09 12:31:48.824,0.7661,0.76618,1.00,1.00
2018.05.09 12:31:49.342,0.76609,0.76616,1.00,1.00
2018.05.09 12:31:49.394,0.76606,0.76616,2.25,1.00
2018.05.09 12:31:49.497,0.76608,0.76618,1.00,1.00
2018.05.09 12:31:50.199,0.76607,0.76616,1.00,1.00
2018.05.09 12:31:50.534,0.76609,0.76619,1.00,1.00
2018.05.09 12:31:50.745,0.76608,0.76617,1.00,1.00
2018.05.09 12:31:51.358,0.76609,0.76617,1.00,1.00
2018.05.09 12:31:51.703,0.76607,0.76614,1.00,1.00
2018.05.09 12:31:51.809,0.76607,0.76616,1.00,1.00
2018.05.09 12:31:52.119,0.76609,0.76616,1.00,1.00
2018.05.09 12:31:52.221,0.76609,0.76618,1.00,1.50
2018.05.09 12:31:52.589,0.76611,0.76617,1.00,1.00
2018.05.09 12:31:52.731,0.7661,0.7662,1.00,1.00
2018.05.09 12:31:52.883,0.76613,0.7662,1.00,1.00
2018.05.09 12:31:53.398,0.76612,0.76621,1.00,1.00
2018.05.09 12:31:54.314,0.76612,0.76622,1.50,1.50
2018.05.09 12:31:55.669,0.76612,0.76621,1.00,1.00
2018.05.09 12:31:56.091,0.76615,0.76622,1.00,1.50
2018.05.09 12:31:56.359,0.76613,0.76622,1.00,1.50
2018.05.09 12:31:57.198,0.76613,0.76621,1.00,1.00
2018.05.09 12:31:57.772,0.76612,0.76621,1.00,1.00
2018.05.09 12:31:58.980,0.76612,0.76622,2.25,1.12
2018.05.09 12:31:59.031,0.76612,0.76619,1.00,1.00
2018.05.09 12:31:59.341,0.76613,0.76617,1.00,1.00
2018.05.09 12:31:59.498,0.7661,0.76617,1.00,1.00
2018.05.09 12:31:59.704,0.76609,0.76615,1.00,1.00
2018.05.09 12:32:00.220,0.76608,0.76615,1.00,1.00
2018.05.09 12:32:00.723,0.76607,0.76615,1.00,1.50
2018.05.09 12:32:00.774,0.76605,0.76615,2.25,1.50
2018.05.09 12:32:01.323,0.76605,0.76614,1.00,1.00
2018.05.09 12:32:01.917,0.76606,0.76615,1.00,1.00
2018.05.09 12:32:02.157,0.76608,0.76616,1.00,1.00
2018.05.09 12:32:02.667,0.76607,0.76616,1.00,1.00
2018.05.09 12:32:02.718,0.76605,0.76615,2.25,1.00
2018.05.09 12:32:03.741,0.76604,0.7661,1.50,1.00
2018.05.09 12:32:03.794,0.76602,0.76611,1.00,1.00
2018.05.09 12:32:04.107,0.76603,0.76613,1.00,1.00
2018.05.09 12:32:04.560,0.76605,0.76615,1.00,2.25
2018.05.09 12:32:05.066,0.76606,0.76616,2.25,1.50
2018.05.09 12:32:06.281,0.76606,0.76615,1.00,1.00
2018.05.09 12:32:06.486,0.76604,0.76614,1.50,1.00
2018.05.09 12:32:06.875,0.76606,0.76616,1.00,1.00
2018.05.09 12:32:07.275,0.76606,0.76614,1.00,1.00
2018.05.09 12:32:07.658,0.76608,0.76616,1.00,1.00
2018.05.09 12:32:07.963,0.76606,0.76614,1.00,1.00
2018.05.09 12:32:08.014,0.76607,0.76616,1.00,1.00
2018.05.09 12:32:08.497,0.76605,0.76615,2.25,1.00
2018.05.09 12:32:09.003,0.76606,0.76616,1.50,1.00
2018.05.09 12:32:09.543,0.76607,0.76616,1.00,1.00
2018.05.09 12:32:09.863,0.76608,0.76618,1.00,1.50
2018.05.09 12:32:10.409,0.76607,0.76617,2.25,1.00
2018.05.09 12:32:10.926,0.76606,0.76617,1.50,1.00
2018.05.09 12:32:11.183,0.76605,0.76615,1.50,1.50
2018.05.09 12:32:11.505,0.76604,0.76613,1.00,1.00
2018.05.09 12:32:11.809,0.76604,0.76611,1.00,1.00
2018.05.09 12:32:12.107,0.76603,0.76614,1.50,1.00
2018.05.09 12:32:12.158,0.76604,0.76612,1.00,1.00
2018.05.09 12:32:12.312,0.76605,0.76614,1.00,1.00
2018.05.09 12:32:12.598,0.76603,0.76613,1.00,1.00
2018.05.09 12:32:12.653,0.76601,0.7661,1.50,1.00
2018.05.09 12:32:13.114,0.76603,0.76611,1.00,1.00
2018.05.09 12:32:13.688,0.76603,0.76612,1.00,1.00
2018.05.09 12:32:13.943,0.76603,0.76614,1.00,1.00
2018.05.09 12:32:14.470,0.76603,0.76613,1.00,1.00
2018.05.09 12:32:14.976,0.76603,0.76614,1.00,1.50
2018.05.09 12:32:15.027,0.76605,0.76614,1.00,1.00
2018.05.09 12:32:15.363,0.76603,0.76612,1.00,1.50
2018.05.09 12:32:15.879,0.76603,0.76611,1.50,1.00
2018.05.09 12:32:16.302,0.76607,0.76612,1.00,1.00
2018.05.09 12:32:16.353,0.76605,0.76612,1.00,1.00
2018.05.09 12:32:16.506,0.76602,0.76611,2.25,1.00
2018.05.09 12:32:16.996,0.76603,0.76613,1.00,2.25
2018.05.09 12:32:17.799,0.76603,0.76612,1.00,1.00
2018.05.09 12:32:17.850,0.76603,0.76609,1.00,1.00
2018.05.09 12:32:18.310,0.76604,0.76611,1.00,1.00
2018.05.09 12:32:18.464,0.76602,0.76607,1.00,1.00
2018.05.09 12:32:18.515,0.766,0.76608,2.25,1.00
2018.05.09 12:32:19.035,0.766,0.76609,2.25,1.00
2018.05.09 12:32:19.628,0.766,0.7661,2.25,2.25
2018.05.09 12:32:19.680,0.766,0.76607,1.00,1.00
2018.05.09 12:32:20.172,0.76597,0.76607,2.25,1.00
2018.05.09 12:32:21.031,0.76597,0.76606,1.00,1.00
2018.05.09 12:32:21.082,0.76596,0.76604,1.00,1.00
2018.05.09 12:32:21.134,0.76594,0.76604,3.00,1.00
2018.05.09 12:32:21.338,0.76596,0.76604,1.00,1.50
2018.05.09 12:32:21.936,0.76596,0.76602,1.00,1.00
2018.05.09 12:32:21.989,0.76594,0.76602,1.00,1.00
2018.05.09 12:32:22.093,0.76593,0.76604,1.50,1.50
2018.05.09 12:32:22.594,0.76593,0.76603,1.00,1.50
2018.05.09 12:32:23.122,0.76594,0.76604,1.50,1.50
2018.05.09 12:32:23.481,0.76593,0.76602,1.00,1.00
2018.05.09 12:32:23.709,0.76593,0.76604,1.50,1.50
2018.05.09 12:32:24.254,0.76594,0.76603,1.00,1.00
2018.05.09 12:32:24.306,0.76595,0.76605,1.00,1.00
2018.05.09 12:32:25.362,0.76596,0.76605,1.00,1.00
2018.05.09 12:32:26.002,0.76595,0.76605,1.00,1.00
2018.05.09 12:32:26.670,0.76595,0.76604,1.00,1.00
2018.05.09 12:32:26.721,0.76595,0.76602,1.00,1.00
2018.05.09 12:32:26.773,0.76592,0.76602,2.25,1.00
2018.05.09 12:32:26.824,0.76594,0.76604,1.00,1.00
2018.05.09 12:32:27.427,0.76594,0.76602,1.00,1.00
2018.05.09 12:32:27.971,0.76593,0.76603,1.50,1.50
2018.05.09 12:32:28.302,0.7659,0.76599,1.00,1.00
2018.05.09 12:32:28.995,0.76589,0.76599,2.25,1.00
2018.05.09 12:32:30.001,0.76589,0.76598,1.50,1.00
2018.05.09 12:32:30.326,0.76587,0.76596,1.00,1.00
2018.05.09 12:32:30.843,0.76586,0.76596,2.25,1.50
2018.05.09 12:32:31.186,0.7659,0.76598,1.00,1.00
2018.05.09 12:32:31.746,0.7659,0.76599,1.00,1.00
2018.05.09 12:32:32.040,0.76591,0.76601,1.00,1.00
2018.05.09 12:32:32.193,0.76591,0.76599,1.00,1.00
2018.05.09 12:32:32.346,0.76591,0.76601,1.00,1.00
2018.05.09 12:32:32.542,0.76591,0.76599,1.00,1.00
2018.05.09 12:32:33.050,0.7659,0.76599,1.00,1.00
2018.05.09 12:32:34.113,0.7659,0.76601,1.50,1.50
2018.05.09 12:32:34.320,0.76589,0.76599,2.25,1.00
2018.05.09 12:32:34.474,0.76587,0.76598,1.50,1.00
2018.05.09 12:32:34.526,0.76586,0.76596,1.50,1.00
2018.05.09 12:32:34.869,0.76584,0.76594,1.50,1.00
2018.05.09 12:32:35.175,0.76585,0.76596,1.00,1.50
2018.05.09 12:32:35.485,0.76587,0.76597,1.00,1.50
2018.05.09 12:32:35.805,0.76583,0.76593,1.50,1.00
2018.05.09 12:32:36.248,0.76585,0.76595,1.00,1.50
2018.05.09 12:32:36.755,0.76587,0.76596,1.00,1.00
2018.05.09 12:32:37.286,0.76587,0.76597,2.25,1.50
2018.05.09 12:32:37.595,0.76584,0.76592,1.00,1.00
2018.05.09 12:32:38.131,0.76583,0.76592,1.12,1.00
2018.05.09 12:32:38.648,0.76584,0.76592,1.00,1.00
2018.05.09 12:32:39.185,0.76584,0.76593,1.00,1.00
2018.05.09 12:32:39.743,0.76584,0.76594,1.50,1.00
2018.05.09 12:32:40.079,0.76583,0.76592,1.00,1.00
2018.05.09 12:32:44.569,0.76582,0.76591,1.00,1.00
2018.05.09 12:32:45.102,0.76581,0.76591,1.00,1.00
2018.05.09 12:32:45.616,0.76581,0.7659,1.00,1.00
2018.05.09 12:32:45.937,0.76583,0.7659,1.00,1.00
2018.05.09 12:32:46.475,0.76579,0.76589,2.25,1.00
2018.05.09 12:32:48.611,0.76581,0.76589,1.00,1.00
2018.05.09 12:32:49.121,0.76582,0.76589,1.00,1.00
2018.05.09 12:32:49.382,0.76583,0.76591,1.00,1.00
2018.05.09 12:32:49.913,0.76582,0.76591,1.00,1.00
2018.05.09 12:32:52.293,0.76583,0.76591,1.00,1.00
2018.05.09 12:32:53.299,0.76583,0.76592,1.00,1.00
2018.05.09 12:32:53.860,0.76583,0.76591,1.00,1.00
2018.05.09 12:32:54.678,0.76583,0.76592,1.00,1.00
2018.05.09 12:32:55.851,0.76583,0.76593,1.00,1.50
2018.05.09 12:32:55.903,0.76586,0.76593,1.00,1.50
2018.05.09 12:32:56.210,0.76594,0.766,1.00,1.50
2018.05.09 12:32:57.205,0.76593,0.766,1.00,1.50
2018.05.09 12:32:57.782,0.76592,0.766,1.50,1.50
2018.05.09 12:32:58.491,0.76593,0.766,1.00,2.25
2018.05.09 12:32:58.598,0.76591,0.766,1.50,2.25
2018.05.09 12:32:58.818,0.76596,0.766,3.37,1.50
2018.05.09 12:32:59.739,0.76592,0.766,1.37,1.00
2018.05.09 12:32:59.942,0.76591,0.76601,1.00,1.50
2018.05.09 12:33:00.461,0.76591,0.766,1.00,1.00
2018.05.09 12:33:00.565,0.76594,0.76601,1.00,1.00
2018.05.09 12:33:00.618,0.76595,0.76603,1.00,1.00
2018.05.09 12:33:00.926,0.76597,0.76603,1.00,1.00
2018.05.09 12:33:00.978,0.76596,0.76605,1.00,1.00
2018.05.09 12:33:01.814,0.76595,0.76605,1.50,1.00
2018.05.09 12:33:02.202,0.76597,0.76605,1.00,1.00
2018.05.09 12:33:03.231,0.76597,0.76608,1.50,1.00
2018.05.09 12:33:03.765,0.76596,0.76606,1.00,1.00
2018.05.09 12:33:03.919,0.76599,0.7661,1.50,3.75
2018.05.09 12:33:04.073,0.76601,0.76612,1.50,1.00
2018.05.09 12:33:04.380,0.76607,0.76616,1.50,1.00
2018.05.09 12:33:04.533,0.76607,0.76618,2.25,1.50
2018.05.09 12:33:04.672,0.76609,0.76618,1.00,1.00
2018.05.09 12:33:05.185,0.76608,0.76619,1.50,1.50
2018.05.09 12:33:05.825,0.76608,0.76618,1.00,1.00
2018.05.09 12:33:06.343,0.76607,0.76618,1.00,1.00
2018.05.09 12:33:06.648,0.7661,0.76618,1.00,1.00
2018.05.09 12:33:06.968,0.76609,0.76616,1.00,1.00
2018.05.09 12:33:07.344,0.76609,0.76614,1.00,1.00
2018.05.09 12:33:07.396,0.76607,0.76614,1.00,1.50
2018.05.09 12:33:07.958,0.76606,0.76613,1.00,1.50
2018.05.09 12:33:08.489,0.76604,0.76613,1.00,2.25
2018.05.09 12:33:08.541,0.76604,0.76611,1.00,1.50
2018.05.09 12:33:09.076,0.76604,0.76612,1.00,1.00
2018.05.09 12:33:09.652,0.76603,0.76611,1.00,2.25
2018.05.09 12:33:10.168,0.76602,0.76611,1.00,2.25
2018.05.09 12:33:10.600,0.76603,0.76613,1.00,1.50
2018.05.09 12:33:10.703,0.76605,0.76615,1.50,1.00
2018.05.09 12:33:11.009,0.76606,0.76613,1.00,1.00
2018.05.09 12:33:11.591,0.76607,0.76614,1.00,1.00
2018.05.09 12:33:12.128,0.76608,0.76614,1.00,1.00
2018.05.09 12:33:12.662,0.76606,0.76612,1.00,1.00
2018.05.09 12:33:13.187,0.76606,0.76613,1.00,1.00
2018.05.09 12:33:13.714,0.76606,0.76611,1.00,1.00
2018.05.09 12:33:13.765,0.76603,0.76613,1.00,1.00
2018.05.09 12:33:13.898,0.76604,0.76611,1.00,1.00
2018.05.09 12:33:14.261,0.76602,0.76611,1.00,2.25
2018.05.09 12:33:14.468,0.76602,0.76609,1.00,1.00
2018.05.09 12:33:14.991,0.76601,0.76609,1.00,1.00
2018.05.09 12:33:16.097,0.766,0.76608,1.00,1.50
2018.05.09 12:33:16.631,0.76601,0.76608,1.00,1.00
2018.05.09 12:33:17.164,0.766,0.76607,1.00,1.00
2018.05.09 12:33:17.471,0.76602,0.76608,1.00,1.00
2018.05.09 12:33:17.834,0.76603,0.76612,1.00,1.00
2018.05.09 12:33:17.936,0.76604,0.7661,1.00,1.00
2018.05.09 12:33:18.464,0.76602,0.7661,1.00,1.00
2018.05.09 12:33:18.767,0.76601,0.7661,1.71,1.50
2018.05.09 12:33:18.974,0.766,0.76608,1.00,1.00
2018.05.09 12:33:19.026,0.76599,0.76606,1.50,1.00
2018.05.09 12:33:19.576,0.766,0.76606,1.50,1.00
2018.05.09 12:33:19.943,0.76596,0.76602,1.00,1.00
2018.05.09 12:33:20.046,0.76593,0.76602,1.00,1.50
2018.05.09 12:33:20.586,0.76593,0.766,1.00,1.00
2018.05.09 12:33:21.101,0.76592,0.76601,1.50,1.50
2018.05.09 12:33:21.439,0.76591,0.76598,1.00,1.00
2018.05.09 12:33:21.962,0.7659,0.76598,1.00,1.50
2018.05.09 12:33:22.490,0.7659,0.76597,1.50,1.00
2018.05.09 12:33:23.183,0.7659,0.76598,1.00,1.50
2018.05.09 12:33:23.797,0.76589,0.76596,1.00,1.00
2018.05.09 12:33:25.214,0.7659,0.76597,1.00,1.00
2018.05.09 12:33:25.716,0.76589,0.76596,1.00,1.00
2018.05.09 12:33:26.445,0.76587,0.76595,1.50,1.00
2018.05.09 12:33:26.548,0.76587,0.76593,1.00,1.00
2018.05.09 12:33:26.880,0.76589,0.76595,1.00,1.00
2018.05.09 12:33:27.499,0.76588,0.76595,1.00,1.00
2018.05.09 12:33:28.313,0.76585,0.76592,1.50,1.00
2018.05.09 12:33:28.863,0.76586,0.76593,1.00,1.00
2018.05.09 12:33:29.266,0.76588,0.76594,1.00,1.00
2018.05.09 12:33:29.423,0.76589,0.76596,1.00,1.00
2018.05.09 12:33:29.655,0.76587,0.76594,1.00,1.00
2018.05.09 12:33:29.914,0.76588,0.76596,1.00,1.50
2018.05.09 12:33:30.017,0.76588,0.76594,1.00,1.50
2018.05.09 12:33:30.174,0.76586,0.76594,1.00,2.25
2018.05.09 12:33:30.225,0.76585,0.76592,1.00,1.00
2018.05.09 12:33:31.089,0.76585,0.76591,1.00,1.00
2018.05.09 12:33:31.346,0.76583,0.7659,1.00,1.00
2018.05.09 12:33:31.499,0.76581,0.76588,1.00,1.00
2018.05.09 12:33:31.959,0.76583,0.76588,1.00,1.00
2018.05.09 12:33:32.605,0.76581,0.76589,1.00,1.50
2018.05.09 12:33:32.656,0.76583,0.76589,1.00,1.00
2018.05.09 12:33:32.708,0.76583,0.76591,1.00,2.25
2018.05.09 12:33:32.759,0.7658,0.76588,1.00,1.00
2018.05.09 12:33:33.286,0.76583,0.7659,1.00,1.00
2018.05.09 12:33:33.780,0.76584,0.76592,1.00,2.25
2018.05.09 12:33:34.326,0.76583,0.76591,1.00,1.00
2018.05.09 12:33:34.678,0.76583,0.76589,1.00,1.00
2018.05.09 12:33:34.731,0.76581,0.76589,1.00,1.50
2018.05.09 12:33:35.086,0.76583,0.76589,1.00,1.00
2018.05.09 12:33:35.258,0.76584,0.76591,1.00,1.50
2018.05.09 12:33:37.392,0.76585,0.76592,1.00,1.00
2018.05.09 12:33:37.546,0.76586,0.76594,1.00,1.00
2018.05.09 12:33:37.702,0.76588,0.76594,1.00,1.00
2018.05.09 12:33:37.758,0.76588,0.76597,1.00,1.50
2018.05.09 12:33:37.894,0.7659,0.76597,1.50,1.00
2018.05.09 12:33:38.097,0.76592,0.766,1.00,1.00
2018.05.09 12:33:38.606,0.76593,0.766,1.00,1.00
2018.05.09 12:33:39.388,0.76592,0.766,1.00,1.00
2018.05.09 12:33:40.155,0.76593,0.766,1.00,1.00
2018.05.09 12:33:40.207,0.76593,0.76602,1.00,1.50
2018.05.09 12:33:40.316,0.76593,0.766,1.00,1.00
2018.05.09 12:33:40.520,0.76595,0.76603,1.00,1.50
2018.05.09 12:33:40.994,0.76597,0.76602,1.00,1.00
2018.05.09 12:33:41.360,0.76597,0.76604,1.00,1.00
2018.05.09 12:33:42.036,0.76596,0.76604,2.25,1.00
2018.05.09 12:33:42.554,0.76598,0.76604,1.00,1.00
2018.05.09 12:33:42.608,0.76598,0.76607,1.00,1.50
2018.05.09 12:33:42.735,0.76601,0.76609,1.00,1.00
2018.05.09 12:33:42.786,0.76603,0.76612,1.00,1.00
2018.05.09 12:33:42.889,0.76602,0.7661,1.00,1.00
2018.05.09 12:33:43.393,0.76602,0.76611,1.00,1.50
2018.05.09 12:33:43.698,0.76604,0.76613,1.00,1.50
2018.05.09 12:33:44.358,0.76605,0.76613,1.00,1.50
2018.05.09 12:33:44.881,0.76604,0.76613,1.00,1.50
2018.05.09 12:33:45.389,0.76604,0.76612,1.00,1.00
2018.05.09 12:33:45.908,0.76605,0.76613,1.00,1.00
2018.05.09 12:33:46.011,0.76602,0.76611,1.50,2.25
2018.05.09 12:33:46.648,0.76602,0.76609,1.00,1.00
2018.05.09 12:33:47.181,0.76601,0.76609,1.00,1.00
2018.05.09 12:33:47.682,0.766,0.76609,1.50,2.25
2018.05.09 12:33:49.617,0.76599,0.76607,1.00,1.50
2018.05.09 12:33:50.259,0.76598,0.76606,1.00,1.00
2018.05.09 12:33:50.762,0.766,0.76606,1.00,1.00
2018.05.09 12:33:50.813,0.76599,0.76608,1.00,1.00
2018.05.09 12:33:51.364,0.76599,0.76607,1.00,1.00
2018.05.09 12:33:51.923,0.766,0.76607,1.00,1.00
2018.05.09 12:33:51.974,0.766,0.76609,1.00,1.50
2018.05.09 12:33:52.139,0.76602,0.76608,1.00,1.00
2018.05.09 12:33:52.190,0.76602,0.76611,1.00,1.50
2018.05.09 12:33:52.242,0.76604,0.76612,1.00,1.00
2018.05.09 12:33:52.855,0.76605,0.76612,1.00,1.00
2018.05.09 12:33:55.494,0.76606,0.76613,1.00,1.00
2018.05.09 12:33:56.059,0.76605,0.76613,1.00,1.50
2018.05.09 12:33:56.854,0.76606,0.76613,1.00,1.00
2018.05.09 12:33:57.364,0.76607,0.76613,1.00,1.00
2018.05.09 12:33:57.735,0.76608,0.76615,1.00,1.50
2018.05.09 12:33:57.989,0.76606,0.76613,1.00,1.00
2018.05.09 12:33:58.092,0.76603,0.76612,1.50,1.50
2018.05.09 12:33:58.605,0.76603,0.76611,1.00,1.00
2018.05.09 12:33:59.011,0.76605,0.7661,1.00,1.00
2018.05.09 12:33:59.062,0.76605,0.76612,1.00,1.50
2018.05.09 12:33:59.165,0.76607,0.76613,1.00,1.00
2018.05.09 12:33:59.469,0.76609,0.76614,1.00,1.00
2018.05.09 12:33:59.821,0.76609,0.76618,1.00,1.00
2018.05.09 12:34:00.340,0.7661,0.76619,1.00,1.00
2018.05.09 12:34:00.593,0.76609,0.76617,1.00,1.00
2018.05.09 12:34:00.644,0.7661,0.76619,1.00,2.25
2018.05.09 12:34:01.223,0.76611,0.76619,1.00,1.00
2018.05.09 12:34:01.479,0.76613,0.76619,1.00,1.00
2018.05.09 12:34:01.794,0.76616,0.76622,1.00,1.00
2018.05.09 12:34:02.316,0.76615,0.76622,1.50,1.00
2018.05.09 12:34:02.470,0.76615,0.76624,1.00,1.50
2018.05.09 12:34:02.687,0.76614,0.76621,1.00,1.00
2018.05.09 12:34:02.789,0.76612,0.7662,1.00,1.00
2018.05.09 12:34:03.528,0.76612,0.76619,1.00,1.00
2018.05.09 12:34:04.045,0.76611,0.7662,1.50,1.00
2018.05.09 12:34:04.589,0.7661,0.76619,1.00,1.00
2018.05.09 12:34:05.160,0.76611,0.7662,1.00,2.62
2018.05.09 12:34:05.547,0.76611,0.76618,1.00,1.00
2018.05.09 12:34:05.853,0.7661,0.76616,1.00,1.00
2018.05.09 12:34:06.513,0.76611,0.76617,1.00,1.00
2018.05.09 12:34:06.617,0.76611,0.76619,1.00,1.00
2018.05.09 12:34:07.737,0.76614,0.76621,1.00,2.25
2018.05.09 12:34:07.841,0.76616,0.76624,1.00,1.00
2018.05.09 12:34:07.996,0.76614,0.76623,1.50,1.00
2018.05.09 12:34:08.414,0.76614,0.76621,1.00,1.00
2018.05.09 12:34:09.383,0.76613,0.76621,1.00,1.00
2018.05.09 12:34:09.919,0.76614,0.76622,1.00,1.50
2018.05.09 12:34:10.592,0.76614,0.76621,1.00,1.00
2018.05.09 12:34:11.125,0.76613,0.76621,1.00,2.62
2018.05.09 12:34:11.634,0.76612,0.76621,1.00,2.25
2018.05.09 12:34:12.189,0.76612,0.76619,1.00,1.00
2018.05.09 12:34:14.053,0.76611,0.76619,1.50,1.00
2018.05.09 12:34:14.561,0.76611,0.76618,1.00,1.00
2018.05.09 12:34:14.937,0.76613,0.76619,1.00,1.00
2018.05.09 12:34:15.275,0.76611,0.76618,1.00,1.00
2018.05.09 12:34:15.405,0.76609,0.76618,1.50,1.00
2018.05.09 12:34:15.459,0.76609,0.76616,1.50,1.00
2018.05.09 12:34:15.975,0.76608,0.76615,1.00,1.00
2018.05.09 12:34:16.285,0.7661,0.76619,1.00,1.50
2018.05.09 12:34:16.336,0.76612,0.76619,1.00,1.00
2018.05.09 12:34:16.387,0.76612,0.76621,1.00,1.00
2018.05.09 12:34:16.923,0.76611,0.7662,1.00,2.25
2018.05.09 12:34:17.540,0.76613,0.7662,1.00,1.50
2018.05.09 12:34:18.099,0.76612,0.7662,1.00,1.00
2018.05.09 12:34:18.496,0.76614,0.76621,1.00,1.00
2018.05.09 12:34:18.958,0.76612,0.7662,1.50,1.00
2018.05.09 12:34:20.354,0.76612,0.76621,1.50,1.50
2018.05.09 12:34:21.380,0.76612,0.76619,1.00,1.00
2018.05.09 12:34:21.892,0.76611,0.76619,1.50,1.00
2018.05.09 12:34:22.605,0.7661,0.76617,1.00,1.00
2018.05.09 12:34:23.164,0.76609,0.76617,1.50,2.25
2018.05.09 12:34:23.700,0.76608,0.76616,1.50,1.00
2018.05.09 12:34:24.549,0.76609,0.76617,1.00,1.50
2018.05.09 12:34:25.132,0.76608,0.76615,1.50,1.00
2018.05.09 12:34:25.917,0.76609,0.76615,1.00,1.00
2018.05.09 12:34:26.541,0.76608,0.76615,1.00,1.00
2018.05.09 12:34:27.045,0.76609,0.76615,1.00,1.00
2018.05.09 12:34:27.658,0.76608,0.76615,1.00,1.00
2018.05.09 12:34:28.186,0.76607,0.76615,1.00,1.50
2018.05.09 12:34:28.694,0.76608,0.76615,1.00,1.00
2018.05.09 12:34:28.999,0.7661,0.76616,1.00,1.00
2018.05.09 12:34:30.186,0.76608,0.76617,1.50,1.00
2018.05.09 12:34:30.237,0.7661,0.76618,1.00,1.50
2018.05.09 12:34:30.634,0.76611,0.7662,1.00,1.87
2018.05.09 12:34:30.687,0.7661,0.76617,1.00,1.00
2018.05.09 12:34:32.757,0.76611,0.76617,1.00,1.00
2018.05.09 12:34:32.812,0.76611,0.76619,1.00,1.00
2018.05.09 12:34:32.863,0.76609,0.76617,1.50,1.00
2018.05.09 12:34:33.204,0.76611,0.76617,1.00,1.00
2018.05.09 12:34:33.754,0.76611,0.76619,1.50,1.50
2018.05.09 12:34:34.298,0.76612,0.76619,1.00,1.00
2018.05.09 12:34:34.452,0.7661,0.76618,1.50,1.00
2018.05.09 12:34:35.388,0.76609,0.76618,1.00,1.50
2018.05.09 12:34:35.924,0.76609,0.76617,1.00,1.00
2018.05.09 12:34:36.199,0.7661,0.76619,1.50,1.00
2018.05.09 12:34:36.863,0.7661,0.76617,1.50,1.00
2018.05.09 12:34:37.763,0.7661,0.76618,1.50,1.00
2018.05.09 12:34:38.091,0.76612,0.76618,1.00,1.00
2018.05.09 12:34:38.192,0.76611,0.7662,1.50,2.25
2018.05.09 12:34:38.609,0.76613,0.76619,1.00,1.00
2018.05.09 12:34:38.971,0.76612,0.76621,1.50,1.00
2018.05.09 12:34:39.126,0.76614,0.76623,1.00,2.25
2018.05.09 12:34:39.747,0.76615,0.76623,1.00,1.00
2018.05.09 12:34:40.148,0.76615,0.76621,1.00,1.00
2018.05.09 12:34:40.250,0.76613,0.76621,1.50,1.50
2018.05.09 12:34:40.505,0.76611,0.76619,1.50,1.00
2018.05.09 12:34:40.840,0.76613,0.76619,1.00,1.00
2018.05.09 12:34:41.738,0.76612,0.76619,1.00,1.00
2018.05.09 12:34:42.244,0.76611,0.76619,1.50,1.00
2018.05.09 12:34:42.751,0.7661,0.76617,1.00,1.00
2018.05.09 12:34:43.112,0.76611,0.7662,1.00,1.50
2018.05.09 12:34:43.163,0.76611,0.76618,1.00,1.50
2018.05.09 12:34:44.786,0.76612,0.76618,1.00,1.00
2018.05.09 12:34:45.043,0.76613,0.7662,1.50,1.00
2018.05.09 12:34:45.094,0.76614,0.76623,1.50,1.50
2018.05.09 12:34:45.298,0.76616,0.76623,1.00,2.25
2018.05.09 12:34:45.667,0.76616,0.7662,1.00,1.00
2018.05.09 12:34:45.872,0.76615,0.76621,1.00,1.00
2018.05.09 12:34:46.047,0.76613,0.76619,1.00,1.50
2018.05.09 12:34:46.353,0.76607,0.76612,1.00,1.50
2018.05.09 12:34:46.688,0.76604,0.76612,1.50,1.00
2018.05.09 12:34:46.740,0.76605,0.76614,1.00,2.25
2018.05.09 12:34:46.947,0.76604,0.76612,1.50,1.50
2018.05.09 12:34:47.103,0.76608,0.76617,1.00,1.50
2018.05.09 12:34:47.206,0.76611,0.76616,1.00,1.00
2018.05.09 12:34:47.489,0.76611,0.76618,1.00,1.00
2018.05.09 12:34:47.642,0.76612,0.76616,1.00,1.00
2018.05.09 12:34:47.693,0.76612,0.76618,1.00,1.00
2018.05.09 12:34:48.360,0.76612,0.76619,1.00,1.00
2018.05.09 12:34:48.615,0.76612,0.76617,1.00,1.50
2018.05.09 12:34:49.145,0.76611,0.76617,1.50,1.00
2018.05.09 12:34:49.659,0.76612,0.76617,1.00,1.00
2018.05.09 12:34:51.211,0.76612,0.76619,1.00,1.00
2018.05.09 12:34:51.314,0.76613,0.76621,1.00,1.00
2018.05.09 12:34:51.860,0.76612,0.7662,1.50,1.50
2018.05.09 12:34:52.772,0.76612,0.76618,1.50,1.00
2018.05.09 12:34:53.396,0.76613,0.76618,1.00,1.00
2018.05.09 12:34:54.181,0.76613,0.76621,1.00,1.50
2018.05.09 12:34:54.549,0.76614,0.76619,1.00,1.00
2018.05.09 12:34:54.894,0.76612,0.76619,1.00,1.00
2018.05.09 12:34:55.574,0.76611,0.76619,1.50,1.50
2018.05.09 12:34:56.077,0.7661,0.76619,1.50,2.25
2018.05.09 12:34:56.605,0.7661,0.76618,1.50,1.00
2018.05.09 12:34:56.838,0.7661,0.76616,1.00,1.00
2018.05.09 12:34:57.895,0.76612,0.76619,1.00,1.50
2018.05.09 12:34:57.998,0.76614,0.76619,1.00,1.00
2018.05.09 12:34:58.049,0.76615,0.76621,1.00,1.00
2018.05.09 12:34:58.100,0.76615,0.76623,1.00,1.50
2018.05.09 12:34:58.609,0.76614,0.76622,1.50,1.00
2018.05.09 12:34:59.639,0.76615,0.76622,1.00,1.00
2018.05.09 12:34:59.742,0.76616,0.76625,1.00,1.50
2018.05.09 12:34:59.794,0.76616,0.76622,1.00,1.00
2018.05.09 12:34:59.845,0.76616,0.76625,1.00,2.25
2018.05.09 12:34:59.953,0.76615,0.76622,1.50,1.00
2018.05.09 12:35:01.762,0.76615,0.7662,1.00,1.00
2018.05.09 12:35:02.363,0.76615,0.76621,1.00,1.00
2018.05.09 12:35:02.872,0.76614,0.76621,1.00,1.00
2018.05.09 12:35:03.421,0.76615,0.7662,1.50,1.00
2018.05.09 12:35:03.858,0.76615,0.76622,1.50,1.00
2018.05.09 12:35:04.517,0.76616,0.76622,1.50,1.00
2018.05.09 12:35:04.934,0.76617,0.76624,1.00,1.00
2018.05.09 12:35:05.327,0.76615,0.76623,1.50,1.00
2018.05.09 12:35:05.748,0.76618,0.76623,1.00,1.00
2018.05.09 12:35:05.851,0.76619,0.76625,1.00,1.00
2018.05.09 12:35:06.499,0.76618,0.76625,1.00,1.00
2018.05.09 12:35:08.123,0.76619,0.76626,1.00,1.00
2018.05.09 12:35:08.265,0.76619,0.76629,1.00,2.25
2018.05.09 12:35:08.316,0.76619,0.76626,1.50,1.00
2018.05.09 12:35:09.642,0.7662,0.76628,1.00,3.37
2018.05.09 12:35:09.693,0.76618,0.76626,1.00,1.50
2018.05.09 12:35:10.044,0.76623,0.76627,1.00,1.00
2018.05.09 12:35:10.095,0.76621,0.76628,1.50,1.00
2018.05.09 12:35:10.351,0.76623,0.76628,1.00,1.00
2018.05.09 12:35:10.697,0.76621,0.76628,1.00,1.00
2018.05.09 12:35:11.149,0.76623,0.7663,1.00,1.00
2018.05.09 12:35:11.651,0.76622,0.7663,1.00,1.50
2018.05.09 12:35:11.979,0.7662,0.76627,1.00,1.50
2018.05.09 12:35:13.180,0.76621,0.76627,1.00,1.00
2018.05.09 12:35:13.748,0.76621,0.76629,1.50,1.50
2018.05.09 12:35:14.266,0.76623,0.7663,1.00,2.25
2018.05.09 12:35:14.421,0.76621,0.7663,1.50,1.50
2018.05.09 12:35:14.525,0.76621,0.76628,1.50,1.00
2018.05.09 12:35:15.416,0.76622,0.7663,1.00,1.50
2018.05.09 12:35:15.817,0.76621,0.76627,1.50,1.00
2018.05.09 12:35:16.176,0.76623,0.76627,1.00,1.00
2018.05.09 12:35:16.227,0.76624,0.76629,1.00,1.00
2018.05.09 12:35:16.279,0.76624,0.76632,1.00,2.25
2018.05.09 12:35:16.485,0.76628,0.76636,1.00,1.00
2018.05.09 12:35:16.824,0.76626,0.76634,1.50,1.00
2018.05.09 12:35:17.368,0.76625,0.76633,1.50,1.00
2018.05.09 12:35:18.219,0.76625,0.76632,1.50,1.00
2018.05.09 12:35:18.910,0.76626,0.76632,1.00,1.00
2018.05.09 12:35:19.433,0.76625,0.76632,1.00,1.50
2018.05.09 12:35:20.270,0.76624,0.76632,1.00,1.50
2018.05.09 12:35:20.809,0.76624,0.76631,1.00,1.00
2018.05.09 12:35:21.335,0.76623,0.7663,1.50,1.00
2018.05.09 12:35:21.874,0.76624,0.76631,1.00,1.50
2018.05.09 12:35:22.391,0.76623,0.76631,1.50,1.50
2018.05.09 12:35:22.899,0.76622,0.76631,1.50,1.50
2018.05.09 12:35:23.595,0.76623,0.76631,1.00,1.00
2018.05.09 12:35:24.181,0.76624,0.76632,1.00,1.50
2018.05.09 12:35:24.804,0.76624,0.7663,1.00,1.00
2018.05.09 12:35:24.966,0.76625,0.76632,1.00,1.00
2018.05.09 12:35:25.021,0.76621,0.76629,1.00,2.25
2018.05.09 12:35:25.073,0.76619,0.76628,1.00,2.25
2018.05.09 12:35:25.178,0.76619,0.76626,1.00,1.00
2018.05.09 12:35:25.229,0.76617,0.76626,1.00,1.50
2018.05.09 12:35:25.513,0.76619,0.76626,1.00,1.50
2018.05.09 12:35:25.818,0.76621,0.76625,1.00,1.00
2018.05.09 12:35:26.468,0.7662,0.76625,1.00,1.00
2018.05.09 12:35:27.122,0.76619,0.76625,1.00,1.00
2018.05.09 12:35:27.582,0.7662,0.76628,1.00,2.25
2018.05.09 12:35:27.633,0.76619,0.76626,1.00,1.00
2018.05.09 12:35:27.835,0.76619,0.76628,1.00,2.25
2018.05.09 12:35:27.937,0.76619,0.76626,1.00,1.00
2018.05.09 12:35:28.328,0.76618,0.76624,1.00,1.00
2018.05.09 12:35:28.480,0.76618,0.76626,1.00,1.50
2018.05.09 12:35:28.583,0.76619,0.76628,1.00,3.00
2018.05.09 12:35:28.686,0.7662,0.76625,1.00,1.00
2018.05.09 12:35:28.823,0.7662,0.76627,1.00,1.00
2018.05.09 12:35:29.029,0.76622,0.76627,1.00,1.00
2018.05.09 12:35:29.647,0.76621,0.76627,1.00,1.00
2018.05.09 12:35:30.309,0.7662,0.76627,1.00,1.00
2018.05.09 12:35:30.360,0.7662,0.76629,1.00,1.00
2018.05.09 12:35:30.411,0.7662,0.76627,1.00,1.00
2018.05.09 12:35:30.678,0.7662,0.76629,1.00,2.25
2018.05.09 12:35:30.780,0.76622,0.76627,1.00,1.00
2018.05.09 12:35:31.232,0.76623,0.76629,1.00,1.00
2018.05.09 12:35:31.337,0.76624,0.76631,1.00,1.00
2018.05.09 12:35:31.694,0.76622,0.76632,1.00,2.25
2018.05.09 12:35:31.746,0.76621,0.76629,1.50,1.00
2018.05.09 12:35:32.285,0.7662,0.76629,1.00,2.25
2018.05.09 12:35:32.621,0.7662,0.76626,1.00,1.00
2018.05.09 12:35:33.546,0.7662,0.76628,1.00,1.00
2018.05.09 12:35:34.068,0.76619,0.76627,1.00,1.50
2018.05.09 12:35:34.238,0.76622,0.76627,1.00,1.00
2018.05.09 12:35:34.290,0.76624,0.7663,1.00,1.00
2018.05.09 12:35:34.341,0.76624,0.76628,1.00,1.00
2018.05.09 12:35:34.393,0.76624,0.7663,1.00,1.00
2018.05.09 12:35:34.836,0.76622,0.7663,1.00,1.50
2018.05.09 12:35:34.888,0.76621,0.76628,1.00,1.00
2018.05.09 12:35:35.407,0.76622,0.76629,1.00,1.00
2018.05.09 12:35:35.879,0.7662,0.76627,1.50,1.00
2018.05.09 12:35:36.662,0.76619,0.76627,1.00,1.00
2018.05.09 12:35:37.451,0.7662,0.76627,1.00,1.00
2018.05.09 12:35:37.989,0.76619,0.76627,1.00,1.00
2018.05.09 12:35:38.401,0.76621,0.76627,1.00,1.00
2018.05.09 12:35:38.554,0.76623,0.7663,1.00,1.00
2018.05.09 12:35:38.605,0.76625,0.7663,1.00,1.00
2018.05.09 12:35:39.065,0.76622,0.7663,1.00,1.50
2018.05.09 12:35:39.604,0.7662,0.76627,1.50,1.50
2018.05.09 12:35:39.936,0.76618,0.76625,1.00,1.00
2018.05.09 12:35:40.445,0.76619,0.76625,1.00,1.00
2018.05.09 12:35:41.027,0.76618,0.76625,1.50,1.00
2018.05.09 12:35:41.340,0.7662,0.76625,1.00,1.00
2018.05.09 12:35:45.094,0.76622,0.76627,1.00,1.00
2018.05.09 12:35:45.347,0.7662,0.76627,2.25,1.00
2018.05.09 12:35:45.931,0.7662,0.76629,1.50,1.50
2018.05.09 12:35:45.983,0.76622,0.7663,1.00,1.00
2018.05.09 12:35:46.292,0.76622,0.76628,1.00,1.00
2018.05.09 12:35:46.583,0.7662,0.76628,1.00,1.00
2018.05.09 12:35:47.767,0.76619,0.76628,1.50,1.50
2018.05.09 12:35:47.819,0.7662,0.76626,1.00,1.00
2018.05.09 12:35:48.091,0.76622,0.76629,1.00,1.00
2018.05.09 12:35:48.507,0.7662,0.76629,1.50,1.50
2018.05.09 12:35:49.012,0.76619,0.76628,2.25,1.50
2018.05.09 12:35:49.805,0.76621,0.76628,1.00,1.00
2018.05.09 12:35:49.909,0.76623,0.76631,1.00,1.00
2018.05.09 12:35:50.418,0.76623,0.7663,1.00,1.00
2018.05.09 12:35:52.252,0.76622,0.7663,1.50,1.50
2018.05.09 12:35:52.354,0.76622,0.76628,1.00,1.00
2018.05.09 12:35:52.408,0.7662,0.76628,1.50,1.00
2018.05.09 12:35:52.510,0.76619,0.76626,1.00,1.00
2018.05.09 12:35:52.939,0.76621,0.76628,1.00,1.00
2018.05.09 12:35:53.418,0.76621,0.7663,1.50,1.50
2018.05.09 12:35:53.469,0.76621,0.76627,1.50,1.00
2018.05.09 12:35:53.623,0.76625,0.76632,1.00,1.00
2018.05.09 12:35:53.726,0.76625,0.76634,1.00,2.25
2018.05.09 12:35:53.777,0.76625,0.76632,1.00,1.00
2018.05.09 12:35:56.207,0.76625,0.7663,1.00,1.00
2018.05.09 12:35:56.327,0.76625,0.76632,1.00,1.00
2018.05.09 12:35:57.184,0.76625,0.76633,1.00,1.50
2018.05.09 12:35:58.290,0.76627,0.76634,1.00,1.00
2018.05.09 12:35:58.342,0.76627,0.76636,1.00,2.25
2018.05.09 12:35:58.892,0.76627,0.76635,1.00,1.00
2018.05.09 12:35:59.009,0.76629,0.76635,1.00,1.00
2018.05.09 12:35:59.256,0.76629,0.76637,1.00,2.25
2018.05.09 12:35:59.741,0.76629,0.76635,1.00,1.00
2018.05.09 12:35:59.792,0.76629,0.76637,1.00,1.00
2018.05.09 12:35:59.894,0.76628,0.76635,1.00,1.00
2018.05.09 12:36:00.199,0.7663,0.76638,1.00,1.50
2018.05.09 12:36:00.975,0.7663,0.76636,1.00,1.00
2018.05.09 12:36:02.855,0.7663,0.76638,1.00,1.00
2018.05.09 12:36:03.164,0.76628,0.76634,1.00,1.50
2018.05.09 12:36:03.216,0.76626,0.76633,1.50,1.00
2018.05.09 12:36:03.471,0.76623,0.76631,2.25,1.00
2018.05.09 12:36:03.763,0.76623,0.76629,1.00,1.00
2018.05.09 12:36:03.974,0.76621,0.76629,1.00,1.50
2018.05.09 12:36:04.496,0.76621,0.76627,1.00,1.00
2018.05.09 12:36:04.829,0.76623,0.76629,1.50,1.00
2018.05.09 12:36:04.881,0.76624,0.76631,1.00,1.00
2018.05.09 12:36:05.034,0.76624,0.76629,1.00,1.00
2018.05.09 12:36:05.440,0.76622,0.76629,1.50,1.00
2018.05.09 12:36:05.744,0.76624,0.76629,1.00,1.00
2018.05.09 12:36:06.646,0.76622,0.76629,1.50,1.00
2018.05.09 12:36:06.978,0.76624,0.76629,1.00,1.00
2018.05.09 12:36:07.030,0.76622,0.76629,1.50,1.00
2018.05.09 12:36:07.694,0.76628,0.76633,1.00,1.50
2018.05.09 12:36:07.746,0.76629,0.76636,1.00,1.00
2018.05.09 12:36:07.848,0.76629,0.76638,1.00,2.25
2018.05.09 12:36:08.799,0.7663,0.76638,1.00,1.50
2018.05.09 12:36:09.312,0.76629,0.76638,1.50,2.25
2018.05.09 12:36:09.874,0.76628,0.76637,1.50,1.00
2018.05.09 12:36:10.128,0.76627,0.76634,1.00,1.00
2018.05.09 12:36:10.280,0.76625,0.76634,1.00,1.00
2018.05.09 12:36:10.331,0.76627,0.76635,1.00,1.00
2018.05.09 12:36:10.959,0.76627,0.76636,1.50,2.25
2018.05.09 12:36:11.868,0.7663,0.76638,1.00,1.50
2018.05.09 12:36:12.121,0.76628,0.76637,1.00,1.00
2018.05.09 12:36:12.720,0.76629,0.76637,1.00,1.00
2018.05.09 12:36:14.283,0.76629,0.76636,1.00,1.00
2018.05.09 12:36:18.764,0.76631,0.76639,1.00,1.50
2018.05.09 12:36:18.816,0.76629,0.76638,1.00,1.00
2018.05.09 12:36:19.020,0.76631,0.76638,1.00,1.00
2018.05.09 12:36:21.097,0.7663,0.76638,1.50,1.00
2018.05.09 12:36:21.415,0.76632,0.7664,1.00,1.00
2018.05.09 12:36:23.478,0.76632,0.76641,1.00,1.50
2018.05.09 12:36:23.898,0.76634,0.76642,1.00,1.00
2018.05.09 12:36:24.204,0.7663,0.76638,1.00,1.00
2018.05.09 12:36:24.736,0.76632,0.7664,1.00,1.50
2018.05.09 12:36:26.895,0.76631,0.7664,1.00,1.50
2018.05.09 12:36:27.215,0.7663,0.76638,1.00,1.00
2018.05.09 12:36:27.622,0.76631,0.7664,1.00,1.50
2018.05.09 12:36:28.654,0.7663,0.76639,1.00,1.00
2018.05.09 12:36:30.882,0.76631,0.7664,1.00,1.50
2018.05.09 12:36:31.038,0.76629,0.76637,1.00,1.00
2018.05.09 12:36:31.565,0.76631,0.76639,1.00,1.50
2018.05.09 12:36:32.116,0.76633,0.7664,1.00,1.00
2018.05.09 12:36:32.664,0.76634,0.76641,1.00,1.00
2018.05.09 12:36:32.920,0.76632,0.76641,1.00,1.50
2018.05.09 12:36:33.125,0.76632,0.76639,1.00,1.00
2018.05.09 12:36:33.473,0.76634,0.76641,1.00,1.00
2018.05.09 12:36:34.012,0.76633,0.76642,1.00,1.00
2018.05.09 12:36:34.560,0.76632,0.76641,1.00,1.00
2018.05.09 12:36:34.924,0.76632,0.76639,1.00,1.00
2018.05.09 12:36:36.894,0.76631,0.76639,1.00,1.00
2018.05.09 12:36:37.221,0.76628,0.76636,1.00,1.00
2018.05.09 12:36:38.228,0.76629,0.76636,1.00,1.50
2018.05.09 12:36:38.743,0.7663,0.76636,1.00,1.00
2018.05.09 12:36:39.434,0.7663,0.76638,1.00,1.50
2018.05.09 12:36:40.257,0.76631,0.76638,1.00,1.00
2018.05.09 12:36:40.615,0.76631,0.7664,1.00,1.50
2018.05.09 12:36:40.932,0.7663,0.76638,1.00,1.00
2018.05.09 12:36:41.757,0.76631,0.7664,1.00,1.00
2018.05.09 12:36:42.011,0.7663,0.76638,1.00,1.00
2018.05.09 12:36:42.898,0.76632,0.7664,1.00,1.50
2018.05.09 12:36:43.449,0.76632,0.76641,1.00,3.37
2018.05.09 12:36:43.793,0.76631,0.76639,1.00,1.00
2018.05.09 12:36:43.946,0.76629,0.76638,1.00,1.00
2018.05.09 12:36:45.648,0.76631,0.76638,1.00,1.50
2018.05.09 12:36:46.177,0.76632,0.76639,1.00,1.00
2018.05.09 12:36:47.154,0.76632,0.76641,1.00,1.50
2018.05.09 12:36:48.315,0.76634,0.76641,1.00,1.00
2018.05.09 12:36:48.592,0.76632,0.76641,1.00,1.50
2018.05.09 12:36:49.478,0.76631,0.76639,1.00,1.00
2018.05.09 12:36:50.011,0.7663,0.76638,1.00,1.50
2018.05.09 12:36:51.052,0.76629,0.76638,1.50,1.50
2018.05.09 12:36:51.864,0.7663,0.76638,1.00,1.00
2018.05.09 12:36:52.388,0.7663,0.76639,1.00,1.00
2018.05.09 12:36:53.923,0.76631,0.7664,1.00,2.25
2018.05.09 12:36:54.229,0.76629,0.76638,1.00,1.12
2018.05.09 12:36:54.733,0.7663,0.76638,1.00,1.00
2018.05.09 12:36:54.924,0.76631,0.7664,1.00,1.50
2018.05.09 12:36:55.282,0.7663,0.76638,1.00,1.00
2018.05.09 12:36:56.234,0.76627,0.76636,1.00,2.25
2018.05.09 12:36:56.286,0.76625,0.76633,1.00,2.25
2018.05.09 12:36:56.392,0.76622,0.76631,1.00,1.31
2018.05.09 12:36:56.516,0.76621,0.76629,1.00,1.50
2018.05.09 12:36:56.949,0.76623,0.76629,1.00,1.00
2018.05.09 12:36:57.552,0.76624,0.76631,1.00,1.00
2018.05.09 12:36:58.062,0.76624,0.76632,1.00,1.00
2018.05.09 12:36:58.626,0.76625,0.76633,1.00,1.00
2018.05.09 12:36:59.169,0.76624,0.76633,1.00,1.50
2018.05.09 12:36:59.378,0.76626,0.76633,1.00,1.00
2018.05.09 12:36:59.581,0.76622,0.76631,1.00,1.00
2018.05.09 12:36:59.690,0.76624,0.76631,1.00,1.00
2018.05.09 12:36:59.843,0.76624,0.76633,1.00,1.50
2018.05.09 12:36:59.996,0.76626,0.76633,1.00,1.00
2018.05.09 12:37:00.047,0.76624,0.76633,1.00,1.50
2018.05.09 12:37:00.149,0.76624,0.76629,1.00,1.00
2018.05.09 12:37:00.287,0.76625,0.76632,1.00,1.50
2018.05.09 12:37:01.637,0.76624,0.76632,1.00,2.25
2018.05.09 12:37:03.182,0.76623,0.7663,1.00,1.00
2018.05.09 12:37:03.485,0.7662,0.76626,1.00,1.00
2018.05.09 12:37:03.844,0.76617,0.76626,1.00,1.50
2018.05.09 12:37:04.389,0.76618,0.76625,1.00,1.00
2018.05.09 12:37:05.136,0.76618,0.76626,1.00,1.00
2018.05.09 12:37:05.393,0.76616,0.76625,1.00,1.50
2018.05.09 12:37:05.941,0.76617,0.76624,1.00,1.00
2018.05.09 12:37:06.771,0.76617,0.76625,1.00,2.25
2018.05.09 12:37:07.724,0.76618,0.76625,1.00,1.00
2018.05.09 12:37:07.977,0.76616,0.76625,1.00,1.50
2018.05.09 12:37:08.496,0.76617,0.76625,1.00,1.00
2018.05.09 12:37:09.189,0.76616,0.76624,1.00,1.00
2018.05.09 12:37:09.497,0.76614,0.76622,1.00,2.25
2018.05.09 12:37:09.549,0.76611,0.7662,1.00,1.00
2018.05.09 12:37:09.702,0.76613,0.76621,1.00,1.50
2018.05.09 12:37:10.361,0.76613,0.7662,1.00,1.50
2018.05.09 12:37:10.911,0.76613,0.76619,1.00,1.00
2018.05.09 12:37:12.764,0.76615,0.76621,1.00,1.00
2018.05.09 12:37:13.313,0.76614,0.76621,1.00,1.00
2018.05.09 12:37:13.852,0.76614,0.76622,1.00,2.25
2018.05.09 12:37:14.442,0.76608,0.76615,1.69,1.00
2018.05.09 12:37:15.087,0.76607,0.76614,1.00,1.00
2018.05.09 12:37:15.701,0.76608,0.76614,1.00,1.00
2018.05.09 12:37:16.243,0.76607,0.76614,1.00,1.00
2018.05.09 12:37:17.800,0.76607,0.76613,1.00,1.00
2018.05.09 12:37:18.608,0.76607,0.76614,1.00,1.00
2018.05.09 12:37:19.133,0.76607,0.76613,1.00,1.00
2018.05.09 12:37:19.979,0.76607,0.76614,1.00,1.00
2018.05.09 12:37:21.372,0.76608,0.76614,1.00,1.00
2018.05.09 12:37:21.677,0.76612,0.76616,1.00,1.00
2018.05.09 12:37:22.284,0.76619,0.76623,1.00,2.25
2018.05.09 12:37:22.335,0.7662,0.76626,1.00,1.50
2018.05.09 12:37:22.387,0.76622,0.76628,1.00,1.00
2018.05.09 12:37:22.438,0.76616,0.76628,2.25,1.00
2018.05.09 12:37:22.489,0.76618,0.76627,1.00,1.00
2018.05.09 12:37:23.084,0.76619,0.76627,1.00,1.50
2018.05.09 12:37:23.237,0.76617,0.76626,1.00,1.00
2018.05.09 12:37:23.289,0.76616,0.76624,1.00,1.50
2018.05.09 12:37:23.697,0.76613,0.76621,1.00,1.00
2018.05.09 12:37:24.259,0.76614,0.76619,1.00,1.00
2018.05.09 12:37:24.812,0.76613,0.76619,1.00,1.00
2018.05.09 12:37:25.118,0.76619,0.76623,1.00,1.00
2018.05.09 12:37:25.169,0.76617,0.76623,1.00,1.00
2018.05.09 12:37:25.725,0.76618,0.76623,1.00,1.00
2018.05.09 12:37:25.970,0.76616,0.76623,1.00,1.00
2018.05.09 12:37:26.073,0.7662,0.76624,1.00,1.00
2018.05.09 12:37:26.204,0.76617,0.76625,1.50,1.50
2018.05.09 12:37:26.408,0.76618,0.76623,1.00,1.00
2018.05.09 12:37:27.339,0.76617,0.76623,1.00,1.00
2018.05.09 12:37:27.859,0.76618,0.76625,1.00,1.50
2018.05.09 12:37:28.477,0.76619,0.76626,1.00,1.00
2018.05.09 12:37:29.056,0.76618,0.76625,1.00,1.00
2018.05.09 12:37:29.311,0.76617,0.76623,1.00,1.00
2018.05.09 12:37:31.161,0.76617,0.76624,1.00,1.00
2018.05.09 12:37:32.111,0.76618,0.76624,1.00,1.00
2018.05.09 12:37:32.245,0.76617,0.76626,1.00,2.25
2018.05.09 12:37:32.649,0.76619,0.76625,1.00,1.00
2018.05.09 12:37:32.906,0.7662,0.76628,1.00,1.50
2018.05.09 12:37:32.957,0.76625,0.7663,1.00,3.75
2018.05.09 12:37:33.083,0.76625,0.76632,1.00,1.00
2018.05.09 12:37:33.134,0.76627,0.76632,1.00,1.00
2018.05.09 12:37:33.291,0.76627,0.76635,1.00,1.00
2018.05.09 12:37:33.776,0.76624,0.76633,1.00,1.50
2018.05.09 12:37:33.879,0.76626,0.76634,1.00,1.00
2018.05.09 12:37:34.183,0.7663,0.76638,1.00,3.00
2018.05.09 12:37:34.488,0.76624,0.7663,1.00,1.00
2018.05.09 12:37:35.116,0.76622,0.7663,1.00,1.50
2018.05.09 12:37:35.790,0.76621,0.76629,1.00,1.00
2018.05.09 12:37:36.149,0.76618,0.76626,1.00,1.00
2018.05.09 12:37:36.457,0.76621,0.76627,1.00,1.50
2018.05.09 12:37:37.109,0.7662,0.76627,1.00,1.00
2018.05.09 12:37:37.800,0.7662,0.76628,1.00,2.25
2018.05.09 12:37:38.742,0.76621,0.76628,1.00,1.50
2018.05.09 12:37:39.266,0.76621,0.76629,1.00,2.25
2018.05.09 12:37:40.098,0.76622,0.76629,1.00,2.25
2018.05.09 12:37:41.161,0.7662,0.76627,1.00,1.50
2018.05.09 12:37:41.557,0.76624,0.76628,1.00,1.00
2018.05.09 12:37:41.609,0.76626,0.7663,1.00,1.50
2018.05.09 12:37:42.122,0.76625,0.76632,1.00,1.50
2018.05.09 12:37:43.253,0.76622,0.7663,1.00,1.00
2018.05.09 12:37:43.304,0.7662,0.76628,1.00,1.50
2018.05.09 12:37:43.832,0.76621,0.76628,1.00,1.00
2018.05.09 12:37:44.373,0.7662,0.76627,1.00,1.00
2018.05.09 12:37:45.048,0.76621,0.76627,1.00,1.50
2018.05.09 12:37:45.571,0.7662,0.76627,1.00,1.00
2018.05.09 12:37:46.161,0.76619,0.76627,1.00,2.25
2018.05.09 12:37:48.163,0.76618,0.76626,1.00,1.00
2018.05.09 12:37:48.683,0.76619,0.76626,1.00,1.00
2018.05.09 12:37:48.988,0.76624,0.76631,1.00,1.50
2018.05.09 12:37:49.558,0.76625,0.76631,1.00,1.00
2018.05.09 12:37:49.998,0.76628,0.76632,1.00,1.00
2018.05.09 12:37:50.101,0.76628,0.76636,1.00,1.50
2018.05.09 12:37:50.203,0.7663,0.76637,1.00,1.50
2018.05.09 12:37:52.891,0.76629,0.76637,1.00,1.50
2018.05.09 12:37:53.268,0.76628,0.76635,1.00,1.00
2018.05.09 12:37:53.693,0.7663,0.76637,1.00,1.00
2018.05.09 12:37:54.227,0.76631,0.76638,1.00,1.50
2018.05.09 12:37:55.049,0.7663,0.76638,1.00,1.50
2018.05.09 12:37:55.819,0.76631,0.76638,1.00,1.00
2018.05.09 12:37:56.396,0.7663,0.76638,1.00,2.25
2018.05.09 12:37:57.762,0.7663,0.76637,1.00,1.00
2018.05.09 12:37:57.994,0.76633,0.76641,1.00,1.00
2018.05.09 12:37:58.147,0.76635,0.76641,1.00,1.00
2018.05.09 12:37:58.456,0.76643,0.76649,1.00,1.00
2018.05.09 12:37:58.813,0.76639,0.76646,1.00,1.00
2018.05.09 12:37:58.915,0.76638,0.76644,1.00,1.00
2018.05.09 12:37:58.966,0.76636,0.76644,1.00,1.00
2018.05.09 12:37:59.525,0.76637,0.76645,1.00,2.62
2018.05.09 12:38:00.036,0.76637,0.76645,1.00,2.62
2018.05.09 12:38:00.465,0.76636,0.76643,1.00,1.00
2018.05.09 12:38:01.058,0.76637,0.76644,1.00,1.00
2018.05.09 12:38:01.363,0.76643,0.76649,1.00,1.00
2018.05.09 12:38:01.414,0.76644,0.76651,1.00,1.00
2018.05.09 12:38:02.053,0.7664,0.7665,1.50,1.00
2018.05.09 12:38:02.588,0.76638,0.76649,2.25,1.00
2018.05.09 12:38:03.431,0.76638,0.76647,1.50,1.00
2018.05.09 12:38:03.789,0.76639,0.76649,1.00,1.00
2018.05.09 12:38:04.317,0.7664,0.7665,1.50,1.00
2018.05.09 12:38:04.841,0.7664,0.76649,1.50,1.00
2018.05.09 12:38:05.369,0.76639,0.76649,1.50,1.50
2018.05.09 12:38:06.209,0.7664,0.76649,1.00,1.50
2018.05.09 12:38:07.790,0.76641,0.76649,1.00,1.00
2018.05.09 12:38:08.337,0.76641,0.7665,1.00,1.00
2018.05.09 12:38:08.694,0.76646,0.76654,1.00,1.00
2018.05.09 12:38:08.746,0.76647,0.76656,1.00,1.50
2018.05.09 12:38:08.798,0.76649,0.76658,1.00,1.50
2018.05.09 12:38:09.106,0.7665,0.7666,1.00,1.00
2018.05.09 12:38:09.388,0.7665,0.76658,1.00,1.00
2018.05.09 12:38:09.899,0.76648,0.76657,1.00,1.00
2018.05.09 12:38:10.251,0.76646,0.76656,1.50,1.00
2018.05.09 12:38:10.760,0.76647,0.76655,1.00,1.00
2018.05.09 12:38:11.290,0.76646,0.76655,1.00,1.00
2018.05.09 12:38:11.442,0.76647,0.76657,1.00,1.50
2018.05.09 12:38:11.982,0.76646,0.76656,1.50,1.00
2018.05.09 12:38:12.338,0.76648,0.76658,1.00,1.50
2018.05.09 12:38:13.072,0.76649,0.76658,1.00,1.00
2018.05.09 12:38:13.649,0.76648,0.76658,2.25,1.00
2018.05.09 12:38:14.174,0.76649,0.76658,1.00,1.00
2018.05.09 12:38:14.750,0.7665,0.76659,1.00,1.00
2018.05.09 12:38:15.945,0.7665,0.7666,1.50,2.25
2018.05.09 12:38:16.789,0.76651,0.7666,1.00,1.50
2018.05.09 12:38:17.215,0.76651,0.76658,1.00,1.00
2018.05.09 12:38:17.762,0.76651,0.76659,1.00,1.00
2018.05.09 12:38:18.271,0.7665,0.76659,1.00,1.00
2018.05.09 12:38:18.907,0.7665,0.76658,1.00,1.00
2018.05.09 12:38:19.455,0.76651,0.76659,1.00,1.00
2018.05.09 12:38:19.971,0.7665,0.76659,1.00,1.00
2018.05.09 12:38:20.473,0.7665,0.7666,1.50,1.00
2018.05.09 12:38:21.025,0.76651,0.7666,1.00,1.50
2018.05.09 12:38:21.588,0.76651,0.76659,1.00,1.00
2018.05.09 12:38:23.252,0.76651,0.76658,1.00,1.00
2018.05.09 12:38:23.591,0.76648,0.76658,1.50,1.00
2018.05.09 12:38:24.253,0.76649,0.76658,1.00,1.00
2018.05.09 12:38:24.960,0.76648,0.76659,1.50,1.50
2018.05.09 12:38:25.468,0.76648,0.76658,1.50,1.00
2018.05.09 12:38:25.519,0.76649,0.7666,1.00,2.25
2018.05.09 12:38:25.826,0.76653,0.76661,1.00,1.00
2018.05.09 12:38:25.980,0.76653,0.76663,1.50,1.00
2018.05.09 12:38:26.095,0.76657,0.76664,1.00,1.00
2018.05.09 12:38:26.197,0.76653,0.76661,1.00,1.00
2018.05.09 12:38:26.704,0.7665,0.7666,1.00,1.00
2018.05.09 12:38:26.755,0.76653,0.76664,1.50,2.25
2018.05.09 12:38:27.279,0.76653,0.76663,1.50,1.00
2018.05.09 12:38:27.959,0.76652,0.76663,1.50,1.00
2018.05.09 12:38:28.460,0.76653,0.76663,1.00,1.00
2018.05.09 12:38:32.592,0.76652,0.76662,1.00,1.00
2018.05.09 12:38:32.694,0.7665,0.7666,1.50,1.00
2018.05.09 12:38:33.080,0.76653,0.76663,1.50,1.00
2018.05.09 12:38:33.590,0.76654,0.76663,1.00,1.00
2018.05.09 12:38:33.906,0.7665,0.7666,1.50,1.00
2018.05.09 12:38:34.788,0.76651,0.7666,1.00,1.00
2018.05.09 12:38:35.248,0.76652,0.76663,1.00,3.00
2018.05.09 12:38:35.577,0.76655,0.76663,1.00,1.50
2018.05.09 12:38:35.884,0.76654,0.76659,1.00,1.50
2018.05.09 12:38:36.309,0.76652,0.76659,1.00,1.00
2018.05.09 12:38:36.512,0.76654,0.76661,1.00,1.50
2018.05.09 12:38:37.092,0.76653,0.76661,1.00,1.50
2018.05.09 12:38:37.617,0.76653,0.76662,1.00,1.00
2018.05.09 12:38:38.160,0.76654,0.76662,1.00,1.00
2018.05.09 12:38:38.802,0.76654,0.76663,1.00,1.00
2018.05.09 12:38:39.191,0.76656,0.76664,1.00,1.00
2018.05.09 12:38:39.720,0.76656,0.76665,1.00,1.00
2018.05.09 12:38:40.027,0.76657,0.76663,1.00,1.50
2018.05.09 12:38:40.408,0.76656,0.76665,1.00,1.25
2018.05.09 12:38:40.510,0.76658,0.76665,1.00,1.00
2018.05.09 12:38:41.558,0.76658,0.76666,1.00,1.00
2018.05.09 12:38:42.396,0.76657,0.76666,1.00,1.50
2018.05.09 12:38:42.705,0.76656,0.76664,1.00,1.00
2018.05.09 12:38:43.125,0.76657,0.76666,1.00,1.50
2018.05.09 12:38:43.640,0.76658,0.76665,1.00,1.00
2018.05.09 12:38:44.142,0.76659,0.76665,1.00,1.00
2018.05.09 12:38:45.594,0.76657,0.76665,1.00,1.00
2018.05.09 12:38:45.735,0.76655,0.76664,1.50,1.00
2018.05.09 12:38:45.786,0.76657,0.76668,1.00,1.50
2018.05.09 12:38:45.939,0.76658,0.76665,1.50,1.00
2018.05.09 12:38:45.993,0.76659,0.76668,1.00,1.00
2018.05.09 12:38:46.095,0.76659,0.76666,1.00,1.00
2018.05.09 12:38:46.638,0.76658,0.76665,1.50,1.00
2018.05.09 12:38:46.943,0.76658,0.76668,1.50,1.00
2018.05.09 12:38:46.994,0.7666,0.76667,1.00,1.00
2018.05.09 12:38:47.513,0.76659,0.76666,1.00,1.00
2018.05.09 12:38:47.918,0.76659,0.76664,1.00,1.00
2018.05.09 12:38:48.019,0.76659,0.76666,1.00,1.00
2018.05.09 12:38:48.117,0.76659,0.76664,1.00,1.00
2018.05.09 12:38:48.224,0.76656,0.76663,1.00,1.00
2018.05.09 12:38:48.378,0.76658,0.76663,1.00,1.00
2018.05.09 12:38:48.736,0.76657,0.76665,1.00,1.50
2018.05.09 12:38:49.391,0.76656,0.76663,1.00,1.00
2018.05.09 12:38:49.917,0.76655,0.76661,1.00,1.00
2018.05.09 12:38:49.967,0.76653,0.76662,1.00,1.00
2018.05.09 12:38:50.485,0.76654,0.76662,1.00,1.00
2018.05.09 12:38:50.791,0.76654,0.7666,1.00,1.00
2018.05.09 12:38:51.148,0.76652,0.76659,1.00,1.00
2018.05.09 12:38:51.695,0.76652,0.7666,1.00,1.00
2018.05.09 12:38:52.224,0.76651,0.7666,1.00,1.00
2018.05.09 12:38:52.734,0.76651,0.76659,1.00,1.00
2018.05.09 12:38:53.272,0.7665,0.7666,1.50,1.00
2018.05.09 12:38:53.576,0.7665,0.76658,1.00,1.00
2018.05.09 12:38:54.563,0.7665,0.76659,1.00,1.00
2018.05.09 12:38:55.095,0.7665,0.76658,1.00,1.00
2018.05.09 12:38:55.248,0.7665,0.7666,1.50,1.00
2018.05.09 12:38:55.401,0.76651,0.76658,1.00,1.00
2018.05.09 12:38:55.904,0.76652,0.76659,1.00,1.00
2018.05.09 12:38:56.690,0.76655,0.76663,1.00,1.00
2018.05.09 12:38:56.741,0.76658,0.76665,1.00,2.25
2018.05.09 12:38:56.847,0.7666,0.76668,2.10,1.00
2018.05.09 12:38:56.898,0.76663,0.76669,1.00,1.00
2018.05.09 12:38:57.202,0.7666,0.76667,1.00,1.00
2018.05.09 12:38:57.406,0.76658,0.76666,1.00,1.00
2018.05.09 12:38:57.956,0.76658,0.76665,1.00,1.00
2018.05.09 12:38:58.313,0.76656,0.76664,1.00,1.00
2018.05.09 12:38:59.531,0.76656,0.76665,1.50,1.00
2018.05.09 12:39:00.081,0.76657,0.76664,1.00,1.00
2018.05.09 12:39:00.239,0.76656,0.76666,1.50,1.00
2018.05.09 12:39:00.773,0.76657,0.76666,1.00,1.00
2018.05.09 12:39:00.925,0.76658,0.76668,2.25,1.00
2018.05.09 12:39:01.392,0.76658,0.76666,1.00,1.00
2018.05.09 12:39:01.495,0.76656,0.76666,1.00,1.00
2018.05.09 12:39:01.647,0.76658,0.76667,1.50,1.00
2018.05.09 12:39:02.157,0.76659,0.76667,1.00,1.00
2018.05.09 12:39:03.332,0.76659,0.76668,1.00,1.00
2018.05.09 12:39:03.638,0.76658,0.76665,1.50,1.00
2018.05.09 12:39:03.983,0.76655,0.76661,1.00,1.00
2018.05.09 12:39:04.293,0.76652,0.76662,1.50,1.00
2018.05.09 12:39:04.703,0.76654,0.76663,1.00,1.50
2018.05.09 12:39:05.285,0.76654,0.76662,1.00,1.00
2018.05.09 12:39:05.853,0.76654,0.76663,1.00,1.50
2018.05.09 12:39:06.581,0.76654,0.76661,1.00,1.00
2018.05.09 12:39:07.147,0.76653,0.76662,1.00,1.00
2018.05.09 12:39:07.968,0.76653,0.76661,1.00,1.00
2018.05.09 12:39:08.512,0.76652,0.76661,2.25,1.00
2018.05.09 12:39:08.819,0.76654,0.76662,1.00,1.00
2018.05.09 12:39:09.106,0.76654,0.76664,1.50,1.87
2018.05.09 12:39:09.361,0.76656,0.76663,1.00,1.00
2018.05.09 12:39:09.879,0.76655,0.76663,1.00,1.00
2018.05.09 12:39:10.393,0.76656,0.76664,1.00,1.00
2018.05.09 12:39:11.338,0.76656,0.76665,1.00,1.00
2018.05.09 12:39:11.875,0.76657,0.76665,1.00,1.00
2018.05.09 12:39:12.423,0.76656,0.76664,1.00,1.00
2018.05.09 12:39:13.086,0.76655,0.76663,1.00,1.00
2018.05.09 12:39:13.503,0.76653,0.76662,1.50,1.00
2018.05.09 12:39:14.759,0.76654,0.76662,1.00,1.00
2018.05.09 12:39:18.113,0.76653,0.76661,1.00,1.00
2018.05.09 12:39:18.808,0.76654,0.76661,1.00,1.00
2018.05.09 12:39:19.702,0.76654,0.76662,1.00,1.00
2018.05.09 12:39:20.235,0.76654,0.76661,1.00,1.00
2018.05.09 12:39:20.775,0.76654,0.7666,1.00,1.00
2018.05.09 12:39:21.397,0.76654,0.76661,1.00,1.00
2018.05.09 12:39:21.499,0.76652,0.7666,1.50,1.00
2018.05.09 12:39:23.337,0.76655,0.76664,1.50,1.00
2018.05.09 12:39:23.389,0.76658,0.76665,1.50,1.00
2018.05.09 12:39:23.704,0.76655,0.76662,1.50,1.00
2018.05.09 12:39:24.372,0.76654,0.76662,1.00,1.00
2018.05.09 12:39:25.095,0.76654,0.76661,1.00,1.00
2018.05.09 12:39:26.291,0.76654,0.76662,1.50,1.00
2018.05.09 12:39:29.499,0.76654,0.76661,1.00,1.00
2018.05.09 12:39:30.006,0.76655,0.76661,1.00,1.00
2018.05.09 12:39:31.426,0.76655,0.76662,1.00,1.00
2018.05.09 12:39:31.477,0.76655,0.76665,2.25,1.00
2018.05.09 12:39:31.528,0.76658,0.76666,1.00,1.00
2018.05.09 12:39:32.064,0.76658,0.76665,1.50,1.00
2018.05.09 12:39:34.026,0.76657,0.76666,1.00,1.00
2018.05.09 12:39:34.332,0.7666,0.76669,1.00,1.00
2018.05.09 12:39:34.802,0.76662,0.7667,1.00,1.00
2018.05.09 12:39:34.954,0.76662,0.76672,1.50,1.00
2018.05.09 12:39:35.106,0.76665,0.76672,1.00,1.00
2018.05.09 12:39:35.564,0.76663,0.76669,1.00,1.50
2018.05.09 12:39:35.667,0.7666,0.76668,1.00,1.00
2018.05.09 12:39:36.072,0.76659,0.76666,1.50,1.00
2018.05.09 12:39:36.239,0.76659,0.76668,1.50,1.00
2018.05.09 12:39:36.785,0.7666,0.76667,1.00,1.50
2018.05.09 12:39:36.989,0.76658,0.76667,1.00,1.50
2018.05.09 12:39:37.171,0.7666,0.76667,1.00,1.00
2018.05.09 12:39:37.222,0.76661,0.7667,1.00,1.00
2018.05.09 12:39:37.325,0.76664,0.76673,1.50,1.50
2018.05.09 12:39:37.633,0.76669,0.76677,1.00,1.00
2018.05.09 12:39:38.162,0.76668,0.76678,1.50,1.00
2018.05.09 12:39:38.859,0.76669,0.76678,1.00,1.00
2018.05.09 12:39:39.395,0.76669,0.76677,1.00,1.00
2018.05.09 12:39:39.919,0.76668,0.76678,1.50,1.00
2018.05.09 12:39:40.260,0.76664,0.76673,1.00,1.50
2018.05.09 12:39:40.823,0.76664,0.76672,1.00,1.00
2018.05.09 12:39:41.334,0.76663,0.76673,1.00,1.50
2018.05.09 12:39:41.868,0.76664,0.76673,1.00,1.50
2018.05.09 12:39:43.181,0.76664,0.76671,1.00,1.00
2018.05.09 12:39:43.284,0.76662,0.76671,1.00,1.50
2018.05.09 12:39:43.966,0.76661,0.7667,1.00,1.00
2018.05.09 12:39:48.681,0.76661,0.76671,1.50,1.50
2018.05.09 12:39:49.202,0.76662,0.76671,1.50,1.00
2018.05.09 12:39:49.254,0.76663,0.76673,1.00,3.00
2018.05.09 12:39:49.407,0.76665,0.76673,1.00,1.00
2018.05.09 12:39:49.900,0.76663,0.76672,1.00,1.50
2018.05.09 12:39:50.156,0.76662,0.7667,1.00,1.00
2018.05.09 12:39:51.240,0.76662,0.76671,1.00,1.00
2018.05.09 12:39:51.788,0.76661,0.7667,1.00,1.50
2018.05.09 12:39:52.319,0.76663,0.7667,1.00,1.00
2018.05.09 12:39:52.937,0.76662,0.7667,1.00,1.00
2018.05.09 12:39:53.573,0.76661,0.7667,1.50,1.00
2018.05.09 12:39:54.113,0.76661,0.76669,1.00,1.00
2018.05.09 12:39:55.052,0.76661,0.76668,1.00,1.00
2018.05.09 12:39:55.312,0.76659,0.76667,1.00,1.00
2018.05.09 12:39:56.775,0.76659,0.76666,1.00,1.00
2018.05.09 12:39:57.626,0.76659,0.76667,1.00,1.00
2018.05.09 12:40:00.341,0.76657,0.76667,1.50,1.00
2018.05.09 12:40:02.003,0.76657,0.76665,1.00,1.00
2018.05.09 12:40:02.308,0.76656,0.76663,1.00,1.00
2018.05.09 12:40:02.862,0.76655,0.76663,1.00,1.00
2018.05.09 12:40:03.198,0.76653,0.76661,1.00,1.00
2018.05.09 12:40:03.908,0.76652,0.76661,1.00,1.00
2018.05.09 12:40:04.452,0.76653,0.7666,1.00,1.00
2018.05.09 12:40:05.788,0.76654,0.7666,1.00,1.00
2018.05.09 12:40:06.307,0.76654,0.76661,1.00,1.00
2018.05.09 12:40:06.827,0.76653,0.76661,1.00,1.00
2018.05.09 12:40:07.357,0.76652,0.76661,1.00,1.00
2018.05.09 12:40:08.020,0.76653,0.76661,1.00,1.50
2018.05.09 12:40:08.530,0.76652,0.76661,1.00,1.50
2018.05.09 12:40:09.043,0.76653,0.76661,1.00,1.50
2018.05.09 12:40:10.065,0.76653,0.7666,1.00,1.00
2018.05.09 12:40:10.572,0.76653,0.76661,1.00,1.00
2018.05.09 12:40:11.029,0.76653,0.76659,1.00,1.00
2018.05.09 12:40:11.568,0.76653,0.7666,1.00,1.00
2018.05.09 12:40:17.478,0.76653,0.76661,1.00,1.00
2018.05.09 12:40:18.369,0.76654,0.76661,1.00,1.00
2018.05.09 12:40:18.519,0.76654,0.76664,2.25,1.00
2018.05.09 12:40:18.571,0.76657,0.76666,1.00,1.00
2018.05.09 12:40:18.879,0.76662,0.76668,1.00,1.00
2018.05.09 12:40:19.464,0.76661,0.76668,1.50,1.00
2018.05.09 12:40:20.036,0.7666,0.76668,1.00,1.00
2018.05.09 12:40:20.613,0.76659,0.76668,1.00,1.00
2018.05.09 12:40:21.192,0.76661,0.76668,1.00,1.00
2018.05.09 12:40:21.477,0.76663,0.76672,1.00,1.00
2018.05.09 12:40:21.528,0.76661,0.76672,3.75,1.00
2018.05.09 12:40:21.580,0.76666,0.7667,1.00,1.00
2018.05.09 12:40:21.681,0.76664,0.76669,1.00,1.00
2018.05.09 12:40:21.783,0.76662,0.76669,1.00,1.00
2018.05.09 12:40:22.603,0.76661,0.76669,1.00,1.00
2018.05.09 12:40:22.654,0.76661,0.76667,1.00,1.00
2018.05.09 12:40:23.039,0.76661,0.76665,1.00,1.00
2018.05.09 12:40:23.090,0.76658,0.76667,1.00,1.00
2018.05.09 12:40:23.194,0.7666,0.76667,1.00,1.00
2018.05.09 12:40:23.650,0.76662,0.76668,1.00,1.00
2018.05.09 12:40:23.945,0.76662,0.7667,1.00,1.00
2018.05.09 12:40:24.488,0.76663,0.7667,1.00,1.00
2018.05.09 12:40:24.992,0.76664,0.7667,1.00,1.00
2018.05.09 12:40:25.512,0.76664,0.76669,1.00,1.00
2018.05.09 12:40:26.065,0.76663,0.76669,1.00,1.00
2018.05.09 12:40:26.779,0.76662,0.76669,1.00,1.00
2018.05.09 12:40:27.059,0.76664,0.76669,1.00,1.00
2018.05.09 12:40:31.663,0.76659,0.76667,1.00,1.00
2018.05.09 12:40:32.078,0.7666,0.76669,1.50,1.00
2018.05.09 12:40:32.265,0.76662,0.76671,1.50,1.00
2018.05.09 12:40:32.780,0.76662,0.7667,1.00,1.00
2018.05.09 12:40:33.302,0.76662,0.76671,1.00,1.00
2018.05.09 12:40:34.166,0.76663,0.76672,1.00,1.00
2018.05.09 12:40:34.525,0.76664,0.76674,1.00,1.50
2018.05.09 12:40:34.882,0.76663,0.76672,2.25,1.00
2018.05.09 12:40:35.029,0.76664,0.76674,1.50,1.00
2018.05.09 12:40:35.543,0.76665,0.76673,1.00,1.00
2018.05.09 12:40:36.146,0.76664,0.76672,1.50,1.00
2018.05.09 12:40:37.766,0.76664,0.76671,1.00,1.00
2018.05.09 12:40:40.091,0.76663,0.76671,1.00,1.00
2018.05.09 12:40:41.232,0.76663,0.76673,1.50,1.00
2018.05.09 12:40:41.334,0.76663,0.76671,1.50,1.00
2018.05.09 12:40:43.546,0.76662,0.76671,1.00,1.00
2018.05.09 12:40:44.088,0.76663,0.76671,1.00,1.00
2018.05.09 12:40:44.611,0.76662,0.7667,1.00,1.00
2018.05.09 12:40:45.962,0.76662,0.76671,1.00,1.00
2018.05.09 12:40:47.040,0.76662,0.7667,1.00,1.00
2018.05.09 12:40:47.597,0.76662,0.76671,1.00,1.00
2018.05.09 12:40:48.101,0.76661,0.76671,1.50,1.00
2018.05.09 12:40:49.224,0.76663,0.76672,1.00,1.00
2018.05.09 12:40:50.354,0.76662,0.76672,1.50,1.50
2018.05.09 12:40:51.568,0.76664,0.76672,1.00,1.00
2018.05.09 12:40:51.696,0.76664,0.76674,1.00,2.25
2018.05.09 12:40:51.747,0.76663,0.76672,1.50,1.00
2018.05.09 12:40:52.414,0.76663,0.76673,1.50,1.00
2018.05.09 12:40:52.973,0.76663,0.76672,1.00,1.00
2018.05.09 12:40:53.502,0.76662,0.76672,2.25,1.00
2018.05.09 12:40:57.714,0.76663,0.76672,1.00,1.00
2018.05.09 12:40:58.255,0.76662,0.76671,1.00,1.00
2018.05.09 12:40:58.476,0.7666,0.7667,1.50,1.00
2018.05.09 12:40:59.046,0.7666,0.76669,1.50,1.00
2018.05.09 12:41:02.244,0.7666,0.76668,1.00,1.00
2018.05.09 12:41:03.103,0.7666,0.7667,1.50,1.00
2018.05.09 12:41:03.646,0.7666,0.76669,1.50,1.00
2018.05.09 12:41:04.037,0.76661,0.76671,1.00,1.00
2018.05.09 12:41:04.563,0.76662,0.76671,1.00,1.00
2018.05.09 12:41:05.069,0.7666,0.7667,1.50,1.00
2018.05.09 12:41:05.217,0.76662,0.76671,1.00,1.00
2018.05.09 12:41:05.740,0.76662,0.76669,1.00,1.00
2018.05.09 12:41:06.351,0.76662,0.7667,1.00,1.00
2018.05.09 12:41:08.215,0.76662,0.76669,1.00,1.00
2018.05.09 12:41:08.709,0.76661,0.76667,1.00,1.00
2018.05.09 12:41:08.761,0.76659,0.76667,1.00,1.00
2018.05.09 12:41:09.273,0.76659,0.76669,1.50,1.00
2018.05.09 12:41:09.829,0.76659,0.76668,1.50,1.00
2018.05.09 12:41:10.834,0.76659,0.76667,1.00,1.00
2018.05.09 12:41:12.011,0.76659,0.76668,1.00,1.00
2018.05.09 12:41:13.752,0.76659,0.76667,1.00,1.00
2018.05.09 12:41:14.632,0.76659,0.76668,1.00,1.00
2018.05.09 12:41:15.163,0.76659,0.76667,1.00,1.00
2018.05.09 12:41:16.861,0.76659,0.76666,1.00,1.00
2018.05.09 12:41:17.182,0.76656,0.76666,2.25,1.00
2018.05.09 12:41:17.494,0.76658,0.76665,1.00,1.00
2018.05.09 12:41:19.253,0.76658,0.76666,1.00,1.00
2018.05.09 12:41:19.764,0.76659,0.76666,1.00,1.00
2018.05.09 12:41:20.136,0.76657,0.76666,1.50,1.00
2018.05.09 12:41:20.676,0.76658,0.76666,1.00,1.00
2018.05.09 12:41:21.201,0.76658,0.76667,1.00,1.00
2018.05.09 12:41:21.801,0.76658,0.76666,1.00,1.00
2018.05.09 12:41:22.585,0.76658,0.76665,1.00,1.00
2018.05.09 12:41:22.791,0.76657,0.76667,1.00,1.00
2018.05.09 12:41:25.090,0.76657,0.76666,1.00,1.00
2018.05.09 12:41:25.666,0.76657,0.76665,1.00,1.00
2018.05.09 12:41:26.855,0.76655,0.76663,2.25,1.00
2018.05.09 12:41:30.341,0.76655,0.76664,1.50,1.00
2018.05.09 12:41:33.583,0.76656,0.76664,1.00,1.00
2018.05.09 12:41:33.921,0.76654,0.76664,1.00,1.00
2018.05.09 12:41:34.437,0.76655,0.76664,1.00,1.00
2018.05.09 12:41:34.590,0.76653,0.76663,2.25,1.00
2018.05.09 12:41:34.641,0.76653,0.76661,2.25,1.00
2018.05.09 12:41:34.981,0.76655,0.76661,1.00,1.00
2018.05.09 12:41:35.184,0.76653,0.76662,1.50,1.00
2018.05.09 12:41:35.236,0.76653,0.7666,1.50,1.00
2018.05.09 12:41:35.389,0.76655,0.76664,1.00,1.00
2018.05.09 12:41:35.440,0.76657,0.76666,1.50,1.50
2018.05.09 12:41:35.573,0.76658,0.76668,1.50,1.50
2018.05.09 12:41:35.978,0.7666,0.76669,1.50,1.00
2018.05.09 12:41:36.507,0.76661,0.76669,1.00,1.00
2018.05.09 12:41:37.031,0.76661,0.7667,1.00,2.25
2018.05.09 12:41:37.831,0.76662,0.76671,1.50,1.00
2018.05.09 12:41:38.363,0.76663,0.76671,1.00,1.00
2018.05.09 12:41:38.782,0.76664,0.76673,1.00,1.00
2018.05.09 12:41:39.290,0.76665,0.76673,1.00,1.00
2018.05.09 12:41:39.464,0.76663,0.76673,2.25,1.00
2018.05.09 12:41:39.968,0.76663,0.76672,1.50,1.00
2018.05.09 12:41:40.542,0.76665,0.76672,1.00,1.00
2018.05.09 12:41:40.593,0.76667,0.76677,1.00,2.25
2018.05.09 12:41:40.695,0.76667,0.76675,1.00,1.00
2018.05.09 12:41:41.181,0.76667,0.76677,1.00,1.50
2018.05.09 12:41:41.683,0.76668,0.76677,1.00,2.25
2018.05.09 12:41:42.083,0.76668,0.76675,1.00,1.00
2018.05.09 12:41:42.136,0.76666,0.76677,1.00,3.75
2018.05.09 12:41:42.289,0.76668,0.76677,1.00,3.00
2018.05.09 12:41:43.057,0.76668,0.76676,1.00,1.00
2018.05.09 12:41:43.745,0.76668,0.76677,1.00,1.50
2018.05.09 12:41:44.415,0.76668,0.76675,1.00,1.00
2018.05.09 12:41:45.311,0.76667,0.76675,1.00,1.00
2018.05.09 12:41:45.850,0.76666,0.76675,1.00,1.00
2018.05.09 12:41:46.379,0.76667,0.76675,1.00,1.00
2018.05.09 12:41:46.887,0.76666,0.76675,1.00,1.00
2018.05.09 12:41:47.426,0.76665,0.76674,1.00,1.00
2018.05.09 12:41:47.957,0.76664,0.76672,1.00,1.00
2018.05.09 12:41:49.179,0.76664,0.76671,1.00,1.00
2018.05.09 12:41:49.730,0.76664,0.76672,1.00,1.00
2018.05.09 12:41:51.030,0.76664,0.76673,1.00,1.50
2018.05.09 12:41:51.567,0.76663,0.76673,1.00,1.50
2018.05.09 12:41:51.921,0.76661,0.76672,1.50,2.25
2018.05.09 12:41:52.330,0.76661,0.7667,1.00,1.00
2018.05.09 12:41:52.768,0.76664,0.7667,1.00,1.00
2018.05.09 12:41:52.973,0.76669,0.76678,1.50,2.25
2018.05.09 12:41:53.075,0.76667,0.76677,1.50,2.25
2018.05.09 12:41:53.182,0.76667,0.76675,1.00,1.00
2018.05.09 12:41:53.233,0.76664,0.76674,1.50,1.00
2018.05.09 12:41:53.334,0.76666,0.76674,1.00,1.50
2018.05.09 12:41:54.999,0.76666,0.76675,1.00,1.00
2018.05.09 12:41:57.228,0.76666,0.76675,1.00,1.37
2018.05.09 12:41:58.213,0.76666,0.76675,1.00,1.00
2018.05.09 12:41:58.716,0.76666,0.76675,1.00,1.37
2018.05.09 12:41:59.316,0.76665,0.76675,1.00,1.87
2018.05.09 12:41:59.861,0.76664,0.76675,1.50,2.25
2018.05.09 12:42:00.321,0.76665,0.76673,1.00,1.00
2018.05.09 12:42:00.971,0.76666,0.76674,1.00,1.87
2018.05.09 12:42:01.519,0.76663,0.7667,1.00,1.00
2018.05.09 12:42:01.570,0.76659,0.76669,2.25,1.00
2018.05.09 12:42:01.621,0.76659,0.76667,1.00,1.50
2018.05.09 12:42:01.923,0.76663,0.76669,1.00,1.00
2018.05.09 12:42:02.177,0.76664,0.76672,1.00,1.50
2018.05.09 12:42:02.282,0.76667,0.76673,1.00,1.00
2018.05.09 12:42:02.385,0.76666,0.76675,1.00,1.50
2018.05.09 12:42:03.690,0.76667,0.76675,1.00,1.50
2018.05.09 12:42:04.242,0.76666,0.76675,1.00,1.50
2018.05.09 12:42:04.798,0.76667,0.76675,1.00,1.50
2018.05.09 12:42:06.865,0.76666,0.76675,1.00,2.62
2018.05.09 12:42:06.967,0.76665,0.76672,1.00,1.00
2018.05.09 12:42:08.537,0.76666,0.76675,1.00,2.25
2018.05.09 12:42:10.000,0.76667,0.76675,1.00,1.00
2018.05.09 12:42:10.405,0.7667,0.76679,1.00,4.50
2018.05.09 12:42:10.945,0.7667,0.76678,1.00,1.00
2018.05.09 12:42:11.887,0.7667,0.76679,1.00,2.62
2018.05.09 12:42:11.938,0.76668,0.76677,1.00,1.00
2018.05.09 12:42:12.752,0.76669,0.76677,1.00,1.00
2018.05.09 12:42:13.543,0.76668,0.76677,1.00,1.50
2018.05.09 12:42:17.135,0.76669,0.76678,1.00,1.12
2018.05.09 12:42:18.972,0.76672,0.76679,1.00,1.00
2018.05.09 12:42:19.024,0.76668,0.76676,1.00,1.50
2018.05.09 12:42:19.231,0.76673,0.76677,1.00,1.00
2018.05.09 12:42:19.282,0.76674,0.76681,1.00,1.50
2018.05.09 12:42:19.392,0.76676,0.76681,1.00,1.00
2018.05.09 12:42:19.667,0.76675,0.76683,1.00,1.00
2018.05.09 12:42:21.024,0.76674,0.76681,1.00,1.00
2018.05.09 12:42:21.246,0.76675,0.76683,1.00,1.12
2018.05.09 12:42:23.114,0.76676,0.76683,1.00,1.12
2018.05.09 12:42:23.381,0.76676,0.76685,1.00,2.62
2018.05.09 12:42:23.535,0.76678,0.76686,1.00,1.37
2018.05.09 12:42:24.055,0.76677,0.76685,1.00,1.37
2018.05.09 12:42:24.244,0.76675,0.76684,1.00,1.12
2018.05.09 12:42:25.273,0.76675,0.76684,1.00,1.37
2018.05.09 12:42:25.782,0.76674,0.76683,1.00,1.12
2018.05.09 12:42:27.011,0.76674,0.76681,1.00,1.00
2018.05.09 12:42:27.546,0.76673,0.76681,1.00,1.12
2018.05.09 12:42:27.599,0.76671,0.7668,1.00,1.00
2018.05.09 12:42:28.100,0.76672,0.76681,1.00,1.50
2018.05.09 12:42:28.624,0.76671,0.76681,1.00,1.50
2018.05.09 12:42:29.077,0.76673,0.76681,1.00,1.50
2018.05.09 12:42:29.552,0.76674,0.76683,1.00,1.50
2018.05.09 12:42:29.925,0.76672,0.76681,1.00,1.00
2018.05.09 12:42:30.465,0.76672,0.7668,1.00,1.00
2018.05.09 12:42:30.691,0.76674,0.76683,1.00,3.00
2018.05.09 12:42:34.591,0.76674,0.76682,1.00,1.00
2018.05.09 12:42:34.643,0.76671,0.76681,1.50,2.25
2018.05.09 12:42:35.151,0.76672,0.76681,1.00,1.50
2018.05.09 12:42:35.659,0.76673,0.76681,1.00,1.00
2018.05.09 12:42:39.378,0.76674,0.76683,1.00,2.25
2018.05.09 12:42:40.065,0.76673,0.76682,1.00,1.00
2018.05.09 12:42:41.032,0.76673,0.7668,1.00,1.00
2018.05.09 12:42:41.185,0.76666,0.76674,1.00,1.50
2018.05.09 12:42:41.237,0.76666,0.76672,1.00,1.00
2018.05.09 12:42:41.816,0.76665,0.76672,1.00,1.00
2018.05.09 12:42:43.220,0.76665,0.76674,1.00,1.50
2018.05.09 12:42:45.320,0.76664,0.76673,1.00,1.00
2018.05.09 12:42:47.662,0.76665,0.76674,1.00,1.50
2018.05.09 12:42:48.291,0.76665,0.76672,1.00,1.00
2018.05.09 12:42:50.083,0.76668,0.76674,1.00,1.00
2018.05.09 12:42:50.185,0.76666,0.76674,1.00,1.00
2018.05.09 12:42:51.348,0.76667,0.76674,1.00,1.00
2018.05.09 12:42:53.810,0.76667,0.76673,1.00,1.00
2018.05.09 12:42:54.390,0.76667,0.76674,1.00,1.00
2018.05.09 12:42:55.043,0.76668,0.76674,1.00,1.00
2018.05.09 12:42:55.896,0.76668,0.76676,1.00,2.25
2018.05.09 12:42:57.680,0.76668,0.76675,1.00,1.00
2018.05.09 12:42:58.358,0.76668,0.76676,1.00,2.25
2018.05.09 12:42:58.718,0.76668,0.76674,1.00,1.00
2018.05.09 12:42:58.820,0.76668,0.76676,1.00,2.25
2018.05.09 12:42:59.024,0.76667,0.76674,1.00,1.00
2018.05.09 12:42:59.079,0.76668,0.76676,1.00,2.25
2018.05.09 12:42:59.614,0.76669,0.76677,1.00,1.12
2018.05.09 12:43:00.124,0.7667,0.76677,1.00,1.00
2018.05.09 12:43:00.400,0.76668,0.76677,1.50,2.25
2018.05.09 12:43:00.602,0.76668,0.76675,1.00,1.00
2018.05.09 12:43:01.170,0.76668,0.76676,1.00,1.00
2018.05.09 12:43:04.252,0.76668,0.76677,1.00,1.50
2018.05.09 12:43:04.805,0.76669,0.76677,1.00,1.00
2018.05.09 12:43:05.462,0.7667,0.76676,1.00,1.00
2018.05.09 12:43:05.514,0.7667,0.76678,1.00,1.00
2018.05.09 12:43:05.679,0.76673,0.76679,1.00,1.00
2018.05.09 12:43:05.843,0.76671,0.76679,1.50,1.00
2018.05.09 12:43:05.996,0.76672,0.76681,1.00,2.10
2018.05.09 12:43:07.146,0.76671,0.7668,1.50,1.50
2018.05.09 12:43:07.821,0.76672,0.76681,1.00,1.00
2018.05.09 12:43:09.443,0.76672,0.7668,1.00,1.00
2018.05.09 12:43:09.992,0.76672,0.76681,1.00,1.50
2018.05.09 12:43:10.527,0.76672,0.7668,1.00,1.00
2018.05.09 12:43:11.556,0.76672,0.76681,1.00,1.00
2018.05.09 12:43:15.001,0.76672,0.7668,1.00,1.00
2018.05.09 12:43:16.688,0.76672,0.76678,1.00,1.00
2018.05.09 12:43:16.740,0.76672,0.7668,1.00,1.00
2018.05.09 12:43:16.841,0.76672,0.76678,1.50,1.00
2018.05.09 12:43:16.892,0.76672,0.7668,1.50,1.00
2018.05.09 12:43:17.010,0.76673,0.76678,1.00,1.00
2018.05.09 12:43:17.061,0.76673,0.7668,1.00,1.00
2018.05.09 12:43:17.639,0.76673,0.76678,1.00,1.00
2018.05.09 12:43:17.691,0.76673,0.7668,1.00,1.00
2018.05.09 12:43:18.143,0.76673,0.76678,1.00,1.00
2018.05.09 12:43:18.195,0.76673,0.7668,1.00,1.00
2018.05.09 12:43:18.539,0.76671,0.7668,1.50,2.25
2018.05.09 12:43:19.369,0.76671,0.76678,1.50,1.00
2018.05.09 12:43:19.420,0.76671,0.7668,1.50,1.50
2018.05.09 12:43:19.563,0.76672,0.76678,1.00,1.00
2018.05.09 12:43:20.077,0.76671,0.76678,1.00,1.00
2018.05.09 12:43:20.660,0.76669,0.76678,1.00,1.50
2018.05.09 12:43:21.239,0.76669,0.76678,1.00,1.37
2018.05.09 12:43:21.904,0.76669,0.76678,1.00,1.12
2018.05.09 12:43:23.027,0.76668,0.76677,1.00,1.00
2018.05.09 12:43:23.130,0.76668,0.76675,1.00,1.00
2018.05.09 12:43:23.335,0.7667,0.76678,1.00,2.62
2018.05.09 12:43:23.438,0.76666,0.76674,2.25,1.00
2018.05.09 12:43:23.951,0.76667,0.76674,1.00,1.50
2018.05.09 12:43:24.493,0.76665,0.76674,1.00,2.25
2018.05.09 12:43:25.063,0.76666,0.76674,1.00,2.25
2018.05.09 12:43:25.569,0.76667,0.76674,1.00,1.50
2018.05.09 12:43:25.671,0.76667,0.76676,1.00,3.37
2018.05.09 12:43:26.451,0.76667,0.76675,1.50,1.00
2018.05.09 12:43:30.094,0.76675,0.7668,1.00,1.00
2018.05.09 12:43:30.196,0.76675,0.76683,1.00,1.87
2018.05.09 12:43:30.350,0.76674,0.76681,1.00,1.50
2018.05.09 12:43:30.865,0.76673,0.76681,1.00,1.50
2018.05.09 12:43:31.069,0.76671,0.7668,1.50,1.00
2018.05.09 12:43:31.656,0.76672,0.7668,1.00,1.00
2018.05.09 12:43:32.181,0.76673,0.76681,1.00,1.50
2018.05.09 12:43:32.334,0.76672,0.76679,1.00,1.87
2018.05.09 12:43:32.866,0.76673,0.7668,1.00,1.00
2018.05.09 12:43:33.384,0.76674,0.7668,1.00,1.00
2018.05.09 12:43:34.616,0.76675,0.76683,1.00,2.62
2018.05.09 12:43:35.127,0.76674,0.76682,1.00,1.37
2018.05.09 12:43:37.527,0.76674,0.76682,1.00,1.00
2018.05.09 12:43:37.597,0.76674,0.7668,1.00,1.00
2018.05.09 12:43:37.649,0.76674,0.76682,1.00,1.50
2018.05.09 12:43:38.418,0.76676,0.76684,1.00,1.87
2018.05.09 12:43:39.696,0.76675,0.76684,1.00,1.87
2018.05.09 12:43:40.248,0.76675,0.76683,1.00,1.00
2018.05.09 12:43:40.777,0.76676,0.76684,1.00,1.00
2018.05.09 12:43:41.288,0.76675,0.76684,1.00,1.50
2018.05.09 12:43:42.283,0.76675,0.76683,1.00,1.00
2018.05.09 12:43:43.114,0.76676,0.76684,1.00,1.50
2018.05.09 12:43:43.656,0.76675,0.76683,1.00,1.00
2018.05.09 12:43:44.202,0.76675,0.76684,1.50,1.50
2018.05.09 12:43:44.734,0.76675,0.76683,1.50,1.00
2018.05.09 12:43:48.423,0.76675,0.76684,1.00,1.87
2018.05.09 12:43:50.157,0.76675,0.76683,1.00,1.00
2018.05.09 12:43:52.149,0.76674,0.76683,1.00,1.50
2018.05.09 12:43:55.054,0.76674,0.76681,1.00,1.00
2018.05.09 12:43:55.157,0.76675,0.76683,1.00,1.12
2018.05.09 12:43:55.664,0.76675,0.76682,1.00,1.00
2018.05.09 12:43:56.190,0.76674,0.76682,1.00,2.25
2018.05.09 12:43:56.710,0.76675,0.76682,1.00,1.00
2018.05.09 12:43:57.666,0.76671,0.7668,1.00,1.50
2018.05.09 12:43:58.132,0.76673,0.7668,1.00,1.50
2018.05.09 12:43:58.467,0.76676,0.76683,1.00,1.00
2018.05.09 12:43:58.619,0.76676,0.76685,1.00,2.25
2018.05.09 12:43:59.125,0.76675,0.76684,1.00,1.00
2018.05.09 12:43:59.654,0.76674,0.76683,1.00,1.50
2018.05.09 12:44:00.305,0.76675,0.76683,1.00,1.50
2018.05.09 12:44:00.916,0.76673,0.76681,2.25,1.00
2018.05.09 12:44:01.421,0.76672,0.7668,1.00,1.50
2018.05.09 12:44:02.422,0.76673,0.7668,1.00,1.00
2018.05.09 12:44:02.474,0.76674,0.76682,1.00,1.50
2018.05.09 12:44:03.056,0.76675,0.76683,1.00,2.25
2018.05.09 12:44:04.703,0.76675,0.76681,1.00,1.00
2018.05.09 12:44:04.855,0.76675,0.76683,1.00,3.00
2018.05.09 12:44:05.513,0.76676,0.76683,1.00,1.00
2018.05.09 12:44:05.565,0.76674,0.76682,1.00,1.00
2018.05.09 12:44:05.641,0.76673,0.7668,1.00,1.00
2018.05.09 12:44:06.151,0.76672,0.76679,1.00,1.00
2018.05.09 12:44:06.835,0.76673,0.76681,1.00,1.50
2018.05.09 12:44:07.346,0.76674,0.7668,1.00,1.00
2018.05.09 12:44:07.894,0.76673,0.7668,1.00,1.00
2018.05.09 12:44:08.441,0.76675,0.76682,1.00,1.00
2018.05.09 12:44:08.779,0.76677,0.76683,1.00,1.00
2018.05.09 12:44:08.885,0.76678,0.76686,1.00,2.25
2018.05.09 12:44:09.453,0.76677,0.76685,1.00,1.50
2018.05.09 12:44:09.566,0.76675,0.76683,1.50,1.00
2018.05.09 12:44:10.154,0.76676,0.76684,1.00,1.00
2018.05.09 12:44:10.688,0.76675,0.76683,1.00,1.00
2018.05.09 12:44:11.191,0.76676,0.76684,1.00,1.00
2018.05.09 12:44:11.692,0.76675,0.76684,1.00,1.50
2018.05.09 12:44:12.212,0.76676,0.76684,1.00,1.00
2018.05.09 12:44:12.517,0.76678,0.76686,1.00,1.50
2018.05.09 12:44:14.478,0.76677,0.76685,1.00,1.00
2018.05.09 12:44:14.804,0.76679,0.76686,1.00,1.00
2018.05.09 12:44:14.855,0.76677,0.76686,1.00,1.50
2018.05.09 12:44:15.387,0.76676,0.76685,1.00,1.50
2018.05.09 12:44:16.718,0.76676,0.76684,1.00,1.00
2018.05.09 12:44:16.971,0.76678,0.76686,1.00,1.87
2018.05.09 12:44:17.187,0.76679,0.76688,1.00,1.00
2018.05.09 12:44:17.693,0.7668,0.76688,1.00,1.00
2018.05.09 12:44:20.333,0.76679,0.76687,1.00,1.00
2018.05.09 12:44:20.838,0.76679,0.76686,1.00,1.00
2018.05.09 12:44:21.387,0.76679,0.76687,1.00,1.00
2018.05.09 12:44:21.917,0.76679,0.76686,1.00,1.00
2018.05.09 12:44:23.472,0.76679,0.76687,1.00,1.50
2018.05.09 12:44:23.973,0.76679,0.76686,1.00,1.00
2018.05.09 12:44:24.740,0.76679,0.76687,1.00,1.00
2018.05.09 12:44:26.113,0.7668,0.76687,1.00,1.00
2018.05.09 12:44:26.614,0.7668,0.76688,1.00,1.00
2018.05.09 12:44:27.150,0.7668,0.76686,1.00,1.00
2018.05.09 12:44:27.252,0.7668,0.76688,1.00,1.00
2018.05.09 12:44:28.917,0.7668,0.76687,1.00,1.00
2018.05.09 12:44:30.331,0.76679,0.76686,1.00,1.00
2018.05.09 12:44:37.112,0.76677,0.76685,2.25,1.00
2018.05.09 12:44:37.649,0.76678,0.76686,1.00,1.00
2018.05.09 12:44:38.228,0.76677,0.76684,1.00,1.00
2018.05.09 12:44:38.603,0.76675,0.76683,1.00,1.00
2018.05.09 12:44:39.112,0.76675,0.76682,1.00,1.00
2018.05.09 12:44:39.637,0.76673,0.76678,1.00,1.00
2018.05.09 12:44:39.771,0.76669,0.76676,1.00,1.00
2018.05.09 12:44:40.437,0.76669,0.76677,1.00,1.50
2018.05.09 12:44:40.694,0.76671,0.76677,1.00,1.00
2018.05.09 12:44:41.214,0.7667,0.76678,1.00,1.00
2018.05.09 12:44:41.545,0.76669,0.76676,1.00,1.00
2018.05.09 12:44:42.164,0.76669,0.76675,1.00,1.00
2018.05.09 12:44:42.714,0.76669,0.76676,1.00,1.00
2018.05.09 12:44:43.261,0.7667,0.76677,1.00,1.50
2018.05.09 12:44:45.306,0.76669,0.76676,1.00,1.00
2018.05.09 12:44:49.073,0.76671,0.76676,1.00,1.00
2018.05.09 12:44:49.124,0.76671,0.76678,1.00,1.50
2018.05.09 12:44:50.393,0.76671,0.76677,1.00,1.00
2018.05.09 12:44:51.712,0.76672,0.76677,1.00,1.00
2018.05.09 12:44:52.279,0.76672,0.76679,1.00,1.50
2018.05.09 12:44:52.647,0.76676,0.76681,1.00,1.00
2018.05.09 12:44:52.853,0.76676,0.76683,1.50,1.00
2018.05.09 12:44:53.023,0.76676,0.76681,1.50,1.00
2018.05.09 12:44:54.635,0.76677,0.76681,1.00,1.00
2018.05.09 12:44:56.387,0.76676,0.76681,1.50,1.00
2018.05.09 12:44:57.471,0.76677,0.76681,1.00,1.00
2018.05.09 12:44:58.055,0.76676,0.76681,1.00,1.00
2018.05.09 12:44:58.726,0.76677,0.76681,1.00,1.00
2018.05.09 12:44:59.888,0.76676,0.76681,1.50,1.00
2018.05.09 12:45:00.395,0.76677,0.76684,1.00,1.50
2018.05.09 12:45:01.194,0.76677,0.76682,1.00,1.00
2018.05.09 12:45:01.732,0.76678,0.76682,1.00,1.00
2018.05.09 12:45:02.776,0.76678,0.76684,1.00,1.00
2018.05.09 12:45:03.317,0.76679,0.76684,1.00,1.00
2018.05.09 12:45:04.720,0.7668,0.76684,1.00,1.00
2018.05.09 12:45:05.248,0.76679,0.76684,1.00,1.00
2018.05.09 12:45:06.594,0.7668,0.76684,1.00,1.00
2018.05.09 12:45:07.117,0.76679,0.76684,1.00,1.00
2018.05.09 12:45:07.582,0.76681,0.76687,1.00,1.00
2018.05.09 12:45:07.735,0.76686,0.7669,1.00,1.00
2018.05.09 12:45:07.863,0.76686,0.76691,1.00,1.00
2018.05.09 12:45:07.914,0.76687,0.76694,1.00,1.50
2018.05.09 12:45:08.525,0.76686,0.76693,1.00,1.50
2018.05.09 12:45:09.104,0.76685,0.76692,1.00,1.50
2018.05.09 12:45:09.257,0.76682,0.76692,1.00,1.50
2018.05.09 12:45:10.142,0.76681,0.7669,1.00,1.50
2018.05.09 12:45:10.348,0.76675,0.76685,2.25,1.50
2018.05.09 12:45:11.949,0.76678,0.76685,1.00,1.00
2018.05.09 12:45:12.001,0.76679,0.76688,1.00,1.00
2018.05.09 12:45:12.629,0.7668,0.76689,1.50,1.00
2018.05.09 12:45:15.582,0.76681,0.76689,1.00,1.00
2018.05.09 12:45:18.012,0.76681,0.7669,1.00,1.50
2018.05.09 12:45:18.591,0.76681,0.76689,1.00,1.00
2018.05.09 12:45:19.206,0.7668,0.76689,1.50,1.00
2018.05.09 12:45:19.345,0.76682,0.7669,1.00,1.50
2018.05.09 12:45:19.397,0.7668,0.7669,3.00,1.50
2018.05.09 12:45:19.917,0.76681,0.7669,1.00,1.00
2018.05.09 12:45:20.464,0.7668,0.76689,1.50,1.00
2018.05.09 12:45:20.668,0.76677,0.76686,2.25,1.00
2018.05.09 12:45:21.197,0.76678,0.76686,1.00,1.00
2018.05.09 12:45:21.581,0.76679,0.76688,1.00,1.50
2018.05.09 12:45:22.929,0.76678,0.76688,2.25,1.50
2018.05.09 12:45:23.082,0.7668,0.7669,1.00,2.25
2018.05.09 12:45:23.784,0.7668,0.76689,1.00,1.00
2018.05.09 12:45:25.066,0.76683,0.7669,1.00,1.00
2018.05.09 12:45:25.117,0.76683,0.76692,1.00,1.50
2018.05.09 12:45:26.523,0.76682,0.76692,1.50,1.50
2018.05.09 12:45:27.065,0.76682,0.7669,1.00,1.00
2018.05.09 12:45:27.570,0.76681,0.7669,1.00,1.00
2018.05.09 12:45:28.583,0.76682,0.7669,1.00,1.00
2018.05.09 12:45:29.542,0.76681,0.7669,1.00,1.00
2018.05.09 12:45:29.894,0.76683,0.7669,1.00,1.00
2018.05.09 12:45:30.342,0.76683,0.76693,1.50,1.50
2018.05.09 12:45:32.053,0.76684,0.76693,1.00,1.50
2018.05.09 12:45:32.574,0.76685,0.76693,1.00,1.00
2018.05.09 12:45:33.399,0.76686,0.76693,1.00,1.00
2018.05.09 12:45:34.498,0.76684,0.76693,1.50,1.00
2018.05.09 12:45:34.756,0.76686,0.76693,1.00,1.00
2018.05.09 12:45:34.970,0.76686,0.76696,1.00,1.50
2018.05.09 12:45:35.478,0.76687,0.76696,1.00,1.50
2018.05.09 12:45:36.042,0.76686,0.76695,1.00,1.00
2018.05.09 12:45:36.274,0.76684,0.76694,1.00,1.00
2018.05.09 12:45:36.325,0.76686,0.76694,1.00,1.00
2018.05.09 12:45:38.322,0.76686,0.76695,1.50,1.00
2018.05.09 12:45:38.852,0.76686,0.76696,1.50,1.50
2018.05.09 12:45:41.295,0.76687,0.76696,1.00,1.00
2018.05.09 12:45:42.567,0.76687,0.76695,1.00,1.00
2018.05.09 12:45:43.155,0.76686,0.76695,1.00,1.00
2018.05.09 12:45:43.695,0.76686,0.76696,1.00,1.50
2018.05.09 12:45:44.905,0.76687,0.76696,1.00,1.50
2018.05.09 12:45:45.065,0.76684,0.76694,1.00,1.50
2018.05.09 12:45:45.589,0.76685,0.76694,1.00,1.50
2018.05.09 12:45:46.112,0.76686,0.76694,1.50,1.00
2018.05.09 12:45:52.014,0.76687,0.76694,1.00,1.00
2018.05.09 12:45:52.065,0.76686,0.76696,1.50,1.50
2018.05.09 12:45:52.571,0.76686,0.76695,1.50,1.00
2018.05.09 12:45:52.724,0.76688,0.76695,1.00,1.00
2018.05.09 12:45:52.949,0.76689,0.76697,1.00,1.50
2018.05.09 12:45:53.409,0.76687,0.76697,3.00,1.50
2018.05.09 12:45:53.972,0.76686,0.76696,1.00,1.50
2018.05.09 12:45:54.358,0.76685,0.76694,2.25,1.00
2018.05.09 12:45:54.562,0.76686,0.76696,1.00,1.50
2018.05.09 12:45:55.097,0.76687,0.76695,1.50,1.00
2018.05.09 12:45:55.350,0.76689,0.76695,1.00,1.00
2018.05.09 12:45:55.401,0.76689,0.76698,1.00,1.00
2018.05.09 12:45:55.903,0.76689,0.76697,1.00,1.00
2018.05.09 12:45:56.410,0.76688,0.76697,1.00,1.00
2018.05.09 12:45:58.607,0.76687,0.76696,1.00,1.00
2018.05.09 12:45:59.389,0.76687,0.76695,1.50,1.00
2018.05.09 12:46:00.051,0.76688,0.76695,1.00,1.00
2018.05.09 12:46:00.103,0.76688,0.76697,1.50,1.50
2018.05.09 12:46:00.613,0.76688,0.76696,1.50,1.00
2018.05.09 12:46:01.131,0.76689,0.76697,1.00,1.00
2018.05.09 12:46:01.186,0.7669,0.76699,1.50,1.50
2018.05.09 12:46:02.501,0.76689,0.76699,1.50,1.00
2018.05.09 12:46:03.089,0.7669,0.76699,1.00,1.00
2018.05.09 12:46:03.292,0.76691,0.76701,1.00,1.50
2018.05.09 12:46:03.937,0.76692,0.76701,1.50,1.00
2018.05.09 12:46:05.053,0.76693,0.76701,1.00,1.00
2018.05.09 12:46:05.205,0.76691,0.76701,1.00,1.50
2018.05.09 12:46:05.257,0.7669,0.76699,1.00,1.50
2018.05.09 12:46:05.912,0.76689,0.76698,1.00,1.00
2018.05.09 12:46:06.188,0.76687,0.76697,1.00,1.00
2018.05.09 12:46:06.240,0.76689,0.76696,1.00,1.00
2018.05.09 12:46:06.393,0.7669,0.76699,1.00,1.00
2018.05.09 12:46:07.029,0.76689,0.76699,1.50,1.50
2018.05.09 12:46:07.642,0.7669,0.76699,1.00,1.50
2018.05.09 12:46:08.256,0.76689,0.76699,1.50,1.50
2018.05.09 12:46:08.805,0.76688,0.76698,1.50,1.00
2018.05.09 12:46:09.372,0.76689,0.76698,1.00,1.00
2018.05.09 12:46:10.077,0.76689,0.76699,1.50,1.50
2018.05.09 12:46:10.585,0.76689,0.76698,1.00,1.00
2018.05.09 12:46:11.331,0.76689,0.76697,1.00,1.00
2018.05.09 12:46:11.841,0.76688,0.76697,1.50,1.00
2018.05.09 12:46:12.670,0.76688,0.76696,1.00,1.00
2018.05.09 12:46:13.215,0.76688,0.76697,1.00,1.50
2018.05.09 12:46:13.924,0.76688,0.76696,1.00,1.00
2018.05.09 12:46:13.976,0.76686,0.76695,1.00,1.00
2018.05.09 12:46:14.941,0.76685,0.76695,1.50,1.50
2018.05.09 12:46:15.465,0.76686,0.76695,1.00,1.00
2018.05.09 12:46:15.978,0.76685,0.76695,1.50,1.50
2018.05.09 12:46:16.864,0.76684,0.76694,1.00,1.00
2018.05.09 12:46:18.227,0.76684,0.76692,1.00,1.00
2018.05.09 12:46:18.742,0.76684,0.76693,1.00,1.50
2018.05.09 12:46:19.167,0.76686,0.76693,1.00,1.00
2018.05.09 12:46:19.269,0.76684,0.76693,1.00,1.00
2018.05.09 12:46:19.781,0.76685,0.76693,1.00,1.00
2018.05.09 12:46:23.648,0.76683,0.76693,2.25,1.50
2018.05.09 12:46:24.397,0.76684,0.76693,1.00,1.00
2018.05.09 12:46:28.312,0.76683,0.76693,1.00,1.50
2018.05.09 12:46:28.835,0.76684,0.76693,1.00,1.00
2018.05.09 12:46:30.349,0.76684,0.76694,1.00,1.00
2018.05.09 12:46:30.826,0.76683,0.76692,1.00,1.00
2018.05.09 12:46:31.574,0.76683,0.76693,1.00,1.00
2018.05.09 12:46:32.092,0.76684,0.76694,1.50,1.50
2018.05.09 12:46:33.443,0.76683,0.76693,1.00,1.00
2018.05.09 12:46:33.967,0.76684,0.76694,1.00,1.50
2018.05.09 12:46:35.382,0.76683,0.76693,1.00,1.00
2018.05.09 12:46:35.996,0.76684,0.76694,1.00,2.25
2018.05.09 12:46:36.880,0.76683,0.76693,1.00,1.00
2018.05.09 12:46:37.184,0.76685,0.76694,1.00,1.50
2018.05.09 12:46:37.525,0.76683,0.76693,1.00,1.00
2018.05.09 12:46:38.056,0.76683,0.76692,1.00,1.00
2018.05.09 12:46:38.419,0.76685,0.76693,1.00,1.00
2018.05.09 12:46:39.145,0.76684,0.76693,1.00,1.00
2018.05.09 12:46:41.533,0.76685,0.76693,1.00,1.00
2018.05.09 12:46:42.063,0.76684,0.76693,1.00,1.00
2018.05.09 12:46:42.638,0.76686,0.76693,1.00,1.00
2018.05.09 12:46:42.689,0.76684,0.76693,1.00,1.00
2018.05.09 12:46:42.792,0.76685,0.76695,1.00,2.25
2018.05.09 12:46:43.251,0.76687,0.76695,1.00,1.00
2018.05.09 12:46:44.327,0.76686,0.76695,1.00,1.00
2018.05.09 12:46:45.340,0.76687,0.76695,1.00,1.00
2018.05.09 12:46:46.710,0.76688,0.76695,1.00,1.00
2018.05.09 12:46:47.051,0.76686,0.76695,1.00,1.00
2018.05.09 12:46:47.713,0.76687,0.76695,1.00,1.00
2018.05.09 12:46:48.259,0.76686,0.76695,1.00,1.00
2018.05.09 12:46:49.741,0.76687,0.76695,1.00,1.00
2018.05.09 12:46:50.417,0.76688,0.76695,1.00,1.00
2018.05.09 12:46:50.929,0.76689,0.76697,1.00,2.25
2018.05.09 12:46:52.116,0.76687,0.76697,1.00,2.25
2018.05.09 12:46:52.340,0.76689,0.76697,1.00,1.50
2018.05.09 12:46:52.921,0.76687,0.76697,1.00,2.25
2018.05.09 12:46:54.200,0.76687,0.76695,1.00,1.00
2018.05.09 12:46:55.762,0.76686,0.76695,1.00,1.50
2018.05.09 12:46:56.320,0.76685,0.76695,1.00,1.50
2018.05.09 12:46:58.412,0.76686,0.76695,1.00,1.00
2018.05.09 12:46:58.721,0.76688,0.76695,1.50,1.00
2018.05.09 12:46:59.050,0.76688,0.76697,1.50,1.00
2018.05.09 12:47:00.776,0.76687,0.76696,1.00,1.00
2018.05.09 12:47:01.355,0.76686,0.76696,1.00,1.00
2018.05.09 12:47:01.897,0.76685,0.76695,2.25,1.00
2018.05.09 12:47:02.418,0.76686,0.76695,1.00,1.00
2018.05.09 12:47:04.969,0.76686,0.76696,1.50,1.50
2018.05.09 12:47:05.514,0.76688,0.76696,1.00,1.00
2018.05.09 12:47:06.055,0.76688,0.76697,1.00,1.50
2018.05.09 12:47:07.887,0.76686,0.76694,1.50,1.00
2018.05.09 12:47:10.301,0.76687,0.76694,1.00,1.00
2018.05.09 12:47:10.849,0.76686,0.76695,1.00,1.00
2018.05.09 12:47:11.157,0.76686,0.76693,1.50,1.00
2018.05.09 12:47:11.414,0.76686,0.76695,1.50,1.00
2018.05.09 12:47:11.516,0.76688,0.76695,1.00,1.00
2018.05.09 12:47:12.118,0.76688,0.76694,1.00,1.00
2018.05.09 12:47:15.984,0.76686,0.76693,1.00,1.00
2018.05.09 12:47:16.640,0.76687,0.76694,1.00,1.00
2018.05.09 12:47:17.239,0.76686,0.76694,1.00,1.00
2018.05.09 12:47:20.094,0.76686,0.76694,3.75,1.00
2018.05.09 12:47:20.255,0.76686,0.76694,1.12,1.00
2018.05.09 12:47:21.338,0.76686,0.76693,1.00,1.00
2018.05.09 12:47:21.502,0.76684,0.76693,3.00,1.00
2018.05.09 12:47:22.020,0.76684,0.76692,1.50,1.00
2018.05.09 12:47:22.736,0.76685,0.76694,1.37,1.00
2018.05.09 12:47:23.248,0.76685,0.76694,1.25,1.00
2018.05.09 12:47:23.765,0.76684,0.76693,1.69,1.00
2018.05.09 12:47:24.281,0.76684,0.76693,3.00,1.00
2018.05.09 12:47:24.924,0.76684,0.76693,3.00,1.00
2018.05.09 12:47:25.438,0.76685,0.76694,1.50,1.00
2018.05.09 12:47:26.640,0.76686,0.76694,1.00,1.00
2018.05.09 12:47:27.292,0.76685,0.76693,1.00,1.00
2018.05.09 12:47:30.017,0.76685,0.76692,1.00,1.00
2018.05.09 12:47:30.608,0.76684,0.76693,2.25,1.00
2018.05.09 12:47:32.037,0.76686,0.76695,1.50,1.00
2018.05.09 12:47:34.225,0.76687,0.76696,1.00,1.00
2018.05.09 12:47:34.797,0.76687,0.76695,1.00,1.00
2018.05.09 12:47:35.736,0.76688,0.76695,1.00,1.00
2018.05.09 12:47:36.267,0.76687,0.76695,1.00,1.00
2018.05.09 12:47:37.560,0.76685,0.76693,1.50,1.00
2018.05.09 12:47:38.070,0.76686,0.76694,1.00,1.00
2018.05.09 12:47:38.480,0.76688,0.76694,1.00,1.00
2018.05.09 12:47:38.532,0.76686,0.76695,1.00,1.00
2018.05.09 12:47:38.685,0.76686,0.76693,1.00,1.00
2018.05.09 12:47:39.193,0.76686,0.76694,1.50,1.00
2018.05.09 12:47:39.652,0.76688,0.76694,1.00,1.00
2018.05.09 12:47:40.157,0.76687,0.76694,1.00,1.00
2018.05.09 12:47:40.785,0.76686,0.76694,1.00,1.00
2018.05.09 12:47:41.351,0.76685,0.76694,2.25,1.00
2018.05.09 12:47:41.709,0.76687,0.76696,1.00,1.00
2018.05.09 12:47:42.130,0.76689,0.76696,1.00,1.00
2018.05.09 12:47:42.596,0.76687,0.76696,1.00,1.00
2018.05.09 12:47:44.231,0.76685,0.76694,1.50,1.00
2018.05.09 12:47:44.542,0.76688,0.76695,1.00,1.00
2018.05.09 12:47:45.088,0.76687,0.76696,3.00,1.00
2018.05.09 12:47:45.460,0.7669,0.76696,1.00,1.00
2018.05.09 12:47:45.810,0.76687,0.76696,2.25,1.00
2018.05.09 12:47:49.833,0.76688,0.76696,1.00,1.00
2018.05.09 12:47:52.693,0.76687,0.76696,1.50,1.00
2018.05.09 12:47:53.041,0.76689,0.76695,1.00,1.00
2018.05.09 12:47:53.092,0.76686,0.76694,1.00,1.00
2018.05.09 12:47:53.566,0.76687,0.76696,1.00,1.00
2018.05.09 12:47:54.098,0.76688,0.76696,1.00,1.00
2018.05.09 12:47:55.218,0.76688,0.76697,1.50,1.00
2018.05.09 12:47:56.112,0.76689,0.76697,1.00,1.00
2018.05.09 12:47:56.662,0.76688,0.76697,2.25,1.00
2018.05.09 12:47:56.965,0.76691,0.76697,1.00,1.00
2018.05.09 12:47:57.179,0.76689,0.76697,1.12,1.00
2018.05.09 12:47:57.345,0.76692,0.76697,1.00,1.00
2018.05.09 12:47:57.510,0.76689,0.76697,1.12,1.00
2018.05.09 12:47:57.611,0.76692,0.76697,1.00,1.00
2018.05.09 12:47:57.792,0.76689,0.76697,1.12,1.00
2018.05.09 12:47:58.083,0.76692,0.76697,1.00,1.00
2018.05.09 12:47:58.302,0.76689,0.76697,1.12,1.00
2018.05.09 12:47:58.670,0.76692,0.76697,1.00,1.00
2018.05.09 12:47:58.862,0.76689,0.76697,1.12,1.00
2018.05.09 12:47:59.230,0.76692,0.76697,1.00,1.00
2018.05.09 12:47:59.422,0.76689,0.76697,1.12,1.00
2018.05.09 12:47:59.769,0.76692,0.76697,1.00,1.00
2018.05.09 12:47:59.981,0.76689,0.76697,1.12,1.00
2018.05.09 12:48:00.338,0.76691,0.76697,1.00,1.00
2018.05.09 12:48:00.490,0.76688,0.76697,3.75,1.00
2018.05.09 12:48:01.037,0.76689,0.76697,1.00,1.00
2018.05.09 12:48:01.541,0.76688,0.76697,3.75,1.00
2018.05.09 12:48:01.768,0.7669,0.76697,1.00,1.00
2018.05.09 12:48:01.869,0.76686,0.76695,1.50,1.50
2018.05.09 12:48:02.332,0.76688,0.76695,1.00,1.00
2018.05.09 12:48:02.814,0.76688,0.76697,1.50,1.00
2018.05.09 12:48:04.609,0.7669,0.76697,1.00,1.00
2018.05.09 12:48:04.812,0.76688,0.76697,1.50,1.00
2018.05.09 12:48:04.968,0.76692,0.76697,1.00,1.00
2018.05.09 12:48:05.070,0.76688,0.76697,2.25,1.00
2018.05.09 12:48:10.091,0.76688,0.76696,1.50,1.00
2018.05.09 12:48:11.406,0.76689,0.76696,1.00,1.00
2018.05.09 12:48:11.924,0.76688,0.76696,1.00,1.00
2018.05.09 12:48:14.353,0.76689,0.76696,1.00,1.00
2018.05.09 12:48:14.898,0.76688,0.76696,1.50,1.00
2018.05.09 12:48:15.869,0.76686,0.76695,1.00,1.00
2018.05.09 12:48:16.787,0.76688,0.76695,1.00,1.00
2018.05.09 12:48:17.302,0.76686,0.76694,1.00,1.00
2018.05.09 12:48:18.170,0.76686,0.76695,1.00,1.00
2018.05.09 12:48:18.834,0.76687,0.76695,1.50,1.00
2018.05.09 12:48:19.190,0.76689,0.76694,1.00,1.00
2018.05.09 12:48:19.462,0.76687,0.76694,1.00,1.00
2018.05.09 12:48:21.059,0.76687,0.76695,1.00,1.00
2018.05.09 12:48:21.610,0.76687,0.76694,1.00,1.00
2018.05.09 12:48:23.906,0.76687,0.76695,1.00,1.00
2018.05.09 12:48:25.863,0.76687,0.76696,2.25,1.00
2018.05.09 12:48:26.393,0.76688,0.76695,1.00,1.00
2018.05.09 12:48:27.161,0.76687,0.76695,1.50,1.00
2018.05.09 12:48:27.677,0.76687,0.76694,1.00,1.00
2018.05.09 12:48:27.884,0.76687,0.76696,2.25,1.00
2018.05.09 12:48:28.495,0.76688,0.76696,1.00,1.00
2018.05.09 12:48:28.546,0.7669,0.76696,1.00,1.00
2018.05.09 12:48:28.849,0.76687,0.76696,2.25,1.00
2018.05.09 12:48:29.666,0.7669,0.76696,1.00,1.00
2018.05.09 12:48:29.862,0.76687,0.76696,2.25,1.00
2018.05.09 12:48:30.226,0.7669,0.76696,1.00,1.00
2018.05.09 12:48:30.277,0.76687,0.76695,1.50,1.00
2018.05.09 12:48:30.802,0.76686,0.76694,1.50,1.00
2018.05.09 12:48:31.124,0.76684,0.76693,2.85,1.00
2018.05.09 12:48:31.176,0.76687,0.76693,1.00,1.00
2018.05.09 12:48:31.328,0.76684,0.76693,3.60,1.00
2018.05.09 12:48:31.722,0.76687,0.76693,1.00,1.00
2018.05.09 12:48:31.916,0.76684,0.76693,3.60,1.00
2018.05.09 12:48:32.282,0.76686,0.76694,1.00,1.00
2018.05.09 12:48:32.616,0.76686,0.76692,1.00,1.00
2018.05.09 12:48:32.667,0.76684,0.76692,1.35,1.00
2018.05.09 12:48:32.926,0.76686,0.76692,1.00,1.00
2018.05.09 12:48:33.033,0.76684,0.76692,1.35,1.00
2018.05.09 12:48:33.222,0.76686,0.76692,1.00,1.00
2018.05.09 12:48:33.414,0.76684,0.76692,1.35,1.00
2018.05.09 12:48:33.774,0.76686,0.76692,1.00,1.00
2018.05.09 12:48:33.975,0.76684,0.76692,1.35,1.00
2018.05.09 12:48:34.544,0.76684,0.76691,2.10,1.00
2018.05.09 12:48:34.699,0.76686,0.76691,1.00,1.00
2018.05.09 12:48:34.750,0.76684,0.76691,1.00,1.00
2018.05.09 12:48:35.274,0.76685,0.7669,1.00,1.00
2018.05.09 12:48:35.428,0.76683,0.76691,2.25,1.00
2018.05.09 12:48:36.187,0.76686,0.76691,1.00,1.00
2018.05.09 12:48:36.397,0.76683,0.76691,2.44,1.00
2018.05.09 12:48:37.863,0.76686,0.76691,1.00,1.00
2018.05.09 12:48:37.966,0.76683,0.76691,2.44,1.00
2018.05.09 12:48:38.422,0.76685,0.7669,1.00,1.00
2018.05.09 12:48:38.704,0.76683,0.7669,1.50,1.00
2018.05.09 12:48:38.755,0.76685,0.7669,1.00,1.00
2018.05.09 12:48:38.990,0.76683,0.7669,1.50,1.00
2018.05.09 12:48:39.619,0.76684,0.7669,1.00,1.00
2018.05.09 12:48:40.140,0.76685,0.7669,1.00,1.00
2018.05.09 12:48:40.322,0.76683,0.7669,1.50,1.00
2018.05.09 12:48:40.852,0.76683,0.76691,1.50,1.00
2018.05.09 12:48:41.275,0.76685,0.7669,1.00,1.00
2018.05.09 12:48:41.443,0.76683,0.7669,1.50,1.00
2018.05.09 12:48:41.995,0.76685,0.7669,1.00,1.00
2018.05.09 12:48:42.195,0.76683,0.7669,1.50,1.00
2018.05.09 12:48:42.753,0.76686,0.7669,1.00,1.00
2018.05.09 12:48:42.906,0.76684,0.76692,1.87,1.00
2018.05.09 12:48:42.957,0.76686,0.76692,1.00,1.00
2018.05.09 12:48:43.475,0.76686,0.76693,1.00,1.00
2018.05.09 12:48:43.577,0.76683,0.76691,1.00,1.00
2018.05.09 12:48:45.530,0.76683,0.76692,2.25,1.00
2018.05.09 12:48:45.582,0.76685,0.76693,1.00,1.00
2018.05.09 12:48:46.116,0.76685,0.76692,1.00,1.00
2018.05.09 12:48:46.796,0.76685,0.76691,1.00,1.00
2018.05.09 12:48:46.889,0.76683,0.76691,2.25,1.00
2018.05.09 12:48:48.383,0.76683,0.76692,2.25,1.00
2018.05.09 12:48:50.514,0.76683,0.76691,1.50,1.00
2018.05.09 12:48:51.033,0.76683,0.76692,2.25,1.00
2018.05.09 12:48:52.116,0.76684,0.76693,1.00,1.00
2018.05.09 12:48:52.677,0.76685,0.76693,1.00,1.00
2018.05.09 12:48:53.277,0.76685,0.76692,1.00,1.00
2018.05.09 12:48:54.092,0.76683,0.76692,2.85,1.00
2018.05.09 12:48:55.101,0.76685,0.76692,1.00,1.00
2018.05.09 12:48:56.858,0.76685,0.76691,1.00,1.00
2018.05.09 12:49:03.304,0.76685,0.7669,1.00,1.00
2018.05.09 12:49:03.460,0.76684,0.76692,1.00,1.00
2018.05.09 12:49:03.818,0.76687,0.76693,1.00,1.00
2018.05.09 12:49:03.870,0.76687,0.76695,1.00,1.50
2018.05.09 12:49:03.972,0.76689,0.76696,1.00,1.00
2018.05.09 12:49:04.292,0.76691,0.76698,1.00,1.00
2018.05.09 12:49:04.847,0.76691,0.76697,1.00,1.00
2018.05.09 12:49:07.630,0.76693,0.76697,1.00,1.00
2018.05.09 12:49:07.681,0.76693,0.76699,1.00,1.00
2018.05.09 12:49:07.732,0.76691,0.76699,1.50,1.00
2018.05.09 12:49:07.834,0.76692,0.76701,1.50,1.00
2018.05.09 12:49:08.360,0.76692,0.767,1.00,1.00
2018.05.09 12:49:10.096,0.76692,0.76701,2.25,1.00
2018.05.09 12:49:15.003,0.76694,0.76701,1.00,1.00
2018.05.09 12:49:15.106,0.7669,0.76698,3.56,1.00
2018.05.09 12:49:15.157,0.76692,0.76698,1.00,1.00
2018.05.09 12:49:15.224,0.76692,0.767,1.50,1.00
2018.05.09 12:49:15.405,0.76693,0.76702,1.50,1.00
2018.05.09 12:49:15.456,0.76694,0.76704,1.12,1.00
2018.05.09 12:49:15.610,0.76694,0.767,1.12,1.00
2018.05.09 12:49:15.864,0.76694,0.76704,1.12,1.50
2018.05.09 12:49:16.081,0.76694,0.76702,2.25,1.00
2018.05.09 12:49:16.258,0.76694,0.76701,1.35,1.00
2018.05.09 12:49:16.309,0.76697,0.76706,1.00,2.25
2018.05.09 12:49:16.411,0.76695,0.76704,1.12,1.00
2018.05.09 12:49:16.753,0.76693,0.76699,1.50,1.00
2018.05.09 12:49:17.264,0.76694,0.767,1.00,1.00
2018.05.09 12:49:17.371,0.76692,0.767,1.00,1.00
2018.05.09 12:49:17.559,0.76694,0.767,1.00,1.00
2018.05.09 12:49:17.814,0.76692,0.76699,1.00,1.00
2018.05.09 12:49:18.367,0.76691,0.767,2.44,1.00
2018.05.09 12:49:19.012,0.76691,0.76699,1.50,1.00
2018.05.09 12:49:19.828,0.76691,0.76698,1.00,1.00
2018.05.09 12:49:19.930,0.76691,0.767,1.50,1.00
2018.05.09 12:49:20.438,0.76692,0.76701,1.00,1.00
2018.05.09 12:49:20.964,0.76691,0.767,2.44,1.00
2018.05.09 12:49:21.371,0.76694,0.76701,1.00,1.00
2018.05.09 12:49:21.423,0.76691,0.767,2.25,1.00
2018.05.09 12:49:21.938,0.76692,0.76701,1.00,1.00
2018.05.09 12:49:25.097,0.76693,0.76702,1.00,1.50
2018.05.09 12:49:25.284,0.76691,0.767,2.25,1.00
2018.05.09 12:49:26.463,0.76692,0.76701,1.00,1.00
2018.05.09 12:49:30.314,0.76691,0.767,2.25,1.00
2018.05.09 12:49:30.664,0.76688,0.76696,1.00,1.50
2018.05.09 12:49:31.021,0.7669,0.76698,1.00,1.50
2018.05.09 12:49:31.565,0.76689,0.76697,1.00,1.00
2018.05.09 12:49:31.820,0.7669,0.76699,1.00,1.00
2018.05.09 12:49:32.025,0.76692,0.76699,1.00,1.00
2018.05.09 12:49:36.125,0.76693,0.767,1.00,1.00
2018.05.09 12:49:36.642,0.76693,0.76701,1.00,1.00
2018.05.09 12:49:37.185,0.76693,0.767,1.00,1.00
2018.05.09 12:49:37.715,0.76693,0.76699,1.00,1.00
2018.05.09 12:49:38.593,0.76691,0.76699,1.50,1.00
2018.05.09 12:49:38.645,0.76692,0.76701,1.00,1.50
2018.05.09 12:49:39.175,0.76692,0.767,1.00,1.00
2018.05.09 12:49:39.771,0.76692,0.76699,1.00,1.00
2018.05.09 12:49:50.284,0.7669,0.76698,1.00,1.00
2018.05.09 12:49:50.869,0.76689,0.76698,1.50,1.00
2018.05.09 12:49:52.146,0.76687,0.76695,1.50,1.00
2018.05.09 12:49:52.251,0.7669,0.76699,1.50,1.00
2018.05.09 12:49:52.560,0.76692,0.76701,1.00,1.00
2018.05.09 12:49:53.473,0.76691,0.767,2.25,1.00
2018.05.09 12:49:54.003,0.76691,0.76699,1.50,1.00
2018.05.09 12:49:54.534,0.76691,0.767,1.50,1.00
2018.05.09 12:49:56.922,0.76691,0.76699,1.00,1.00
2018.05.09 12:49:57.471,0.7669,0.76698,1.00,1.00
2018.05.09 12:49:58.034,0.76689,0.76698,1.50,1.00
2018.05.09 12:49:59.876,0.76688,0.76696,1.00,1.00
2018.05.09 12:50:01.979,0.76689,0.76696,1.00,1.00
2018.05.09 12:50:02.545,0.76689,0.76697,1.00,1.00
2018.05.09 12:50:05.279,0.76689,0.76696,1.00,1.00
2018.05.09 12:50:05.434,0.76685,0.76693,1.00,1.00
2018.05.09 12:50:05.536,0.76686,0.76695,1.12,1.50
2018.05.09 12:50:06.642,0.76687,0.76695,1.00,1.50
2018.05.09 12:50:07.554,0.76688,0.76697,1.00,1.50
2018.05.09 12:50:08.117,0.76689,0.76697,1.00,1.50
2018.05.09 12:50:09.572,0.76689,0.76698,1.87,1.00
2018.05.09 12:50:10.091,0.7669,0.76697,1.00,1.00
2018.05.09 12:50:11.297,0.7669,0.76698,1.50,1.00
2018.05.09 12:50:11.873,0.7669,0.76697,1.50,1.00
2018.05.09 12:50:12.449,0.7669,0.76698,1.50,1.00
2018.05.09 12:50:18.305,0.76689,0.76698,1.50,1.00
2018.05.09 12:50:18.513,0.76689,0.76696,1.00,1.00
2018.05.09 12:50:19.374,0.76689,0.76695,1.00,1.00
2018.05.09 12:50:19.859,0.76686,0.76694,1.50,1.00
2018.05.09 12:50:21.376,0.76686,0.76694,3.00,1.00
2018.05.09 12:50:21.893,0.76686,0.76694,1.37,1.00
2018.05.09 12:50:23.252,0.76686,0.76694,1.00,1.00
2018.05.09 12:50:24.903,0.76685,0.76694,2.25,1.00
2018.05.09 12:50:25.208,0.76683,0.76691,1.00,1.00
2018.05.09 12:50:25.550,0.76684,0.76693,1.50,1.00
2018.05.09 12:50:26.297,0.76684,0.76692,1.00,1.00
2018.05.09 12:50:26.834,0.76685,0.76692,1.00,1.00
2018.05.09 12:50:27.371,0.76685,0.76693,1.50,1.00
2018.05.09 12:50:28.100,0.76684,0.76693,1.00,1.00
2018.05.09 12:50:28.152,0.76683,0.76691,1.00,1.00
2018.05.09 12:50:29.471,0.76683,0.76692,1.00,1.50
2018.05.09 12:50:30.402,0.76682,0.76691,1.50,1.00
2018.05.09 12:50:31.389,0.76683,0.76692,1.50,1.00
2018.05.09 12:50:32.025,0.76684,0.76692,1.00,1.00
2018.05.09 12:50:32.531,0.76684,0.76693,1.50,1.00
2018.05.09 12:50:33.514,0.76685,0.76694,1.00,1.50
2018.05.09 12:50:36.070,0.76687,0.76694,1.00,1.00
2018.05.09 12:50:36.582,0.76686,0.76695,1.50,1.00
2018.05.09 12:50:37.152,0.76686,0.76694,1.00,1.00
2018.05.09 12:50:39.640,0.76683,0.76692,4.50,1.00
2018.05.09 12:50:40.152,0.76683,0.76691,1.50,1.00
2018.05.09 12:50:41.402,0.76683,0.76692,2.25,1.00
2018.05.09 12:50:43.801,0.76683,0.76691,1.00,1.00
2018.05.09 12:50:43.905,0.76687,0.76696,1.00,2.25
2018.05.09 12:50:44.181,0.76689,0.76696,1.00,1.00
2018.05.09 12:50:44.847,0.76687,0.76695,1.35,1.00
2018.05.09 12:50:45.410,0.76687,0.76694,1.35,1.00
2018.05.09 12:50:47.605,0.76685,0.76694,1.00,1.00
2018.05.09 12:50:47.656,0.76684,0.76691,1.00,1.00
2018.05.09 12:50:47.706,0.76682,0.76691,3.75,1.00
2018.05.09 12:50:49.112,0.76684,0.76693,1.50,1.00
2018.05.09 12:50:51.023,0.76684,0.76692,1.12,1.00
2018.05.09 12:50:52.004,0.76684,0.76693,1.00,1.00
2018.05.09 12:50:52.525,0.76685,0.76693,1.00,1.00
2018.05.09 12:50:53.134,0.76685,0.76692,1.00,1.00
2018.05.09 12:50:53.496,0.76683,0.76692,1.50,1.00
2018.05.09 12:50:53.601,0.76683,0.7669,1.00,1.00
2018.05.09 12:50:53.881,0.76681,0.7669,1.00,1.00
2018.05.09 12:50:54.344,0.76684,0.76693,1.00,1.50
2018.05.09 12:50:54.880,0.76683,0.76692,1.50,1.00
2018.05.09 12:50:55.189,0.76682,0.7669,1.69,1.00
2018.05.09 12:50:55.690,0.76682,0.76689,1.00,1.00
2018.05.09 12:50:55.947,0.76682,0.76691,2.25,1.00
2018.05.09 12:50:55.998,0.76684,0.76692,1.00,1.00
2018.05.09 12:50:57.653,0.76686,0.76692,1.00,1.00
2018.05.09 12:50:57.706,0.76686,0.76694,1.00,1.00
2018.05.09 12:50:58.226,0.76686,0.76693,1.00,1.00
2018.05.09 12:50:58.434,0.76686,0.76695,1.87,1.00
2018.05.09 12:50:58.953,0.76687,0.76696,1.00,1.00
2018.05.09 12:50:59.563,0.76688,0.76697,1.00,1.00
2018.05.09 12:51:00.515,0.76688,0.76695,1.50,1.00
2018.05.09 12:51:01.039,0.76688,0.76696,1.00,1.00
2018.05.09 12:51:01.673,0.76688,0.76695,1.00,1.00
2018.05.09 12:51:02.571,0.76687,0.76694,1.50,1.00
2018.05.09 12:51:02.775,0.76685,0.76694,3.00,1.00
2018.05.09 12:51:03.545,0.76687,0.76694,1.00,1.00
2018.05.09 12:51:04.111,0.76685,0.76694,3.00,1.00
2018.05.09 12:51:06.534,0.76689,0.76698,1.50,2.25
2018.05.09 12:51:07.044,0.76693,0.76699,1.00,1.00
2018.05.09 12:51:07.333,0.76691,0.767,3.00,1.00
2018.05.09 12:51:07.642,0.76693,0.767,1.00,1.00
2018.05.09 12:51:07.963,0.76691,0.76698,1.00,1.00
2018.05.09 12:51:08.472,0.7669,0.76698,1.00,1.00
2018.05.09 12:51:08.996,0.76691,0.76698,1.00,1.00
2018.05.09 12:51:09.352,0.76689,0.76698,2.25,1.00
2018.05.09 12:51:10.055,0.7669,0.76699,1.00,1.00
2018.05.09 12:51:10.808,0.76689,0.76698,1.50,1.00
2018.05.09 12:51:11.062,0.76691,0.76697,1.00,1.00
2018.05.09 12:51:11.264,0.76689,0.76697,1.13,1.00
2018.05.09 12:51:12.537,0.76689,0.76697,1.44,1.00
2018.05.09 12:51:13.056,0.7669,0.76699,1.25,1.00
2018.05.09 12:51:13.573,0.76689,0.76698,2.44,1.00
2018.05.09 12:51:14.083,0.76689,0.76698,1.25,1.00
2018.05.09 12:51:14.338,0.76691,0.76698,1.00,1.00
2018.05.09 12:51:14.889,0.76691,0.76699,1.00,1.00
2018.05.09 12:51:15.402,0.76691,0.767,1.50,1.00
2018.05.09 12:51:15.776,0.76694,0.76703,1.00,1.50
2018.05.09 12:51:16.083,0.76695,0.767,1.00,1.00
2018.05.09 12:51:16.308,0.76692,0.76701,2.25,1.00
2018.05.09 12:51:17.387,0.76693,0.76702,1.00,1.00
2018.05.09 12:51:17.972,0.76692,0.76701,3.00,1.00
2018.05.09 12:51:18.444,0.76694,0.76703,1.50,1.00
2018.05.09 12:51:18.874,0.76696,0.76704,1.00,1.00
2018.05.09 12:51:19.485,0.76698,0.76704,1.00,1.00
2018.05.09 12:51:19.996,0.76697,0.76703,1.00,1.00
2018.05.09 12:51:20.694,0.76695,0.76704,1.50,1.00
2018.05.09 12:51:21.535,0.76696,0.76704,1.00,1.00
2018.05.09 12:51:21.915,0.76698,0.76705,1.00,1.50
2018.05.09 12:51:22.963,0.76699,0.76706,1.00,1.00
2018.05.09 12:51:23.474,0.76699,0.76705,1.00,1.00
2018.05.09 12:51:24.203,0.76698,0.76705,1.00,1.00
2018.05.09 12:51:24.982,0.767,0.76707,1.50,1.00
2018.05.09 12:51:25.489,0.767,0.76705,1.00,1.00
2018.05.09 12:51:25.591,0.76698,0.76704,1.00,1.50
2018.05.09 12:51:25.899,0.76696,0.76703,1.50,1.00
2018.05.09 12:51:26.411,0.76696,0.76702,1.00,1.00
2018.05.09 12:51:26.920,0.76696,0.76703,1.00,1.50
2018.05.09 12:51:27.480,0.76696,0.76702,1.50,1.00
2018.05.09 12:51:27.532,0.76697,0.76704,1.00,1.00
2018.05.09 12:51:27.583,0.76701,0.76707,1.50,1.50
2018.05.09 12:51:27.725,0.76705,0.76712,1.00,1.00
2018.05.09 12:51:28.233,0.76706,0.76713,1.00,1.50
2018.05.09 12:51:29.621,0.76707,0.76713,1.00,1.00
2018.05.09 12:51:30.463,0.76707,0.76714,1.00,1.50
2018.05.09 12:51:30.968,0.76707,0.76713,1.00,1.00
2018.05.09 12:51:32.579,0.76707,0.76712,1.00,1.00
2018.05.09 12:51:33.269,0.76706,0.76712,1.00,1.00
2018.05.09 12:51:33.475,0.76708,0.76714,1.00,1.00
2018.05.09 12:51:34.002,0.76707,0.76714,1.00,1.00
2018.05.09 12:51:34.842,0.76707,0.76712,1.00,1.00
2018.05.09 12:51:34.894,0.76705,0.76713,1.00,1.00
2018.05.09 12:51:35.432,0.76706,0.76714,1.00,1.00
2018.05.09 12:51:35.890,0.76708,0.76715,1.00,1.00
2018.05.09 12:51:36.400,0.76708,0.76716,1.00,1.50
2018.05.09 12:51:36.725,0.76707,0.76714,1.50,1.00
2018.05.09 12:51:37.359,0.76706,0.76714,2.25,1.00
2018.05.09 12:51:37.903,0.76706,0.76713,1.00,1.00
2018.05.09 12:51:38.451,0.76705,0.76713,1.50,1.00
2018.05.09 12:51:39.036,0.76706,0.76713,1.00,1.00
2018.05.09 12:51:39.538,0.76706,0.76714,1.50,1.00
2018.05.09 12:51:40.050,0.76706,0.76713,1.50,1.00
2018.05.09 12:51:40.341,0.76704,0.76712,1.50,1.00
2018.05.09 12:51:40.883,0.76705,0.76712,1.00,1.00
2018.05.09 12:51:41.439,0.76705,0.76713,1.00,1.00
2018.05.09 12:51:41.990,0.76705,0.76712,1.00,1.00
2018.05.09 12:51:42.572,0.76708,0.76714,1.00,1.00
2018.05.09 12:51:43.089,0.76708,0.76715,1.00,1.00
2018.05.09 12:51:43.335,0.76709,0.76717,1.00,1.00
2018.05.09 12:51:43.880,0.7671,0.76717,1.00,1.00
2018.05.09 12:51:44.013,0.76708,0.76715,1.00,1.00
2018.05.09 12:51:44.622,0.76707,0.76715,1.50,1.00
2018.05.09 12:51:45.163,0.76708,0.76716,1.00,1.00
2018.05.09 12:51:45.709,0.76709,0.76716,1.00,1.00
2018.05.09 12:51:46.229,0.76709,0.76717,1.00,1.00
2018.05.09 12:51:46.777,0.76711,0.76718,1.00,1.00
2018.05.09 12:51:47.958,0.76712,0.76719,1.00,1.00
2018.05.09 12:51:48.507,0.76711,0.76718,1.00,1.00
2018.05.09 12:51:49.421,0.76712,0.76719,1.00,1.00
2018.05.09 12:51:50.058,0.76712,0.76718,1.00,1.00
2018.05.09 12:51:50.517,0.76713,0.7672,1.00,1.00
2018.05.09 12:51:52.206,0.76712,0.76719,2.25,1.00
2018.05.09 12:51:53.682,0.76713,0.7672,1.00,1.00
2018.05.09 12:51:53.862,0.76715,0.7672,1.00,1.00
2018.05.09 12:51:54.431,0.76715,0.76721,1.00,1.00
2018.05.09 12:51:54.982,0.76714,0.7672,1.00,1.00
2018.05.09 12:51:55.708,0.76715,0.76721,1.00,1.00
2018.05.09 12:51:57.588,0.76713,0.76719,1.00,1.00
2018.05.09 12:51:57.791,0.76711,0.76718,1.50,1.00
2018.05.09 12:51:58.615,0.76712,0.76719,1.00,1.00
2018.05.09 12:51:59.519,0.76713,0.7672,1.00,1.00
2018.05.09 12:51:59.876,0.76712,0.76722,2.25,1.00
2018.05.09 12:52:00.460,0.76711,0.76722,2.25,1.50
2018.05.09 12:52:01.011,0.76711,0.76721,2.25,1.00
2018.05.09 12:52:01.685,0.76712,0.76722,1.00,1.00
2018.05.09 12:52:02.042,0.76711,0.7672,1.50,1.00
2018.05.09 12:52:02.526,0.76713,0.7672,1.00,1.00
2018.05.09 12:52:02.577,0.76713,0.76722,1.00,1.50
2018.05.09 12:52:05.995,0.76712,0.7672,1.00,1.00
2018.05.09 12:52:06.251,0.76713,0.76722,1.00,1.00
2018.05.09 12:52:07.315,0.76712,0.7672,1.00,1.00
2018.05.09 12:52:07.552,0.76713,0.76723,1.50,1.50
2018.05.09 12:52:07.860,0.76712,0.7672,1.50,1.00
2018.05.09 12:52:08.377,0.76711,0.7672,1.50,1.00
2018.05.09 12:52:09.185,0.76709,0.76719,2.25,1.00
2018.05.09 12:52:10.096,0.76709,0.7672,1.00,2.25
2018.05.09 12:52:10.641,0.7671,0.7672,1.00,1.50
2018.05.09 12:52:11.175,0.76709,0.7672,1.00,2.25
2018.05.09 12:52:11.698,0.7671,0.7672,1.00,1.50
2018.05.09 12:52:11.802,0.76708,0.76719,2.25,1.00
2018.05.09 12:52:12.457,0.76709,0.76719,1.00,1.00
2018.05.09 12:52:13.080,0.76708,0.76718,1.50,1.00
2018.05.09 12:52:13.772,0.76708,0.76717,1.00,1.00
2018.05.09 12:52:14.384,0.76708,0.76718,1.00,1.50
2018.05.09 12:52:15.387,0.76709,0.76718,1.00,1.00
2018.05.09 12:52:15.897,0.76708,0.76718,1.00,1.00
2018.05.09 12:52:17.348,0.76707,0.76716,1.50,1.00
2018.05.09 12:52:17.652,0.7671,0.76719,1.00,1.00
2018.05.09 12:52:18.391,0.76711,0.76719,1.00,1.00
2018.05.09 12:52:19.532,0.76712,0.76719,1.00,1.00
2018.05.09 12:52:20.073,0.76711,0.76719,1.00,1.00
2018.05.09 12:52:20.403,0.76711,0.76721,1.00,1.50
2018.05.09 12:52:21.043,0.76712,0.76721,1.00,1.50
2018.05.09 12:52:21.557,0.76711,0.76721,1.00,1.50
2018.05.09 12:52:22.363,0.76712,0.76721,1.00,1.50
2018.05.09 12:52:22.923,0.76711,0.76721,1.00,1.50
2018.05.09 12:52:25.944,0.7671,0.76721,1.50,1.50
2018.05.09 12:52:26.046,0.76709,0.76719,1.50,1.00
2018.05.09 12:52:26.575,0.7671,0.76719,1.00,1.50
2018.05.09 12:52:27.183,0.76709,0.76719,1.00,1.50
2018.05.09 12:52:27.712,0.7671,0.76719,1.00,1.00
2018.05.09 12:52:27.919,0.76711,0.76721,1.00,2.25
2018.05.09 12:52:28.496,0.7671,0.7672,1.00,1.00
2018.05.09 12:52:29.005,0.76709,0.76719,1.00,1.00
2018.05.09 12:52:29.547,0.7671,0.76719,1.50,1.00
2018.05.09 12:52:30.376,0.76709,0.76719,1.00,1.00
2018.05.09 12:52:30.658,0.76711,0.76719,1.00,1.00
2018.05.09 12:52:30.710,0.76712,0.76721,1.00,1.00
2018.05.09 12:52:30.915,0.76711,0.76719,1.00,1.00
2018.05.09 12:52:32.139,0.76711,0.76721,1.00,1.00
2018.05.09 12:52:32.723,0.76712,0.76721,1.00,1.00
2018.05.09 12:52:33.275,0.76711,0.76721,1.50,1.00
2018.05.09 12:52:33.788,0.76713,0.76721,1.00,1.00
2018.05.09 12:52:34.859,0.76714,0.76721,1.00,1.00
2018.05.09 12:52:35.405,0.76713,0.76721,1.00,1.00
2018.05.09 12:52:36.778,0.76712,0.7672,1.00,1.00
2018.05.09 12:52:37.290,0.76712,0.76719,1.00,1.00
2018.05.09 12:52:37.876,0.76712,0.7672,1.00,1.00
2018.05.09 12:52:38.395,0.76711,0.7672,1.50,1.50
2018.05.09 12:52:38.959,0.76711,0.76719,1.00,1.00
2018.05.09 12:52:39.466,0.76712,0.7672,1.00,1.00
2018.05.09 12:52:40.007,0.76713,0.7672,1.00,1.00
2018.05.09 12:52:43.180,0.76714,0.7672,1.00,1.00
2018.05.09 12:52:45.378,0.76714,0.76722,1.00,1.50
2018.05.09 12:52:45.896,0.76713,0.76721,1.00,1.00
2018.05.09 12:52:46.061,0.76713,0.76719,1.00,1.00
2018.05.09 12:52:46.583,0.76712,0.7672,1.00,1.00
2018.05.09 12:52:47.396,0.76712,0.76721,1.00,1.50
2018.05.09 12:52:47.996,0.76712,0.7672,1.00,1.00
2018.05.09 12:52:48.417,0.76714,0.7672,1.00,1.00
2018.05.09 12:52:49.092,0.76714,0.76721,1.00,1.00
2018.05.09 12:52:52.839,0.76712,0.76721,1.00,1.50
2018.05.09 12:52:53.093,0.76711,0.76719,1.00,1.00
2018.05.09 12:52:53.631,0.7671,0.76719,1.00,1.00
2018.05.09 12:52:55.157,0.76709,0.76717,1.00,1.50
2018.05.09 12:52:55.706,0.76708,0.76717,1.00,1.50
2018.05.09 12:52:56.216,0.76709,0.76717,1.00,1.00
2018.05.09 12:52:56.937,0.7671,0.76717,1.00,1.00
2018.05.09 12:52:58.710,0.76711,0.76717,1.00,1.00
2018.05.09 12:52:59.712,0.7671,0.76717,1.00,1.00
2018.05.09 12:52:59.821,0.76708,0.76717,1.00,1.00
2018.05.09 12:52:59.873,0.7671,0.76717,1.00,1.00
2018.05.09 12:53:04.784,0.76711,0.76717,1.00,1.00
2018.05.09 12:53:05.513,0.76711,0.76719,1.00,1.50
2018.05.09 12:53:09.547,0.7671,0.76719,1.00,1.50
2018.05.09 12:53:10.060,0.7671,0.76718,1.00,1.00
2018.05.09 12:53:10.755,0.76715,0.76719,1.00,1.50
2018.05.09 12:53:10.810,0.76713,0.76719,1.00,1.00
2018.05.09 12:53:10.971,0.76708,0.76718,2.25,1.00
2018.05.09 12:53:11.476,0.76708,0.76717,1.00,1.50
2018.05.09 12:53:12.220,0.76707,0.76717,1.00,1.50
2018.05.09 12:53:12.814,0.76708,0.76717,1.00,1.00
2018.05.09 12:53:13.383,0.76707,0.76717,1.00,1.50
2018.05.09 12:53:13.786,0.76709,0.76717,1.00,1.50
2018.05.09 12:53:14.730,0.76707,0.76717,3.75,1.50
2018.05.09 12:53:14.884,0.7671,0.76717,1.00,1.00
2018.05.09 12:53:15.037,0.7671,0.7672,1.00,2.25
2018.05.09 12:53:15.563,0.76709,0.76719,1.00,1.00
2018.05.09 12:53:16.423,0.76709,0.7672,1.50,1.50
2018.05.09 12:53:16.736,0.76709,0.76718,1.00,1.00
2018.05.09 12:53:17.010,0.7671,0.7672,1.00,1.00
2018.05.09 12:53:17.529,0.76711,0.7672,1.00,1.50
2018.05.09 12:53:18.833,0.76709,0.76719,1.00,1.00
2018.05.09 12:53:21.096,0.76709,0.76718,1.00,1.00
2018.05.09 12:53:21.635,0.76709,0.76717,1.00,1.00
2018.05.09 12:53:21.788,0.76707,0.76717,1.50,1.50
2018.05.09 12:53:22.694,0.76706,0.76716,1.00,1.00
2018.05.09 12:53:23.429,0.76711,0.76717,1.50,1.00
2018.05.09 12:53:23.616,0.76711,0.76721,1.50,1.50
2018.05.09 12:53:23.668,0.76708,0.76718,1.87,1.00
2018.05.09 12:53:23.977,0.76706,0.76716,1.50,1.00
2018.05.09 12:53:24.317,0.76704,0.76714,1.50,1.00
2018.05.09 12:53:24.674,0.76702,0.76712,1.50,1.50
2018.05.09 12:53:25.409,0.76703,0.76712,1.00,1.00
2018.05.09 12:53:26.881,0.76703,0.7671,1.00,1.00
2018.05.09 12:53:27.087,0.76692,0.76702,1.00,1.50
2018.05.09 12:53:27.138,0.7669,0.76701,3.75,1.50
2018.05.09 12:53:27.680,0.7669,0.767,1.50,1.50
2018.05.09 12:53:28.092,0.76693,0.76699,1.00,1.00
2018.05.09 12:53:28.143,0.76691,0.76699,1.50,1.00
2018.05.09 12:53:28.296,0.76691,0.76701,1.50,3.00
2018.05.09 12:53:28.818,0.76691,0.767,1.50,1.00
2018.05.09 12:53:29.436,0.7669,0.76699,1.00,1.00
2018.05.09 12:53:29.965,0.76689,0.76699,1.50,1.00
2018.05.09 12:53:31.438,0.76691,0.76699,1.50,1.50
2018.05.09 12:53:31.764,0.76693,0.76701,1.00,1.50
2018.05.09 12:53:32.275,0.76692,0.76701,1.00,1.00
2018.05.09 12:53:32.817,0.76693,0.76701,1.00,1.00
2018.05.09 12:53:33.321,0.76694,0.76701,1.00,1.00
2018.05.09 12:53:33.822,0.76693,0.76701,1.00,1.50
2018.05.09 12:53:34.546,0.76692,0.76701,1.00,1.00
2018.05.09 12:53:37.908,0.76694,0.76701,1.00,1.00
2018.05.09 12:53:37.960,0.76692,0.76703,1.50,1.00
2018.05.09 12:53:38.599,0.76692,0.767,1.50,1.00
2018.05.09 12:53:38.967,0.76692,0.76702,1.50,1.00
2018.05.09 12:53:39.018,0.76694,0.76702,1.00,1.00
2018.05.09 12:53:40.053,0.76693,0.76702,1.00,1.00
2018.05.09 12:53:42.100,0.76693,0.76701,1.00,1.00
2018.05.09 12:53:42.613,0.76693,0.76702,1.00,1.00
2018.05.09 12:53:42.934,0.76692,0.767,1.00,1.00
2018.05.09 12:53:43.218,0.76697,0.76706,1.00,1.00
2018.05.09 12:53:43.727,0.76698,0.76706,1.00,1.00
2018.05.09 12:53:44.265,0.76699,0.76708,1.00,1.00
2018.05.09 12:53:44.626,0.76698,0.76706,1.00,1.00
2018.05.09 12:53:44.901,0.76696,0.76704,1.00,1.00
2018.05.09 12:53:44.952,0.76694,0.76703,1.00,1.00
2018.05.09 12:53:45.459,0.76695,0.76704,1.00,1.50
2018.05.09 12:53:46.132,0.76696,0.76704,1.00,1.00
2018.05.09 12:53:47.176,0.76697,0.76704,1.00,1.00
2018.05.09 12:53:47.297,0.76697,0.76706,1.00,2.25
2018.05.09 12:53:47.834,0.76698,0.76705,1.00,1.00
2018.05.09 12:53:48.648,0.767,0.76707,1.00,1.00
2018.05.09 12:53:48.939,0.767,0.76709,1.00,1.00
2018.05.09 12:53:49.693,0.76701,0.76709,1.00,1.00
2018.05.09 12:53:51.121,0.76702,0.76709,1.00,1.00
2018.05.09 12:53:55.098,0.76701,0.76709,1.00,1.00
2018.05.09 12:54:01.297,0.767,0.76709,1.00,1.00
2018.05.09 12:54:01.349,0.76699,0.76707,1.00,1.00
2018.05.09 12:54:02.841,0.76698,0.76707,1.00,1.00
2018.05.09 12:54:04.272,0.76698,0.76706,1.00,1.00
2018.05.09 12:54:04.778,0.76698,0.76707,1.00,1.00
2018.05.09 12:54:05.424,0.76699,0.76707,1.00,1.00
2018.05.09 12:54:10.751,0.767,0.76707,1.00,1.00
2018.05.09 12:54:11.618,0.76698,0.76707,1.00,1.00
2018.05.09 12:54:11.772,0.76696,0.76707,1.69,1.50
2018.05.09 12:54:11.875,0.76699,0.76707,1.00,2.25
2018.05.09 12:54:12.079,0.76697,0.76707,1.00,1.50
2018.05.09 12:54:12.179,0.76696,0.76705,1.00,1.00
2018.05.09 12:54:12.515,0.76695,0.76703,1.00,1.50
2018.05.09 12:54:13.028,0.76696,0.76703,1.00,1.00
2018.05.09 12:54:13.578,0.76695,0.76703,1.00,1.50
2018.05.09 12:54:14.110,0.76694,0.76703,1.00,1.50
2018.05.09 12:54:14.417,0.76693,0.76701,1.00,1.00
2018.05.09 12:54:14.554,0.76694,0.76703,1.00,3.75
2018.05.09 12:54:14.875,0.76692,0.76703,1.50,3.00
2018.05.09 12:54:15.363,0.76694,0.76703,1.00,1.50
2018.05.09 12:54:15.771,0.76692,0.76702,1.50,1.50
2018.05.09 12:54:15.822,0.76691,0.767,1.50,1.00
2018.05.09 12:54:15.974,0.76689,0.76701,1.50,2.25
2018.05.09 12:54:16.076,0.76689,0.76699,1.00,1.00
2018.05.09 12:54:16.617,0.7669,0.76699,1.00,1.50
2018.05.09 12:54:16.954,0.76694,0.76699,1.00,1.50
2018.05.09 12:54:17.115,0.76692,0.76701,1.00,1.00
2018.05.09 12:54:17.218,0.7669,0.767,1.50,1.00
2018.05.09 12:54:17.270,0.76689,0.76698,1.00,1.00
2018.05.09 12:54:17.820,0.76689,0.76697,1.50,1.00
2018.05.09 12:54:18.357,0.7669,0.76697,1.00,1.00
2018.05.09 12:54:18.640,0.76688,0.76697,1.00,1.50
2018.05.09 12:54:18.743,0.76688,0.76695,1.00,1.00
2018.05.09 12:54:19.171,0.76686,0.76695,1.13,1.00
2018.05.09 12:54:19.406,0.76688,0.76696,1.00,1.00
2018.05.09 12:54:19.457,0.76689,0.76698,1.00,2.25
2018.05.09 12:54:19.613,0.76687,0.76697,1.00,1.00
2018.05.09 12:54:20.126,0.76688,0.76698,1.00,2.25
2018.05.09 12:54:21.932,0.76689,0.76698,1.00,1.00
2018.05.09 12:54:24.465,0.76688,0.76698,1.50,1.00
2018.05.09 12:54:25.066,0.76688,0.76697,1.50,1.00
2018.05.09 12:54:25.119,0.7669,0.76697,1.25,1.00
2018.05.09 12:54:25.418,0.76688,0.76696,1.00,1.00
2018.05.09 12:54:25.972,0.76687,0.76696,1.00,1.00
2018.05.09 12:54:26.125,0.76689,0.76697,1.00,1.50
2018.05.09 12:54:26.430,0.76689,0.76695,1.00,1.00
2018.05.09 12:54:26.482,0.76687,0.76695,1.50,1.00
2018.05.09 12:54:27.010,0.76688,0.76696,1.00,1.00
2018.05.09 12:54:27.558,0.76688,0.76697,1.00,1.00
2018.05.09 12:54:29.739,0.76689,0.76697,1.00,1.50
2018.05.09 12:54:29.923,0.76691,0.76699,1.00,1.00
2018.05.09 12:54:29.975,0.76689,0.76699,1.50,1.50
2018.05.09 12:54:30.487,0.7669,0.76699,1.50,1.00
2018.05.09 12:54:31.011,0.76691,0.76699,1.50,1.00
2018.05.09 12:54:32.209,0.76689,0.76699,1.00,1.00
2018.05.09 12:54:32.731,0.76689,0.76698,1.00,1.00
2018.05.09 12:54:33.709,0.76688,0.76698,1.00,1.00
2018.05.09 12:54:34.211,0.76689,0.76697,1.00,1.00
2018.05.09 12:54:36.577,0.76691,0.76698,1.00,1.00
2018.05.09 12:54:37.332,0.76692,0.76698,1.00,1.00
2018.05.09 12:54:37.834,0.76692,0.76699,1.00,1.00
2018.05.09 12:54:38.812,0.76691,0.76699,1.00,1.00
2018.05.09 12:54:40.083,0.76692,0.76699,1.00,1.00
2018.05.09 12:54:40.534,0.7669,0.76699,1.50,1.00
2018.05.09 12:54:41.047,0.76691,0.76699,1.50,1.00
2018.05.09 12:54:41.455,0.76693,0.76699,1.00,1.00
2018.05.09 12:54:44.775,0.76692,0.76699,1.00,1.00
2018.05.09 12:54:45.233,0.7669,0.76699,1.00,1.00
2018.05.09 12:54:45.744,0.76689,0.76699,1.50,1.50
2018.05.09 12:54:48.131,0.76688,0.76698,1.50,1.00
2018.05.09 12:54:49.080,0.76688,0.76697,1.00,1.00
2018.05.09 12:54:49.601,0.76687,0.76696,1.50,1.00
2018.05.09 12:54:53.096,0.76688,0.76696,1.00,1.00
2018.05.09 12:54:57.211,0.76687,0.76696,1.00,1.00
2018.05.09 12:54:57.744,0.76686,0.76696,1.69,2.25
2018.05.09 12:54:57.846,0.76688,0.76696,1.00,1.50
2018.05.09 12:54:58.444,0.76689,0.76696,1.00,1.00
2018.05.09 12:54:58.597,0.76692,0.767,1.00,1.00
2018.05.09 12:54:58.750,0.76689,0.76699,1.00,1.00
2018.05.09 12:54:59.171,0.76689,0.76697,1.00,1.00
2018.05.09 12:55:00.081,0.76688,0.76698,1.00,2.25
2018.05.09 12:55:00.652,0.76688,0.76697,1.00,1.00
2018.05.09 12:55:01.154,0.76688,0.76696,1.00,1.00
2018.05.09 12:55:01.806,0.76688,0.76695,1.00,1.00
2018.05.09 12:55:02.310,0.76687,0.76695,1.00,1.00
2018.05.09 12:55:06.524,0.76689,0.76697,1.00,1.00
2018.05.09 12:55:06.626,0.76687,0.76697,1.50,1.50
2018.05.09 12:55:06.794,0.76689,0.76697,1.00,1.00
2018.05.09 12:55:07.161,0.76691,0.76697,1.00,1.00
2018.05.09 12:55:07.415,0.76689,0.76697,1.00,1.00
2018.05.09 12:55:07.924,0.76686,0.76695,1.00,1.50
2018.05.09 12:55:08.128,0.76683,0.76691,2.25,1.00
2018.05.09 12:55:08.316,0.7668,0.7669,1.00,1.50
2018.05.09 12:55:08.920,0.76681,0.7669,1.00,1.00
2018.05.09 12:55:09.022,0.76678,0.76688,1.00,1.50
2018.05.09 12:55:09.553,0.76678,0.76687,1.00,1.00
2018.05.09 12:55:09.960,0.76679,0.76689,1.00,1.50
2018.05.09 12:55:10.496,0.7668,0.76689,1.00,1.00
2018.05.09 12:55:11.918,0.76681,0.76689,1.00,1.00
2018.05.09 12:55:12.376,0.76687,0.76693,1.00,1.00
2018.05.09 12:55:12.428,0.76686,0.76695,1.00,1.50
2018.05.09 12:55:13.020,0.76685,0.76695,1.50,1.50
2018.05.09 12:55:13.554,0.76686,0.76695,1.00,1.00
2018.05.09 12:55:15.293,0.76686,0.76694,1.00,1.00
2018.05.09 12:55:15.816,0.76687,0.76694,1.00,1.00
2018.05.09 12:55:17.062,0.76686,0.76694,1.00,1.00
2018.05.09 12:55:17.602,0.76685,0.76694,1.50,1.00
2018.05.09 12:55:18.146,0.76687,0.76694,1.00,1.00
2018.05.09 12:55:18.401,0.76688,0.76697,1.00,1.00
2018.05.09 12:55:19.032,0.76688,0.76698,1.50,1.50
2018.05.09 12:55:21.772,0.76688,0.76697,1.50,1.00
2018.05.09 12:55:22.211,0.7669,0.76698,1.00,1.00
2018.05.09 12:55:22.465,0.76691,0.767,1.00,1.50
2018.05.09 12:55:23.151,0.7669,0.767,2.25,1.50
2018.05.09 12:55:24.367,0.7669,0.76699,2.25,1.00
2018.05.09 12:55:24.973,0.7669,0.767,2.25,1.50
2018.05.09 12:55:26.197,0.76691,0.767,1.00,1.50
2018.05.09 12:55:26.749,0.7669,0.767,1.00,2.25
2018.05.09 12:55:27.255,0.76691,0.767,1.00,1.00
2018.05.09 12:55:28.416,0.7669,0.767,1.00,1.50
2018.05.09 12:55:29.371,0.7669,0.76699,1.00,1.00
2018.05.09 12:55:29.891,0.7669,0.767,1.00,2.25
2018.05.09 12:55:30.410,0.76691,0.767,1.00,1.00
2018.05.09 12:55:31.474,0.76693,0.767,1.00,1.00
2018.05.09 12:55:32.003,0.76693,0.76701,1.00,1.00
2018.05.09 12:55:32.553,0.76692,0.76701,1.50,1.00
2018.05.09 12:55:33.129,0.76693,0.76701,1.50,1.00
2018.05.09 12:55:33.917,0.76694,0.76701,1.00,1.00
2018.05.09 12:55:33.971,0.76695,0.76703,1.00,1.50
2018.05.09 12:55:34.136,0.76696,0.76705,1.00,1.00
2018.05.09 12:55:34.190,0.76698,0.76707,1.00,1.00
2018.05.09 12:55:34.701,0.76699,0.76707,1.00,1.00
2018.05.09 12:55:37.049,0.76698,0.76707,1.00,1.00
2018.05.09 12:55:37.959,0.76699,0.76707,1.00,1.00
2018.05.09 12:55:38.061,0.76702,0.76711,1.00,1.50
2018.05.09 12:55:40.107,0.76703,0.76712,1.00,1.00
2018.05.09 12:55:40.622,0.76702,0.76712,1.50,1.50
2018.05.09 12:55:41.444,0.76702,0.76711,1.00,1.00
2018.05.09 12:55:41.975,0.76701,0.7671,1.00,1.00
2018.05.09 12:55:42.518,0.767,0.7671,1.00,1.00
2018.05.09 12:55:43.653,0.76699,0.76707,1.00,1.50
2018.05.09 12:55:43.704,0.76697,0.76707,3.00,1.50
2018.05.09 12:55:44.081,0.76697,0.76705,1.00,1.00
2018.05.09 12:55:44.236,0.76695,0.76705,1.50,1.50
2018.05.09 12:55:44.340,0.76697,0.76705,1.00,1.50
2018.05.09 12:55:44.889,0.76696,0.76705,1.00,1.00
2018.05.09 12:55:46.389,0.76695,0.76704,1.00,1.00
2018.05.09 12:55:46.992,0.76694,0.76704,1.50,2.25
2018.05.09 12:55:47.297,0.76693,0.76702,1.00,1.00
2018.05.09 12:55:47.818,0.76694,0.76702,1.00,1.00
2018.05.09 12:55:48.072,0.76695,0.76705,1.50,1.00
2018.05.09 12:55:48.496,0.76693,0.76697,1.00,1.00
2018.05.09 12:55:48.599,0.76688,0.76698,1.00,1.50
2018.05.09 12:55:48.651,0.76687,0.76696,1.50,1.00
2018.05.09 12:55:49.198,0.76686,0.76696,1.50,1.00
2018.05.09 12:55:52.416,0.76685,0.76695,1.50,1.50
2018.05.09 12:55:52.788,0.76683,0.76691,1.00,1.50
2018.05.09 12:55:52.990,0.76674,0.76683,1.00,1.00
2018.05.09 12:55:53.520,0.76673,0.76683,2.25,1.00
2018.05.09 12:55:55.187,0.76674,0.76683,1.00,1.00
2018.05.09 12:55:55.768,0.76673,0.76683,1.50,1.00
2018.05.09 12:55:58.319,0.76673,0.76682,1.00,1.00
2018.05.09 12:55:58.424,0.76671,0.7668,1.50,1.00
2018.05.09 12:55:58.959,0.7667,0.7668,3.00,1.00
2018.05.09 12:55:59.425,0.76669,0.76678,2.25,1.00
2018.05.09 12:55:59.603,0.7667,0.7668,1.00,1.50
2018.05.09 12:56:00.885,0.76671,0.76681,1.50,1.50
2018.05.09 12:56:08.648,0.76672,0.76682,1.00,1.50
2018.05.09 12:56:09.398,0.76673,0.76682,1.00,1.00
2018.05.09 12:56:09.771,0.76674,0.76684,1.00,1.50
2018.05.09 12:56:10.302,0.76673,0.76683,1.50,1.00
2018.05.09 12:56:10.843,0.76673,0.76682,1.00,1.00
2018.05.09 12:56:11.438,0.76672,0.76682,1.00,1.00
2018.05.09 12:56:11.974,0.76671,0.76681,1.00,1.00
2018.05.09 12:56:12.483,0.7667,0.7668,1.50,1.00
2018.05.09 12:56:15.301,0.76671,0.7668,1.00,1.00
2018.05.09 12:56:16.485,0.76673,0.7668,1.00,1.00
2018.05.09 12:56:16.535,0.76673,0.76682,1.00,1.50
2018.05.09 12:56:21.051,0.76672,0.76682,1.00,1.50
2018.05.09 12:56:22.210,0.76672,0.76681,1.00,1.00
2018.05.09 12:56:22.490,0.76674,0.76681,1.00,1.00
2018.05.09 12:56:23.026,0.76675,0.76682,1.00,1.00
2018.05.09 12:56:24.355,0.76674,0.76682,1.00,1.00
2018.05.09 12:56:25.009,0.76674,0.76684,1.00,3.00
2018.05.09 12:56:25.692,0.76674,0.76683,1.00,1.00
2018.05.09 12:56:26.335,0.76673,0.76681,1.00,1.00
2018.05.09 12:56:28.083,0.76671,0.76679,1.00,1.00
2018.05.09 12:56:28.135,0.76668,0.76677,1.00,1.50
2018.05.09 12:56:28.186,0.76666,0.76674,1.50,1.00
2018.05.09 12:56:28.701,0.76666,0.76675,1.00,1.50
2018.05.09 12:56:29.319,0.76666,0.76674,1.00,1.00
2018.05.09 12:56:29.978,0.76666,0.76675,1.00,1.50
2018.05.09 12:56:32.549,0.76667,0.76675,1.00,1.00
2018.05.09 12:56:32.803,0.76667,0.76677,1.00,2.25
2018.05.09 12:56:33.395,0.76668,0.76677,1.00,2.25
2018.05.09 12:56:33.937,0.76668,0.76676,1.00,1.00
2018.05.09 12:56:33.989,0.76666,0.76676,2.25,1.50
2018.05.09 12:56:34.469,0.76668,0.76676,1.50,1.00
2018.05.09 12:56:34.870,0.7667,0.76678,1.00,1.00
2018.05.09 12:56:35.423,0.76671,0.76679,1.00,1.50
2018.05.09 12:56:40.528,0.7667,0.76679,1.50,1.50
2018.05.09 12:56:40.986,0.76669,0.76677,1.00,1.00
2018.05.09 12:56:41.504,0.76668,0.76677,1.50,1.00
2018.05.09 12:56:42.012,0.76668,0.76676,1.50,1.00
2018.05.09 12:56:43.236,0.76667,0.76676,1.00,1.00
2018.05.09 12:56:43.782,0.76668,0.76677,1.00,1.00
2018.05.09 12:56:47.559,0.76668,0.76678,1.00,1.50
2018.05.09 12:56:48.104,0.76668,0.76677,1.00,1.00
2018.05.09 12:56:50.023,0.76669,0.76678,1.00,1.00
2018.05.09 12:56:50.331,0.76672,0.76681,1.00,1.00
2018.05.09 12:56:52.860,0.76672,0.7668,1.00,1.00
2018.05.09 12:56:53.296,0.76674,0.7668,1.00,1.00
2018.05.09 12:56:53.988,0.76674,0.76681,1.00,1.00
2018.05.09 12:56:54.588,0.76675,0.76681,1.00,1.00
2018.05.09 12:56:54.792,0.76676,0.76684,1.00,1.00
2018.05.09 12:56:59.183,0.76678,0.76684,1.00,1.00
2018.05.09 12:56:59.489,0.76675,0.76684,1.50,1.00
2018.05.09 12:56:59.542,0.76675,0.76681,1.00,1.00
2018.05.09 12:56:59.645,0.76671,0.76679,1.00,1.00
2018.05.09 12:56:59.813,0.76672,0.76677,1.00,1.00
2018.05.09 12:57:00.197,0.7667,0.76677,1.00,1.00
2018.05.09 12:57:01.120,0.76669,0.76677,1.50,1.00
2018.05.09 12:57:01.172,0.76674,0.7668,1.00,1.00
2018.05.09 12:57:01.223,0.76675,0.76683,1.00,1.50
2018.05.09 12:57:01.489,0.76675,0.76685,1.50,2.25
2018.05.09 12:57:02.045,0.76676,0.76685,1.00,1.50
2018.05.09 12:57:02.562,0.76677,0.76685,1.50,1.00
2018.05.09 12:57:02.765,0.76675,0.76684,1.00,1.00
2018.05.09 12:57:02.816,0.76673,0.76682,1.00,1.50
2018.05.09 12:57:04.080,0.76672,0.76682,1.50,1.50
2018.05.09 12:57:04.628,0.76672,0.76681,1.50,1.50
2018.05.09 12:57:05.130,0.76671,0.76681,1.50,2.25
2018.05.09 12:57:05.646,0.76671,0.7668,1.50,1.00
2018.05.09 12:57:06.175,0.76671,0.76679,1.00,1.00
2018.05.09 12:57:06.329,0.76669,0.76679,1.50,2.25
2018.05.09 12:57:06.638,0.76669,0.76677,1.00,1.00
2018.05.09 12:57:07.160,0.76669,0.76678,1.00,1.00
2018.05.09 12:57:07.878,0.76669,0.76676,1.00,1.00
2018.05.09 12:57:08.434,0.76669,0.76677,1.00,1.00
2018.05.09 12:57:09.094,0.76669,0.76676,1.00,1.00
2018.05.09 12:57:12.775,0.76668,0.76676,1.00,1.00
2018.05.09 12:57:13.388,0.76668,0.76677,1.00,1.00
2018.05.09 12:57:14.888,0.76664,0.76672,1.00,1.00
2018.05.09 12:57:15.041,0.76665,0.76674,1.00,1.00
2018.05.09 12:57:15.645,0.76666,0.76674,1.00,1.00
2018.05.09 12:57:16.194,0.76665,0.76674,1.00,1.50
2018.05.09 12:57:17.512,0.76666,0.76674,1.00,1.00
2018.05.09 12:57:19.086,0.76667,0.76676,1.50,1.00
2018.05.09 12:57:20.224,0.76667,0.76677,1.50,3.00
2018.05.09 12:57:23.044,0.76668,0.76677,1.00,2.25
2018.05.09 12:57:23.738,0.76667,0.76677,1.50,2.25
2018.05.09 12:57:23.945,0.76666,0.76675,1.00,1.00
2018.05.09 12:57:24.048,0.76664,0.76674,1.00,2.25
2018.05.09 12:57:24.603,0.76665,0.76674,1.50,1.00
2018.05.09 12:57:25.136,0.76666,0.76674,1.00,1.00
2018.05.09 12:57:25.873,0.76667,0.76674,1.00,1.00
2018.05.09 12:57:28.165,0.76668,0.76676,1.00,1.50
2018.05.09 12:57:28.708,0.76669,0.76676,1.00,1.00
2018.05.09 12:57:29.262,0.76668,0.76676,1.00,1.00
2018.05.09 12:57:29.768,0.76665,0.76673,1.00,1.00
2018.05.09 12:57:29.870,0.76662,0.76671,1.00,1.50
2018.05.09 12:57:30.182,0.7666,0.7667,1.00,1.50
2018.05.09 12:57:30.490,0.7666,0.76668,1.00,1.00
2018.05.09 12:57:31.000,0.76659,0.76669,1.00,2.25
2018.05.09 12:57:31.338,0.76661,0.76669,1.00,1.00
2018.05.09 12:57:32.515,0.76661,0.7667,1.00,1.00
2018.05.09 12:57:33.990,0.76661,0.76669,1.00,1.00
2018.05.09 12:57:34.375,0.76659,0.76668,1.00,1.00
2018.05.09 12:57:34.918,0.76659,0.76667,1.00,1.00
2018.05.09 12:57:35.419,0.7666,0.76668,1.00,1.00
2018.05.09 12:57:37.051,0.76658,0.76666,1.50,1.00
2018.05.09 12:57:37.572,0.76659,0.76666,1.00,1.00
2018.05.09 12:57:39.108,0.7666,0.76668,1.00,1.00
2018.05.09 12:57:39.983,0.76661,0.76668,1.00,1.00
2018.05.09 12:57:40.485,0.7666,0.76668,1.00,1.00
2018.05.09 12:57:41.033,0.76661,0.76668,1.00,1.00
2018.05.09 12:57:42.034,0.76662,0.76668,1.00,1.00
2018.05.09 12:57:42.572,0.76661,0.76668,1.00,1.00
2018.05.09 12:57:43.347,0.76661,0.7667,1.00,2.25
2018.05.09 12:57:43.888,0.76661,0.76669,1.00,1.00
2018.05.09 12:57:44.651,0.76662,0.76669,1.00,1.00
2018.05.09 12:57:44.975,0.76659,0.76669,1.50,1.00
2018.05.09 12:57:45.303,0.76661,0.76671,1.00,1.50
2018.05.09 12:57:45.354,0.76659,0.76671,3.00,1.50
2018.05.09 12:57:45.506,0.76659,0.76669,1.00,1.00
2018.05.09 12:57:45.875,0.76661,0.76669,1.00,1.50
2018.05.09 12:57:45.926,0.76659,0.76669,1.50,1.50
2018.05.09 12:57:47.310,0.7666,0.76671,1.50,1.00
2018.05.09 12:57:47.614,0.76659,0.76668,1.00,1.50
2018.05.09 12:57:47.665,0.76656,0.76666,1.00,1.00
2018.05.09 12:57:47.766,0.76654,0.76666,2.25,2.25
2018.05.09 12:57:47.919,0.76654,0.76664,1.00,1.00
2018.05.09 12:57:50.109,0.76655,0.76664,1.00,1.00
2018.05.09 12:57:50.563,0.76654,0.76666,1.50,2.25
2018.05.09 12:57:50.768,0.76656,0.76666,1.00,1.50
2018.05.09 12:57:51.303,0.76657,0.76666,1.00,1.00
2018.05.09 12:57:54.015,0.76657,0.76668,1.50,1.00
2018.05.09 12:57:54.791,0.76658,0.76668,1.00,1.00
2018.05.09 12:57:55.428,0.76657,0.76668,1.50,1.00
2018.05.09 12:57:59.280,0.76657,0.76667,1.00,1.50
2018.05.09 12:57:59.332,0.76655,0.76666,2.25,1.50
2018.05.09 12:58:00.068,0.76654,0.76665,1.00,2.25
2018.05.09 12:58:01.074,0.76653,0.76664,1.00,1.50
2018.05.09 12:58:01.600,0.76653,0.76664,1.87,1.00
2018.05.09 12:58:02.138,0.76653,0.76663,1.00,1.50
2018.05.09 12:58:02.870,0.76653,0.76662,1.50,1.00
2018.05.09 12:58:04.631,0.76652,0.76662,1.00,1.00
2018.05.09 12:58:06.559,0.76652,0.76663,1.00,1.00
2018.05.09 12:58:07.559,0.76651,0.76663,3.75,1.00
2018.05.09 12:58:08.075,0.76651,0.76664,3.37,3.75
2018.05.09 12:58:08.279,0.76651,0.76664,5.25,3.75
2018.05.09 12:58:08.618,0.76651,0.76662,2.25,1.00
2018.05.09 12:58:08.732,0.76651,0.76664,2.25,3.00
2018.05.09 12:58:10.051,0.76651,0.76663,2.25,1.00
2018.05.09 12:58:10.884,0.76652,0.76664,1.00,1.50
2018.05.09 12:58:11.553,0.76653,0.76664,1.00,1.00
2018.05.09 12:58:16.902,0.76653,0.76663,1.00,1.00
2018.05.09 12:58:17.415,0.76652,0.76663,1.00,1.50
2018.05.09 12:58:17.937,0.76652,0.76662,1.00,1.00
2018.05.09 12:58:18.976,0.76652,0.76661,1.00,1.00
2018.05.09 12:58:24.062,0.76652,0.76662,1.00,1.00
2018.05.09 12:58:24.608,0.76652,0.76661,1.00,1.50
2018.05.09 12:58:24.712,0.76653,0.76663,1.00,1.50
2018.05.09 12:58:25.312,0.76652,0.76663,1.12,2.25
2018.05.09 12:58:25.847,0.76651,0.76663,1.50,3.00
2018.05.09 12:58:26.621,0.76651,0.76662,1.50,1.00
2018.05.09 12:58:27.150,0.76651,0.76663,1.50,3.00
2018.05.09 12:58:27.658,0.76651,0.76662,1.50,1.00
2018.05.09 12:58:28.186,0.76652,0.76662,1.00,1.50
2018.05.09 12:58:28.700,0.76651,0.76661,1.00,1.50
2018.05.09 12:58:31.855,0.76651,0.7666,1.00,1.00
2018.05.09 12:58:31.957,0.76648,0.7666,2.25,1.50
2018.05.09 12:58:32.477,0.76648,0.76659,2.25,1.00
2018.05.09 12:58:33.028,0.7665,0.7666,1.12,1.50
2018.05.09 12:58:33.574,0.76651,0.7666,1.00,1.00
2018.05.09 12:58:35.236,0.76652,0.7666,1.50,1.00
2018.05.09 12:58:35.407,0.76652,0.76662,1.50,1.50
2018.05.09 12:58:41.036,0.76655,0.76664,1.00,1.00
2018.05.09 12:58:43.561,0.76656,0.76664,1.00,1.00
2018.05.09 12:58:43.612,0.76659,0.76668,1.50,1.50
2018.05.09 12:58:44.129,0.7666,0.76669,1.00,1.00
2018.05.09 12:58:44.528,0.76658,0.76669,2.10,1.00
2018.05.09 12:58:47.971,0.76656,0.76667,1.00,1.50
2018.05.09 12:58:50.480,0.76657,0.76667,1.00,1.00
2018.05.09 12:58:51.008,0.76655,0.76667,1.87,3.00
2018.05.09 12:58:51.533,0.76655,0.76667,1.87,3.00
2018.05.09 12:58:52.817,0.76655,0.76666,1.12,1.00
2018.05.09 12:58:53.900,0.76655,0.76667,1.50,3.00
2018.05.09 12:58:54.664,0.76656,0.76667,1.00,3.75
2018.05.09 12:58:59.875,0.76655,0.76667,1.50,3.00
2018.05.09 12:59:00.415,0.76655,0.76666,1.50,1.00
2018.05.09 12:59:00.720,0.76654,0.76664,1.50,1.00
2018.05.09 12:59:01.311,0.76654,0.76665,1.50,1.00
2018.05.09 12:59:01.817,0.76654,0.76664,1.50,1.00
2018.05.09 12:59:02.403,0.76654,0.76665,2.25,1.00
2018.05.09 12:59:03.576,0.76654,0.76664,1.00,1.00
2018.05.09 12:59:04.187,0.76654,0.76663,1.00,1.00
2018.05.09 12:59:04.884,0.76654,0.76664,1.00,2.25
2018.05.09 12:59:05.390,0.76652,0.76663,2.25,2.25
2018.05.09 12:59:06.784,0.76652,0.76662,1.00,1.00
2018.05.09 12:59:07.330,0.76652,0.76661,1.00,1.00
2018.05.09 12:59:08.518,0.76651,0.76661,1.00,1.00
2018.05.09 12:59:09.050,0.7665,0.7666,2.25,1.00
2018.05.09 12:59:09.564,0.7665,0.76661,2.25,2.25
2018.05.09 12:59:10.074,0.7665,0.7666,2.25,1.00
2018.05.09 12:59:10.961,0.76651,0.7666,1.00,1.00
2018.05.09 12:59:12.401,0.76651,0.76661,1.00,1.50
2018.05.09 12:59:13.420,0.76652,0.76661,1.00,1.50
2018.05.09 12:59:14.270,0.76653,0.76661,1.00,1.00
2018.05.09 12:59:15.588,0.76652,0.76661,1.00,1.00
2018.05.09 12:59:19.460,0.76651,0.76661,1.00,1.00
2018.05.09 12:59:19.871,0.76649,0.76659,1.00,1.00
2018.05.09 12:59:20.650,0.76649,0.76657,1.00,1.00
2018.05.09 12:59:21.925,0.76648,0.76657,1.50,1.00
2018.05.09 12:59:22.235,0.7665,0.76657,1.00,1.00
2018.05.09 12:59:22.443,0.76648,0.76656,1.00,1.00
2018.05.09 12:59:22.494,0.76646,0.76656,1.00,1.50
2018.05.09 12:59:22.545,0.76644,0.76654,1.00,1.50
2018.05.09 12:59:23.048,0.76645,0.76654,1.00,1.00
2018.05.09 12:59:23.592,0.76646,0.76654,1.00,1.00
2018.05.09 12:59:25.091,0.76646,0.76656,1.00,1.00
2018.05.09 12:59:25.631,0.76647,0.76657,1.00,1.50
2018.05.09 12:59:26.322,0.76647,0.76658,1.00,1.50
2018.05.09 12:59:26.475,0.76649,0.76658,1.00,1.50
2018.05.09 12:59:30.152,0.76648,0.76658,1.00,1.50
2018.05.09 12:59:30.742,0.76649,0.76659,1.50,1.50
2018.05.09 12:59:31.865,0.76648,0.76659,1.00,1.50
2018.05.09 12:59:32.172,0.76653,0.76663,1.00,3.00
2018.05.09 12:59:32.478,0.76651,0.7666,1.00,1.00
2018.05.09 12:59:33.048,0.76652,0.7666,1.00,1.00
2018.05.09 12:59:33.725,0.76652,0.76661,1.00,1.50
2018.05.09 12:59:35.995,0.7665,0.76661,1.00,3.00
2018.05.09 12:59:36.115,0.76652,0.76661,1.00,1.00
2018.05.09 12:59:36.166,0.7665,0.7666,1.50,1.50
2018.05.09 12:59:38.468,0.76649,0.76659,1.50,1.50
2018.05.09 12:59:39.258,0.76648,0.76659,2.25,1.50
2018.05.09 12:59:39.929,0.76648,0.76658,2.25,1.00
2018.05.09 12:59:40.134,0.7665,0.76658,1.00,1.00
2018.05.09 12:59:40.674,0.76649,0.76658,1.00,1.50
2018.05.09 12:59:41.363,0.76649,0.76657,1.00,1.00
2018.05.09 12:59:41.477,0.76645,0.76656,1.50,1.00
2018.05.09 12:59:41.994,0.76645,0.76655,1.50,1.50
2018.05.09 12:59:42.147,0.76647,0.76655,1.00,1.50
2018.05.09 12:59:42.474,0.76645,0.76654,1.00,1.00
2018.05.09 12:59:43.015,0.76646,0.76655,1.00,1.50
2018.05.09 12:59:43.521,0.76646,0.76654,1.00,1.00
2018.05.09 12:59:44.049,0.76647,0.76655,1.00,1.00
2018.05.09 12:59:44.592,0.76646,0.76655,1.00,1.50
2018.05.09 12:59:45.136,0.76647,0.76655,1.00,1.50
2018.05.09 12:59:45.662,0.76646,0.76654,1.00,1.00
2018.05.09 12:59:46.217,0.76645,0.76655,1.50,2.25
2018.05.09 12:59:46.860,0.76647,0.76655,1.00,1.50
2018.05.09 12:59:47.477,0.76648,0.76655,1.00,1.00
2018.05.09 12:59:47.579,0.76645,0.76655,1.50,2.25
2018.05.09 12:59:48.126,0.76645,0.76654,1.00,1.00
2018.05.09 12:59:48.704,0.76645,0.76653,1.00,1.00
2018.05.09 12:59:49.345,0.76644,0.76653,1.00,1.00
2018.05.09 12:59:50.083,0.76644,0.76654,1.00,1.50
2018.05.09 12:59:50.478,0.76646,0.76654,1.00,1.50
2018.05.09 12:59:52.587,0.76645,0.76654,1.00,1.50
2018.05.09 12:59:54.998,0.76643,0.76653,1.50,1.00
2018.05.09 12:59:55.051,0.76643,0.76651,1.00,1.00
2018.05.09 12:59:55.102,0.76641,0.7665,1.00,1.00
2018.05.09 12:59:55.153,0.76645,0.76651,1.00,1.00
2018.05.09 12:59:55.306,0.76644,0.76653,1.00,1.00
2018.05.09 12:59:55.888,0.76644,0.76652,1.00,1.00
2018.05.09 12:59:59.294,0.76643,0.76651,1.50,1.00
2018.05.09 12:59:59.801,0.76644,0.76652,1.00,1.00
