2018.05.03 04:00:00.449,0.76918,0.76928,1.00,1.00
2018.05.03 04:00:00.755,0.7692,0.7693,1.00,2.25
2018.05.03 04:00:01.570,0.76919,0.76929,1.00,1.00
2018.05.03 04:00:01.874,0.76921,0.76931,1.00,1.50
2018.05.03 04:00:02.654,0.76921,0.7693,1.00,1.00
2018.05.03 04:00:04.215,0.7692,0.7693,1.50,1.00
2018.05.03 04:00:06.608,0.76921,0.76931,1.00,1.00
2018.05.03 04:00:07.159,0.76922,0.76931,1.00,1.00
2018.05.03 04:00:10.573,0.76922,0.76932,1.00,1.00
2018.05.03 04:00:10.876,0.76924,0.76934,2.25,1.00
2018.05.03 04:00:11.233,0.76927,0.76935,1.00,1.00
2018.05.03 04:00:11.758,0.76927,0.76936,1.00,1.00
2018.05.03 04:00:12.292,0.76928,0.76936,1.00,1.00
2018.05.03 04:00:13.620,0.76927,0.76936,1.00,1.00
2018.05.03 04:00:16.743,0.76927,0.76937,1.00,1.50
2018.05.03 04:00:18.310,0.76927,0.76936,1.00,1.00
2018.05.03 04:00:20.501,0.76926,0.76933,1.00,1.00
2018.05.03 04:00:20.554,0.76923,0.76932,1.00,1.50
2018.05.03 04:00:21.094,0.76922,0.76932,1.00,1.00
2018.05.03 04:00:28.275,0.76922,0.76931,1.00,1.50
2018.05.03 04:00:28.444,0.7692,0.7693,1.00,1.00
2018.05.03 04:00:28.495,0.76919,0.76928,1.00,1.00
2018.05.03 04:00:29.096,0.76918,0.76928,1.00,1.50
2018.05.03 04:00:34.939,0.76919,0.76929,1.00,1.50
2018.05.03 04:00:35.246,0.76923,0.76933,1.50,1.50
2018.05.03 04:00:35.892,0.76924,0.76934,1.00,1.00
2018.05.03 04:00:36.742,0.76925,0.76935,1.00,2.25
2018.05.03 04:00:37.698,0.76926,0.76935,1.00,1.00
2018.05.03 04:00:43.076,0.76925,0.76935,1.00,1.50
2018.05.03 04:00:44.396,0.76926,0.76935,1.00,1.00
2018.05.03 04:00:59.830,0.76926,0.76936,1.00,1.50
2018.05.03 04:01:03.869,0.76927,0.76936,1.00,1.00
2018.05.03 04:01:06.590,0.76927,0.76937,1.00,1.00
2018.05.03 04:01:06.895,0.76929,0.76939,1.00,1.50
2018.05.03 04:01:17.582,0.76928,0.7694,1.00,1.00
2018.05.03 04:01:17.929,0.7693,0.76939,1.00,1.00
2018.05.03 04:01:22.580,0.76929,0.76939,1.00,1.00
2018.05.03 04:01:23.097,0.76929,0.76938,1.00,1.00
2018.05.03 04:01:23.601,0.76928,0.76938,1.00,1.00
2018.05.03 04:01:24.029,0.7693,0.76939,1.00,1.00
2018.05.03 04:01:24.284,0.76931,0.76941,1.00,1.00
2018.05.03 04:01:33.119,0.7693,0.7694,1.50,1.00
2018.05.03 04:01:34.380,0.76931,0.76941,1.00,1.50
2018.05.03 04:01:35.036,0.76931,0.7694,1.00,1.00
2018.05.03 04:01:37.468,0.7693,0.7694,1.00,1.00
2018.05.03 04:01:41.949,0.76931,0.7694,1.00,1.00
2018.05.03 04:01:45.116,0.76932,0.76942,1.00,1.50
2018.05.03 04:01:45.168,0.76934,0.76943,1.00,1.00
2018.05.03 04:01:45.321,0.76935,0.76945,1.00,1.50
2018.05.03 04:01:45.372,0.76933,0.76943,2.10,1.00
2018.05.03 04:01:46.459,0.76932,0.76942,2.10,1.00
2018.05.03 04:01:46.998,0.76932,0.76941,1.00,1.00
2018.05.03 04:01:48.347,0.7693,0.76939,1.00,1.00
2018.05.03 04:01:59.241,0.76929,0.76939,1.00,1.00
2018.05.03 04:02:09.640,0.76928,0.76938,2.10,1.00
2018.05.03 04:02:23.340,0.76929,0.76939,1.00,1.50
2018.05.03 04:02:24.039,0.7693,0.76939,1.00,1.50
2018.05.03 04:02:24.792,0.7693,0.7694,1.00,1.50
2018.05.03 04:02:31.440,0.76928,0.76938,2.85,1.00
2018.05.03 04:02:35.814,0.76927,0.76936,1.50,1.00
2018.05.03 04:02:36.461,0.76926,0.76935,1.00,1.00
2018.05.03 04:02:37.390,0.76926,0.76936,1.00,1.50
2018.05.03 04:02:39.060,0.76928,0.76937,1.00,1.00
2018.05.03 04:02:39.758,0.76928,0.76938,1.00,2.25
2018.05.03 04:02:43.420,0.76925,0.76934,1.00,1.00
2018.05.03 04:02:43.950,0.76924,0.76934,1.50,1.00
2018.05.03 04:02:44.480,0.76925,0.76935,1.00,1.00
2018.05.03 04:02:50.962,0.76924,0.76934,1.50,1.00
2018.05.03 04:02:51.275,0.76927,0.76937,1.00,1.50
2018.05.03 04:02:51.811,0.76926,0.76936,1.50,1.00
2018.05.03 04:02:53.510,0.76927,0.76937,1.00,1.50
2018.05.03 04:02:56.230,0.76928,0.76938,1.00,1.50
2018.05.03 04:03:04.190,0.76929,0.76939,1.00,1.50
2018.05.03 04:03:04.731,0.7693,0.7694,1.50,1.00
2018.05.03 04:03:16.075,0.76932,0.76941,1.00,1.00
2018.05.03 04:03:16.585,0.76931,0.76941,1.00,2.25
2018.05.03 04:03:17.163,0.76931,0.7694,1.00,1.00
2018.05.03 04:03:18.038,0.76931,0.76941,1.00,1.50
2018.05.03 04:03:20.167,0.76932,0.76942,1.00,1.50
2018.05.03 04:03:20.727,0.76933,0.76942,1.00,1.00
2018.05.03 04:03:21.239,0.76933,0.76943,1.00,1.87
2018.05.03 04:03:23.340,0.76934,0.76943,1.00,1.00
2018.05.03 04:03:27.555,0.76933,0.76943,1.00,1.50
2018.05.03 04:03:45.710,0.76934,0.76943,1.00,1.00
2018.05.03 04:03:47.950,0.76933,0.76943,1.50,1.50
2018.05.03 04:03:49.613,0.76934,0.76943,1.00,1.00
2018.05.03 04:03:51.204,0.76933,0.76942,1.00,1.00
2018.05.03 04:03:51.929,0.76932,0.76942,1.00,1.50
2018.05.03 04:03:58.629,0.76932,0.76941,1.00,1.00
2018.05.03 04:03:59.187,0.76931,0.76941,1.50,1.50
2018.05.03 04:04:00.327,0.76932,0.76942,1.00,1.50
2018.05.03 04:04:00.836,0.76933,0.76943,1.50,1.50
2018.05.03 04:04:01.340,0.76935,0.76943,1.00,1.00
2018.05.03 04:04:02.926,0.76934,0.76942,1.00,1.00
2018.05.03 04:04:08.067,0.76934,0.76943,1.00,1.00
2018.05.03 04:04:50.088,0.76932,0.76942,1.50,1.50
2018.05.03 04:04:50.241,0.76931,0.7694,1.00,1.00
2018.05.03 04:05:10.603,0.76931,0.76941,1.00,1.12
2018.05.03 04:05:11.253,0.76932,0.76942,1.50,1.50
2018.05.03 04:05:11.914,0.76932,0.76941,1.50,1.00
2018.05.03 04:05:20.342,0.76931,0.76941,1.00,1.50
2018.05.03 04:05:37.632,0.76931,0.76941,1.50,2.62
2018.05.03 04:05:45.815,0.76932,0.7694,1.00,1.00
2018.05.03 04:05:47.947,0.76932,0.76941,1.00,1.50
2018.05.03 04:05:48.941,0.76932,0.7694,1.00,1.00
2018.05.03 04:05:51.911,0.76932,0.76941,1.00,1.87
2018.05.03 04:05:54.414,0.76933,0.76941,1.00,1.50
2018.05.03 04:05:54.934,0.76932,0.76941,1.00,1.50
2018.05.03 04:05:57.401,0.76931,0.76941,1.00,3.00
2018.05.03 04:05:58.582,0.76931,0.7694,1.00,1.00
2018.05.03 04:05:58.887,0.76933,0.76941,1.00,1.50
2018.05.03 04:05:59.401,0.76934,0.76942,1.00,1.00
2018.05.03 04:06:02.943,0.76934,0.76943,1.00,1.00
2018.05.03 04:06:03.355,0.76929,0.76939,2.25,1.00
2018.05.03 04:06:03.580,0.76931,0.76941,1.00,1.50
2018.05.03 04:06:03.886,0.76934,0.76943,1.00,1.00
2018.05.03 04:06:07.509,0.76935,0.76943,1.00,1.00
2018.05.03 04:06:07.611,0.76935,0.76945,1.00,1.87
2018.05.03 04:06:08.124,0.76934,0.76944,1.00,1.50
2018.05.03 04:06:08.630,0.76933,0.76943,1.00,1.50
2018.05.03 04:06:09.729,0.76932,0.76942,1.00,1.50
2018.05.03 04:06:09.781,0.76931,0.7694,1.00,1.00
2018.05.03 04:06:10.428,0.76932,0.76941,1.00,1.00
2018.05.03 04:06:15.081,0.76929,0.76936,1.00,1.00
2018.05.03 04:06:15.182,0.76927,0.76936,1.00,1.00
2018.05.03 04:06:16.064,0.76927,0.76937,1.50,1.00
2018.05.03 04:06:16.116,0.76932,0.7694,1.00,1.50
2018.05.03 04:06:16.729,0.76932,0.76941,1.00,1.00
2018.05.03 04:06:19.288,0.76933,0.76941,1.00,1.00
2018.05.03 04:06:20.031,0.76933,0.76942,1.00,1.50
2018.05.03 04:06:23.468,0.76933,0.76943,1.00,1.50
2018.05.03 04:06:26.569,0.76931,0.76941,1.00,1.00
2018.05.03 04:06:27.118,0.76931,0.7694,1.00,1.00
2018.05.03 04:06:27.629,0.7693,0.7694,1.00,1.50
2018.05.03 04:06:31.286,0.76931,0.7694,1.00,1.00
2018.05.03 04:06:31.587,0.76932,0.76942,1.00,2.25
2018.05.03 04:06:35.565,0.76932,0.76941,1.00,1.00
2018.05.03 04:06:39.188,0.76932,0.76942,1.00,2.25
2018.05.03 04:06:39.873,0.76932,0.76941,1.00,1.00
2018.05.03 04:06:43.222,0.76932,0.76942,1.00,2.25
2018.05.03 04:06:44.821,0.76933,0.76942,1.00,1.00
2018.05.03 04:06:45.768,0.76931,0.76941,1.00,1.00
2018.05.03 04:06:46.548,0.7693,0.7694,1.00,1.50
2018.05.03 04:06:48.711,0.76931,0.7694,1.00,1.50
2018.05.03 04:06:48.890,0.76932,0.76942,1.00,1.00
2018.05.03 04:06:51.088,0.76931,0.76941,1.00,1.50
2018.05.03 04:06:51.830,0.7693,0.7694,1.00,1.50
2018.05.03 04:06:57.763,0.7693,0.76941,1.00,1.00
2018.05.03 04:06:58.434,0.76931,0.76941,1.00,1.00
2018.05.03 04:07:04.437,0.76932,0.76942,1.00,2.85
2018.05.03 04:07:04.938,0.76931,0.76941,1.00,1.50
2018.05.03 04:07:05.500,0.7693,0.7694,1.00,1.00
2018.05.03 04:07:11.345,0.76927,0.76936,1.00,1.00
2018.05.03 04:07:11.750,0.76925,0.76935,1.00,2.25
2018.05.03 04:07:12.358,0.76925,0.76934,1.00,1.00
2018.05.03 04:07:22.685,0.76924,0.76934,1.00,1.50
2018.05.03 04:07:23.190,0.76923,0.76933,1.00,1.00
2018.05.03 04:07:27.286,0.76922,0.76932,1.00,1.00
2018.05.03 04:07:27.440,0.7692,0.7693,1.00,1.50
2018.05.03 04:07:36.671,0.7692,0.76931,1.00,2.25
2018.05.03 04:07:36.983,0.76922,0.76932,1.00,1.00
2018.05.03 04:07:39.540,0.76922,0.76933,1.00,1.50
2018.05.03 04:07:48.043,0.76923,0.76933,1.00,1.50
2018.05.03 04:07:50.149,0.76922,0.76933,1.00,1.50
2018.05.03 04:08:00.008,0.76925,0.76933,1.00,1.00
2018.05.03 04:08:00.539,0.76923,0.76934,1.00,1.50
2018.05.03 04:08:13.192,0.76924,0.76934,1.00,1.50
2018.05.03 04:08:29.217,0.76923,0.76933,1.00,1.00
2018.05.03 04:08:53.890,0.76924,0.76933,1.00,1.00
2018.05.03 04:08:54.696,0.76924,0.76934,1.00,2.25
2018.05.03 04:09:07.167,0.76923,0.76933,1.00,1.12
2018.05.03 04:09:44.331,0.76922,0.76932,1.00,1.00
2018.05.03 04:09:58.385,0.76922,0.76933,1.00,2.25
2018.05.03 04:09:59.207,0.76922,0.76932,1.00,1.00
2018.05.03 04:09:59.679,0.76925,0.76935,1.00,2.10
2018.05.03 04:10:00.214,0.76924,0.76934,1.00,1.00
2018.05.03 04:10:00.756,0.76926,0.76935,1.00,1.00
2018.05.03 04:10:02.212,0.76927,0.76937,1.00,3.00
2018.05.03 04:10:02.264,0.76929,0.76938,1.00,1.00
2018.05.03 04:10:02.317,0.7693,0.7694,1.50,1.00
2018.05.03 04:10:02.870,0.76931,0.76941,1.00,1.00
2018.05.03 04:10:06.418,0.76931,0.7694,1.00,1.00
2018.05.03 04:10:20.499,0.7693,0.7694,1.00,1.00
2018.05.03 04:10:31.690,0.76929,0.76939,1.00,1.12
2018.05.03 04:10:32.223,0.76929,0.76939,1.00,1.72
2018.05.03 04:10:39.686,0.7693,0.76939,1.00,1.60
2018.05.03 04:10:52.130,0.7693,0.7694,1.00,1.87
2018.05.03 04:11:22.854,0.7693,0.76941,1.00,2.85
2018.05.03 04:11:28.541,0.7693,0.7694,1.50,1.00
2018.05.03 04:11:30.597,0.7693,0.76939,1.00,1.50
2018.05.03 04:11:30.750,0.76927,0.76938,1.50,1.50
2018.05.03 04:11:31.388,0.76927,0.76937,1.00,1.00
2018.05.03 04:11:45.208,0.76928,0.76937,1.00,1.00
2018.05.03 04:11:48.992,0.76927,0.76937,1.50,1.50
2018.05.03 04:11:55.124,0.76925,0.76936,1.00,1.50
2018.05.03 04:11:55.323,0.76924,0.76933,1.00,1.00
2018.05.03 04:11:55.852,0.76924,0.76934,1.00,1.50
2018.05.03 04:11:57.785,0.76922,0.76933,2.25,1.00
2018.05.03 04:11:58.438,0.76923,0.76933,1.00,1.50
2018.05.03 04:11:59.470,0.76923,0.76934,1.00,1.50
2018.05.03 04:12:00.146,0.76924,0.76934,1.00,1.50
2018.05.03 04:12:06.351,0.76923,0.76934,1.00,1.50
2018.05.03 04:12:09.591,0.76924,0.76934,1.00,1.50
2018.05.03 04:12:48.449,0.76925,0.76935,1.00,1.50
2018.05.03 04:12:48.990,0.76924,0.76934,1.00,1.00
2018.05.03 04:12:49.758,0.76923,0.76934,1.00,1.50
2018.05.03 04:12:53.099,0.76923,0.76933,1.00,1.00
2018.05.03 04:12:55.999,0.76924,0.76933,1.00,1.00
2018.05.03 04:12:56.676,0.76924,0.76934,1.00,1.00
2018.05.03 04:13:06.680,0.76923,0.76934,1.00,1.50
2018.05.03 04:13:06.782,0.76922,0.76932,1.00,1.00
2018.05.03 04:13:07.293,0.76923,0.76933,1.00,1.00
2018.05.03 04:13:13.693,0.76923,0.76932,1.00,1.00
2018.05.03 04:13:14.305,0.76923,0.76931,1.00,1.00
2018.05.03 04:13:16.220,0.76923,0.76933,1.00,1.50
2018.05.03 04:13:16.372,0.76925,0.76935,1.00,1.00
2018.05.03 04:13:16.690,0.76928,0.76938,1.00,1.50
2018.05.03 04:13:17.207,0.76927,0.76938,1.00,1.50
2018.05.03 04:13:20.828,0.76928,0.76939,1.00,1.50
2018.05.03 04:13:29.785,0.76928,0.76938,1.00,1.00
2018.05.03 04:13:30.289,0.76928,0.76939,1.00,1.50
2018.05.03 04:13:37.984,0.76928,0.76938,1.00,1.00
2018.05.03 04:13:52.699,0.76929,0.76939,1.00,1.00
2018.05.03 04:13:54.140,0.76928,0.76938,1.00,1.00
2018.05.03 04:13:54.838,0.76929,0.76939,1.00,1.00
2018.05.03 04:13:59.242,0.7693,0.7694,1.00,1.00
2018.05.03 04:13:59.796,0.76931,0.76941,1.00,1.00
2018.05.03 04:14:04.532,0.76932,0.76942,1.00,2.25
2018.05.03 04:14:05.187,0.76931,0.76941,1.00,1.00
2018.05.03 04:14:05.695,0.76932,0.76942,1.00,2.25
2018.05.03 04:14:06.205,0.76931,0.76941,1.00,1.50
2018.05.03 04:14:06.834,0.76932,0.76942,1.00,2.25
2018.05.03 04:14:07.440,0.76931,0.76941,1.00,1.00
2018.05.03 04:14:08.233,0.76932,0.76942,1.00,2.25
2018.05.03 04:14:08.911,0.76931,0.76941,1.00,1.00
2018.05.03 04:14:17.234,0.76932,0.76942,1.00,1.00
2018.05.03 04:14:17.539,0.76935,0.76945,1.00,1.50
2018.05.03 04:14:19.099,0.76934,0.76943,1.00,1.00
2018.05.03 04:14:19.807,0.76933,0.76943,1.00,2.25
2018.05.03 04:14:38.081,0.76933,0.76942,1.00,1.00
2018.05.03 04:14:38.632,0.76932,0.76942,1.00,1.50
2018.05.03 04:14:47.011,0.76932,0.76941,1.00,1.00
2018.05.03 04:14:47.556,0.76931,0.7694,1.00,1.50
2018.05.03 04:14:48.419,0.76929,0.76939,1.00,1.00
2018.05.03 04:14:49.003,0.76929,0.76938,1.00,1.00
2018.05.03 04:14:49.538,0.76928,0.76938,1.50,1.00
2018.05.03 04:14:50.527,0.76929,0.76938,1.00,1.50
2018.05.03 04:14:50.832,0.76928,0.76936,1.00,1.50
2018.05.03 04:14:50.883,0.76925,0.76935,1.00,1.50
2018.05.03 04:14:51.440,0.76924,0.76934,1.00,1.00
2018.05.03 04:14:55.968,0.76924,0.76933,1.00,1.00
2018.05.03 04:15:08.630,0.76926,0.76934,1.00,1.00
2018.05.03 04:15:09.160,0.76926,0.76935,1.00,1.50
2018.05.03 04:15:09.820,0.76925,0.76935,1.00,1.50
2018.05.03 04:15:12.189,0.76925,0.76934,1.00,1.00
2018.05.03 04:15:13.155,0.76925,0.76935,1.00,1.50
2018.05.03 04:15:15.175,0.76925,0.76934,1.00,1.50
2018.05.03 04:15:19.152,0.76924,0.76934,1.00,1.00
2018.05.03 04:16:11.087,0.76923,0.76933,1.50,1.50
2018.05.03 04:16:11.392,0.76925,0.76934,1.00,1.00
2018.05.03 04:16:11.639,0.76926,0.76936,1.00,2.10
2018.05.03 04:16:11.794,0.76929,0.76939,1.00,1.50
2018.05.03 04:16:12.105,0.76927,0.76938,3.00,1.00
2018.05.03 04:16:17.910,0.76927,0.76937,3.00,1.00
2018.05.03 04:16:32.391,0.76926,0.76936,1.50,1.00
2018.05.03 04:16:59.096,0.76926,0.76935,1.00,1.12
2018.05.03 04:17:08.044,0.76926,0.76934,1.00,1.00
2018.05.03 04:17:09.787,0.76925,0.76934,1.00,1.00
2018.05.03 04:17:43.406,0.76924,0.76934,1.50,1.50
2018.05.03 04:17:46.452,0.76925,0.76934,1.00,1.00
2018.05.03 04:17:47.039,0.76924,0.76934,1.00,1.50
2018.05.03 04:17:48.866,0.76923,0.76933,1.50,1.00
2018.05.03 04:17:48.919,0.76925,0.76934,1.00,1.00
2018.05.03 04:17:49.515,0.76924,0.76934,1.50,1.00
2018.05.03 04:18:14.046,0.76925,0.76934,1.00,1.00
2018.05.03 04:18:14.097,0.76928,0.76938,1.00,1.00
2018.05.03 04:18:14.148,0.7693,0.76939,1.00,1.50
2018.05.03 04:18:14.199,0.76931,0.76941,1.00,1.50
2018.05.03 04:18:24.156,0.76932,0.76942,1.00,1.50
2018.05.03 04:18:29.760,0.76933,0.76943,1.00,2.10
2018.05.03 04:18:40.604,0.76932,0.76942,1.50,1.50
2018.05.03 04:18:42.412,0.76932,0.76941,1.00,1.00
2018.05.03 04:19:03.587,0.76932,0.7694,1.00,1.00
2018.05.03 04:19:03.638,0.7693,0.7694,2.25,1.00
2018.05.03 04:19:04.209,0.76929,0.76938,1.00,1.00
2018.05.03 04:19:05.385,0.76929,0.76939,1.50,1.00
2018.05.03 04:19:15.048,0.76929,0.76938,1.00,1.50
2018.05.03 04:19:15.699,0.76929,0.76937,1.00,1.00
2018.05.03 04:19:15.751,0.76927,0.76937,2.25,1.00
2018.05.03 04:19:21.319,0.76928,0.76937,1.00,1.00
2018.05.03 04:19:23.740,0.76929,0.76937,1.00,1.00
2018.05.03 04:19:29.159,0.76928,0.76937,1.00,1.00
2018.05.03 04:19:30.937,0.76929,0.76938,1.00,1.00
2018.05.03 04:19:31.602,0.76929,0.76939,1.00,1.50
2018.05.03 04:19:38.045,0.76929,0.76938,1.00,1.00
2018.05.03 04:19:39.652,0.76929,0.76939,1.00,1.50
2018.05.03 04:19:42.875,0.76929,0.76938,1.00,1.00
2018.05.03 04:19:47.181,0.76929,0.76937,1.00,1.00
2018.05.03 04:20:01.964,0.76928,0.76937,1.00,1.00
2018.05.03 04:20:03.971,0.76927,0.76937,2.25,1.50
2018.05.03 04:20:13.813,0.76932,0.76941,1.00,1.00
2018.05.03 04:20:13.971,0.76933,0.76943,1.50,1.00
2018.05.03 04:20:14.023,0.76933,0.76941,1.00,1.00
2018.05.03 04:20:14.125,0.76931,0.76941,2.25,1.50
2018.05.03 04:20:16.075,0.76932,0.76942,1.00,2.25
2018.05.03 04:20:16.604,0.76933,0.76942,1.00,1.50
2018.05.03 04:20:24.331,0.76931,0.76941,1.50,1.50
2018.05.03 04:20:29.547,0.76933,0.76941,1.00,1.00
2018.05.03 04:20:30.312,0.76935,0.76944,1.00,1.35
2018.05.03 04:20:35.419,0.76934,0.76944,1.00,2.10
2018.05.03 04:20:50.599,0.76934,0.76943,1.00,1.00
2018.05.03 04:20:53.045,0.76934,0.76942,1.00,1.00
2018.05.03 04:20:54.040,0.76933,0.76943,1.00,1.00
2018.05.03 04:20:54.617,0.76934,0.76944,1.00,1.50
2018.05.03 04:20:57.727,0.76937,0.76945,1.00,1.35
2018.05.03 04:20:57.779,0.76935,0.76945,1.00,2.10
2018.05.03 04:20:57.932,0.76932,0.76941,1.00,1.50
2018.05.03 04:20:58.034,0.7693,0.7694,1.00,1.50
2018.05.03 04:20:58.542,0.7693,0.76939,1.00,1.00
2018.05.03 04:21:04.098,0.7693,0.7694,1.00,2.10
2018.05.03 04:21:13.581,0.7693,0.76939,1.00,1.00
2018.05.03 04:21:14.518,0.76928,0.76938,1.00,1.00
2018.05.03 04:21:15.152,0.76929,0.76938,1.00,1.00
2018.05.03 04:21:19.045,0.76929,0.76939,1.00,1.50
2018.05.03 04:21:23.760,0.7693,0.76939,1.00,1.00
2018.05.03 04:21:33.822,0.76929,0.76939,1.00,1.50
2018.05.03 04:21:48.772,0.7693,0.76939,1.00,1.00
2018.05.03 04:21:49.475,0.7693,0.76939,1.00,2.85
2018.05.03 04:21:49.577,0.7693,0.7694,1.00,2.10
2018.05.03 04:21:56.656,0.7693,0.7694,1.00,3.60
2018.05.03 04:22:17.567,0.7693,0.76939,1.00,1.00
2018.05.03 04:22:18.086,0.76931,0.7694,1.00,1.35
2018.05.03 04:22:18.196,0.76933,0.76942,1.00,1.50
2018.05.03 04:22:18.352,0.76931,0.76941,1.50,1.50
2018.05.03 04:22:18.938,0.7693,0.7694,1.00,1.50
2018.05.03 04:22:19.472,0.76932,0.76941,1.00,1.35
2018.05.03 04:22:22.471,0.76934,0.76943,1.00,1.35
2018.05.03 04:22:54.047,0.76935,0.76943,1.00,1.00
2018.05.03 04:22:54.747,0.76935,0.76944,1.00,1.00
2018.05.03 04:23:06.188,0.76934,0.76944,1.00,1.50
2018.05.03 04:23:06.931,0.76932,0.76942,1.00,1.50
2018.05.03 04:23:08.764,0.76931,0.76942,1.50,1.50
2018.05.03 04:23:32.030,0.76932,0.76942,1.00,2.10
2018.05.03 04:23:36.369,0.76931,0.76941,1.00,1.00
2018.05.03 04:23:59.729,0.76932,0.76942,1.00,2.10
2018.05.03 04:24:00.500,0.7693,0.76941,1.00,1.50
2018.05.03 04:24:00.653,0.76929,0.76939,1.50,1.00
2018.05.03 04:24:00.933,0.76926,0.76937,1.50,1.50
2018.05.03 04:24:01.238,0.76928,0.76937,1.00,1.00
2018.05.03 04:24:02.060,0.76927,0.76937,1.00,1.00
2018.05.03 04:24:04.247,0.76926,0.76936,1.00,1.00
2018.05.03 04:24:09.870,0.76927,0.76936,1.00,1.00
2018.05.03 04:24:13.541,0.76927,0.76935,1.00,1.00
2018.05.03 04:24:19.045,0.76927,0.76936,1.00,1.00
2018.05.03 04:24:31.931,0.7693,0.76936,1.00,1.00
2018.05.03 04:24:32.033,0.76933,0.7694,1.00,1.00
2018.05.03 04:24:32.136,0.76935,0.76942,1.00,1.50
2018.05.03 04:24:32.601,0.76936,0.76944,1.00,2.25
2018.05.03 04:24:59.479,0.76935,0.76944,1.00,1.87
2018.05.03 04:25:01.676,0.76935,0.76943,1.00,1.00
2018.05.03 04:25:02.194,0.76936,0.76943,1.00,1.00
2018.05.03 04:25:02.738,0.76936,0.76944,1.00,1.50
2018.05.03 04:25:03.895,0.76935,0.76944,1.00,1.87
2018.05.03 04:25:05.360,0.76936,0.76944,1.00,1.87
2018.05.03 04:25:06.207,0.76936,0.76944,1.00,2.47
2018.05.03 04:25:06.814,0.76935,0.76942,1.00,1.35
2018.05.03 04:25:08.837,0.76936,0.76944,1.00,3.60
2018.05.03 04:25:09.455,0.76937,0.76944,1.00,3.60
2018.05.03 04:25:10.094,0.76936,0.76944,1.00,3.60
2018.05.03 04:25:21.056,0.76936,0.76944,1.00,1.00
2018.05.03 04:25:21.389,0.76938,0.76945,1.00,1.50
2018.05.03 04:25:22.645,0.76939,0.76945,1.00,1.00
2018.05.03 04:25:23.802,0.76936,0.76945,1.00,1.00
2018.05.03 04:25:30.606,0.76937,0.76945,1.00,1.00
2018.05.03 04:25:32.276,0.76938,0.76948,1.00,2.25
2018.05.03 04:25:32.430,0.76941,0.76951,1.00,3.75
2018.05.03 04:25:33.542,0.76942,0.76951,1.00,1.00
2018.05.03 04:25:34.045,0.76943,0.76952,1.00,1.00
2018.05.03 04:25:39.575,0.76943,0.76953,1.00,2.25
2018.05.03 04:25:43.866,0.76942,0.76952,1.00,1.00
2018.05.03 04:26:00.151,0.76944,0.76953,1.00,3.00
2018.05.03 04:26:10.918,0.76945,0.76953,1.00,1.00
2018.05.03 04:26:11.129,0.76943,0.76953,1.00,1.00
2018.05.03 04:26:11.678,0.76942,0.76952,1.00,1.50
2018.05.03 04:26:15.671,0.76945,0.76954,1.00,1.50
2018.05.03 04:26:16.233,0.76946,0.76955,1.00,1.00
2018.05.03 04:26:25.801,0.76945,0.76955,1.00,1.50
2018.05.03 04:26:26.469,0.76946,0.76955,1.00,1.50
2018.05.03 04:26:30.081,0.76945,0.76955,1.00,1.50
2018.05.03 04:26:40.950,0.76946,0.76955,1.00,1.00
2018.05.03 04:26:48.419,0.76945,0.76955,1.00,1.00
2018.05.03 04:26:49.099,0.76947,0.76956,1.00,1.50
2018.05.03 04:26:53.095,0.76947,0.76957,1.00,1.50
2018.05.03 04:26:58.588,0.76946,0.76956,1.00,1.00
2018.05.03 04:27:03.290,0.76947,0.76956,1.00,1.50
2018.05.03 04:27:06.254,0.76947,0.76957,1.00,1.50
2018.05.03 04:27:06.794,0.76948,0.76958,1.00,2.25
2018.05.03 04:27:08.095,0.76948,0.76957,1.00,1.00
2018.05.03 04:27:18.991,0.76947,0.76957,1.00,1.50
2018.05.03 04:27:23.480,0.76952,0.7696,1.00,1.00
2018.05.03 04:27:23.647,0.76953,0.76962,1.00,1.00
2018.05.03 04:27:24.291,0.76952,0.76962,2.10,1.50
2018.05.03 04:27:24.467,0.7695,0.7696,1.50,1.00
2018.05.03 04:27:29.350,0.76951,0.76961,1.00,1.50
2018.05.03 04:27:30.561,0.76953,0.76962,1.00,1.50
2018.05.03 04:27:31.402,0.76954,0.76962,1.00,1.00
2018.05.03 04:27:39.711,0.76954,0.76964,1.00,2.25
2018.05.03 04:27:40.253,0.76955,0.76964,1.00,1.00
2018.05.03 04:27:41.005,0.76954,0.76964,1.00,1.50
2018.05.03 04:27:43.849,0.76954,0.76963,1.00,1.00
2018.05.03 04:27:48.850,0.76955,0.76963,1.00,1.00
2018.05.03 04:27:49.415,0.76955,0.76964,1.00,1.00
2018.05.03 04:27:50.260,0.76954,0.76964,1.00,1.50
2018.05.03 04:27:53.686,0.76954,0.76963,1.00,1.00
2018.05.03 04:28:00.795,0.76953,0.76963,1.00,2.25
2018.05.03 04:28:00.846,0.76952,0.76961,1.00,1.00
2018.05.03 04:28:01.869,0.76951,0.7696,1.50,1.00
2018.05.03 04:28:06.240,0.7695,0.7696,1.50,1.00
2018.05.03 04:28:06.880,0.76951,0.7696,1.00,1.00
2018.05.03 04:28:11.746,0.76952,0.76961,1.00,1.50
2018.05.03 04:28:13.050,0.76951,0.76961,1.00,1.50
2018.05.03 04:28:21.485,0.76952,0.76961,1.00,1.50
2018.05.03 04:28:22.445,0.7695,0.76961,1.00,1.00
2018.05.03 04:28:25.590,0.76951,0.76961,1.00,1.50
2018.05.03 04:28:29.457,0.76952,0.76961,1.00,1.50
2018.05.03 04:28:39.938,0.76951,0.76961,1.00,1.50
2018.05.03 04:28:47.747,0.76951,0.7696,1.00,1.00
2018.05.03 04:28:53.860,0.76952,0.76961,1.00,1.50
2018.05.03 04:28:56.232,0.76951,0.76961,1.00,3.00
2018.05.03 04:28:58.219,0.76951,0.7696,1.00,1.00
2018.05.03 04:28:59.709,0.7695,0.76958,1.00,1.00
2018.05.03 04:29:00.090,0.76948,0.76957,1.00,1.00
2018.05.03 04:29:00.435,0.76944,0.76954,1.00,1.50
2018.05.03 04:29:01.042,0.76944,0.76953,1.00,2.25
2018.05.03 04:29:01.484,0.76946,0.76956,1.00,1.50
2018.05.03 04:29:01.536,0.76949,0.76958,1.00,1.00
2018.05.03 04:29:02.363,0.7695,0.76959,1.00,1.50
2018.05.03 04:29:03.599,0.76951,0.76959,1.00,1.50
2018.05.03 04:29:13.676,0.7695,0.76959,1.00,1.00
2018.05.03 04:29:16.460,0.7695,0.7696,1.00,2.25
2018.05.03 04:29:18.122,0.76951,0.7696,1.00,2.25
2018.05.03 04:29:28.913,0.76952,0.7696,1.00,1.00
2018.05.03 04:29:58.299,0.76953,0.7696,1.00,1.00
2018.05.03 04:30:07.159,0.76956,0.76963,1.00,1.00
2018.05.03 04:30:07.262,0.76956,0.76965,1.00,1.50
2018.05.03 04:30:07.313,0.76958,0.76965,1.00,1.00
2018.05.03 04:30:07.364,0.76956,0.76965,1.00,1.50
2018.05.03 04:30:08.044,0.76955,0.76965,1.00,1.50
2018.05.03 04:30:09.320,0.76956,0.76965,1.00,2.25
2018.05.03 04:30:12.007,0.76957,0.76965,1.00,1.00
2018.05.03 04:30:12.058,0.76959,0.76965,1.00,1.00
2018.05.03 04:30:12.160,0.7696,0.76969,1.00,2.25
2018.05.03 04:30:17.347,0.76956,0.76965,1.00,2.25
2018.05.03 04:30:17.667,0.76954,0.76963,1.00,1.50
2018.05.03 04:30:18.374,0.76954,0.76962,1.00,1.00
2018.05.03 04:30:19.098,0.76953,0.76962,1.00,1.00
2018.05.03 04:30:19.645,0.76954,0.76962,1.00,1.00
2018.05.03 04:30:20.287,0.76955,0.76963,1.00,1.50
2018.05.03 04:30:23.338,0.76957,0.76966,1.00,1.50
2018.05.03 04:30:24.057,0.76958,0.76966,1.00,1.50
2018.05.03 04:30:24.579,0.76957,0.76966,1.00,3.00
2018.05.03 04:30:25.113,0.76958,0.76966,1.00,1.00
2018.05.03 04:30:28.353,0.76955,0.76963,1.00,1.00
2018.05.03 04:30:28.557,0.76952,0.76961,1.00,3.60
2018.05.03 04:30:29.184,0.76951,0.7696,1.00,1.50
2018.05.03 04:30:38.090,0.76951,0.76959,1.00,1.00
2018.05.03 04:30:38.949,0.7695,0.76959,1.00,1.50
2018.05.03 04:30:53.272,0.76951,0.76959,1.00,1.00
2018.05.03 04:30:53.816,0.7695,0.76959,1.00,1.00
2018.05.03 04:30:57.165,0.76951,0.76959,1.00,1.00
2018.05.03 04:30:57.419,0.76953,0.76959,1.00,1.00
2018.05.03 04:30:57.520,0.76951,0.76959,1.00,1.00
2018.05.03 04:30:57.672,0.76951,0.76961,1.00,2.25
2018.05.03 04:30:59.400,0.76952,0.76961,1.00,1.50
2018.05.03 04:31:01.267,0.76951,0.7696,1.00,1.50
2018.05.03 04:31:01.782,0.7695,0.7696,1.00,1.00
2018.05.03 04:31:02.487,0.76951,0.76961,1.00,2.25
2018.05.03 04:31:06.916,0.76952,0.76961,1.00,2.25
2018.05.03 04:31:07.355,0.76954,0.76962,1.00,1.00
2018.05.03 04:31:08.081,0.76954,0.76963,1.00,2.25
2018.05.03 04:31:15.687,0.76954,0.76958,1.00,1.00
2018.05.03 04:31:16.354,0.76953,0.76958,1.00,1.00
2018.05.03 04:31:17.012,0.76952,0.76958,1.00,1.00
2018.05.03 04:31:17.342,0.76951,0.76955,1.00,1.00
2018.05.03 04:31:20.424,0.76953,0.76957,1.00,1.00
2018.05.03 04:31:43.867,0.76952,0.76956,1.00,1.00
2018.05.03 04:31:59.250,0.76952,0.76956,1.00,1.00
2018.05.03 04:31:59.796,0.76951,0.76955,1.00,1.00
2018.05.03 04:32:00.360,0.76952,0.76956,1.00,1.00
2018.05.03 04:32:00.513,0.76949,0.76953,1.00,1.00
2018.05.03 04:32:01.035,0.7695,0.76954,1.00,1.00
2018.05.03 04:32:01.086,0.76952,0.76956,1.00,1.00
2018.05.03 04:32:02.228,0.7695,0.76955,1.00,1.00
2018.05.03 04:32:02.306,0.76952,0.76956,1.00,1.00
2018.05.03 04:32:09.448,0.76951,0.76955,1.00,1.00
2018.05.03 04:32:09.739,0.76951,0.76955,1.00,1.00
2018.05.03 04:32:09.986,0.7695,0.76954,1.00,1.00
2018.05.03 04:32:12.537,0.76947,0.76953,1.50,1.00
2018.05.03 04:32:12.589,0.76949,0.76954,1.00,1.00
2018.05.03 04:32:13.194,0.7695,0.76955,1.50,1.00
2018.05.03 04:32:19.592,0.7695,0.76955,1.50,1.00
2018.05.03 04:32:24.221,0.7695,0.76955,2.85,1.00
2018.05.03 04:32:24.272,0.76955,0.76959,1.00,1.00
2018.05.03 04:32:24.806,0.76956,0.76961,1.00,1.00
2018.05.03 04:32:28.341,0.76956,0.76962,1.00,1.00
2018.05.03 04:32:28.443,0.76958,0.76962,1.00,1.00
2018.05.03 04:32:32.071,0.76959,0.76963,1.00,1.00
2018.05.03 04:32:35.942,0.76959,0.76965,1.00,1.00
2018.05.03 04:32:41.999,0.7696,0.76965,1.00,1.00
2018.05.03 04:32:42.524,0.76961,0.76965,1.00,1.00
2018.05.03 04:32:51.185,0.76961,0.76967,1.00,1.00
2018.05.03 04:32:51.297,0.76961,0.76969,1.00,1.50
2018.05.03 04:33:00.200,0.76956,0.76964,1.00,1.00
2018.05.03 04:33:04.695,0.76955,0.76963,1.00,1.00
2018.05.03 04:33:08.594,0.76954,0.76963,1.00,1.00
2018.05.03 04:33:24.261,0.76956,0.76964,1.50,1.00
2018.05.03 04:33:24.312,0.76957,0.76966,1.35,1.00
2018.05.03 04:33:24.363,0.7696,0.76969,1.00,1.00
2018.05.03 04:33:25.837,0.76961,0.7697,1.00,1.50
2018.05.03 04:33:31.127,0.76961,0.76969,1.00,1.00
2018.05.03 04:33:36.223,0.76961,0.7697,1.00,1.00
2018.05.03 04:33:36.758,0.76962,0.7697,1.00,1.00
2018.05.03 04:33:52.653,0.76962,0.76971,1.00,2.25
2018.05.03 04:34:12.860,0.76962,0.76969,1.00,1.00
2018.05.03 04:34:16.011,0.76962,0.7697,1.00,1.00
2018.05.03 04:34:18.394,0.76962,0.76969,1.00,1.00
2018.05.03 04:34:25.031,0.76961,0.7697,1.00,1.00
2018.05.03 04:34:25.718,0.76962,0.76971,1.00,1.50
2018.05.03 04:34:27.850,0.76963,0.76971,1.00,1.00
2018.05.03 04:34:30.745,0.76963,0.76972,1.00,1.50
2018.05.03 04:34:38.101,0.76962,0.7697,1.00,1.00
2018.05.03 04:34:38.151,0.7696,0.76969,1.00,1.00
2018.05.03 04:34:38.354,0.76959,0.76967,1.00,1.00
2018.05.03 04:34:46.339,0.76959,0.76968,1.00,1.00
2018.05.03 04:34:46.939,0.7696,0.76968,1.00,1.00
2018.05.03 04:35:03.029,0.7696,0.76969,1.00,1.50
2018.05.03 04:35:23.132,0.76959,0.76968,1.35,1.00
2018.05.03 04:35:29.672,0.76959,0.76967,1.00,1.00
2018.05.03 04:36:07.387,0.76958,0.76967,1.00,1.50
2018.05.03 04:36:33.473,0.76957,0.76966,1.00,1.50
2018.05.03 04:36:33.794,0.76954,0.76963,1.00,1.00
2018.05.03 04:36:40.065,0.76956,0.76963,1.00,1.00
2018.05.03 04:36:40.167,0.76956,0.76966,1.00,1.50
2018.05.03 04:36:40.757,0.76957,0.76966,1.00,1.00
2018.05.03 04:36:49.242,0.76956,0.76965,1.00,3.00
2018.05.03 04:36:49.982,0.76955,0.76964,1.00,1.00
2018.05.03 04:36:56.025,0.76956,0.76964,1.00,1.00
2018.05.03 04:36:56.076,0.76954,0.76964,1.00,1.50
2018.05.03 04:36:56.769,0.76954,0.76963,1.00,1.00
2018.05.03 04:36:59.417,0.76953,0.76962,1.00,1.00
2018.05.03 04:37:00.125,0.76952,0.76962,1.00,1.50
2018.05.03 04:37:00.728,0.76952,0.76961,1.00,1.50
2018.05.03 04:37:01.264,0.76951,0.76961,1.00,1.50
2018.05.03 04:37:01.503,0.76953,0.76962,1.00,1.50
2018.05.03 04:37:02.056,0.76952,0.76961,1.00,1.00
2018.05.03 04:37:02.575,0.76952,0.76962,1.00,2.25
2018.05.03 04:37:03.108,0.76953,0.76962,1.00,2.25
2018.05.03 04:37:11.919,0.76954,0.76963,1.00,1.50
2018.05.03 04:37:19.045,0.76954,0.76964,1.00,2.25
2018.05.03 04:37:30.744,0.76954,0.76963,1.00,1.00
2018.05.03 04:37:36.207,0.76954,0.76964,1.00,1.50
2018.05.03 04:37:36.789,0.76955,0.76964,1.00,1.00
2018.05.03 04:37:37.408,0.76956,0.76966,1.00,1.00
2018.05.03 04:37:38.261,0.76956,0.76965,1.00,1.00
2018.05.03 04:37:40.208,0.76955,0.76965,1.50,1.50
2018.05.03 04:37:40.916,0.76956,0.76965,1.00,1.00
2018.05.03 04:37:41.604,0.76956,0.76966,1.00,1.00
2018.05.03 04:37:54.017,0.76956,0.76965,1.00,1.00
2018.05.03 04:37:54.808,0.76956,0.76966,1.00,1.00
2018.05.03 04:37:54.910,0.76955,0.76964,1.00,1.00
2018.05.03 04:38:00.302,0.76956,0.76964,1.00,1.00
2018.05.03 04:38:07.952,0.76956,0.76966,1.50,1.00
2018.05.03 04:38:08.586,0.76957,0.76966,1.00,1.00
2018.05.03 04:38:23.859,0.76957,0.76967,1.00,1.50
2018.05.03 04:38:25.227,0.76955,0.76965,1.00,1.00
2018.05.03 04:38:25.910,0.76954,0.76964,1.00,1.00
2018.05.03 04:39:08.140,0.76954,0.76963,1.00,1.00
2018.05.03 04:39:12.822,0.76956,0.76965,1.00,1.00
2018.05.03 04:39:12.874,0.76957,0.76967,1.00,1.00
2018.05.03 04:39:12.976,0.76959,0.76968,1.00,1.00
2018.05.03 04:39:13.599,0.76958,0.76967,1.00,1.00
2018.05.03 04:39:15.043,0.76958,0.76968,1.00,2.25
2018.05.03 04:39:15.579,0.76957,0.76967,1.00,1.00
2018.05.03 04:39:20.213,0.76957,0.76965,1.00,1.00
2018.05.03 04:39:20.317,0.76954,0.76964,1.50,1.00
2018.05.03 04:39:20.704,0.76952,0.76961,1.00,1.00
2018.05.03 04:39:22.439,0.76951,0.76961,1.50,1.50
2018.05.03 04:39:23.066,0.76952,0.76961,1.00,1.00
2018.05.03 04:39:23.590,0.76953,0.76961,1.00,1.00
2018.05.03 04:39:25.837,0.76954,0.76961,1.00,1.00
2018.05.03 04:39:40.024,0.76954,0.76964,1.00,2.25
2018.05.03 04:39:43.023,0.76954,0.76963,1.00,1.00
2018.05.03 04:39:51.341,0.76954,0.76964,1.00,2.25
2018.05.03 04:39:57.496,0.76954,0.76963,1.00,1.00
2018.05.03 04:40:00.201,0.76955,0.76964,1.00,1.00
2018.05.03 04:40:01.727,0.76955,0.76965,1.00,1.00
2018.05.03 04:40:01.828,0.76957,0.76966,1.00,2.25
2018.05.03 04:40:02.291,0.76957,0.76964,1.00,1.00
2018.05.03 04:40:02.342,0.76955,0.76965,1.00,1.50
2018.05.03 04:40:03.050,0.76955,0.76964,1.00,1.00
2018.05.03 04:40:03.610,0.76956,0.76965,1.00,1.50
2018.05.03 04:40:04.852,0.76957,0.76966,1.00,2.25
2018.05.03 04:40:09.093,0.76956,0.76966,1.00,3.00
2018.05.03 04:40:09.680,0.76956,0.76965,1.00,1.00
2018.05.03 04:40:11.707,0.76955,0.76965,1.00,1.50
2018.05.03 04:40:38.855,0.76957,0.76966,1.00,1.00
2018.05.03 04:40:46.639,0.76958,0.76966,1.00,1.00
2018.05.03 04:40:46.911,0.76959,0.76968,1.00,1.00
2018.05.03 04:40:46.963,0.76958,0.76966,1.00,1.00
2018.05.03 04:40:47.120,0.76956,0.76965,1.00,1.00
2018.05.03 04:40:47.648,0.76955,0.76964,1.00,1.50
2018.05.03 04:40:48.536,0.76957,0.76964,1.00,1.00
2018.05.03 04:40:49.941,0.76957,0.76966,1.00,1.50
2018.05.03 04:41:16.278,0.76956,0.76966,1.00,2.25
2018.05.03 04:41:29.431,0.76955,0.76965,1.00,1.00
2018.05.03 04:41:38.099,0.76956,0.76965,1.00,1.50
2018.05.03 04:41:43.035,0.76956,0.76966,1.00,1.50
2018.05.03 04:41:49.319,0.76955,0.76965,1.00,1.00
2018.05.03 04:42:08.892,0.76956,0.76966,1.00,1.50
2018.05.03 04:42:09.096,0.76955,0.76964,1.00,1.00
2018.05.03 04:42:09.428,0.76952,0.76962,1.00,2.25
2018.05.03 04:42:10.099,0.76951,0.76961,1.00,1.50
2018.05.03 04:42:10.654,0.76951,0.7696,1.00,1.00
2018.05.03 04:43:24.543,0.76951,0.76961,1.00,1.50
2018.05.03 04:43:28.543,0.76951,0.7696,1.00,1.00
2018.05.03 04:43:29.070,0.7695,0.7696,1.50,1.50
2018.05.03 04:43:41.127,0.76951,0.7696,1.00,1.00
2018.05.03 04:43:42.090,0.7695,0.7696,1.00,1.50
2018.05.03 04:44:01.503,0.76948,0.76958,1.50,1.50
2018.05.03 04:44:04.511,0.76949,0.76959,1.00,1.00
2018.05.03 04:44:09.517,0.76949,0.7696,1.00,1.00
2018.05.03 04:44:14.665,0.7695,0.7696,1.00,1.00
2018.05.03 04:44:20.850,0.76948,0.76958,1.35,1.00
2018.05.03 04:44:21.423,0.76949,0.76959,1.00,1.50
2018.05.03 04:44:21.959,0.7695,0.7696,1.00,1.00
2018.05.03 04:44:23.047,0.7695,0.76961,1.00,2.25
2018.05.03 04:44:37.563,0.76951,0.76961,1.00,1.50
2018.05.03 04:44:39.597,0.7695,0.7696,1.00,1.00
2018.05.03 04:44:41.559,0.76949,0.7696,1.00,1.50
2018.05.03 04:44:44.734,0.7695,0.7696,1.00,1.00
2018.05.03 04:44:56.707,0.7695,0.76959,1.00,1.00
2018.05.03 04:44:57.239,0.76949,0.76958,1.00,1.00
2018.05.03 04:44:58.009,0.7695,0.76959,1.00,1.00
2018.05.03 04:44:59.212,0.7695,0.7696,1.00,1.50
2018.05.03 04:45:02.924,0.7695,0.76961,1.00,3.60
2018.05.03 04:45:03.255,0.76954,0.76963,1.00,1.00
2018.05.03 04:45:11.830,0.76953,0.76963,1.00,1.00
2018.05.03 04:45:37.335,0.76953,0.7696,1.00,1.00
2018.05.03 04:45:37.386,0.76949,0.76958,1.00,1.00
2018.05.03 04:45:37.488,0.76947,0.76957,1.00,1.00
2018.05.03 04:45:44.432,0.76946,0.76956,2.10,1.50
2018.05.03 04:45:45.252,0.76946,0.76957,2.10,1.50
2018.05.03 04:45:45.354,0.76948,0.76958,1.00,1.50
2018.05.03 04:45:45.660,0.76951,0.76961,1.00,1.00
2018.05.03 04:45:45.766,0.76952,0.76963,1.35,1.50
2018.05.03 04:45:47.124,0.76952,0.76962,2.10,1.00
2018.05.03 04:45:47.643,0.76953,0.76963,1.00,2.25
2018.05.03 04:45:49.648,0.76952,0.76963,2.10,2.25
2018.05.03 04:45:52.879,0.76953,0.76963,1.00,1.50
2018.05.03 04:46:17.212,0.76954,0.76963,1.35,1.00
2018.05.03 04:46:17.263,0.76954,0.76965,1.35,2.25
2018.05.03 04:46:20.115,0.76955,0.76965,1.00,1.00
2018.05.03 04:46:28.543,0.76955,0.76964,1.00,1.00
2018.05.03 04:46:39.018,0.76955,0.76965,1.00,3.00
2018.05.03 04:46:39.626,0.76954,0.76964,1.50,1.00
2018.05.03 04:46:40.998,0.76955,0.76965,1.00,2.62
2018.05.03 04:46:48.389,0.76954,0.76964,1.50,1.12
2018.05.03 04:46:55.914,0.76954,0.76963,1.00,1.00
2018.05.03 04:46:56.141,0.76955,0.76965,1.00,3.60
2018.05.03 04:46:56.595,0.76953,0.76964,1.00,1.50
2018.05.03 04:46:57.120,0.76954,0.76965,1.00,2.85
2018.05.03 04:46:57.917,0.76955,0.76965,1.00,1.50
2018.05.03 04:46:58.427,0.76955,0.76966,1.00,1.50
2018.05.03 04:46:58.631,0.76954,0.76963,1.00,1.00
2018.05.03 04:46:58.733,0.76952,0.76962,2.25,1.50
2018.05.03 04:46:59.383,0.76951,0.76962,1.00,1.50
2018.05.03 04:46:59.949,0.76951,0.76961,1.00,1.00
2018.05.03 04:47:00.457,0.7695,0.7696,1.50,1.00
2018.05.03 04:47:33.841,0.76949,0.76959,1.50,1.00
2018.05.03 04:47:33.892,0.76947,0.76956,1.00,1.50
2018.05.03 04:47:33.995,0.76945,0.76955,1.00,1.00
2018.05.03 04:47:34.047,0.76942,0.76951,1.50,2.10
2018.05.03 04:47:34.150,0.76941,0.76951,1.00,1.50
2018.05.03 04:47:34.288,0.76943,0.76953,1.00,1.50
2018.05.03 04:47:35.234,0.76944,0.76954,1.00,1.50
2018.05.03 04:47:36.225,0.76944,0.76955,1.00,1.50
2018.05.03 04:47:36.554,0.76947,0.76957,1.00,1.00
2018.05.03 04:47:39.507,0.76946,0.76956,1.00,1.00
2018.05.03 04:47:40.224,0.76945,0.76955,2.10,1.00
2018.05.03 04:47:43.160,0.76946,0.76956,1.00,1.50
2018.05.03 04:47:43.467,0.76948,0.76958,1.00,2.25
2018.05.03 04:47:45.508,0.76949,0.76959,1.00,1.00
2018.05.03 04:47:47.120,0.76948,0.76958,1.00,1.00
2018.05.03 04:47:47.647,0.76947,0.76957,1.50,1.00
2018.05.03 04:47:48.169,0.76947,0.76956,1.00,1.00
2018.05.03 04:47:49.177,0.76946,0.76955,1.00,1.00
2018.05.03 04:47:49.711,0.76945,0.76954,1.00,1.00
2018.05.03 04:47:54.978,0.76945,0.76953,1.00,1.00
2018.05.03 04:47:55.838,0.76943,0.76953,1.50,1.00
2018.05.03 04:47:56.352,0.76943,0.76952,1.00,1.00
2018.05.03 04:47:56.839,0.76941,0.76951,2.10,1.00
2018.05.03 04:48:27.349,0.76941,0.7695,1.35,1.00
2018.05.03 04:48:27.602,0.76938,0.76948,1.50,1.00
2018.05.03 04:48:28.236,0.76938,0.76947,1.00,1.00
2018.05.03 04:48:32.909,0.76938,0.76948,1.00,1.00
2018.05.03 04:48:46.079,0.76938,0.76949,2.10,1.50
2018.05.03 04:48:49.700,0.76939,0.76949,1.00,1.00
2018.05.03 04:48:53.047,0.76939,0.7695,1.00,2.25
2018.05.03 04:49:27.385,0.76939,0.76949,1.00,1.00
2018.05.03 04:49:27.690,0.76937,0.76947,1.00,1.50
2018.05.03 04:49:29.637,0.76936,0.76947,2.10,1.00
2018.05.03 04:49:29.941,0.76943,0.76951,1.00,1.00
2018.05.03 04:49:30.498,0.76944,0.76951,1.00,1.00
2018.05.03 04:49:31.158,0.76944,0.76952,1.00,1.00
2018.05.03 04:49:33.709,0.76942,0.76952,1.00,1.50
2018.05.03 04:49:34.340,0.76944,0.76952,1.00,1.00
2018.05.03 04:49:34.441,0.76944,0.76954,1.00,1.00
2018.05.03 04:49:35.121,0.76943,0.76953,1.00,1.00
2018.05.03 04:49:35.657,0.76942,0.76951,1.00,1.00
2018.05.03 04:49:36.289,0.76941,0.76951,1.00,1.00
2018.05.03 04:49:39.898,0.76942,0.76951,1.00,1.00
2018.05.03 04:49:43.401,0.76944,0.76953,1.00,2.25
2018.05.03 04:49:43.658,0.76941,0.76951,1.50,1.00
2018.05.03 04:49:44.066,0.76944,0.76953,1.00,1.87
2018.05.03 04:49:44.579,0.76945,0.76953,1.00,1.87
2018.05.03 04:49:54.834,0.76945,0.76954,1.00,1.00
2018.05.03 04:50:04.098,0.76944,0.76954,1.00,1.50
2018.05.03 04:50:12.217,0.76945,0.76954,1.00,2.25
2018.05.03 04:50:12.819,0.76944,0.76953,1.00,1.00
2018.05.03 04:50:18.091,0.76943,0.76952,1.00,1.00
2018.05.03 04:50:18.769,0.76944,0.76952,1.00,1.00
2018.05.03 04:50:23.863,0.76946,0.76954,1.00,1.00
2018.05.03 04:50:23.965,0.76949,0.76958,1.00,3.00
2018.05.03 04:50:52.989,0.76949,0.76959,1.00,1.87
2018.05.03 04:50:54.194,0.76949,0.76958,1.00,1.00
2018.05.03 04:51:04.406,0.76949,0.76959,1.00,1.50
2018.05.03 04:51:18.481,0.76949,0.76958,1.00,1.00
2018.05.03 04:51:18.533,0.76947,0.76954,1.00,1.00
2018.05.03 04:51:18.585,0.76943,0.76952,1.00,1.00
2018.05.03 04:51:19.094,0.76944,0.76953,1.00,1.00
2018.05.03 04:51:19.214,0.76942,0.76952,1.00,1.00
2018.05.03 04:51:20.002,0.76941,0.76951,1.00,2.25
2018.05.03 04:51:24.093,0.76942,0.76951,1.00,1.50
2018.05.03 04:51:30.750,0.76941,0.76951,1.00,2.25
2018.05.03 04:51:35.654,0.76942,0.76951,1.00,1.00
2018.05.03 04:51:35.706,0.76943,0.76953,1.00,4.50
2018.05.03 04:51:35.757,0.76941,0.76951,1.00,1.00
2018.05.03 04:51:36.323,0.76941,0.7695,1.00,1.50
2018.05.03 04:51:54.879,0.76942,0.76951,1.00,1.00
2018.05.03 04:51:59.795,0.76942,0.76952,1.00,1.50
2018.05.03 04:52:05.320,0.76943,0.76952,1.00,1.00
2018.05.03 04:52:05.837,0.76943,0.76953,1.00,3.00
2018.05.03 04:52:45.513,0.76944,0.76953,1.00,1.50
2018.05.03 04:53:33.009,0.76943,0.76953,1.00,1.50
2018.05.03 04:53:44.162,0.76944,0.76954,1.00,1.50
2018.05.03 04:53:44.467,0.76946,0.76956,1.00,3.00
2018.05.03 04:53:45.171,0.76946,0.76957,1.00,2.25
2018.05.03 04:54:06.560,0.76946,0.76956,1.00,1.00
2018.05.03 04:54:07.317,0.76947,0.76957,1.00,1.50
2018.05.03 04:54:20.021,0.76947,0.76956,1.00,1.00
2018.05.03 04:54:20.542,0.76946,0.76956,1.00,1.50
2018.05.03 04:54:21.842,0.76945,0.76955,1.00,1.00
2018.05.03 04:54:22.561,0.76944,0.76955,1.35,1.50
2018.05.03 04:54:25.050,0.76945,0.76955,1.00,1.00
2018.05.03 04:54:25.861,0.76944,0.76955,1.35,1.00
2018.05.03 04:54:29.062,0.76944,0.76954,1.00,1.50
2018.05.03 04:54:51.815,0.76943,0.76954,1.00,1.50
2018.05.03 04:54:54.544,0.76943,0.76953,1.00,1.00
2018.05.03 04:54:58.594,0.76943,0.76954,1.00,1.50
2018.05.03 04:55:00.152,0.76941,0.76952,1.50,1.50
2018.05.03 04:55:00.683,0.76942,0.76952,1.35,1.50
2018.05.03 04:55:01.124,0.76947,0.76957,1.00,1.00
2018.05.03 04:55:01.656,0.76947,0.76956,1.00,1.00
2018.05.03 04:55:02.223,0.76946,0.76956,1.00,1.00
2018.05.03 04:55:04.900,0.76949,0.76957,2.85,2.25
2018.05.03 04:55:04.951,0.76949,0.76959,4.35,2.25
2018.05.03 04:55:05.003,0.76951,0.76961,2.10,1.50
2018.05.03 04:55:05.526,0.76951,0.76961,1.00,1.00
2018.05.03 04:55:06.011,0.76949,0.76959,1.50,1.50
2018.05.03 04:55:34.396,0.76949,0.76958,1.00,1.00
2018.05.03 04:55:34.498,0.76947,0.76957,1.50,1.00
2018.05.03 04:55:35.014,0.76946,0.76956,1.00,1.00
2018.05.03 04:55:35.571,0.76946,0.76955,1.00,1.00
2018.05.03 04:55:38.047,0.76946,0.76956,1.00,1.00
2018.05.03 04:55:39.365,0.76946,0.76957,1.00,1.50
2018.05.03 04:55:43.150,0.76947,0.76958,1.50,1.50
2018.05.03 04:55:43.354,0.7695,0.7696,1.00,1.50
2018.05.03 04:55:43.509,0.76954,0.76965,1.00,1.00
2018.05.03 04:55:44.148,0.76954,0.76964,1.00,1.50
2018.05.03 04:55:46.648,0.76952,0.76962,1.00,1.00
2018.05.03 04:55:47.094,0.7695,0.7696,1.00,1.00
2018.05.03 04:55:49.753,0.76951,0.76961,1.00,1.00
2018.05.03 04:55:50.267,0.76952,0.76962,1.35,1.00
2018.05.03 04:55:51.759,0.76953,0.76964,1.50,1.50
2018.05.03 04:55:52.476,0.76954,0.76964,1.00,1.00
2018.05.03 04:55:53.354,0.7695,0.7696,1.00,1.00
2018.05.03 04:55:53.742,0.76948,0.76959,1.35,1.50
2018.05.03 04:55:56.222,0.76949,0.76959,1.00,1.50
2018.05.03 04:55:58.544,0.76949,0.7696,1.00,2.25
2018.05.03 04:56:00.120,0.76949,0.76959,1.00,1.00
2018.05.03 04:56:04.810,0.76952,0.76962,1.00,1.50
2018.05.03 04:56:05.117,0.76955,0.76964,1.00,1.50
2018.05.03 04:56:10.417,0.76954,0.76964,1.00,1.50
2018.05.03 04:56:11.326,0.76953,0.76964,1.50,2.25
2018.05.03 04:56:19.185,0.76954,0.76964,1.00,1.50
2018.05.03 04:56:21.764,0.76956,0.76965,1.00,1.00
2018.05.03 04:56:22.275,0.76956,0.76966,1.50,1.00
2018.05.03 04:56:32.781,0.76956,0.76965,1.50,1.00
2018.05.03 04:56:33.284,0.76956,0.76966,1.50,2.25
2018.05.03 04:56:40.913,0.76955,0.76966,1.50,2.25
2018.05.03 04:56:41.524,0.76954,0.76965,2.25,1.00
2018.05.03 04:56:43.569,0.76955,0.76965,1.00,1.50
2018.05.03 04:56:44.107,0.76956,0.76966,1.00,2.25
2018.05.03 04:56:50.683,0.76957,0.76966,1.00,1.50
2018.05.03 04:56:52.724,0.76956,0.76965,1.00,1.00
2018.05.03 04:56:53.464,0.76957,0.76966,1.00,1.50
2018.05.03 04:56:54.319,0.76956,0.76966,1.00,1.50
2018.05.03 04:57:05.900,0.76955,0.76965,1.50,1.00
2018.05.03 04:57:09.871,0.76955,0.76964,1.00,1.00
2018.05.03 04:57:10.421,0.76955,0.76965,1.50,1.50
2018.05.03 04:57:23.639,0.76957,0.76966,1.00,1.50
2018.05.03 04:57:28.575,0.76957,0.76967,1.50,1.50
2018.05.03 04:57:32.216,0.76957,0.76966,1.50,1.00
2018.05.03 04:57:41.812,0.76958,0.76968,1.00,1.50
2018.05.03 04:57:41.966,0.7696,0.7697,2.25,1.00
2018.05.03 04:57:42.377,0.76961,0.76968,1.00,1.00
2018.05.03 04:57:42.428,0.76959,0.76968,1.00,1.00
2018.05.03 04:57:42.747,0.7696,0.7697,1.00,1.50
2018.05.03 04:57:42.799,0.76963,0.76972,1.00,1.50
2018.05.03 04:57:43.003,0.7696,0.7697,2.25,1.00
2018.05.03 04:57:43.313,0.76962,0.7697,1.00,1.00
2018.05.03 04:57:43.517,0.7696,0.76969,1.00,1.50
2018.05.03 04:57:44.021,0.76959,0.76969,1.50,1.50
2018.05.03 04:57:45.258,0.76957,0.76967,3.00,1.00
2018.05.03 04:57:45.769,0.76956,0.76966,1.35,1.00
2018.05.03 04:57:46.183,0.76958,0.76968,1.00,2.25
2018.05.03 04:57:46.796,0.76957,0.76967,1.00,1.00
2018.05.03 04:57:48.030,0.76957,0.76968,1.00,1.50
2018.05.03 04:57:50.323,0.76958,0.76968,1.00,2.25
2018.05.03 04:57:50.631,0.76944,0.76955,2.25,1.50
2018.05.03 04:57:52.606,0.76944,0.76954,1.50,1.50
2018.05.03 04:57:53.386,0.76943,0.76953,1.00,1.00
2018.05.03 04:57:54.545,0.76943,0.76952,1.00,1.00
2018.05.03 04:57:55.112,0.76942,0.76952,1.50,1.00
2018.05.03 04:57:57.221,0.76942,0.76951,1.50,1.00
2018.05.03 04:58:01.002,0.76942,0.76952,1.00,1.50
2018.05.03 04:58:04.049,0.76942,0.76951,1.00,1.00
2018.05.03 04:58:08.248,0.76943,0.76951,1.00,1.50
2018.05.03 04:58:08.299,0.76941,0.76951,2.25,1.50
2018.05.03 04:58:16.458,0.76942,0.76951,1.00,1.50
2018.05.03 04:58:17.466,0.76941,0.7695,1.00,1.00
2018.05.03 04:58:18.055,0.76944,0.76953,1.50,1.00
2018.05.03 04:58:18.157,0.76945,0.76955,1.50,1.50
2018.05.03 04:58:18.209,0.76948,0.76955,1.00,1.50
2018.05.03 04:58:18.866,0.76948,0.76956,1.00,1.50
2018.05.03 04:58:22.317,0.76948,0.76957,1.00,1.50
2018.05.03 04:58:24.545,0.76948,0.76956,1.00,1.00
2018.05.03 04:58:29.290,0.76948,0.76955,1.00,1.00
2018.05.03 04:58:29.807,0.76947,0.76954,1.00,1.00
2018.05.03 04:58:30.935,0.76947,0.76953,1.00,1.00
2018.05.03 04:58:33.037,0.76945,0.76953,2.25,1.00
2018.05.03 04:58:38.233,0.76944,0.76952,1.50,1.00
2018.05.03 04:58:50.160,0.76944,0.76951,1.50,1.00
2018.05.03 04:58:54.882,0.76943,0.76951,1.00,1.00
2018.05.03 04:58:59.549,0.76943,0.76949,1.00,1.00
2018.05.03 04:58:59.601,0.76945,0.76952,1.00,1.50
2018.05.03 04:58:59.703,0.76943,0.7695,1.50,1.00
2018.05.03 04:59:00.288,0.76943,0.76951,1.50,1.00
2018.05.03 04:59:01.888,0.76943,0.76952,1.50,1.00
2018.05.03 04:59:07.708,0.76945,0.76952,1.00,1.00
2018.05.03 04:59:08.693,0.76945,0.76951,1.00,1.00
2018.05.03 04:59:09.163,0.76942,0.76947,1.50,1.00
2018.05.03 04:59:09.265,0.7694,0.76946,1.00,1.00
2018.05.03 04:59:09.470,0.76938,0.76946,1.50,1.50
2018.05.03 04:59:12.126,0.76937,0.76946,3.00,1.00
2018.05.03 04:59:12.177,0.76939,0.76946,1.00,1.00
2018.05.03 04:59:12.329,0.76937,0.76945,2.25,1.00
2018.05.03 04:59:19.603,0.76937,0.76943,1.00,1.00
2018.05.03 04:59:19.847,0.76935,0.76943,1.50,1.00
2018.05.03 04:59:23.800,0.76935,0.76942,1.00,1.00
2018.05.03 04:59:24.356,0.76935,0.76943,1.00,1.00
2018.05.03 04:59:25.690,0.76933,0.76942,2.25,1.00
2018.05.03 04:59:28.205,0.76933,0.76941,1.50,1.50
2018.05.03 04:59:28.307,0.76931,0.7694,3.00,1.50
2018.05.03 04:59:28.358,0.76931,0.76938,1.00,1.00
2018.05.03 04:59:28.410,0.76929,0.76937,2.25,1.00
2018.05.03 04:59:28.676,0.7693,0.76939,1.50,1.00
2018.05.03 04:59:28.829,0.76932,0.7694,1.00,1.00
2018.05.03 04:59:28.880,0.76933,0.76942,1.00,1.50
2018.05.03 04:59:30.105,0.76935,0.76941,1.00,1.00
2018.05.03 04:59:30.156,0.76933,0.76941,1.50,1.00
2018.05.03 04:59:30.208,0.76935,0.76943,1.00,1.00
2018.05.03 04:59:30.733,0.76935,0.76944,1.50,1.00
2018.05.03 04:59:32.632,0.76936,0.76945,1.00,1.00
2018.05.03 04:59:38.406,0.76937,0.76946,1.50,1.00
2018.05.03 04:59:40.328,0.76938,0.76947,1.00,1.00
2018.05.03 04:59:43.888,0.76937,0.76946,1.50,1.00
2018.05.03 04:59:50.514,0.76938,0.76946,1.00,1.00
2018.05.03 04:59:52.679,0.76937,0.76946,1.50,1.00
2018.05.03 04:59:53.231,0.76938,0.76947,1.00,1.00
2018.05.03 04:59:56.259,0.76937,0.76946,1.50,1.00
2018.05.03 04:59:56.816,0.76937,0.76945,1.00,1.00
2018.05.03 04:59:58.427,0.76936,0.76945,1.00,1.00
