2011.08.12 01:00:00.006,0.63582,0.63616,1.88,1.50
2011.08.12 01:00:00.567,0.6358,0.63614,1.88,1.50
2011.08.12 01:00:01.669,0.6358,0.63614,1.88,1.50
2011.08.12 01:00:01.998,0.63581,0.63614,1.13,1.50
2011.08.12 01:00:02.240,0.63579,0.63612,1.13,1.50
2011.08.12 01:00:02.839,0.63577,0.63613,1.50,2.25
2011.08.12 01:00:03.178,0.63575,0.6361,1.35,1.50
2011.08.12 01:00:03.510,0.63574,0.6361,2.63,1.50
2011.08.12 01:00:03.630,0.63574,0.6361,2.63,1.50
2011.08.12 01:00:04.236,0.63575,0.63609,2.25,1.50
2011.08.12 01:00:05.288,0.63573,0.63607,2.25,1.50
2011.08.12 01:00:05.397,0.63572,0.63606,2.25,1.50
2011.08.12 01:00:06.090,0.63572,0.63606,3.00,1.50
2011.08.12 01:00:09.898,0.63569,0.63605,2.25,1.50
2011.08.12 01:00:10.007,0.63568,0.63602,2.25,1.50
2011.08.12 01:00:10.227,0.63571,0.63605,2.25,1.50
2011.08.12 01:00:12.199,0.63566,0.63598,1.50,1.50
2011.08.12 01:00:13.046,0.63566,0.63597,1.50,1.50
2011.08.12 01:00:13.598,0.63564,0.63597,1.13,1.50
2011.08.12 01:00:13.816,0.63562,0.63596,3.38,1.50
2011.08.12 01:00:14.036,0.63562,0.63594,1.13,1.50
2011.08.12 01:00:14.586,0.63562,0.63592,1.13,1.50
2011.08.12 01:00:15.376,0.63562,0.63591,1.13,1.50
2011.08.12 01:00:15.707,0.63562,0.63593,1.13,1.50
2011.08.12 01:00:16.310,0.63562,0.63592,1.13,1.50
2011.08.12 01:00:18.355,0.63562,0.63593,1.13,1.50
2011.08.12 01:00:18.881,0.63562,0.63592,1.13,1.50
2011.08.12 01:00:21.477,0.63562,0.63592,1.13,1.50
2011.08.12 01:00:23.883,0.63562,0.63592,1.13,1.50
2011.08.12 01:00:24.378,0.63563,0.63592,1.13,1.50
2011.08.12 01:00:24.487,0.63563,0.63594,1.13,1.50
2011.08.12 01:00:25.275,0.63563,0.63594,1.13,1.50
2011.08.12 01:00:25.387,0.63563,0.63596,1.13,1.50
2011.08.12 01:00:26.057,0.63563,0.63595,1.13,1.50
2011.08.12 01:00:34.238,0.63558,0.63591,1.50,1.50
2011.08.12 01:00:34.457,0.63557,0.63591,1.13,1.50
2011.08.12 01:00:35.054,0.63557,0.63591,1.13,1.50
2011.08.12 01:00:35.171,0.63556,0.63589,1.50,1.50
2011.08.12 01:00:35.925,0.63557,0.63591,3.00,1.50
2011.08.12 01:00:36.476,0.63561,0.6359,1.13,1.50
2011.08.12 01:00:36.698,0.63561,0.63596,1.88,1.50
2011.08.12 01:00:38.347,0.63562,0.63596,1.88,1.50
2011.08.12 01:00:39.703,0.63567,0.63596,1.50,1.50
2011.08.12 01:00:39.816,0.63567,0.63598,1.50,1.50
2011.08.12 01:00:40.368,0.63567,0.63596,1.50,1.50
2011.08.12 01:00:41.089,0.63567,0.63593,1.50,1.50
2011.08.12 01:00:41.638,0.63562,0.6359,1.50,1.50
2011.08.12 01:00:41.747,0.6356,0.63587,1.13,1.50
2011.08.12 01:00:41.858,0.6356,0.6359,1.13,1.50
2011.08.12 01:00:42.408,0.6356,0.6359,1.13,1.50
2011.08.12 01:00:42.629,0.63559,0.63588,1.35,1.50
2011.08.12 01:00:44.138,0.63559,0.6359,1.35,1.50
2011.08.12 01:00:45.126,0.63558,0.6359,1.13,1.50
2011.08.12 01:00:45.748,0.63557,0.6359,1.13,1.50
2011.08.12 01:00:48.566,0.63559,0.63593,1.13,1.50
2011.08.12 01:00:48.786,0.63561,0.63593,1.50,1.50
2011.08.12 01:00:49.006,0.63561,0.63593,1.50,1.50
2011.08.12 01:00:49.116,0.6356,0.63594,3.38,1.50
2011.08.12 01:00:50.186,0.6356,0.63596,3.38,1.50
2011.08.12 01:00:50.806,0.6356,0.63593,1.88,1.50
2011.08.12 01:00:51.687,0.63561,0.63593,1.50,1.50
2011.08.12 01:00:56.177,0.6356,0.63594,2.63,1.50
2011.08.12 01:00:56.507,0.63563,0.63594,1.13,1.50
2011.08.12 01:00:57.457,0.63563,0.63595,1.13,1.50
2011.08.12 01:00:58.557,0.6356,0.63594,2.63,1.50
2011.08.12 01:00:59.168,0.63557,0.6359,1.13,1.50
2011.08.12 01:01:02.331,0.63561,0.63593,1.13,1.50
2011.08.12 01:01:02.448,0.63561,0.63595,3.38,1.50
2011.08.12 01:01:02.557,0.63561,0.63595,3.38,1.50
2011.08.12 01:01:03.218,0.63563,0.63594,1.13,1.50
2011.08.12 01:01:03.911,0.63562,0.63594,1.13,1.50
2011.08.12 01:01:05.517,0.63557,0.63591,1.50,1.50
2011.08.12 01:01:05.737,0.63557,0.63588,1.50,1.50
2011.08.12 01:01:05.848,0.63555,0.63587,1.13,1.50
2011.08.12 01:01:09.086,0.63554,0.6359,3.38,1.50
2011.08.12 01:01:09.526,0.63557,0.6359,1.50,1.50
2011.08.12 01:01:10.233,0.63557,0.63589,1.50,1.50
2011.08.12 01:01:11.897,0.63555,0.63589,2.25,2.25
2011.08.12 01:01:12.008,0.63548,0.63583,3.00,1.50
2011.08.12 01:01:12.117,0.63547,0.63583,3.00,2.25
2011.08.12 01:01:12.338,0.63558,0.63588,1.35,1.50
2011.08.12 01:01:12.556,0.63558,0.63592,1.35,1.50
2011.08.12 01:01:12.667,0.63558,0.63592,1.35,1.50
2011.08.12 01:01:13.329,0.63558,0.63592,2.85,1.50
2011.08.12 01:01:13.767,0.63556,0.6359,2.25,1.50
2011.08.12 01:01:14.207,0.63554,0.63587,1.35,1.50
2011.08.12 01:01:17.456,0.63557,0.6359,1.50,1.50
2011.08.12 01:01:18.937,0.63557,0.6359,1.50,1.50
2011.08.12 01:01:21.808,0.63557,0.63589,1.50,1.50
2011.08.12 01:01:22.249,0.63556,0.63589,1.50,1.50
2011.08.12 01:01:22.799,0.63556,0.63589,1.50,1.50
2011.08.12 01:01:22.925,0.63554,0.63588,2.25,1.50
2011.08.12 01:01:23.152,0.63557,0.63589,1.50,1.50
2011.08.12 01:01:23.598,0.63557,0.63586,1.50,1.50
2011.08.12 01:01:23.818,0.63557,0.63588,1.50,1.50
2011.08.12 01:01:24.148,0.63554,0.6359,2.25,1.50
2011.08.12 01:01:24.369,0.63554,0.63588,2.25,1.50
2011.08.12 01:01:26.123,0.63551,0.63587,3.00,1.50
2011.08.12 01:01:26.752,0.63552,0.63587,1.50,1.50
2011.08.12 01:01:27.337,0.63552,0.63585,1.50,1.50
2011.08.12 01:01:27.887,0.63552,0.63585,1.50,1.50
2011.08.12 01:01:28.437,0.6355,0.63584,2.25,2.25
2011.08.12 01:01:28.769,0.63549,0.63581,1.35,1.50
2011.08.12 01:01:28.890,0.63543,0.63579,2.25,1.50
2011.08.12 01:01:29.446,0.63541,0.63577,3.00,1.50
2011.08.12 01:01:30.781,0.63541,0.63576,1.50,1.50
2011.08.12 01:01:32.345,0.63542,0.63578,2.25,1.50
2011.08.12 01:01:32.566,0.63541,0.63576,1.50,1.50
2011.08.12 01:01:32.787,0.6354,0.63576,2.25,1.50
2011.08.12 01:01:33.116,0.63538,0.63574,2.25,1.50
2011.08.12 01:01:33.447,0.63537,0.63571,2.25,1.50
2011.08.12 01:01:37.810,0.63536,0.63567,1.50,1.50
2011.08.12 01:01:37.930,0.63536,0.63567,1.50,1.50
2011.08.12 01:01:38.158,0.63532,0.63567,1.50,1.50
2011.08.12 01:01:38.377,0.63529,0.63563,2.25,1.50
2011.08.12 01:01:38.486,0.63526,0.6356,2.25,1.50
2011.08.12 01:01:38.597,0.63521,0.63557,1.50,1.50
2011.08.12 01:01:38.706,0.63517,0.63551,1.50,1.50
2011.08.12 01:01:39.037,0.63513,0.63545,2.25,1.50
2011.08.12 01:01:39.877,0.63511,0.63545,2.25,1.50
2011.08.12 01:01:40.109,0.63507,0.63541,2.25,1.50
2011.08.12 01:01:40.341,0.63508,0.63542,1.13,1.50
2011.08.12 01:01:40.678,0.63506,0.63538,1.50,1.50
2011.08.12 01:01:40.900,0.63502,0.63538,2.25,1.50
2011.08.12 01:01:41.019,0.63501,0.63536,1.50,1.50
2011.08.12 01:01:41.129,0.63502,0.63538,2.25,1.50
2011.08.12 01:01:41.458,0.63504,0.6354,2.25,1.50
2011.08.12 01:01:41.788,0.63502,0.63538,2.25,1.50
2011.08.12 01:01:42.118,0.63502,0.63536,2.25,1.50
2011.08.12 01:01:42.777,0.63499,0.63533,2.25,1.50
2011.08.12 01:01:43.528,0.63498,0.63532,2.25,1.50
2011.08.12 01:01:43.651,0.635,0.63534,2.25,1.50
2011.08.12 01:01:43.989,0.63497,0.63533,2.25,1.50
2011.08.12 01:01:44.317,0.635,0.63534,2.25,1.50
2011.08.12 01:01:44.540,0.635,0.63534,2.25,1.50
2011.08.12 01:01:44.659,0.63498,0.63532,3.75,1.50
2011.08.12 01:01:46.294,0.63499,0.63533,2.25,1.50
2011.08.12 01:01:47.636,0.63499,0.63533,2.25,1.50
2011.08.12 01:01:48.195,0.63502,0.63534,1.50,1.50
2011.08.12 01:01:49.116,0.63496,0.63532,2.25,1.50
2011.08.12 01:01:49.234,0.63493,0.63526,2.25,1.50
2011.08.12 01:01:49.348,0.63494,0.6353,2.25,1.50
2011.08.12 01:01:49.571,0.63492,0.63528,1.50,2.25
2011.08.12 01:01:49.691,0.63488,0.63524,1.50,2.25
2011.08.12 01:01:49.810,0.63484,0.63518,2.25,1.50
2011.08.12 01:01:50.148,0.63489,0.63525,1.50,1.50
2011.08.12 01:01:50.258,0.63487,0.63521,2.25,1.50
2011.08.12 01:01:50.366,0.63489,0.63525,1.50,1.50
2011.08.12 01:01:50.479,0.63486,0.6352,2.25,1.50
2011.08.12 01:01:51.027,0.63486,0.6352,1.50,1.50
2011.08.12 01:01:51.358,0.63483,0.63519,2.25,1.50
2011.08.12 01:01:51.859,0.63482,0.63516,2.25,1.50
2011.08.12 01:01:52.788,0.63484,0.63518,2.25,1.50
2011.08.12 01:01:53.007,0.63487,0.63521,2.25,1.50
2011.08.12 01:01:53.118,0.63487,0.63521,2.25,1.50
2011.08.12 01:01:53.666,0.63487,0.63523,2.25,1.50
2011.08.12 01:01:53.777,0.63487,0.63523,1.50,2.25
2011.08.12 01:01:54.436,0.63487,0.63523,1.50,1.50
2011.08.12 01:01:54.897,0.6349,0.63524,1.50,1.50
2011.08.12 01:01:55.839,0.63488,0.63524,1.50,1.50
2011.08.12 01:01:56.968,0.63485,0.63521,2.25,1.50
2011.08.12 01:01:57.076,0.63491,0.63527,1.50,2.25
2011.08.12 01:01:57.187,0.63487,0.63521,2.25,1.50
2011.08.12 01:01:57.517,0.6349,0.63526,2.25,1.50
2011.08.12 01:01:57.737,0.6349,0.63524,2.25,1.50
2011.08.12 01:01:58.809,0.63492,0.63526,1.50,1.50
2011.08.12 01:02:01.794,0.63486,0.6352,2.25,1.50
2011.08.12 01:02:02.128,0.63482,0.63518,2.25,2.25
2011.08.12 01:02:02.238,0.63484,0.63518,1.50,2.25
2011.08.12 01:02:02.567,0.63484,0.63518,2.25,1.50
2011.08.12 01:02:02.678,0.63485,0.63521,2.25,1.50
2011.08.12 01:02:04.238,0.63485,0.63521,1.50,2.25
2011.08.12 01:02:04.363,0.63483,0.63519,1.50,2.25
2011.08.12 01:02:04.960,0.63483,0.63517,1.50,1.50
2011.08.12 01:02:05.642,0.63487,0.63523,1.50,2.25
2011.08.12 01:02:05.980,0.63487,0.63521,2.25,1.50
2011.08.12 01:02:06.098,0.6349,0.63526,2.25,1.50
2011.08.12 01:02:06.696,0.6349,0.63526,2.25,1.50
2011.08.12 01:02:07.207,0.63493,0.63527,2.25,1.50
2011.08.12 01:02:07.514,0.63493,0.63527,2.25,1.50
2011.08.12 01:02:07.846,0.63491,0.63525,2.25,1.50
2011.08.12 01:02:07.957,0.63494,0.6353,2.25,1.50
2011.08.12 01:02:08.178,0.63492,0.63526,2.25,1.50
2011.08.12 01:02:08.700,0.63492,0.63526,2.25,1.50
2011.08.12 01:02:08.929,0.63493,0.63529,1.50,1.50
2011.08.12 01:02:09.487,0.63493,0.63529,2.25,1.50
2011.08.12 01:02:09.597,0.63493,0.63529,1.50,2.25
2011.08.12 01:02:10.501,0.63497,0.63531,1.50,1.50
2011.08.12 01:02:10.837,0.63492,0.63525,1.50,1.50
2011.08.12 01:02:11.277,0.63489,0.63525,1.50,1.50
2011.08.12 01:02:11.900,0.63489,0.63525,2.25,1.50
2011.08.12 01:02:12.300,0.63488,0.63524,2.25,1.50
2011.08.12 01:02:12.636,0.63487,0.63522,1.50,1.50
2011.08.12 01:02:13.188,0.63485,0.63521,2.25,2.25
2011.08.12 01:02:13.736,0.63488,0.63522,2.25,1.50
2011.08.12 01:02:14.737,0.63486,0.63522,2.25,2.25
2011.08.12 01:02:15.463,0.63488,0.63524,1.50,2.25
2011.08.12 01:02:16.989,0.63493,0.63529,2.25,1.50
2011.08.12 01:02:17.097,0.6349,0.63524,2.25,1.50
2011.08.12 01:02:17.649,0.6349,0.63526,2.25,1.50
2011.08.12 01:02:18.558,0.6349,0.63524,2.25,1.50
2011.08.12 01:02:18.888,0.6349,0.63524,2.25,1.50
2011.08.12 01:02:20.439,0.63493,0.63527,2.25,1.50
2011.08.12 01:02:20.549,0.63493,0.63529,2.25,1.50
2011.08.12 01:02:20.658,0.63493,0.63529,1.50,1.50
2011.08.12 01:02:21.255,0.63494,0.6353,2.25,1.50
2011.08.12 01:02:21.699,0.63492,0.63525,1.50,1.50
2011.08.12 01:02:22.267,0.63489,0.63525,2.25,1.50
2011.08.12 01:02:22.378,0.63489,0.63525,1.50,2.25
2011.08.12 01:02:22.499,0.63489,0.63525,2.25,2.25
2011.08.12 01:02:22.868,0.63489,0.63525,1.50,2.25
2011.08.12 01:02:22.982,0.63489,0.63525,2.25,1.50
2011.08.12 01:02:23.102,0.63489,0.63525,2.25,1.50
2011.08.12 01:02:23.329,0.63489,0.63523,2.25,1.50
2011.08.12 01:02:23.881,0.63491,0.63527,2.25,1.50
2011.08.12 01:02:24.503,0.63492,0.63525,1.50,1.50
2011.08.12 01:02:24.630,0.63492,0.63528,3.00,1.50
2011.08.12 01:02:26.136,0.63492,0.63527,1.50,1.50
2011.08.12 01:02:26.248,0.63491,0.63527,2.25,1.50
2011.08.12 01:02:26.797,0.63492,0.63527,1.50,1.50
2011.08.12 01:02:26.907,0.63492,0.63527,1.50,1.50
2011.08.12 01:02:30.077,0.63492,0.63527,1.50,1.50
2011.08.12 01:02:30.189,0.63496,0.63529,1.50,1.50
2011.08.12 01:02:30.747,0.63496,0.63532,2.25,1.50
2011.08.12 01:02:30.865,0.63493,0.63527,1.50,1.50
2011.08.12 01:02:30.979,0.6349,0.63526,2.25,1.50
2011.08.12 01:02:31.088,0.63487,0.63521,3.00,1.50
2011.08.12 01:02:31.417,0.63491,0.63527,2.25,1.50
2011.08.12 01:02:31.527,0.63496,0.6353,2.25,1.50
2011.08.12 01:02:35.208,0.63492,0.63528,2.25,1.50
2011.08.12 01:02:35.537,0.63496,0.63532,2.25,1.50
2011.08.12 01:02:36.119,0.63497,0.63531,2.25,1.50
2011.08.12 01:02:36.732,0.63496,0.6353,2.25,1.50
2011.08.12 01:02:36.850,0.63496,0.63532,2.25,1.50
2011.08.12 01:02:36.967,0.63496,0.6353,2.25,1.50
2011.08.12 01:02:38.636,0.63497,0.63531,2.25,1.50
2011.08.12 01:02:39.841,0.63497,0.63533,2.25,1.50
2011.08.12 01:02:39.960,0.63497,0.63533,2.25,1.50
2011.08.12 01:02:40.409,0.63497,0.63533,2.25,1.50
2011.08.12 01:02:41.473,0.63495,0.63539,2.25,1.50
2011.08.12 01:02:42.467,0.63489,0.63533,2.25,1.50
2011.08.12 01:02:43.859,0.63491,0.63533,2.25,1.50
2011.08.12 01:02:44.407,0.63489,0.63525,2.25,1.50
2011.08.12 01:02:44.628,0.63489,0.63525,2.25,1.50
2011.08.12 01:02:45.539,0.63489,0.63525,2.25,1.50
2011.08.12 01:02:46.088,0.63488,0.63524,2.25,1.50
2011.08.12 01:02:46.527,0.63494,0.63528,2.25,1.50
2011.08.12 01:02:46.637,0.63494,0.63528,1.50,1.50
2011.08.12 01:02:48.757,0.63494,0.63528,2.25,1.50
2011.08.12 01:02:50.397,0.63492,0.63526,2.25,1.50
2011.08.12 01:02:50.617,0.63493,0.63529,2.25,1.50
2011.08.12 01:02:51.208,0.63492,0.63526,2.25,1.50
2011.08.12 01:02:51.756,0.63493,0.63529,2.25,1.50
2011.08.12 01:02:54.656,0.63493,0.63527,2.25,1.50
2011.08.12 01:02:55.330,0.63493,0.63527,1.50,1.50
2011.08.12 01:02:56.207,0.63492,0.63526,2.25,1.50
2011.08.12 01:02:57.346,0.6349,0.63524,2.25,1.50
2011.08.12 01:02:57.787,0.6349,0.63526,2.25,1.50
2011.08.12 01:02:58.348,0.63488,0.63524,2.25,1.50
2011.08.12 01:02:58.567,0.63488,0.63524,1.50,1.50
2011.08.12 01:03:00.172,0.6349,0.63524,1.50,1.50
2011.08.12 01:03:00.729,0.63489,0.63523,1.50,1.50
2011.08.12 01:03:01.057,0.63487,0.63521,2.25,1.50
2011.08.12 01:03:01.606,0.63488,0.63522,1.50,1.50
2011.08.12 01:03:04.478,0.63486,0.6352,2.25,1.50
2011.08.12 01:03:06.569,0.63487,0.63523,2.25,1.50
2011.08.12 01:03:07.767,0.63487,0.6352,1.50,1.50
2011.08.12 01:03:08.317,0.63487,0.63517,1.50,1.50
2011.08.12 01:03:08.979,0.63487,0.63518,1.50,1.50
2011.08.12 01:03:09.207,0.63489,0.63523,2.25,1.50
2011.08.12 01:03:09.427,0.63487,0.63521,1.50,1.50
2011.08.12 01:03:11.377,0.63481,0.63517,3.00,1.50
2011.08.12 01:03:13.337,0.63481,0.63514,1.50,1.50
2011.08.12 01:03:13.668,0.63482,0.63515,1.50,1.50
2011.08.12 01:03:13.887,0.63481,0.63515,1.50,1.50
2011.08.12 01:03:14.107,0.63481,0.63515,3.00,1.50
2011.08.12 01:03:14.327,0.63481,0.63517,3.00,1.50
2011.08.12 01:03:15.056,0.63484,0.63518,2.25,1.50
2011.08.12 01:03:16.297,0.63482,0.63517,1.50,1.50
2011.08.12 01:03:16.409,0.63479,0.63515,2.25,1.50
2011.08.12 01:03:16.627,0.63477,0.63511,2.25,1.50
2011.08.12 01:03:17.198,0.63477,0.63511,2.25,1.50
2011.08.12 01:03:17.309,0.63475,0.63486,1.50,1.50
2011.08.12 01:03:17.434,0.63471,0.63486,1.50,1.50
2011.08.12 01:03:17.550,0.63465,0.63486,1.50,1.50
2011.08.12 01:03:17.668,0.63465,0.63499,1.50,1.50
2011.08.12 01:03:18.268,0.63459,0.63493,1.50,1.50
2011.08.12 01:03:18.390,0.6346,0.63496,1.50,1.50
2011.08.12 01:03:19.117,0.63459,0.63493,1.50,1.50
2011.08.12 01:03:19.948,0.63459,0.63495,1.50,1.50
2011.08.12 01:03:21.580,0.63458,0.63494,1.50,1.50
2011.08.12 01:03:22.627,0.63457,0.63491,1.50,1.50
2011.08.12 01:03:23.597,0.63459,0.63495,1.50,1.50
2011.08.12 01:03:24.381,0.63456,0.6349,1.50,1.50
2011.08.12 01:03:24.858,0.63456,0.63492,1.50,1.50
2011.08.12 01:03:26.348,0.63458,0.63494,1.50,1.50
2011.08.12 01:03:28.067,0.63459,0.63495,1.50,2.25
2011.08.12 01:03:29.101,0.63459,0.63493,1.50,1.50
2011.08.12 01:03:29.620,0.63454,0.6349,1.50,1.50
2011.08.12 01:03:30.355,0.6346,0.63494,1.50,1.50
2011.08.12 01:03:30.691,0.63465,0.63496,1.50,1.50
2011.08.12 01:03:31.270,0.63466,0.63496,1.50,1.50
2011.08.12 01:03:31.897,0.63465,0.63497,1.50,1.50
2011.08.12 01:03:32.119,0.63463,0.63497,1.50,3.00
2011.08.12 01:03:32.777,0.63464,0.63497,1.50,1.50
2011.08.12 01:03:33.657,0.63462,0.63496,1.50,1.50
2011.08.12 01:03:34.293,0.6345,0.63486,1.50,1.50
2011.08.12 01:03:34.408,0.63455,0.63491,1.50,1.50
2011.08.12 01:03:34.739,0.63457,0.63491,1.50,1.50
2011.08.12 01:03:35.070,0.6346,0.63494,1.50,1.50
2011.08.12 01:03:35.189,0.63466,0.63502,1.50,1.50
2011.08.12 01:03:35.979,0.63465,0.63499,1.50,1.50
2011.08.12 01:03:37.577,0.63466,0.635,1.50,1.50
2011.08.12 01:03:39.460,0.63458,0.63494,1.50,1.50
2011.08.12 01:03:39.919,0.63457,0.63491,1.50,1.50
2011.08.12 01:03:40.248,0.63454,0.63488,1.50,1.50
2011.08.12 01:03:41.018,0.63453,0.63487,1.50,1.50
2011.08.12 01:03:43.019,0.63453,0.63489,1.50,1.50
2011.08.12 01:03:44.255,0.63453,0.63489,2.25,1.50
2011.08.12 01:03:47.349,0.63453,0.63489,1.50,1.50
2011.08.12 01:03:47.899,0.63452,0.63488,1.50,1.50
2011.08.12 01:03:48.009,0.63455,0.63489,1.50,1.50
2011.08.12 01:03:48.931,0.63456,0.63492,1.50,2.25
2011.08.12 01:03:49.047,0.63456,0.6349,1.50,1.50
2011.08.12 01:03:49.268,0.63456,0.63492,1.50,2.25
2011.08.12 01:03:50.027,0.63459,0.63493,1.50,2.25
2011.08.12 01:03:50.468,0.6346,0.63494,1.50,1.50
2011.08.12 01:03:51.018,0.63459,0.63495,1.50,1.50
2011.08.12 01:03:51.300,0.63461,0.63497,1.50,1.50
2011.08.12 01:03:51.635,0.63458,0.63494,2.25,1.50
2011.08.12 01:03:53.760,0.63458,0.63494,2.25,2.25
2011.08.12 01:03:54.207,0.63457,0.63491,1.50,1.50
2011.08.12 01:03:56.918,0.63456,0.63492,1.50,1.50
2011.08.12 01:03:57.467,0.63455,0.63491,2.25,1.88
2011.08.12 01:03:57.800,0.6345,0.63484,1.50,1.50
2011.08.12 01:03:57.918,0.63452,0.63488,1.50,2.25
2011.08.12 01:03:58.028,0.6345,0.63486,2.25,1.50
2011.08.12 01:03:59.190,0.63446,0.63482,2.25,1.50
2011.08.12 01:04:00.080,0.63449,0.63485,1.50,1.50
2011.08.12 01:04:00.418,0.63449,0.63483,2.25,1.50
2011.08.12 01:04:00.748,0.6345,0.63486,1.50,2.25
2011.08.12 01:04:01.517,0.63453,0.63487,1.50,2.25
2011.08.12 01:04:02.527,0.63453,0.63487,1.50,1.50
2011.08.12 01:04:03.255,0.6345,0.63484,1.50,2.25
2011.08.12 01:04:03.389,0.63447,0.63483,2.25,1.50
2011.08.12 01:04:05.839,0.63446,0.63481,1.50,1.50
2011.08.12 01:04:06.070,0.63445,0.63481,2.25,1.50
2011.08.12 01:04:06.189,0.63444,0.63478,2.25,1.50
2011.08.12 01:04:06.630,0.63441,0.63475,3.00,1.50
2011.08.12 01:04:06.858,0.63441,0.63477,3.00,1.50
2011.08.12 01:04:06.969,0.63441,0.63473,1.50,1.50
2011.08.12 01:04:07.189,0.6344,0.63473,1.88,1.50
2011.08.12 01:04:07.519,0.6344,0.6347,1.50,1.50
2011.08.12 01:04:07.628,0.63433,0.63469,2.25,1.50
2011.08.12 01:04:08.246,0.63436,0.6347,1.50,2.25
2011.08.12 01:04:09.087,0.63437,0.63471,1.50,1.50
2011.08.12 01:04:09.308,0.63432,0.63468,1.50,1.50
2011.08.12 01:04:09.417,0.63432,0.63468,2.25,1.50
2011.08.12 01:04:09.747,0.63433,0.63467,1.50,2.25
2011.08.12 01:04:10.080,0.63437,0.63473,2.25,1.50
2011.08.12 01:04:10.529,0.63436,0.63472,2.25,1.50
2011.08.12 01:04:10.639,0.63432,0.63466,1.50,2.25
2011.08.12 01:04:10.968,0.63431,0.63467,2.25,1.50
2011.08.12 01:04:11.579,0.63433,0.63469,2.25,1.50
2011.08.12 01:04:11.687,0.63432,0.63466,2.25,1.50
2011.08.12 01:04:12.137,0.63435,0.63471,2.25,1.50
2011.08.12 01:04:12.359,0.63439,0.63475,2.25,1.50
2011.08.12 01:04:12.468,0.63441,0.63477,2.25,1.50
2011.08.12 01:04:12.688,0.63441,0.63477,2.25,1.50
2011.08.12 01:04:13.897,0.63441,0.63477,3.00,1.50
2011.08.12 01:04:14.008,0.63443,0.63479,2.25,1.50
2011.08.12 01:04:14.597,0.63444,0.63478,1.50,1.50
2011.08.12 01:04:15.277,0.63441,0.63477,2.25,1.50
2011.08.12 01:04:15.611,0.6344,0.63474,2.25,1.50
2011.08.12 01:04:15.840,0.63438,0.63472,1.50,1.50
2011.08.12 01:04:16.068,0.63436,0.63472,2.25,1.50
2011.08.12 01:04:16.181,0.63433,0.63469,1.50,1.50
2011.08.12 01:04:16.809,0.63433,0.63469,2.25,1.50
2011.08.12 01:04:18.129,0.63433,0.63469,1.50,1.50
2011.08.12 01:04:18.349,0.63433,0.63469,2.25,1.50
2011.08.12 01:04:18.458,0.63435,0.63471,2.25,1.50
2011.08.12 01:04:18.568,0.63435,0.63471,2.25,1.50
2011.08.12 01:04:19.008,0.63437,0.63473,2.25,1.50
2011.08.12 01:04:19.567,0.6344,0.63474,2.25,1.50
2011.08.12 01:04:19.897,0.6344,0.63474,2.25,1.50
2011.08.12 01:04:20.007,0.63441,0.63477,2.25,1.50
2011.08.12 01:04:20.118,0.63446,0.63477,1.50,1.50
2011.08.12 01:04:20.338,0.63444,0.63478,2.25,1.50
2011.08.12 01:04:21.330,0.63443,0.63479,2.25,1.50
2011.08.12 01:04:22.099,0.63442,0.63472,1.50,1.50
2011.08.12 01:04:22.539,0.63442,0.63474,1.50,1.50
2011.08.12 01:04:22.760,0.6344,0.63474,2.25,1.50
2011.08.12 01:04:23.097,0.63438,0.63472,1.13,1.50
2011.08.12 01:04:23.207,0.63436,0.63472,2.25,2.25
2011.08.12 01:04:23.316,0.63431,0.63467,3.38,1.50
2011.08.12 01:04:23.757,0.63431,0.63462,1.88,1.50
2011.08.12 01:04:24.086,0.63431,0.63466,1.88,1.50
2011.08.12 01:04:24.197,0.6343,0.63466,2.25,1.50
2011.08.12 01:04:24.312,0.63429,0.63462,1.35,1.50
2011.08.12 01:04:25.173,0.63429,0.63462,1.35,2.25
2011.08.12 01:04:25.400,0.63429,0.63462,1.35,1.50
2011.08.12 01:04:25.626,0.63429,0.63462,1.35,2.25
2011.08.12 01:04:26.158,0.63429,0.63462,1.35,1.50
2011.08.12 01:04:26.487,0.63429,0.63459,1.35,1.50
2011.08.12 01:04:27.036,0.63425,0.63459,2.25,1.50
2011.08.12 01:04:27.367,0.63418,0.63452,2.25,1.50
2011.08.12 01:04:27.587,0.63415,0.63449,2.25,1.50
2011.08.12 01:04:28.528,0.63408,0.63444,1.50,1.50
2011.08.12 01:04:28.748,0.63411,0.63447,1.50,2.25
2011.08.12 01:04:29.077,0.63402,0.63436,1.50,1.50
2011.08.12 01:04:29.189,0.63408,0.63437,1.50,1.50
2011.08.12 01:04:29.298,0.63404,0.63438,1.50,1.50
2011.08.12 01:04:29.629,0.63402,0.63436,1.50,1.50
2011.08.12 01:04:29.959,0.63404,0.6344,1.50,2.25
2011.08.12 01:04:30.633,0.63406,0.63442,1.50,2.25
2011.08.12 01:04:30.752,0.6341,0.63444,1.50,1.50
2011.08.12 01:04:32.166,0.63405,0.63441,1.50,1.50
2011.08.12 01:04:32.608,0.63407,0.63441,1.50,1.50
2011.08.12 01:04:33.272,0.63408,0.63442,1.50,1.50
2011.08.12 01:04:33.606,0.6341,0.63444,1.50,1.50
2011.08.12 01:04:34.519,0.63412,0.63446,1.50,1.50
2011.08.12 01:04:34.629,0.63413,0.63449,1.50,1.50
2011.08.12 01:04:35.477,0.63411,0.63447,1.50,1.50
2011.08.12 01:04:36.867,0.63411,0.63447,2.25,1.50
2011.08.12 01:04:39.644,0.63412,0.63447,1.50,1.50
2011.08.12 01:04:39.979,0.63418,0.6345,1.13,1.50
2011.08.12 01:04:40.090,0.63422,0.63456,2.25,1.50
2011.08.12 01:04:40.308,0.63424,0.63458,1.50,1.50
2011.08.12 01:04:41.127,0.63422,0.63456,2.25,1.50
2011.08.12 01:04:43.117,0.63419,0.63455,2.25,1.50
2011.08.12 01:04:46.009,0.63418,0.63454,2.25,1.50
2011.08.12 01:04:46.231,0.63425,0.63461,1.50,3.00
2011.08.12 01:04:46.348,0.6342,0.63454,2.25,1.50
2011.08.12 01:04:46.680,0.63419,0.63453,2.25,1.50
2011.08.12 01:04:46.908,0.63423,0.63457,1.50,1.50
2011.08.12 01:04:48.596,0.63421,0.63457,2.25,1.50
2011.08.12 01:04:50.928,0.63423,0.63457,1.50,1.50
2011.08.12 01:04:51.575,0.63424,0.63458,1.50,1.50
2011.08.12 01:05:01.798,0.63424,0.63458,2.25,1.50
2011.08.12 01:05:02.019,0.63424,0.6346,1.50,1.50
2011.08.12 01:05:02.128,0.63424,0.63459,1.50,1.50
2011.08.12 01:05:02.238,0.63414,0.63446,2.25,1.13
2011.08.12 01:05:02.458,0.63415,0.63449,1.35,1.50
2011.08.12 01:05:02.567,0.63419,0.63453,2.25,1.50
2011.08.12 01:05:03.244,0.6342,0.63454,2.25,1.50
2011.08.12 01:05:03.356,0.63415,0.63451,2.85,1.50
2011.08.12 01:05:04.038,0.63418,0.63452,2.25,1.50
2011.08.12 01:05:04.635,0.63421,0.63455,2.25,2.25
2011.08.12 01:05:05.416,0.63416,0.63452,2.25,1.50
2011.08.12 01:05:06.209,0.63416,0.6345,2.25,1.50
2011.08.12 01:05:06.318,0.63416,0.6345,2.25,1.50
2011.08.12 01:05:06.867,0.63417,0.63451,1.50,1.50
2011.08.12 01:05:07.427,0.63417,0.63451,1.50,2.25
2011.08.12 01:05:07.978,0.63418,0.63454,1.50,2.25
2011.08.12 01:05:11.708,0.6342,0.63456,1.50,2.25
2011.08.12 01:05:11.929,0.6342,0.63456,2.25,1.50
2011.08.12 01:05:16.597,0.63422,0.63456,2.25,1.50
2011.08.12 01:05:16.706,0.63422,0.63458,2.25,2.25
2011.08.12 01:05:20.457,0.63421,0.63455,2.25,1.50
2011.08.12 01:05:20.568,0.63418,0.63454,1.50,1.50
2011.08.12 01:05:21.447,0.63417,0.63451,2.25,1.50
2011.08.12 01:05:23.371,0.63418,0.63452,1.50,1.50
2011.08.12 01:05:26.259,0.6342,0.63454,2.25,1.50
2011.08.12 01:05:26.807,0.63417,0.63451,1.50,1.50
2011.08.12 01:05:27.519,0.63415,0.63449,2.25,1.50
2011.08.12 01:05:27.738,0.63412,0.63448,3.00,1.50
2011.08.12 01:05:28.502,0.6341,0.63446,2.25,1.50
2011.08.12 01:05:29.057,0.63411,0.63447,2.25,1.50
2011.08.12 01:05:29.500,0.6341,0.63444,2.25,1.50
2011.08.12 01:05:30.328,0.63411,0.63444,1.50,1.50
2011.08.12 01:05:30.438,0.63412,0.63446,2.25,1.50
2011.08.12 01:05:30.942,0.63412,0.63446,2.25,1.50
2011.08.12 01:05:32.949,0.63414,0.63448,1.50,1.50
2011.08.12 01:05:36.268,0.63413,0.63449,2.63,1.50
2011.08.12 01:05:37.259,0.63419,0.63455,1.50,2.25
2011.08.12 01:05:37.586,0.63419,0.63455,2.25,2.25
2011.08.12 01:05:42.729,0.63416,0.63452,2.25,1.50
2011.08.12 01:05:42.839,0.63415,0.6345,1.13,1.50
2011.08.12 01:05:42.950,0.63415,0.6345,1.13,2.25
2011.08.12 01:05:43.290,0.63414,0.63449,2.85,1.50
2011.08.12 01:05:43.507,0.63414,0.6345,2.85,1.50
2011.08.12 01:05:44.296,0.63414,0.63448,3.23,1.50
2011.08.12 01:05:44.423,0.6342,0.63456,2.25,2.25
2011.08.12 01:05:46.727,0.63423,0.63459,2.25,1.50
2011.08.12 01:05:47.170,0.63428,0.63462,2.25,1.50
2011.08.12 01:05:47.895,0.63427,0.63461,2.25,1.50
2011.08.12 01:05:48.022,0.63427,0.63461,2.25,1.50
2011.08.12 01:05:48.247,0.63434,0.63468,2.25,1.50
2011.08.12 01:05:50.357,0.63434,0.63468,1.50,1.50
2011.08.12 01:05:50.467,0.63431,0.63465,2.25,1.50
2011.08.12 01:05:50.817,0.63433,0.63467,2.25,1.50
2011.08.12 01:05:51.627,0.63435,0.63469,2.25,1.50
2011.08.12 01:05:52.302,0.63441,0.63474,1.50,1.50
2011.08.12 01:05:53.430,0.6344,0.63476,1.50,2.25
2011.08.12 01:05:53.769,0.63438,0.63474,1.50,2.25
2011.08.12 01:05:54.097,0.63434,0.63468,2.25,1.50
2011.08.12 01:05:54.428,0.63436,0.6347,1.50,2.25
2011.08.12 01:05:54.868,0.63436,0.6347,1.50,1.50
2011.08.12 01:05:56.481,0.63436,0.6347,1.50,2.25
2011.08.12 01:05:56.708,0.63433,0.63467,1.50,2.25
2011.08.12 01:05:57.257,0.63431,0.63467,1.50,2.25
2011.08.12 01:05:57.479,0.63432,0.63466,2.25,1.50
2011.08.12 01:05:57.917,0.63431,0.63465,2.25,1.50
2011.08.12 01:05:58.248,0.63431,0.63465,2.25,1.50
2011.08.12 01:05:58.579,0.63433,0.63467,2.25,1.50
2011.08.12 01:05:59.598,0.63435,0.63469,2.25,1.50
2011.08.12 01:05:59.706,0.63437,0.63471,1.50,2.25
2011.08.12 01:06:00.147,0.63437,0.63471,1.50,1.50
2011.08.12 01:06:03.267,0.63438,0.63474,1.50,2.25
2011.08.12 01:06:03.488,0.63438,0.63474,2.25,1.50
2011.08.12 01:06:06.497,0.6344,0.63476,1.50,2.25
2011.08.12 01:06:07.134,0.6344,0.63474,1.50,1.50
2011.08.12 01:06:10.500,0.63443,0.63477,1.50,1.50
2011.08.12 01:06:10.728,0.6344,0.63476,1.50,2.25
2011.08.12 01:06:11.058,0.6344,0.63476,1.50,2.25
2011.08.12 01:06:11.679,0.63439,0.63473,1.50,2.25
2011.08.12 01:06:12.418,0.63439,0.63473,1.50,2.25
2011.08.12 01:06:12.527,0.63437,0.63468,1.50,1.50
2011.08.12 01:06:12.861,0.63439,0.63473,1.50,1.50
2011.08.12 01:06:13.418,0.63436,0.63472,3.00,1.50
2011.08.12 01:06:16.226,0.63436,0.63472,2.25,1.50
2011.08.12 01:06:16.949,0.63439,0.63473,1.50,2.25
2011.08.12 01:06:17.607,0.63439,0.63473,2.25,1.50
2011.08.12 01:06:17.976,0.63439,0.63473,1.50,2.25
2011.08.12 01:06:18.537,0.63441,0.63475,1.50,2.25
2011.08.12 01:06:19.098,0.63441,0.63475,1.50,1.50
2011.08.12 01:06:19.647,0.63442,0.63476,1.50,1.50
2011.08.12 01:06:20.088,0.63444,0.6348,1.50,2.25
2011.08.12 01:06:20.419,0.63444,0.6348,2.25,1.50
2011.08.12 01:06:20.528,0.63446,0.63482,2.25,1.50
2011.08.12 01:06:21.327,0.63447,0.63483,2.25,1.50
2011.08.12 01:06:21.442,0.63445,0.63481,2.25,1.50
2011.08.12 01:06:21.560,0.63445,0.63481,1.50,1.50
2011.08.12 01:06:21.791,0.63438,0.63474,2.25,1.50
2011.08.12 01:06:22.768,0.63437,0.63473,2.25,1.50
2011.08.12 01:06:22.882,0.63437,0.63473,2.25,1.50
2011.08.12 01:06:23.328,0.63437,0.63473,2.25,1.50
2011.08.12 01:06:23.439,0.63442,0.63476,2.25,1.50
2011.08.12 01:06:23.769,0.63438,0.63472,2.25,1.50
2011.08.12 01:06:23.988,0.63439,0.63473,2.25,1.50
2011.08.12 01:06:24.207,0.63437,0.63471,2.25,1.50
2011.08.12 01:06:24.759,0.63438,0.63472,2.25,1.50
2011.08.12 01:06:25.300,0.63438,0.63474,2.25,1.50
2011.08.12 01:06:26.432,0.63442,0.63476,2.25,1.50
2011.08.12 01:06:26.986,0.63441,0.63477,2.25,1.50
2011.08.12 01:06:28.990,0.63444,0.6348,2.25,1.50
2011.08.12 01:06:29.113,0.63448,0.63482,1.50,1.50
2011.08.12 01:06:29.802,0.63444,0.63478,2.25,1.50
2011.08.12 01:06:31.196,0.63445,0.63479,1.50,1.50
2011.08.12 01:06:32.057,0.63444,0.63478,2.25,1.50
2011.08.12 01:06:32.609,0.63441,0.63477,2.25,1.50
2011.08.12 01:06:32.887,0.63441,0.63477,2.25,1.50
2011.08.12 01:06:33.109,0.63445,0.63479,2.25,1.50
2011.08.12 01:06:34.678,0.63442,0.63476,2.25,1.50
2011.08.12 01:06:34.789,0.63445,0.63479,2.25,1.50
2011.08.12 01:06:35.117,0.63441,0.63477,2.25,1.50
2011.08.12 01:06:35.226,0.63441,0.63477,2.25,1.50
2011.08.12 01:06:36.429,0.63444,0.63478,2.25,1.50
2011.08.12 01:06:38.628,0.63444,0.63478,2.25,1.50
2011.08.12 01:06:38.737,0.63444,0.6348,2.25,1.50
2011.08.12 01:06:40.281,0.63447,0.63481,2.25,1.50
2011.08.12 01:06:40.509,0.63448,0.63484,1.50,1.50
2011.08.12 01:06:43.138,0.63447,0.63481,2.25,1.50
2011.08.12 01:06:44.321,0.63444,0.6348,2.25,1.50
2011.08.12 01:06:44.658,0.63442,0.63477,1.50,1.50
2011.08.12 01:06:45.247,0.63446,0.63478,1.50,1.50
2011.08.12 01:06:46.567,0.63446,0.63479,1.50,1.50
2011.08.12 01:06:48.867,0.63446,0.63478,1.50,1.50
2011.08.12 01:06:49.358,0.63448,0.63484,1.50,1.50
2011.08.12 01:06:50.499,0.63446,0.63479,1.50,1.50
2011.08.12 01:06:54.778,0.63448,0.63482,1.50,1.50
2011.08.12 01:06:56.807,0.63447,0.63481,1.50,1.50
2011.08.12 01:07:00.917,0.63447,0.63481,2.25,1.50
2011.08.12 01:07:01.507,0.63444,0.6348,2.25,1.50
2011.08.12 01:07:02.518,0.63442,0.63478,2.25,1.50
2011.08.12 01:07:02.628,0.63442,0.63478,2.25,1.50
2011.08.12 01:07:03.845,0.6344,0.63476,2.25,1.50
2011.08.12 01:07:05.468,0.63441,0.63475,2.25,1.50
2011.08.12 01:07:05.797,0.63441,0.63475,2.25,1.50
2011.08.12 01:07:06.519,0.63438,0.63474,2.25,1.50
2011.08.12 01:07:07.069,0.63437,0.63473,2.25,1.50
2011.08.12 01:07:07.177,0.63437,0.63473,2.25,1.50
2011.08.12 01:07:10.929,0.63437,0.63471,2.25,1.50
2011.08.12 01:07:15.768,0.63439,0.63473,2.25,1.50
2011.08.12 01:07:16.758,0.63437,0.63471,2.25,1.50
2011.08.12 01:07:17.360,0.63438,0.63474,2.25,1.50
2011.08.12 01:07:17.925,0.63437,0.63473,2.25,1.50
2011.08.12 01:07:18.367,0.63436,0.6347,1.50,1.50
2011.08.12 01:07:18.807,0.63436,0.63472,3.00,1.50
2011.08.12 01:07:19.246,0.63438,0.63474,2.25,1.50
2011.08.12 01:07:19.358,0.63438,0.63472,2.25,1.50
2011.08.12 01:07:19.577,0.63438,0.63474,2.25,1.50
2011.08.12 01:07:19.891,0.63438,0.63472,2.25,1.50
2011.08.12 01:07:20.117,0.63438,0.63474,2.25,1.50
2011.08.12 01:07:20.748,0.63437,0.63473,2.25,1.50
2011.08.12 01:07:21.761,0.63436,0.63472,3.00,1.50
2011.08.12 01:07:22.449,0.63439,0.63473,2.25,1.50
2011.08.12 01:07:23.468,0.63438,0.63474,2.25,1.50
2011.08.12 01:07:23.581,0.63438,0.63472,2.25,1.50
2011.08.12 01:07:23.919,0.63436,0.63469,1.50,1.50
2011.08.12 01:07:24.518,0.63436,0.63468,1.50,1.50
2011.08.12 01:07:24.968,0.63436,0.63471,1.50,1.50
2011.08.12 01:07:28.310,0.63437,0.63473,2.25,1.50
2011.08.12 01:07:28.418,0.63436,0.63471,1.50,1.50
2011.08.12 01:07:28.747,0.63436,0.63469,1.50,1.50
2011.08.12 01:07:30.021,0.63434,0.6347,2.25,1.50
2011.08.12 01:07:30.359,0.63434,0.6347,2.25,1.50
2011.08.12 01:07:30.578,0.63434,0.6347,2.25,1.50
2011.08.12 01:07:31.139,0.63433,0.63469,2.25,1.50
2011.08.12 01:07:32.528,0.63435,0.63471,2.25,1.50
2011.08.12 01:07:33.187,0.63435,0.63469,2.25,1.50
2011.08.12 01:07:33.753,0.63436,0.6347,2.25,1.50
2011.08.12 01:07:35.046,0.63436,0.6347,2.25,1.50
2011.08.12 01:07:35.267,0.63436,0.6347,2.25,1.50
2011.08.12 01:07:35.487,0.63436,0.6347,2.25,1.50
2011.08.12 01:07:37.021,0.63433,0.63469,2.25,1.50
2011.08.12 01:07:39.651,0.63436,0.6347,2.25,1.50
2011.08.12 01:07:39.769,0.63436,0.6347,1.50,2.63
2011.08.12 01:07:40.488,0.63433,0.63469,1.50,2.25
2011.08.12 01:07:41.122,0.63432,0.63468,1.50,1.50
2011.08.12 01:07:42.887,0.63434,0.63469,1.50,1.50
2011.08.12 01:07:44.009,0.63435,0.63469,1.50,1.50
2011.08.12 01:07:44.339,0.63433,0.63469,1.50,3.00
2011.08.12 01:07:45.071,0.63435,0.63471,1.50,2.25
2011.08.12 01:07:48.028,0.63437,0.63472,1.50,1.13
2011.08.12 01:07:50.978,0.63436,0.63472,1.50,2.63
2011.08.12 01:07:53.888,0.63434,0.6347,1.50,2.25
2011.08.12 01:07:54.858,0.63433,0.63469,1.50,2.25
2011.08.12 01:07:55.967,0.63433,0.63469,1.50,2.25
2011.08.12 01:07:56.299,0.63439,0.63473,2.25,1.50
2011.08.12 01:07:57.879,0.63438,0.63472,2.25,1.50
2011.08.12 01:07:59.048,0.63439,0.63473,2.25,1.50
2011.08.12 01:07:59.798,0.63438,0.63472,2.25,1.50
2011.08.12 01:08:04.437,0.63434,0.6347,2.25,1.50
2011.08.12 01:08:05.666,0.63435,0.63469,2.25,1.50
2011.08.12 01:08:06.267,0.63436,0.6347,2.25,1.50
2011.08.12 01:08:06.947,0.63435,0.63469,2.25,1.50
2011.08.12 01:08:07.997,0.63435,0.63471,2.25,1.50
2011.08.12 01:08:08.327,0.63435,0.63471,2.25,1.50
2011.08.12 01:08:11.586,0.63438,0.63472,2.25,1.50
2011.08.12 01:08:12.576,0.63437,0.63471,2.25,1.50
2011.08.12 01:08:17.860,0.63439,0.63473,1.50,1.50
2011.08.12 01:08:18.188,0.63441,0.63475,2.25,1.50
2011.08.12 01:08:18.518,0.63441,0.63475,2.25,1.50
2011.08.12 01:08:18.631,0.63438,0.63472,2.25,1.50
2011.08.12 01:08:18.749,0.63438,0.63472,1.50,1.50
2011.08.12 01:08:18.858,0.63439,0.63475,1.50,1.50
2011.08.12 01:08:19.409,0.63439,0.63475,2.25,1.50
2011.08.12 01:08:21.669,0.63439,0.63475,2.25,1.50
2011.08.12 01:08:21.780,0.63437,0.63471,2.25,1.50
2011.08.12 01:08:24.790,0.63435,0.63469,1.50,1.50
2011.08.12 01:08:24.912,0.63433,0.63467,1.50,1.50
2011.08.12 01:08:26.924,0.63432,0.63466,3.00,1.50
2011.08.12 01:08:28.417,0.63432,0.63463,1.50,1.50
2011.08.12 01:08:29.192,0.63432,0.63465,1.50,1.50
2011.08.12 01:08:29.313,0.63426,0.63461,2.10,1.50
2011.08.12 01:08:29.651,0.63426,0.63459,2.10,1.50
2011.08.12 01:08:30.589,0.63426,0.63456,1.35,1.50
2011.08.12 01:08:30.918,0.63424,0.63454,1.13,1.50
2011.08.12 01:08:31.138,0.63423,0.63454,1.13,1.50
2011.08.12 01:08:31.248,0.63423,0.63456,1.13,1.50
2011.08.12 01:08:31.577,0.63423,0.63458,1.13,1.50
2011.08.12 01:08:32.173,0.63423,0.63456,1.13,1.50
2011.08.12 01:08:32.917,0.63423,0.63456,1.13,1.50
2011.08.12 01:08:36.789,0.63428,0.63457,1.13,1.50
2011.08.12 01:08:38.477,0.63428,0.63458,1.13,1.50
2011.08.12 01:08:39.027,0.63426,0.63458,1.50,1.50
2011.08.12 01:08:44.000,0.63424,0.63458,2.25,2.25
2011.08.12 01:08:50.207,0.63422,0.63457,1.35,2.25
2011.08.12 01:08:54.988,0.63422,0.63452,1.35,1.50
2011.08.12 01:08:55.097,0.63416,0.63452,4.35,2.25
2011.08.12 01:08:56.137,0.63416,0.6345,4.35,1.50
2011.08.12 01:08:56.247,0.63417,0.63451,1.50,2.25
2011.08.12 01:09:04.091,0.63419,0.63454,1.50,1.50
2011.08.12 01:09:04.431,0.63424,0.63458,2.25,1.50
2011.08.12 01:09:04.549,0.63424,0.6346,2.25,2.25
2011.08.12 01:09:04.658,0.63424,0.6346,2.63,2.25
2011.08.12 01:09:04.987,0.6343,0.63461,2.25,1.35
2011.08.12 01:09:06.767,0.63423,0.63455,1.35,1.35
2011.08.12 01:09:07.898,0.63418,0.63454,2.10,2.25
2011.08.12 01:09:08.448,0.63418,0.63452,2.10,1.50
2011.08.12 01:09:10.718,0.63416,0.63451,1.35,1.50
2011.08.12 01:09:11.268,0.63418,0.63452,1.50,1.50
2011.08.12 01:09:12.172,0.63422,0.63456,1.50,2.25
2011.08.12 01:09:12.509,0.63422,0.63458,2.25,3.00
2011.08.12 01:09:16.586,0.63417,0.63452,1.35,1.50
2011.08.12 01:09:17.128,0.63418,0.63452,2.10,2.10
2011.08.12 01:09:17.789,0.63416,0.63452,1.50,2.25
2011.08.12 01:09:19.429,0.63416,0.6345,1.50,1.50
2011.08.12 01:09:21.859,0.63417,0.63451,1.50,1.50
2011.08.12 01:09:23.287,0.63419,0.63454,1.50,1.35
2011.08.12 01:09:23.617,0.63421,0.63454,2.25,1.35
2011.08.12 01:09:25.530,0.63423,0.63457,2.25,2.85
2011.08.12 01:09:26.077,0.63423,0.63459,2.25,2.85
2011.08.12 01:09:26.187,0.63426,0.63459,2.48,2.25
2011.08.12 01:09:26.517,0.63434,0.63464,1.13,1.50
2011.08.12 01:09:26.627,0.63434,0.63468,1.13,2.10
2011.08.12 01:09:27.168,0.63434,0.63468,1.13,1.50
2011.08.12 01:09:27.389,0.63437,0.63471,1.50,1.50
2011.08.12 01:09:27.500,0.63437,0.63471,2.25,1.50
2011.08.12 01:09:27.620,0.63438,0.63474,2.63,1.50
2011.08.12 01:09:27.728,0.63441,0.63475,1.50,1.50
2011.08.12 01:09:28.389,0.63438,0.63473,1.13,1.50
2011.08.12 01:09:29.098,0.63438,0.63472,2.63,1.50
2011.08.12 01:09:31.460,0.63438,0.63472,2.25,1.50
2011.08.12 01:09:32.071,0.63438,0.63471,1.13,1.50
2011.08.12 01:09:34.398,0.63432,0.63466,1.88,1.50
2011.08.12 01:09:35.058,0.63432,0.63466,2.48,1.50
2011.08.12 01:09:35.827,0.63434,0.63466,1.13,1.50
2011.08.12 01:09:36.048,0.63434,0.63465,1.13,1.50
2011.08.12 01:09:36.597,0.63434,0.63465,1.13,1.50
2011.08.12 01:09:38.368,0.63431,0.63465,2.10,1.50
2011.08.12 01:09:38.807,0.63426,0.63462,2.25,1.50
2011.08.12 01:09:39.137,0.63426,0.63458,1.13,1.50
2011.08.12 01:09:39.249,0.63424,0.63458,1.13,1.50
2011.08.12 01:09:39.469,0.63427,0.63463,1.50,2.25
2011.08.12 01:09:39.579,0.63425,0.63461,1.88,1.50
2011.08.12 01:09:40.510,0.63426,0.6346,1.88,1.50
2011.08.12 01:09:41.098,0.63425,0.63461,1.88,1.50
2011.08.12 01:09:43.389,0.63424,0.63458,2.63,1.50
2011.08.12 01:09:46.390,0.63424,0.63458,2.63,1.50
2011.08.12 01:09:46.718,0.63422,0.63456,2.85,2.25
2011.08.12 01:09:56.700,0.63423,0.63456,2.25,1.35
2011.08.12 01:10:00.359,0.6342,0.63456,2.85,2.85
2011.08.12 01:10:00.470,0.6342,0.63453,1.35,1.50
2011.08.12 01:10:01.030,0.6342,0.63454,2.85,1.50
2011.08.12 01:10:02.025,0.6342,0.63454,3.23,1.50
2011.08.12 01:10:02.381,0.63426,0.63462,1.50,2.10
2011.08.12 01:10:02.937,0.63424,0.6346,2.25,1.50
2011.08.12 01:10:03.048,0.63424,0.6346,2.25,2.25
2011.08.12 01:10:05.227,0.6343,0.63463,1.50,1.50
2011.08.12 01:10:05.888,0.63429,0.63463,1.50,3.00
2011.08.12 01:10:07.648,0.63429,0.63463,1.50,3.00
2011.08.12 01:10:07.979,0.63426,0.6346,2.25,2.25
2011.08.12 01:10:11.938,0.63427,0.63458,1.35,2.25
2011.08.12 01:10:12.268,0.63434,0.63466,1.13,1.50
2011.08.12 01:10:12.598,0.63434,0.63468,3.23,1.50
2011.08.12 01:10:15.819,0.63434,0.63467,1.73,1.50
2011.08.12 01:10:16.462,0.63434,0.63466,1.73,1.50
2011.08.12 01:10:17.049,0.63434,0.63467,1.73,1.50
2011.08.12 01:10:18.147,0.63434,0.63466,1.73,1.50
2011.08.12 01:10:18.942,0.63434,0.63468,1.73,1.50
2011.08.12 01:10:20.069,0.63434,0.63466,1.73,1.50
2011.08.12 01:10:21.158,0.6343,0.63461,1.35,1.50
2011.08.12 01:10:21.379,0.63432,0.63466,2.25,1.50
2011.08.12 01:10:21.708,0.63432,0.63466,1.50,1.50
2011.08.12 01:10:21.818,0.63424,0.6346,2.25,1.50
2011.08.12 01:10:21.928,0.63424,0.6346,2.25,1.50
2011.08.12 01:10:22.038,0.63422,0.63458,2.25,1.50
2011.08.12 01:10:22.370,0.63421,0.63453,1.50,1.50
2011.08.12 01:10:22.587,0.63421,0.63456,1.50,1.50
2011.08.12 01:10:22.699,0.63425,0.63458,1.13,1.50
2011.08.12 01:10:22.808,0.63426,0.63461,1.13,1.50
2011.08.12 01:10:23.528,0.63428,0.63462,2.25,1.50
2011.08.12 01:10:23.869,0.63427,0.63459,1.50,1.50
2011.08.12 01:10:24.198,0.63427,0.63457,1.50,1.50
2011.08.12 01:10:24.747,0.63427,0.63458,1.50,1.50
2011.08.12 01:10:24.859,0.63427,0.63458,1.50,1.50
2011.08.12 01:10:24.970,0.63427,0.6346,1.50,1.50
2011.08.12 01:10:25.309,0.63427,0.63458,1.50,1.50
2011.08.12 01:10:28.436,0.63427,0.6346,1.50,1.50
2011.08.12 01:10:28.959,0.63426,0.6346,1.50,1.50
2011.08.12 01:10:29.181,0.63419,0.63455,2.25,1.50
2011.08.12 01:10:29.519,0.63417,0.63451,3.38,1.50
2011.08.12 01:10:29.629,0.6342,0.63456,2.25,1.50
2011.08.12 01:10:30.179,0.63422,0.63458,2.25,1.50
2011.08.12 01:10:31.187,0.63423,0.63457,2.25,1.50
2011.08.12 01:10:31.750,0.63422,0.63456,2.25,1.50
2011.08.12 01:10:32.872,0.6342,0.63454,2.25,1.50
2011.08.12 01:10:33.380,0.63419,0.63453,2.25,1.50
2011.08.12 01:10:33.918,0.63417,0.63448,1.50,1.50
2011.08.12 01:10:34.030,0.63416,0.6345,1.50,1.50
2011.08.12 01:10:34.369,0.63411,0.63446,1.50,1.50
2011.08.12 01:10:34.972,0.63414,0.63448,2.25,1.50
2011.08.12 01:10:35.200,0.63411,0.63446,1.50,1.50
2011.08.12 01:10:35.527,0.63411,0.63444,1.50,1.50
2011.08.12 01:10:35.859,0.63411,0.63442,1.50,1.50
2011.08.12 01:10:35.969,0.63414,0.63448,2.25,1.50
2011.08.12 01:10:36.081,0.63416,0.6345,2.25,1.50
2011.08.12 01:10:36.861,0.63416,0.63452,2.25,1.50
2011.08.12 01:10:37.200,0.63415,0.63451,2.25,1.50
2011.08.12 01:10:37.897,0.63414,0.63448,2.25,1.50
2011.08.12 01:10:38.237,0.63408,0.63444,2.25,1.50
2011.08.12 01:10:39.966,0.63411,0.63446,1.50,1.50
2011.08.12 01:10:40.077,0.63414,0.63448,2.25,1.50
2011.08.12 01:10:40.409,0.63414,0.63448,1.50,1.50
2011.08.12 01:10:40.848,0.63413,0.63447,2.25,1.50
2011.08.12 01:10:40.960,0.63413,0.63449,2.25,1.50
2011.08.12 01:10:41.178,0.63412,0.63448,2.25,1.50
2011.08.12 01:10:41.288,0.6341,0.63446,2.25,1.50
2011.08.12 01:10:41.399,0.6341,0.63446,2.25,1.50
2011.08.12 01:10:41.508,0.6341,0.63444,2.25,1.50
2011.08.12 01:10:42.275,0.63409,0.63445,2.25,1.50
2011.08.12 01:10:42.944,0.6341,0.63446,2.25,1.50
2011.08.12 01:10:46.049,0.63407,0.63443,3.38,1.50
2011.08.12 01:10:46.380,0.63407,0.63441,2.25,1.50
2011.08.12 01:10:48.218,0.63408,0.63442,2.25,1.50
2011.08.12 01:10:48.770,0.6341,0.63444,1.50,1.50
2011.08.12 01:10:49.107,0.63412,0.63446,2.25,1.50
2011.08.12 01:10:52.490,0.63413,0.63449,2.25,1.50
2011.08.12 01:10:52.928,0.63416,0.63452,1.50,2.25
2011.08.12 01:10:53.478,0.63416,0.63452,1.50,2.63
2011.08.12 01:10:53.807,0.63412,0.63448,2.85,2.25
2011.08.12 01:10:57.541,0.63415,0.63449,1.50,2.25
2011.08.12 01:10:58.557,0.63415,0.63447,1.13,1.50
2011.08.12 01:10:58.684,0.63425,0.63458,1.35,1.50
2011.08.12 01:11:00.330,0.63424,0.63458,2.25,1.50
2011.08.12 01:11:00.991,0.63423,0.63459,2.63,1.50
2011.08.12 01:11:01.223,0.63422,0.63456,2.25,1.50
2011.08.12 01:11:01.558,0.63418,0.63452,2.25,2.25
2011.08.12 01:11:02.535,0.63418,0.63452,1.13,2.25
2011.08.12 01:11:02.654,0.63423,0.63457,2.25,2.25
2011.08.12 01:11:03.551,0.63421,0.63457,2.25,2.25
2011.08.12 01:11:04.138,0.63423,0.63457,1.50,2.25
2011.08.12 01:11:04.688,0.63421,0.63457,2.25,2.25
2011.08.12 01:11:06.150,0.63417,0.63451,2.85,1.50
2011.08.12 01:11:06.757,0.63417,0.63451,2.85,1.50
2011.08.12 01:11:07.209,0.63417,0.63451,2.48,1.50
2011.08.12 01:11:07.539,0.6342,0.63456,2.63,2.25
2011.08.12 01:11:07.980,0.6342,0.63453,1.50,1.35
2011.08.12 01:11:08.088,0.63418,0.63453,2.85,1.35
2011.08.12 01:11:08.308,0.63416,0.6345,2.85,1.50
2011.08.12 01:11:08.749,0.63418,0.63452,2.10,1.50
2011.08.12 01:11:09.409,0.63416,0.6345,3.60,2.25
2011.08.12 01:11:09.739,0.63418,0.63451,1.50,1.50
2011.08.12 01:11:09.849,0.63417,0.63451,2.25,2.25
2011.08.12 01:11:10.398,0.63414,0.63449,1.73,2.25
2011.08.12 01:11:10.965,0.63416,0.63449,1.35,2.25
2011.08.12 01:11:11.081,0.63417,0.63453,1.88,2.25
2011.08.12 01:11:11.419,0.63417,0.63449,1.13,1.50
2011.08.12 01:11:11.641,0.6342,0.63454,1.50,1.50
2011.08.12 01:11:12.199,0.6342,0.63456,2.63,2.25
2011.08.12 01:11:13.619,0.63425,0.63459,2.25,2.25
2011.08.12 01:11:15.578,0.63429,0.63464,2.25,1.35
2011.08.12 01:11:15.797,0.63426,0.6346,2.85,2.25
2011.08.12 01:11:19.584,0.63434,0.63463,1.73,1.50
2011.08.12 01:11:19.809,0.63434,0.63465,1.73,1.50
2011.08.12 01:11:20.918,0.63434,0.63465,1.88,1.50
2011.08.12 01:11:21.247,0.63434,0.63465,1.13,1.50
2011.08.12 01:11:24.259,0.63437,0.63467,1.13,1.50
2011.08.12 01:11:24.807,0.63437,0.63466,1.13,1.50
2011.08.12 01:11:27.579,0.63435,0.63464,1.35,1.50
2011.08.12 01:11:27.799,0.63432,0.63464,2.48,1.50
2011.08.12 01:11:28.348,0.63432,0.63463,2.48,1.50
2011.08.12 01:11:28.678,0.63432,0.63461,2.48,1.50
2011.08.12 01:11:29.679,0.63435,0.63462,1.35,1.50
2011.08.12 01:11:29.793,0.63438,0.63464,1.13,1.50
2011.08.12 01:11:30.888,0.63436,0.63464,1.13,1.50
2011.08.12 01:11:31.217,0.63436,0.63466,1.13,1.50
2011.08.12 01:11:31.767,0.63436,0.63468,1.13,1.50
2011.08.12 01:11:32.237,0.63436,0.63466,1.13,1.50
2011.08.12 01:11:33.047,0.63436,0.63465,1.13,1.50
2011.08.12 01:11:36.970,0.63436,0.63465,1.13,1.50
2011.08.12 01:11:37.078,0.6344,0.63468,1.13,1.50
2011.08.12 01:11:37.409,0.63441,0.6347,1.50,1.50
2011.08.12 01:11:38.527,0.63441,0.63469,1.50,1.50
2011.08.12 01:11:39.648,0.63441,0.6347,1.88,1.50
2011.08.12 01:11:40.272,0.63453,0.63477,1.35,1.50
2011.08.12 01:11:40.607,0.63455,0.63491,2.25,1.50
2011.08.12 01:11:40.828,0.63454,0.63489,1.35,1.50
2011.08.12 01:11:41.157,0.63454,0.63487,1.35,1.50
2011.08.12 01:11:41.708,0.63453,0.63489,2.85,1.50
2011.08.12 01:11:42.525,0.63453,0.63488,1.35,1.50
2011.08.12 01:11:43.758,0.63453,0.63489,2.85,1.50
2011.08.12 01:11:43.979,0.63453,0.63487,2.85,1.50
2011.08.12 01:11:44.918,0.63453,0.63486,1.35,1.50
2011.08.12 01:11:45.548,0.63453,0.63484,1.35,1.50
2011.08.12 01:11:45.658,0.63453,0.63486,1.35,1.50
2011.08.12 01:11:46.170,0.63453,0.63486,1.35,1.50
2011.08.12 01:11:47.447,0.63453,0.63488,1.35,1.50
2011.08.12 01:11:48.105,0.63453,0.63489,2.85,1.50
2011.08.12 01:11:50.153,0.63456,0.63492,2.25,1.50
2011.08.12 01:11:50.488,0.63455,0.63489,2.25,1.50
2011.08.12 01:11:51.367,0.63455,0.63489,3.00,1.50
2011.08.12 01:11:51.478,0.63453,0.63489,2.25,1.50
2011.08.12 01:11:52.179,0.63456,0.6349,1.50,1.50
2011.08.12 01:11:56.349,0.63456,0.6349,1.50,2.25
2011.08.12 01:11:56.579,0.63452,0.63488,2.25,1.50
2011.08.12 01:11:58.370,0.63448,0.63484,2.25,1.50
2011.08.12 01:11:58.589,0.63447,0.63482,1.50,1.50
2011.08.12 01:11:59.029,0.63447,0.63483,3.38,1.50
2011.08.12 01:12:01.415,0.63447,0.63483,3.00,1.50
2011.08.12 01:12:02.017,0.63447,0.63483,3.00,1.50
2011.08.12 01:12:02.347,0.63447,0.63481,3.00,1.50
2011.08.12 01:12:02.898,0.63447,0.6348,1.50,1.50
2011.08.12 01:12:03.120,0.63447,0.63478,1.50,1.50
2011.08.12 01:12:03.667,0.63446,0.63478,1.50,1.50
2011.08.12 01:12:04.217,0.63444,0.63478,2.25,1.50
2011.08.12 01:12:04.327,0.63446,0.6348,1.50,1.50
2011.08.12 01:12:04.996,0.63446,0.63479,1.50,1.50
2011.08.12 01:12:08.379,0.63446,0.63479,1.50,1.50
2011.08.12 01:12:08.708,0.63451,0.63481,1.50,1.50
2011.08.12 01:12:08.820,0.63452,0.63486,2.25,1.50
2011.08.12 01:12:12.020,0.63448,0.63484,1.50,1.50
2011.08.12 01:12:12.140,0.63447,0.63481,2.25,1.50
2011.08.12 01:12:12.578,0.63444,0.6348,2.25,1.50
2011.08.12 01:12:13.877,0.63444,0.63478,2.25,1.50
2011.08.12 01:12:14.699,0.63442,0.63477,1.50,1.50
2011.08.12 01:12:15.248,0.63442,0.63476,1.50,1.50
2011.08.12 01:12:15.887,0.63442,0.63477,1.50,1.50
2011.08.12 01:12:15.998,0.63441,0.63477,2.63,1.50
2011.08.12 01:12:18.240,0.63442,0.63477,1.88,1.50
2011.08.12 01:12:18.839,0.63442,0.63476,3.00,1.50
2011.08.12 01:12:19.598,0.63444,0.63478,2.25,1.50
2011.08.12 01:12:19.929,0.63446,0.6348,2.25,1.50
2011.08.12 01:12:20.458,0.63443,0.63479,2.25,1.50
2011.08.12 01:12:20.698,0.63446,0.63479,1.50,1.50
2011.08.12 01:12:20.808,0.63447,0.63481,2.25,1.50
2011.08.12 01:12:21.357,0.63451,0.63483,1.50,1.50
2011.08.12 01:12:22.220,0.63447,0.63483,1.50,1.50
2011.08.12 01:12:22.328,0.63445,0.63481,2.25,1.50
2011.08.12 01:12:22.770,0.63443,0.63479,2.25,1.50
2011.08.12 01:12:24.759,0.63447,0.63481,1.50,1.50
2011.08.12 01:12:24.869,0.63447,0.63481,2.25,1.50
2011.08.12 01:12:25.088,0.63445,0.63481,2.25,1.50
2011.08.12 01:12:27.118,0.63446,0.63481,1.13,1.50
2011.08.12 01:12:27.228,0.63447,0.63483,1.50,1.50
2011.08.12 01:12:27.339,0.63447,0.63483,2.25,1.50
2011.08.12 01:12:29.819,0.63446,0.63482,2.63,1.50
2011.08.12 01:12:30.389,0.63447,0.63483,2.25,1.50
2011.08.12 01:12:30.937,0.63448,0.63482,2.25,1.50
2011.08.12 01:12:32.296,0.63447,0.63481,2.25,1.50
2011.08.12 01:12:32.632,0.63446,0.63479,1.88,1.50
2011.08.12 01:12:33.080,0.63444,0.63478,1.50,1.50
2011.08.12 01:12:33.191,0.63442,0.63473,1.13,1.50
2011.08.12 01:12:33.531,0.63443,0.63475,1.13,1.50
2011.08.12 01:12:33.759,0.63443,0.63477,1.13,1.50
2011.08.12 01:12:34.226,0.63443,0.63479,2.63,1.50
2011.08.12 01:12:35.295,0.63446,0.63479,1.13,1.50
2011.08.12 01:12:35.410,0.63444,0.63478,2.25,1.50
2011.08.12 01:12:35.638,0.63447,0.63478,1.50,1.50
2011.08.12 01:12:35.750,0.63447,0.63481,1.50,1.50
2011.08.12 01:12:36.818,0.63448,0.63482,2.63,1.50
2011.08.12 01:12:45.530,0.63447,0.63481,2.25,1.50
2011.08.12 01:12:45.751,0.63444,0.63475,1.50,1.50
2011.08.12 01:12:46.089,0.6344,0.63476,2.25,1.50
2011.08.12 01:12:48.007,0.6344,0.63476,2.25,1.50
2011.08.12 01:12:48.912,0.63441,0.63475,2.25,1.50
2011.08.12 01:12:49.030,0.63448,0.63482,2.63,1.50
2011.08.12 01:12:49.768,0.63448,0.63482,2.63,1.50
2011.08.12 01:12:49.990,0.63448,0.63482,2.63,1.50
2011.08.12 01:12:50.099,0.63449,0.63485,2.63,1.50
2011.08.12 01:12:50.318,0.6345,0.63486,2.25,1.50
2011.08.12 01:12:50.430,0.63451,0.63486,1.50,1.50
2011.08.12 01:12:50.977,0.63451,0.63486,1.88,1.50
2011.08.12 01:12:53.009,0.63451,0.63484,1.50,1.50
2011.08.12 01:12:54.970,0.63451,0.63482,1.50,1.50
2011.08.12 01:12:57.788,0.63451,0.63485,1.50,1.50
2011.08.12 01:12:58.477,0.63453,0.63487,2.25,1.50
2011.08.12 01:12:58.697,0.63454,0.63488,2.25,1.50
2011.08.12 01:13:00.049,0.63456,0.63492,2.25,1.50
2011.08.12 01:13:00.790,0.63461,0.63491,1.50,1.50
2011.08.12 01:13:01.348,0.63451,0.63487,2.25,1.50
2011.08.12 01:13:01.458,0.63448,0.63482,2.25,1.50
2011.08.12 01:13:01.568,0.63448,0.63482,2.25,1.50
2011.08.12 01:13:01.678,0.63448,0.63484,2.25,1.50
2011.08.12 01:13:02.988,0.63448,0.63484,1.50,1.50
2011.08.12 01:13:03.318,0.63447,0.63481,1.50,1.50
2011.08.12 01:13:04.009,0.63444,0.6348,2.25,1.50
2011.08.12 01:13:04.342,0.63463,0.63492,1.50,1.35
2011.08.12 01:13:04.459,0.63452,0.63488,2.25,2.25
2011.08.12 01:13:04.679,0.6345,0.63484,2.10,1.50
2011.08.12 01:13:04.902,0.63448,0.63482,2.25,1.50
2011.08.12 01:13:05.021,0.63451,0.63485,1.50,1.50
2011.08.12 01:13:05.634,0.63447,0.63481,2.25,1.50
2011.08.12 01:13:06.287,0.63446,0.63482,3.00,1.50
2011.08.12 01:13:08.288,0.63451,0.63484,1.50,1.50
2011.08.12 01:13:08.618,0.63451,0.6348,1.50,1.50
2011.08.12 01:13:09.939,0.63446,0.6348,2.25,1.50
2011.08.12 01:13:10.491,0.63444,0.63479,1.35,1.50
2011.08.12 01:13:10.609,0.63444,0.63477,1.35,1.50
2011.08.12 01:13:10.829,0.63444,0.63477,1.35,1.50
2011.08.12 01:13:11.709,0.63444,0.6348,2.85,1.50
2011.08.12 01:13:12.296,0.63444,0.6348,2.85,1.50
2011.08.12 01:13:12.414,0.63447,0.63483,2.25,1.50
2011.08.12 01:13:12.968,0.63447,0.63483,2.25,1.50
2011.08.12 01:13:13.300,0.6345,0.63486,2.25,1.50
2011.08.12 01:13:13.528,0.63449,0.63483,2.25,1.50
2011.08.12 01:13:14.520,0.63449,0.63483,1.50,1.50
2011.08.12 01:13:14.859,0.63444,0.6348,2.25,1.50
2011.08.12 01:13:15.187,0.63442,0.63476,2.63,1.50
2011.08.12 01:13:16.138,0.63442,0.63476,1.13,1.50
2011.08.12 01:13:16.267,0.63442,0.63478,2.63,1.50
2011.08.12 01:13:16.712,0.63443,0.63479,2.25,1.50
2011.08.12 01:13:17.620,0.63447,0.63482,1.50,1.50
2011.08.12 01:13:17.731,0.63447,0.63483,2.25,1.50
2011.08.12 01:13:18.290,0.63447,0.63483,2.25,1.50
2011.08.12 01:13:18.507,0.63447,0.63482,1.50,1.50
2011.08.12 01:13:18.839,0.6345,0.63482,1.50,1.50
2011.08.12 01:13:19.058,0.63447,0.63483,2.25,1.50
2011.08.12 01:13:19.167,0.63449,0.63485,2.25,1.50
2011.08.12 01:13:19.278,0.63449,0.63485,2.25,1.50
2011.08.12 01:13:20.476,0.63448,0.63482,2.25,1.50
2011.08.12 01:13:21.469,0.63448,0.63484,2.25,1.50
2011.08.12 01:13:21.809,0.6345,0.63486,1.50,1.50
2011.08.12 01:13:22.467,0.63452,0.63488,1.50,2.25
2011.08.12 01:13:23.048,0.63449,0.63483,1.50,1.50
2011.08.12 01:13:24.397,0.63453,0.63487,1.50,2.25
2011.08.12 01:13:24.947,0.63453,0.63487,1.50,2.25
2011.08.12 01:13:26.038,0.6345,0.63486,1.50,2.25
2011.08.12 01:13:26.368,0.6345,0.63484,1.50,1.50
2011.08.12 01:13:26.479,0.63447,0.63483,3.00,1.50
2011.08.12 01:13:26.589,0.6345,0.63484,2.25,1.50
2011.08.12 01:13:26.808,0.63451,0.63486,1.50,1.50
2011.08.12 01:13:28.259,0.63453,0.63489,1.50,1.50
2011.08.12 01:13:28.369,0.63453,0.63489,2.25,1.50
2011.08.12 01:13:28.588,0.63453,0.63487,1.50,1.50
2011.08.12 01:13:28.847,0.63453,0.63487,2.25,1.50
2011.08.12 01:13:30.214,0.63454,0.63488,2.25,1.50
2011.08.12 01:13:30.428,0.63455,0.63491,2.25,1.50
2011.08.12 01:13:33.188,0.63456,0.63492,1.50,1.50
2011.08.12 01:13:33.297,0.63456,0.6349,1.50,1.50
2011.08.12 01:13:33.748,0.63454,0.63488,2.25,1.50
2011.08.12 01:13:34.299,0.63453,0.63487,2.25,1.50
2011.08.12 01:13:34.849,0.6345,0.63484,1.50,1.50
2011.08.12 01:13:36.778,0.63448,0.63482,2.25,1.50
2011.08.12 01:13:39.020,0.63445,0.63481,2.25,1.50
2011.08.12 01:13:39.140,0.63445,0.63481,2.25,1.50
2011.08.12 01:13:39.250,0.63443,0.63479,2.25,1.50
2011.08.12 01:13:39.359,0.63445,0.63481,2.25,1.50
2011.08.12 01:13:39.470,0.63447,0.63483,2.25,1.50
2011.08.12 01:13:39.700,0.63447,0.63481,2.25,1.50
2011.08.12 01:13:43.362,0.63448,0.63482,1.50,1.50
2011.08.12 01:13:45.254,0.63442,0.63476,2.25,1.50
2011.08.12 01:13:45.364,0.63441,0.63475,1.50,1.50
2011.08.12 01:13:45.913,0.63441,0.63475,1.50,2.25
2011.08.12 01:13:46.513,0.63443,0.63477,1.50,2.25
2011.08.12 01:13:46.627,0.63443,0.63477,1.50,1.50
2011.08.12 01:13:46.744,0.63444,0.6348,1.50,1.50
2011.08.12 01:13:49.423,0.63444,0.6348,1.50,2.25
2011.08.12 01:13:49.754,0.63443,0.63479,2.25,1.50
2011.08.12 01:13:50.675,0.63443,0.63479,1.50,1.50
2011.08.12 01:13:50.796,0.63443,0.63479,2.25,2.25
2011.08.12 01:13:51.026,0.63442,0.63476,1.50,2.25
2011.08.12 01:13:51.143,0.63439,0.63473,1.50,1.50
2011.08.12 01:13:51.837,0.63436,0.63472,2.25,1.50
2011.08.12 01:13:52.723,0.63436,0.63472,3.00,1.50
2011.08.12 01:13:52.947,0.63439,0.63475,1.50,2.25
2011.08.12 01:13:53.064,0.63436,0.63472,2.25,1.50
2011.08.12 01:13:53.392,0.63437,0.63473,2.25,1.50
2011.08.12 01:13:53.752,0.63437,0.63471,2.25,1.50
2011.08.12 01:13:54.966,0.63438,0.63474,1.50,1.50
2011.08.12 01:13:56.726,0.6344,0.63476,2.25,1.50
2011.08.12 01:13:56.845,0.6344,0.63476,1.50,1.50
2011.08.12 01:13:57.174,0.63437,0.63472,1.50,1.50
2011.08.12 01:14:00.873,0.63437,0.63472,1.50,1.50
2011.08.12 01:14:01.214,0.63442,0.63476,1.50,1.50
2011.08.12 01:14:01.762,0.63441,0.63475,1.50,1.50
2011.08.12 01:14:04.384,0.63439,0.63473,1.50,1.50
2011.08.12 01:14:05.514,0.63438,0.63472,2.25,1.50
2011.08.12 01:14:05.733,0.63438,0.63474,2.25,1.50
2011.08.12 01:14:05.952,0.63438,0.63474,1.50,2.25
2011.08.12 01:14:09.255,0.63437,0.63473,1.50,2.25
2011.08.12 01:14:09.914,0.63437,0.63471,1.50,1.50
2011.08.12 01:14:15.995,0.63442,0.63476,1.50,2.25
2011.08.12 01:14:16.103,0.63442,0.63476,1.50,1.50
2011.08.12 01:14:16.322,0.63443,0.63479,2.25,2.25
2011.08.12 01:14:18.135,0.63445,0.63479,2.25,1.50
2011.08.12 01:14:18.663,0.63447,0.63483,1.50,2.10
2011.08.12 01:14:18.779,0.63448,0.63482,2.10,1.50
2011.08.12 01:14:19.363,0.6345,0.63484,2.10,1.50
2011.08.12 01:14:20.473,0.63451,0.63486,1.50,1.35
2011.08.12 01:14:21.133,0.63451,0.63486,1.50,1.35
2011.08.12 01:14:21.587,0.6345,0.63484,2.10,2.25
2011.08.12 01:14:24.883,0.63451,0.63485,1.50,2.25
2011.08.12 01:14:24.993,0.63451,0.63485,1.50,2.25
2011.08.12 01:14:31.704,0.63455,0.63489,1.50,1.88
2011.08.12 01:14:31.923,0.63453,0.63487,1.50,2.25
2011.08.12 01:14:32.473,0.63452,0.63488,2.85,1.50
2011.08.12 01:14:34.244,0.63452,0.63486,1.35,1.50
2011.08.12 01:14:34.573,0.63449,0.63485,1.50,2.25
2011.08.12 01:14:35.765,0.63447,0.63483,1.50,1.50
2011.08.12 01:14:44.034,0.63447,0.63483,1.50,2.25
2011.08.12 01:14:48.332,0.63446,0.63482,2.25,2.25
2011.08.12 01:14:50.682,0.63447,0.63483,1.50,2.25
2011.08.12 01:14:51.232,0.63447,0.63483,1.50,1.50
2011.08.12 01:14:52.993,0.63447,0.63483,1.50,2.25
2011.08.12 01:14:53.662,0.63446,0.63482,3.00,2.25
2011.08.12 01:14:58.229,0.63447,0.63483,1.50,2.25
2011.08.12 01:14:59.655,0.63447,0.63482,1.50,1.50
2011.08.12 01:14:59.873,0.63441,0.63477,1.50,2.25
2011.08.12 01:15:00.794,0.6344,0.63474,1.50,1.50
2011.08.12 01:15:05.955,0.63443,0.63477,1.50,2.25
2011.08.12 01:15:06.503,0.63443,0.63477,2.25,1.50
2011.08.12 01:15:06.833,0.63445,0.63479,1.50,1.50
2011.08.12 01:15:07.902,0.63443,0.63479,2.25,1.50
2011.08.12 01:15:10.353,0.63445,0.63479,1.50,1.50
2011.08.12 01:15:15.363,0.63445,0.63479,2.25,1.50
2011.08.12 01:15:15.585,0.63447,0.63481,1.50,1.50
2011.08.12 01:15:19.575,0.63448,0.63482,1.50,2.25
2011.08.12 01:15:20.493,0.63448,0.63482,1.50,3.00
2011.08.12 01:15:21.171,0.63447,0.63481,1.50,2.25
2011.08.12 01:15:22.036,0.63448,0.63482,1.50,3.00
2011.08.12 01:15:23.082,0.63448,0.63482,1.50,2.25
2011.08.12 01:15:27.173,0.63449,0.63484,1.50,1.50
2011.08.12 01:15:27.284,0.63451,0.63484,1.50,1.50
2011.08.12 01:15:27.502,0.63449,0.63484,1.50,1.50
2011.08.12 01:15:29.264,0.63451,0.63485,2.25,2.25
2011.08.12 01:15:29.706,0.6345,0.63484,2.63,1.50
2011.08.12 01:15:29.822,0.6345,0.63486,2.63,1.50
2011.08.12 01:15:29.933,0.63456,0.63489,2.25,1.35
2011.08.12 01:15:30.647,0.63454,0.63488,2.25,1.50
2011.08.12 01:15:31.228,0.63452,0.63485,1.35,2.25
2011.08.12 01:15:32.875,0.63452,0.63484,1.35,1.50
2011.08.12 01:15:34.453,0.63453,0.63483,1.35,1.50
2011.08.12 01:15:36.425,0.63456,0.6349,2.25,2.10
2011.08.12 01:15:36.643,0.63453,0.63487,2.25,1.50
2011.08.12 01:15:37.371,0.63453,0.63486,1.35,1.50
2011.08.12 01:15:37.489,0.63453,0.63488,1.35,1.50
2011.08.12 01:15:37.718,0.63453,0.63484,1.35,2.25
2011.08.12 01:15:38.395,0.63454,0.63484,1.13,2.25
2011.08.12 01:15:38.724,0.6346,0.63485,1.35,1.50
2011.08.12 01:15:39.384,0.63458,0.63484,1.35,1.50
2011.08.12 01:15:41.643,0.63459,0.63487,1.13,1.50
2011.08.12 01:15:41.753,0.63461,0.63487,1.50,1.50
2011.08.12 01:15:43.554,0.63461,0.63489,1.50,1.50
2011.08.12 01:15:45.843,0.63461,0.63487,1.50,1.50
2011.08.12 01:15:46.063,0.63457,0.63485,1.50,1.50
2011.08.12 01:15:46.613,0.63457,0.63487,1.50,1.50
2011.08.12 01:15:48.674,0.63457,0.63489,1.50,1.50
2011.08.12 01:15:49.429,0.63459,0.63495,2.25,1.50
2011.08.12 01:15:49.545,0.63462,0.63496,1.50,1.50
2011.08.12 01:15:49.883,0.63461,0.63497,2.25,1.50
2011.08.12 01:15:49.996,0.63461,0.63497,2.25,1.50
2011.08.12 01:15:50.113,0.63463,0.63499,2.25,1.50
2011.08.12 01:15:50.783,0.63468,0.63502,1.50,1.50
2011.08.12 01:15:51.053,0.63465,0.63501,1.50,1.50
2011.08.12 01:15:51.603,0.63464,0.635,2.25,1.50
2011.08.12 01:15:52.653,0.63465,0.63501,1.50,1.50
2011.08.12 01:15:53.944,0.63465,0.63499,1.50,1.50
2011.08.12 01:15:55.345,0.63463,0.63497,2.25,1.50
2011.08.12 01:15:56.545,0.63462,0.63496,1.50,1.50
2011.08.12 01:15:56.653,0.63461,0.63496,1.50,1.50
2011.08.12 01:15:57.103,0.63462,0.63498,3.00,1.50
2011.08.12 01:15:57.873,0.63462,0.63497,1.50,1.50
2011.08.12 01:15:58.469,0.63462,0.63498,3.00,1.50
2011.08.12 01:15:59.120,0.63465,0.63499,2.25,1.50
2011.08.12 01:15:59.883,0.63466,0.635,1.50,1.50
2011.08.12 01:16:00.853,0.63464,0.635,2.25,1.50
2011.08.12 01:16:01.475,0.63459,0.63491,1.35,1.50
2011.08.12 01:16:01.584,0.63455,0.63491,1.50,2.25
2011.08.12 01:16:01.912,0.63457,0.63491,1.50,2.85
2011.08.12 01:16:02.468,0.63456,0.6349,1.50,1.50
2011.08.12 01:16:03.022,0.63456,0.63491,1.50,1.35
2011.08.12 01:16:12.624,0.63456,0.63491,1.50,1.35
2011.08.12 01:16:13.410,0.63456,0.63492,1.50,2.25
2011.08.12 01:16:15.334,0.63455,0.63491,1.50,2.25
2011.08.12 01:16:23.623,0.63454,0.63488,2.25,1.50
2011.08.12 01:16:25.295,0.63452,0.63486,2.85,1.50
2011.08.12 01:16:25.403,0.63452,0.63486,2.85,1.50
2011.08.12 01:16:25.515,0.63448,0.63484,2.25,1.50
2011.08.12 01:16:25.844,0.63441,0.63475,1.50,1.50
2011.08.12 01:16:26.863,0.63435,0.63469,2.25,1.50
2011.08.12 01:16:27.195,0.63432,0.63466,1.50,2.25
2011.08.12 01:16:28.136,0.63429,0.63465,2.25,1.50
2011.08.12 01:16:28.693,0.6343,0.63464,2.25,1.50
2011.08.12 01:16:29.314,0.63429,0.63463,2.25,1.50
2011.08.12 01:16:31.834,0.63428,0.63462,2.25,1.50
2011.08.12 01:16:32.444,0.63423,0.63459,3.00,1.50
2011.08.12 01:16:32.556,0.63426,0.63456,1.50,1.50
2011.08.12 01:16:32.675,0.63425,0.63459,2.63,1.50
2011.08.12 01:16:32.787,0.63425,0.63459,2.25,1.50
2011.08.12 01:16:33.123,0.63424,0.63458,2.25,1.50
2011.08.12 01:16:33.739,0.63421,0.63457,3.00,1.50
2011.08.12 01:16:34.663,0.63421,0.63454,1.50,1.50
2011.08.12 01:16:36.373,0.63421,0.63455,3.00,1.50
2011.08.12 01:16:37.072,0.63423,0.63457,2.25,1.50
2011.08.12 01:16:38.704,0.63422,0.63454,1.50,1.50
2011.08.12 01:16:39.033,0.63421,0.63453,1.50,1.50
2011.08.12 01:16:39.253,0.63424,0.63458,2.25,1.50
2011.08.12 01:16:39.363,0.63425,0.63461,2.25,1.50
2011.08.12 01:16:39.472,0.63425,0.63461,2.25,1.50
2011.08.12 01:16:40.024,0.63427,0.63462,1.50,1.50
2011.08.12 01:16:42.873,0.63428,0.63464,2.25,1.50
2011.08.12 01:16:42.982,0.63428,0.63462,2.25,1.50
2011.08.12 01:16:45.494,0.6343,0.63464,2.25,1.50
2011.08.12 01:16:45.605,0.63432,0.63466,2.25,1.50
2011.08.12 01:16:45.823,0.63432,0.63468,3.00,1.50
2011.08.12 01:16:46.153,0.63438,0.63474,2.25,1.50
2011.08.12 01:16:46.779,0.63438,0.63472,2.25,1.50
2011.08.12 01:16:46.897,0.63438,0.63474,2.25,1.50
2011.08.12 01:16:47.423,0.63441,0.63475,2.25,1.50
2011.08.12 01:16:48.862,0.63441,0.63475,1.50,1.50
2011.08.12 01:16:49.315,0.63441,0.63475,2.25,1.50
2011.08.12 01:16:49.985,0.63441,0.63477,2.25,1.50
2011.08.12 01:16:50.093,0.63446,0.63482,1.50,1.50
2011.08.12 01:16:50.453,0.63448,0.63482,1.50,1.50
2011.08.12 01:16:52.103,0.63448,0.63482,1.50,2.25
2011.08.12 01:16:52.994,0.63443,0.63479,2.25,2.25
2011.08.12 01:16:53.545,0.63444,0.6348,1.50,2.25
2011.08.12 01:16:54.093,0.63445,0.63479,1.50,2.25
2011.08.12 01:16:55.535,0.63446,0.63482,1.50,2.25
2011.08.12 01:16:55.660,0.63448,0.63482,1.50,2.25
2011.08.12 01:16:56.194,0.63451,0.63483,1.50,1.13
2011.08.12 01:16:56.526,0.63453,0.63484,1.50,1.13
2011.08.12 01:16:58.160,0.63453,0.63483,1.50,1.50
2011.08.12 01:16:58.383,0.6345,0.63483,1.50,1.50
2011.08.12 01:17:03.613,0.6345,0.63483,1.50,1.88
2011.08.12 01:17:07.225,0.6345,0.63483,1.50,1.50
2011.08.12 01:17:07.371,0.6345,0.63483,1.50,1.50
2011.08.12 01:17:07.964,0.6345,0.63483,1.50,1.50
2011.08.12 01:17:10.214,0.63449,0.63483,1.50,1.50
2011.08.12 01:17:10.546,0.63451,0.63483,1.50,1.50
2011.08.12 01:17:10.773,0.63453,0.63483,1.50,1.50
2011.08.12 01:17:12.310,0.6345,0.63481,1.50,1.13
2011.08.12 01:17:12.813,0.6345,0.63483,1.50,1.88
2011.08.12 01:17:13.034,0.6345,0.63481,1.50,1.13
2011.08.12 01:17:14.133,0.63448,0.63481,1.50,1.13
2011.08.12 01:17:15.764,0.63448,0.63482,1.50,1.88
2011.08.12 01:17:18.853,0.63447,0.63481,1.50,1.88
2011.08.12 01:17:18.977,0.63447,0.63478,1.50,1.88
2011.08.12 01:17:19.315,0.63444,0.63476,1.50,1.50
2011.08.12 01:17:19.793,0.63447,0.63476,1.50,1.50
2011.08.12 01:17:21.512,0.63448,0.63476,1.50,1.50
2011.08.12 01:17:21.842,0.63444,0.63476,1.50,1.50
2011.08.12 01:17:22.062,0.6344,0.63476,1.50,3.00
2011.08.12 01:17:22.395,0.6344,0.63476,1.50,2.25
2011.08.12 01:17:22.614,0.63442,0.63476,1.50,1.50
2011.08.12 01:17:23.164,0.63441,0.63475,1.50,1.88
2011.08.12 01:17:23.275,0.63438,0.63472,1.50,2.63
2011.08.12 01:17:23.384,0.63435,0.63471,1.50,2.25
2011.08.12 01:17:24.096,0.63433,0.63469,1.50,2.25
2011.08.12 01:17:25.296,0.63431,0.63467,2.25,1.50
2011.08.12 01:17:25.636,0.63431,0.63466,1.50,2.25
2011.08.12 01:17:25.865,0.63427,0.63461,1.50,2.25
2011.08.12 01:17:26.089,0.63427,0.63461,1.50,2.25
2011.08.12 01:17:26.204,0.63423,0.63459,2.25,1.50
2011.08.12 01:17:26.928,0.63426,0.63462,1.50,2.25
2011.08.12 01:17:27.376,0.63429,0.63463,1.50,2.25
2011.08.12 01:17:27.714,0.63431,0.63465,1.50,2.25
2011.08.12 01:17:27.823,0.63431,0.63465,2.25,1.50
2011.08.12 01:17:27.935,0.63433,0.63469,1.50,1.50
2011.08.12 01:17:28.042,0.63431,0.63465,2.25,1.50
2011.08.12 01:17:28.833,0.63433,0.63467,1.50,1.50
2011.08.12 01:17:29.163,0.63434,0.6347,1.50,1.50
2011.08.12 01:17:29.716,0.63438,0.63472,1.50,2.25
2011.08.12 01:17:30.047,0.63444,0.6348,1.50,2.25
2011.08.12 01:17:31.102,0.63445,0.63479,1.50,2.63
2011.08.12 01:17:31.723,0.63442,0.63478,1.50,3.00
2011.08.12 01:17:31.833,0.63441,0.63475,1.50,1.50
2011.08.12 01:17:32.276,0.6344,0.63476,2.25,1.50
2011.08.12 01:17:32.505,0.63444,0.6348,2.25,2.10
2011.08.12 01:17:33.716,0.63444,0.63478,2.25,1.50
2011.08.12 01:17:34.043,0.63448,0.63482,1.50,1.88
2011.08.12 01:17:34.153,0.63446,0.63482,1.50,1.50
2011.08.12 01:17:34.703,0.63446,0.63482,1.50,1.88
2011.08.12 01:17:35.783,0.63446,0.63482,1.50,1.50
2011.08.12 01:17:35.893,0.63449,0.63483,1.50,1.50
2011.08.12 01:17:36.443,0.6345,0.63486,1.50,2.25
2011.08.12 01:17:36.773,0.63452,0.63488,1.50,2.25
2011.08.12 01:17:37.103,0.63454,0.63488,2.25,1.50
2011.08.12 01:17:37.785,0.63453,0.63487,2.63,1.50
2011.08.12 01:17:39.114,0.63454,0.63488,2.25,1.50
2011.08.12 01:17:40.906,0.63453,0.63487,2.63,1.50
2011.08.12 01:17:41.883,0.63452,0.63485,1.50,1.50
2011.08.12 01:17:42.712,0.63452,0.63488,3.00,2.25
2011.08.12 01:17:44.759,0.63451,0.63485,1.50,2.85
2011.08.12 01:17:44.881,0.63448,0.63481,1.35,1.50
2011.08.12 01:17:46.113,0.6345,0.63484,2.63,2.25
2011.08.12 01:17:46.442,0.63451,0.63484,1.50,1.50
2011.08.12 01:17:46.774,0.63451,0.63485,1.50,2.10
2011.08.12 01:17:47.323,0.63451,0.63482,1.50,1.50
2011.08.12 01:17:47.842,0.63451,0.63485,1.50,2.10
2011.08.12 01:17:50.463,0.63452,0.63486,1.35,2.25
2011.08.12 01:17:51.014,0.63452,0.63486,1.35,2.25
2011.08.12 01:17:51.234,0.63452,0.63486,1.35,2.25
2011.08.12 01:17:53.466,0.63449,0.63481,1.13,2.10
2011.08.12 01:17:53.585,0.63445,0.63479,1.35,1.50
2011.08.12 01:17:53.693,0.63445,0.63476,1.35,1.50
2011.08.12 01:17:53.804,0.63442,0.63476,1.50,2.25
2011.08.12 01:17:54.353,0.63445,0.63481,1.50,2.63
2011.08.12 01:17:54.574,0.63441,0.63477,1.50,2.25
2011.08.12 01:17:54.683,0.63441,0.63475,1.50,1.50
2011.08.12 01:17:55.234,0.63442,0.63476,1.50,1.50
2011.08.12 01:17:56.715,0.63441,0.63475,1.50,1.50
2011.08.12 01:17:58.423,0.63441,0.63477,1.50,2.25
2011.08.12 01:17:59.543,0.63441,0.63477,2.25,2.25
2011.08.12 01:18:00.434,0.63441,0.63477,1.50,2.25
2011.08.12 01:18:00.944,0.63441,0.63477,2.25,2.25
2011.08.12 01:18:01.053,0.6344,0.63474,1.50,1.50
2011.08.12 01:18:02.012,0.6344,0.63474,2.25,1.50
2011.08.12 01:18:02.236,0.63438,0.63473,1.13,1.50
2011.08.12 01:18:02.354,0.63438,0.63471,1.13,1.50
2011.08.12 01:18:04.684,0.63437,0.63471,2.25,1.50
2011.08.12 01:18:07.877,0.63439,0.63473,1.50,2.10
2011.08.12 01:18:08.215,0.63437,0.63473,2.25,2.10
2011.08.12 01:18:08.325,0.63439,0.63473,1.50,2.10
2011.08.12 01:18:08.985,0.63437,0.63473,2.25,2.10
2011.08.12 01:18:09.204,0.63439,0.63473,1.50,2.10
2011.08.12 01:18:10.034,0.63438,0.63472,1.50,1.50
2011.08.12 01:18:10.643,0.63436,0.63472,3.00,1.50
2011.08.12 01:18:11.494,0.63439,0.63473,1.50,2.10
2011.08.12 01:18:12.795,0.63437,0.63473,2.25,2.10
2011.08.12 01:18:12.913,0.63437,0.63471,2.25,1.50
2011.08.12 01:18:13.943,0.63436,0.63469,1.50,1.50
2011.08.12 01:18:14.053,0.63435,0.63469,2.25,1.50
2011.08.12 01:18:14.273,0.63433,0.63469,2.25,1.50
2011.08.12 01:18:17.513,0.63435,0.63471,1.50,1.50
2011.08.12 01:18:18.305,0.63435,0.63469,1.50,1.50
2011.08.12 01:18:19.405,0.63432,0.63466,3.00,1.50
2011.08.12 01:18:19.933,0.63431,0.63465,3.00,1.50
2011.08.12 01:18:29.055,0.63432,0.63465,1.50,1.50
2011.08.12 01:18:29.165,0.63432,0.63468,3.00,2.10
2011.08.12 01:18:29.495,0.63435,0.63468,1.13,2.10
2011.08.12 01:18:29.823,0.63437,0.63471,2.25,2.10
2011.08.12 01:18:31.556,0.63433,0.63469,2.25,1.50
2011.08.12 01:18:31.784,0.63437,0.63473,2.25,1.50
2011.08.12 01:18:32.334,0.63438,0.63474,2.63,1.50
2011.08.12 01:18:32.443,0.6344,0.63474,1.13,1.50
2011.08.12 01:18:32.773,0.63441,0.63476,1.50,2.10
2011.08.12 01:18:35.027,0.63439,0.63473,2.25,1.50
2011.08.12 01:18:35.145,0.63439,0.63473,2.25,1.50
2011.08.12 01:18:35.646,0.63438,0.63472,2.25,1.50
2011.08.12 01:18:37.104,0.63438,0.63472,1.50,2.25
2011.08.12 01:18:37.925,0.63438,0.63472,1.50,1.50
2011.08.12 01:18:38.696,0.63436,0.63472,2.25,2.25
2011.08.12 01:18:38.813,0.63433,0.63469,1.50,2.25
2011.08.12 01:18:39.625,0.63435,0.63471,1.50,1.50
2011.08.12 01:18:39.955,0.63438,0.63471,1.13,1.50
2011.08.12 01:18:40.184,0.63439,0.63473,1.50,1.50
2011.08.12 01:18:40.298,0.6344,0.63476,1.50,1.50
2011.08.12 01:18:40.993,0.63439,0.63473,1.50,1.50
2011.08.12 01:18:41.874,0.63438,0.63472,2.25,1.50
2011.08.12 01:18:42.313,0.63438,0.63474,2.25,1.50
2011.08.12 01:18:49.944,0.6344,0.63476,1.50,1.50
2011.08.12 01:18:50.276,0.63442,0.63476,1.50,2.25
2011.08.12 01:18:51.434,0.6344,0.63476,1.50,2.25
2011.08.12 01:18:52.346,0.63438,0.63474,2.25,1.50
2011.08.12 01:18:52.908,0.63437,0.63473,2.25,1.50
2011.08.12 01:18:53.379,0.63437,0.63471,2.25,1.50
2011.08.12 01:18:54.183,0.63437,0.63471,2.25,1.50
2011.08.12 01:18:57.204,0.63437,0.63471,2.25,1.50
2011.08.12 01:18:57.643,0.63436,0.63469,1.50,1.50
2011.08.12 01:18:58.084,0.63436,0.63471,1.50,1.50
2011.08.12 01:18:58.853,0.63436,0.63469,1.50,1.50
2011.08.12 01:19:03.185,0.63436,0.63471,1.50,1.50
2011.08.12 01:19:03.294,0.63436,0.63469,1.50,1.50
2011.08.12 01:19:03.624,0.63432,0.63466,2.63,1.50
2011.08.12 01:19:04.175,0.63433,0.63462,1.50,1.35
2011.08.12 01:19:04.285,0.6343,0.63462,1.50,3.60
2011.08.12 01:19:04.394,0.6343,0.63457,1.50,1.73
2011.08.12 01:19:04.503,0.63415,0.63451,2.25,2.25
2011.08.12 01:19:04.833,0.63418,0.63452,1.50,2.25
2011.08.12 01:19:05.384,0.63418,0.63452,1.50,2.25
2011.08.12 01:19:09.964,0.63415,0.63449,1.50,2.85
2011.08.12 01:19:10.074,0.63415,0.63448,1.50,2.85
2011.08.12 01:19:19.045,0.63416,0.63448,1.50,2.85
2011.08.12 01:19:19.975,0.63415,0.63448,1.50,2.85
2011.08.12 01:19:21.334,0.63414,0.63448,1.50,4.35
2011.08.12 01:19:22.025,0.63415,0.63447,1.50,1.35
2011.08.12 01:19:24.253,0.63412,0.63443,1.50,1.35
2011.08.12 01:19:24.593,0.63414,0.63443,1.50,1.35
2011.08.12 01:19:25.588,0.63411,0.63445,1.50,1.35
2011.08.12 01:19:26.165,0.63409,0.63445,1.50,2.85
2011.08.12 01:19:26.604,0.63406,0.63442,1.50,2.63
2011.08.12 01:19:26.714,0.63404,0.6344,1.50,2.25
2011.08.12 01:19:27.263,0.63403,0.63439,1.50,2.25
2011.08.12 01:19:27.514,0.63405,0.63439,1.50,2.25
2011.08.12 01:19:33.236,0.63403,0.63438,1.50,2.10
2011.08.12 01:19:33.463,0.63404,0.6344,2.25,2.10
2011.08.12 01:19:33.794,0.63407,0.63441,2.25,1.50
2011.08.12 01:19:34.983,0.63409,0.63445,1.50,2.25
2011.08.12 01:19:39.545,0.63408,0.63442,1.50,1.50
2011.08.12 01:19:40.573,0.63407,0.63441,3.00,1.50
2011.08.12 01:19:40.903,0.63407,0.63441,3.00,1.50
2011.08.12 01:19:41.125,0.63409,0.63443,1.50,1.50
2011.08.12 01:19:45.636,0.63407,0.63441,2.25,2.25
2011.08.12 01:19:46.083,0.63408,0.63442,1.50,1.50
2011.08.12 01:19:48.064,0.63407,0.63441,1.50,1.50
2011.08.12 01:19:48.613,0.63405,0.6344,1.35,1.50
2011.08.12 01:19:49.053,0.63406,0.63442,1.50,2.10
2011.08.12 01:19:51.525,0.63403,0.63439,2.25,1.50
2011.08.12 01:19:51.634,0.63403,0.63439,1.50,1.50
2011.08.12 01:19:53.075,0.63402,0.63437,1.50,1.50
2011.08.12 01:19:53.403,0.63401,0.63435,3.00,1.50
2011.08.12 01:19:53.634,0.63401,0.63437,3.00,1.50
2011.08.12 01:19:56.283,0.63401,0.63435,3.00,1.50
2011.08.12 01:19:56.924,0.63401,0.63437,3.00,1.50
2011.08.12 01:19:57.524,0.63401,0.63436,1.50,1.50
2011.08.12 01:19:58.313,0.63401,0.63437,2.25,1.50
2011.08.12 01:19:58.864,0.63402,0.63436,2.25,1.50
2011.08.12 01:20:01.104,0.63401,0.63437,2.25,2.25
2011.08.12 01:20:02.473,0.63401,0.63435,2.25,1.50
2011.08.12 01:20:02.695,0.63401,0.63437,2.25,1.50
2011.08.12 01:20:03.410,0.63401,0.63435,2.25,1.50
2011.08.12 01:20:03.733,0.63401,0.63437,2.25,1.50
2011.08.12 01:20:04.735,0.634,0.63436,2.85,1.50
2011.08.12 01:20:09.173,0.63402,0.63436,2.25,2.25
2011.08.12 01:20:09.723,0.63401,0.63436,1.50,1.50
2011.08.12 01:20:09.944,0.634,0.63433,1.35,1.50
2011.08.12 01:20:10.276,0.63397,0.63433,1.50,2.63
2011.08.12 01:20:10.862,0.63394,0.6343,2.25,1.50
2011.08.12 01:20:11.415,0.63393,0.63429,2.25,1.50
2011.08.12 01:20:11.633,0.63395,0.63429,1.50,1.50
2011.08.12 01:20:12.463,0.63397,0.63429,1.50,1.50
2011.08.12 01:20:13.044,0.63397,0.6343,1.50,1.50
2011.08.12 01:20:14.156,0.63398,0.63432,2.25,1.50
2011.08.12 01:20:14.714,0.63397,0.63431,1.50,1.50
2011.08.12 01:20:16.732,0.63395,0.63429,2.25,1.50
2011.08.12 01:20:16.846,0.63392,0.63428,2.25,1.50
2011.08.12 01:20:17.786,0.63393,0.63428,1.50,1.50
2011.08.12 01:20:17.904,0.63397,0.63433,3.60,1.50
2011.08.12 01:20:18.623,0.63398,0.63432,2.25,1.50
2011.08.12 01:20:21.183,0.63399,0.63433,2.25,1.50
2011.08.12 01:20:23.867,0.63402,0.63436,1.50,1.50
2011.08.12 01:20:24.205,0.63398,0.63432,2.25,1.50
2011.08.12 01:20:24.533,0.63399,0.63433,2.25,1.50
2011.08.12 01:20:24.865,0.634,0.63436,1.50,1.50
2011.08.12 01:20:26.255,0.63402,0.63438,1.50,2.25
2011.08.12 01:20:26.583,0.63401,0.63437,2.25,1.50
2011.08.12 01:20:27.270,0.634,0.63436,2.25,1.50
2011.08.12 01:20:28.983,0.63401,0.63437,2.25,1.50
2011.08.12 01:20:30.235,0.634,0.63436,2.25,1.50
2011.08.12 01:20:30.343,0.634,0.63436,1.50,2.25
2011.08.12 01:20:30.643,0.63399,0.63433,2.25,1.50
2011.08.12 01:20:35.175,0.63398,0.63432,2.63,1.50
2011.08.12 01:20:35.956,0.63393,0.63426,1.35,1.50
2011.08.12 01:20:36.086,0.63395,0.63429,1.50,1.50
2011.08.12 01:20:36.204,0.63395,0.63429,2.25,1.50
2011.08.12 01:20:36.427,0.63397,0.63433,2.25,1.50
2011.08.12 01:20:36.984,0.63398,0.63434,2.25,2.10
2011.08.12 01:20:38.044,0.63398,0.63432,1.50,1.50
2011.08.12 01:20:38.464,0.63401,0.63434,1.50,2.10
2011.08.12 01:20:38.684,0.634,0.63436,2.25,2.25
2011.08.12 01:20:38.906,0.63398,0.63434,2.25,1.50
2011.08.12 01:20:39.135,0.63396,0.63432,2.25,1.50
2011.08.12 01:20:39.981,0.63396,0.63431,1.50,1.50
2011.08.12 01:20:40.099,0.63398,0.63434,2.25,2.10
2011.08.12 01:20:40.216,0.63401,0.63435,1.50,2.10
2011.08.12 01:20:40.656,0.63398,0.63432,2.25,1.50
2011.08.12 01:20:40.877,0.63397,0.6343,1.50,1.50
2011.08.12 01:20:40.998,0.63394,0.6343,2.25,1.50
2011.08.12 01:20:41.774,0.63392,0.63428,2.63,1.50
2011.08.12 01:20:43.424,0.63392,0.63428,3.00,1.50
2011.08.12 01:20:44.423,0.63392,0.63428,2.25,1.50
2011.08.12 01:20:45.089,0.63391,0.63427,3.38,1.50
2011.08.12 01:20:47.466,0.63392,0.63428,2.25,1.50
2011.08.12 01:20:47.913,0.63394,0.6343,1.50,2.25
2011.08.12 01:20:48.442,0.63395,0.63431,1.50,2.25
2011.08.12 01:20:49.910,0.63395,0.63431,1.50,2.25
2011.08.12 01:20:50.603,0.63395,0.63431,2.25,2.25
2011.08.12 01:20:51.357,0.63395,0.63431,1.50,1.50
2011.08.12 01:20:51.475,0.63398,0.63432,1.50,1.50
2011.08.12 01:20:52.552,0.63398,0.63432,1.50,2.25
2011.08.12 01:20:52.774,0.63393,0.63429,2.25,2.25
2011.08.12 01:20:53.653,0.63393,0.63429,2.25,2.25
2011.08.12 01:20:55.514,0.63392,0.63426,2.25,2.85
2011.08.12 01:21:00.736,0.63393,0.63426,1.50,1.35
2011.08.12 01:21:01.184,0.63391,0.63425,1.50,1.35
2011.08.12 01:21:01.295,0.63389,0.63425,2.10,2.85
2011.08.12 01:21:02.243,0.63403,0.63425,1.50,2.85
2011.08.12 01:21:02.931,0.63404,0.63425,1.50,2.85
2011.08.12 01:21:03.277,0.63403,0.63424,1.50,2.25
2011.08.12 01:21:03.614,0.63403,0.63425,1.50,2.25
2011.08.12 01:21:03.724,0.63404,0.63422,1.50,1.50
2011.08.12 01:21:04.057,0.63403,0.63422,1.50,2.25
2011.08.12 01:21:04.724,0.63403,0.63422,1.50,2.25
2011.08.12 01:21:05.055,0.63403,0.63422,1.50,2.25
2011.08.12 01:21:05.951,0.63403,0.63422,1.50,2.25
2011.08.12 01:21:06.079,0.63403,0.63415,1.50,2.25
2011.08.12 01:21:06.635,0.63403,0.63415,1.20,2.25
2011.08.12 01:21:07.351,0.63382,0.63415,1.50,2.25
2011.08.12 01:21:07.573,0.63381,0.63415,1.50,2.25
2011.08.12 01:21:08.013,0.63382,0.63416,2.25,2.25
2011.08.12 01:21:08.565,0.63384,0.63418,1.50,2.25
2011.08.12 01:21:09.114,0.63384,0.63418,1.50,2.25
2011.08.12 01:21:09.692,0.63382,0.63418,3.00,2.25
2011.08.12 01:21:09.804,0.63389,0.63425,2.10,1.50
2011.08.12 01:21:10.574,0.63389,0.63425,1.50,1.50
2011.08.12 01:21:10.905,0.63392,0.63426,1.50,1.50
2011.08.12 01:21:13.403,0.63393,0.63427,1.50,2.25
2011.08.12 01:21:14.056,0.63396,0.63429,1.50,1.50
2011.08.12 01:21:15.505,0.63385,0.63421,1.50,2.25
2011.08.12 01:21:19.169,0.63387,0.63421,1.50,2.25
2011.08.12 01:21:19.287,0.63385,0.63421,1.50,2.25
2011.08.12 01:21:21.466,0.63387,0.63421,1.50,2.25
2011.08.12 01:21:24.316,0.63391,0.63425,1.50,2.85
2011.08.12 01:21:24.544,0.63396,0.63425,1.50,1.35
2011.08.12 01:21:24.653,0.63396,0.6343,1.50,2.25
2011.08.12 01:21:25.294,0.63395,0.63431,1.50,2.85
2011.08.12 01:21:25.973,0.63397,0.63431,1.50,1.35
2011.08.12 01:21:26.303,0.634,0.63431,1.50,1.35
2011.08.12 01:21:26.744,0.63398,0.63431,1.50,1.35
2011.08.12 01:21:27.309,0.63399,0.63431,1.50,1.35
2011.08.12 01:21:27.979,0.63398,0.63431,1.50,1.35
2011.08.12 01:21:30.003,0.63398,0.63431,1.50,1.35
2011.08.12 01:21:30.870,0.63401,0.63435,1.50,1.13
2011.08.12 01:21:31.097,0.63404,0.63438,1.50,1.88
2011.08.12 01:21:31.759,0.63405,0.63439,1.50,2.48
2011.08.12 01:21:33.817,0.63405,0.63439,1.50,2.10
2011.08.12 01:21:34.375,0.63406,0.63439,1.50,1.35
2011.08.12 01:21:34.595,0.63407,0.63443,1.50,1.88
2011.08.12 01:21:40.453,0.63407,0.63443,1.50,2.25
2011.08.12 01:21:41.505,0.63406,0.63442,1.50,2.25
2011.08.12 01:21:41.833,0.63408,0.63442,1.50,2.25
2011.08.12 01:21:42.573,0.63406,0.63442,1.50,2.25
2011.08.12 01:21:42.794,0.6341,0.63444,1.50,2.25
2011.08.12 01:21:43.454,0.63405,0.63441,1.50,1.50
2011.08.12 01:21:43.563,0.63404,0.63438,2.25,1.50
2011.08.12 01:21:44.113,0.63404,0.6344,1.50,2.25
2011.08.12 01:21:44.976,0.63405,0.63438,1.50,1.88
2011.08.12 01:21:45.538,0.63404,0.63438,1.50,3.38
2011.08.12 01:21:45.944,0.63406,0.6344,1.50,2.25
2011.08.12 01:21:47.046,0.63403,0.63439,1.50,2.25
2011.08.12 01:21:47.933,0.63404,0.63438,1.50,1.50
2011.08.12 01:21:48.773,0.63403,0.63439,1.50,2.25
2011.08.12 01:21:49.323,0.63403,0.63438,1.50,1.88
2011.08.12 01:21:50.693,0.63402,0.63436,1.50,1.50
2011.08.12 01:21:51.329,0.634,0.63436,1.50,1.50
2011.08.12 01:21:51.446,0.634,0.63436,2.25,1.50
2011.08.12 01:21:52.117,0.63404,0.6344,1.50,2.25
2011.08.12 01:21:52.236,0.63406,0.63441,1.50,1.35
2011.08.12 01:21:52.562,0.63408,0.63442,1.50,2.25
2011.08.12 01:21:53.112,0.63407,0.63441,1.50,2.25
2011.08.12 01:21:57.624,0.63404,0.6344,1.50,2.25
2011.08.12 01:21:59.435,0.63404,0.6344,2.25,2.25
2011.08.12 01:21:59.873,0.63404,0.6344,1.50,2.25
2011.08.12 01:21:59.984,0.63406,0.63442,1.50,2.25
2011.08.12 01:22:01.947,0.63408,0.63442,1.50,2.25
2011.08.12 01:22:03.305,0.63406,0.6344,1.50,2.63
2011.08.12 01:22:03.853,0.63406,0.6344,1.50,2.63
2011.08.12 01:22:04.753,0.63404,0.63438,1.50,3.00
2011.08.12 01:22:05.717,0.63402,0.63436,1.50,1.50
2011.08.12 01:22:06.063,0.634,0.63434,1.50,1.50
2011.08.12 01:22:09.053,0.63405,0.63441,1.50,2.25
2011.08.12 01:22:09.163,0.63405,0.63441,1.50,2.25
2011.08.12 01:22:09.496,0.63405,0.63441,2.25,1.50
2011.08.12 01:22:09.614,0.63408,0.63442,1.50,1.50
2011.08.12 01:22:09.953,0.63406,0.6344,1.50,1.50
2011.08.12 01:22:10.544,0.63405,0.63441,2.25,1.50
2011.08.12 01:22:11.933,0.63408,0.63442,1.50,1.50
2011.08.12 01:22:15.605,0.6341,0.63444,1.50,1.50
2011.08.12 01:22:16.154,0.63411,0.63447,1.50,2.25
2011.08.12 01:22:16.375,0.63409,0.63445,1.50,2.25
2011.08.12 01:22:16.594,0.63406,0.63442,1.50,1.50
2011.08.12 01:22:18.634,0.6341,0.63444,1.50,1.50
2011.08.12 01:22:19.125,0.63407,0.63443,1.50,1.50
2011.08.12 01:22:19.408,0.63409,0.63445,1.50,2.25
2011.08.12 01:22:19.744,0.63412,0.63446,2.25,1.50
2011.08.12 01:22:20.224,0.63408,0.63442,2.25,1.50
2011.08.12 01:22:21.203,0.63408,0.63442,1.50,1.50
2011.08.12 01:22:21.424,0.63408,0.63442,2.25,1.50
2011.08.12 01:22:30.334,0.6341,0.63444,2.25,1.50
2011.08.12 01:22:30.664,0.63412,0.63446,2.25,1.50
2011.08.12 01:22:31.435,0.63407,0.63443,3.00,1.50
2011.08.12 01:22:32.068,0.63406,0.6344,2.25,1.50
2011.08.12 01:22:35.423,0.63397,0.63433,2.25,1.50
2011.08.12 01:22:35.533,0.63396,0.6343,2.63,1.50
2011.08.12 01:22:36.084,0.63395,0.63429,1.50,1.50
2011.08.12 01:22:40.434,0.63392,0.63428,1.50,1.50
2011.08.12 01:22:42.244,0.63398,0.63432,1.50,1.50
2011.08.12 01:22:42.462,0.63398,0.63434,1.50,1.50
2011.08.12 01:22:43.013,0.63398,0.63432,1.88,1.50
2011.08.12 01:22:43.670,0.63398,0.63432,2.63,1.50
2011.08.12 01:22:44.343,0.63397,0.63431,1.13,1.50
2011.08.12 01:22:44.563,0.63398,0.63434,2.63,1.50
2011.08.12 01:22:45.113,0.63399,0.63433,2.25,1.50
2011.08.12 01:22:45.345,0.634,0.63436,2.25,1.50
2011.08.12 01:22:45.454,0.634,0.63436,2.25,2.25
2011.08.12 01:22:47.438,0.63397,0.63433,2.25,1.50
2011.08.12 01:22:47.663,0.63397,0.63433,2.25,2.25
2011.08.12 01:22:47.884,0.63395,0.63431,1.50,1.50
2011.08.12 01:22:48.455,0.63394,0.6343,2.10,1.50
2011.08.12 01:22:49.014,0.63396,0.6343,1.50,1.50
2011.08.12 01:22:50.895,0.63391,0.63427,2.25,1.50
2011.08.12 01:22:51.115,0.63397,0.63431,2.25,1.50
2011.08.12 01:22:51.335,0.63397,0.63431,2.25,1.50
2011.08.12 01:22:51.663,0.63398,0.63434,1.88,1.50
2011.08.12 01:22:51.774,0.634,0.6343,1.13,1.50
2011.08.12 01:22:51.994,0.63397,0.6343,1.13,1.50
2011.08.12 01:22:52.215,0.63397,0.63428,1.13,1.50
2011.08.12 01:22:53.294,0.63397,0.63428,1.13,1.50
2011.08.12 01:22:53.847,0.63397,0.63429,1.13,1.50
2011.08.12 01:22:54.604,0.63399,0.63435,1.50,2.25
2011.08.12 01:22:56.994,0.63398,0.63433,1.13,1.50
2011.08.12 01:22:57.545,0.63396,0.63431,1.88,1.50
2011.08.12 01:23:00.835,0.63396,0.6343,1.13,1.50
2011.08.12 01:23:01.386,0.63396,0.63429,1.13,1.50
2011.08.12 01:23:02.015,0.63395,0.63429,1.88,1.50
2011.08.12 01:23:02.235,0.63394,0.63426,1.13,1.50
2011.08.12 01:23:04.268,0.63392,0.63426,2.25,1.50
2011.08.12 01:23:04.494,0.63388,0.63424,1.50,2.25
2011.08.12 01:23:04.714,0.6339,0.63424,1.50,2.25
2011.08.12 01:23:05.376,0.63387,0.63421,2.10,1.50
2011.08.12 01:23:05.953,0.63386,0.6342,2.48,1.50
2011.08.12 01:23:06.555,0.63386,0.6342,2.10,2.25
2011.08.12 01:23:06.775,0.63384,0.63417,1.73,1.50
2011.08.12 01:23:07.104,0.6338,0.63413,1.73,2.25
2011.08.12 01:23:07.218,0.63384,0.63416,1.13,1.50
2011.08.12 01:23:07.334,0.63384,0.63419,1.13,1.50
2011.08.12 01:23:07.666,0.63387,0.63421,1.50,1.50
2011.08.12 01:23:09.043,0.63386,0.6342,2.63,1.50
2011.08.12 01:23:09.136,0.63383,0.63417,2.25,1.50
2011.08.12 01:23:09.715,0.63383,0.63417,2.25,2.25
2011.08.12 01:23:13.463,0.63381,0.63413,1.50,1.50
2011.08.12 01:23:13.576,0.6338,0.63413,1.35,2.25
2011.08.12 01:23:13.794,0.63379,0.6341,1.35,2.25
2011.08.12 01:23:14.016,0.63376,0.6341,2.25,2.85
2011.08.12 01:23:14.235,0.63376,0.6341,2.10,1.50
2011.08.12 01:23:14.674,0.63378,0.63413,1.73,1.50
2011.08.12 01:23:15.223,0.63378,0.63412,1.73,1.50
2011.08.12 01:23:17.327,0.63378,0.63413,1.13,1.50
2011.08.12 01:23:17.556,0.6338,0.63414,1.50,2.25
2011.08.12 01:23:18.993,0.63381,0.63415,1.50,2.25
2011.08.12 01:23:19.434,0.6338,0.63414,1.50,3.00
2011.08.12 01:23:19.544,0.63378,0.63412,1.50,2.25
2011.08.12 01:23:20.495,0.63377,0.63411,2.10,1.50
2011.08.12 01:23:21.156,0.63377,0.63411,2.85,1.50
2011.08.12 01:23:21.264,0.63377,0.63413,2.85,2.25
2011.08.12 01:23:22.638,0.63378,0.63412,1.50,1.50
2011.08.12 01:23:23.234,0.63375,0.63411,2.25,1.50
2011.08.12 01:23:23.453,0.63373,0.63409,2.25,1.50
2011.08.12 01:23:24.785,0.63376,0.63409,1.50,1.50
2011.08.12 01:23:24.894,0.63377,0.63411,2.25,1.50
2011.08.12 01:23:25.004,0.63376,0.63409,1.50,1.50
2011.08.12 01:23:25.445,0.63375,0.63409,2.25,1.50
2011.08.12 01:23:26.222,0.63372,0.63408,2.25,1.50
2011.08.12 01:23:27.114,0.63372,0.63408,2.25,1.50
2011.08.12 01:23:27.443,0.63372,0.63408,2.25,1.50
2011.08.12 01:23:27.994,0.63374,0.6341,2.25,1.50
2011.08.12 01:23:28.564,0.63377,0.6341,1.50,1.50
2011.08.12 01:23:31.384,0.63376,0.6341,1.50,1.50
2011.08.12 01:23:32.533,0.63377,0.63406,1.50,1.50
2011.08.12 01:23:32.644,0.63376,0.63408,1.50,1.50
2011.08.12 01:23:32.753,0.63376,0.6341,1.50,1.50
2011.08.12 01:23:32.864,0.63377,0.6341,1.50,1.50
2011.08.12 01:23:32.973,0.63379,0.63413,2.25,1.50
2011.08.12 01:23:33.084,0.63379,0.63413,1.50,1.50
2011.08.12 01:23:33.464,0.63376,0.63412,3.00,1.50
2011.08.12 01:23:35.206,0.63377,0.63413,1.50,1.50
2011.08.12 01:23:36.257,0.63377,0.63411,1.50,1.50
2011.08.12 01:23:36.925,0.63377,0.63413,1.50,1.50
2011.08.12 01:23:37.037,0.63377,0.63413,2.25,1.50
2011.08.12 01:23:37.156,0.63379,0.63415,2.25,1.50
2011.08.12 01:23:37.693,0.6338,0.63416,1.50,1.50
2011.08.12 01:23:37.925,0.6338,0.63414,1.50,1.50
2011.08.12 01:23:39.050,0.63378,0.63412,2.25,1.50
2011.08.12 01:23:41.763,0.63373,0.63409,2.25,1.50
2011.08.12 01:23:41.875,0.63373,0.63409,1.50,1.50
2011.08.12 01:23:42.643,0.63375,0.63409,1.50,1.50
2011.08.12 01:23:44.064,0.63374,0.63408,1.50,1.50
2011.08.12 01:23:44.666,0.63375,0.63409,1.50,1.50
2011.08.12 01:23:45.725,0.63374,0.63408,1.50,2.25
2011.08.12 01:23:47.414,0.63374,0.6341,1.50,1.50
2011.08.12 01:23:48.494,0.63373,0.63409,2.25,1.50
2011.08.12 01:23:49.043,0.63373,0.63409,1.50,2.25
2011.08.12 01:23:49.621,0.63373,0.63409,1.50,2.25
2011.08.12 01:23:49.735,0.63373,0.63409,2.25,1.50
2011.08.12 01:23:49.846,0.63375,0.63411,1.50,1.50
2011.08.12 01:23:51.503,0.63377,0.63413,1.50,2.63
2011.08.12 01:23:51.837,0.63387,0.63421,2.25,1.50
2011.08.12 01:23:52.064,0.63388,0.63424,1.50,1.50
2011.08.12 01:23:52.175,0.63391,0.63427,1.50,2.25
2011.08.12 01:23:52.504,0.63393,0.63428,1.50,1.50
2011.08.12 01:23:52.885,0.63391,0.63427,1.50,2.25
2011.08.12 01:23:53.214,0.63391,0.63427,1.50,2.25
2011.08.12 01:23:53.436,0.6339,0.63424,1.50,1.50
2011.08.12 01:23:53.763,0.63395,0.63429,2.25,1.50
2011.08.12 01:23:54.593,0.63396,0.6343,1.50,2.25
2011.08.12 01:23:55.894,0.63394,0.6343,1.50,2.25
2011.08.12 01:23:56.116,0.63393,0.63427,1.50,1.50
2011.08.12 01:23:56.554,0.63389,0.63425,2.25,1.50
2011.08.12 01:23:56.884,0.63391,0.63427,2.25,1.50
2011.08.12 01:23:56.994,0.63391,0.63427,2.25,1.50
2011.08.12 01:23:57.106,0.63394,0.63428,1.50,2.25
2011.08.12 01:23:57.655,0.63395,0.63431,1.50,2.25
2011.08.12 01:23:57.767,0.63397,0.63433,2.25,1.50
2011.08.12 01:23:58.408,0.63397,0.63433,1.50,1.50
2011.08.12 01:23:59.964,0.63395,0.63431,1.50,1.50
2011.08.12 01:24:00.954,0.63395,0.63429,1.50,1.50
2011.08.12 01:24:02.834,0.63397,0.63431,1.50,2.25
2011.08.12 01:24:03.166,0.63389,0.63425,2.25,1.50
2011.08.12 01:24:03.276,0.63391,0.63427,2.25,1.50
2011.08.12 01:24:03.823,0.63391,0.63427,1.50,1.50
2011.08.12 01:24:04.264,0.6339,0.63424,2.25,1.50
2011.08.12 01:24:04.814,0.63387,0.63422,1.50,1.50
2011.08.12 01:24:05.144,0.63387,0.63419,1.50,1.50
2011.08.12 01:24:05.473,0.63387,0.63423,3.00,1.50
2011.08.12 01:24:06.536,0.63383,0.63417,2.25,1.50
2011.08.12 01:24:06.755,0.63383,0.63417,2.25,1.50
2011.08.12 01:24:08.055,0.63383,0.63417,2.25,1.50
2011.08.12 01:24:08.604,0.63386,0.63418,1.50,1.50
2011.08.12 01:24:09.054,0.63386,0.63417,1.50,1.50
2011.08.12 01:24:09.276,0.63386,0.6342,3.00,1.50
2011.08.12 01:24:09.385,0.63387,0.63421,2.25,1.50
2011.08.12 01:24:09.606,0.63387,0.63421,3.00,1.50
2011.08.12 01:24:10.044,0.63387,0.63421,1.50,1.50
2011.08.12 01:24:10.623,0.63384,0.63418,2.25,1.50
2011.08.12 01:24:13.646,0.63383,0.63417,2.25,1.50
2011.08.12 01:24:13.758,0.63383,0.63417,2.25,1.50
2011.08.12 01:24:14.753,0.63383,0.63419,2.25,1.50
2011.08.12 01:24:14.974,0.63383,0.63419,2.25,1.50
2011.08.12 01:24:16.005,0.63386,0.63422,2.25,1.50
2011.08.12 01:24:16.224,0.63382,0.63418,3.00,1.50
2011.08.12 01:24:16.444,0.63382,0.63418,3.00,1.50
2011.08.12 01:24:16.555,0.63382,0.63415,1.50,1.50
2011.08.12 01:24:16.884,0.63382,0.63415,1.50,1.50
2011.08.12 01:24:16.994,0.63384,0.63418,2.25,1.50
2011.08.12 01:24:17.104,0.63382,0.63416,1.50,1.50
2011.08.12 01:24:17.435,0.63387,0.63416,1.50,1.50
2011.08.12 01:24:18.037,0.63392,0.63416,1.50,1.50
2011.08.12 01:24:18.159,0.63389,0.63423,2.25,1.50
2011.08.12 01:24:18.497,0.63381,0.63416,1.50,1.50
2011.08.12 01:24:18.723,0.63381,0.63414,1.50,1.50
2011.08.12 01:24:19.167,0.63377,0.63412,1.50,1.50
2011.08.12 01:24:19.617,0.63383,0.63417,2.25,1.50
2011.08.12 01:24:19.846,0.63382,0.63414,1.50,1.50
2011.08.12 01:24:20.175,0.63384,0.6342,2.25,1.50
2011.08.12 01:24:21.035,0.63388,0.63422,1.50,1.50
2011.08.12 01:24:21.365,0.63395,0.63429,2.25,1.50
2011.08.12 01:24:21.474,0.63395,0.63431,2.25,1.50
2011.08.12 01:24:22.197,0.63395,0.63429,2.25,1.50
2011.08.12 01:24:22.319,0.63398,0.63434,2.25,1.50
2011.08.12 01:24:23.804,0.63402,0.63436,2.25,1.50
2011.08.12 01:24:24.244,0.63402,0.63436,2.25,1.50
2011.08.12 01:24:24.466,0.63403,0.63439,2.25,1.50
2011.08.12 01:24:24.687,0.63401,0.63435,1.50,1.50
2011.08.12 01:24:25.776,0.63398,0.63434,2.25,1.50
2011.08.12 01:24:25.896,0.63398,0.63434,1.50,2.25
2011.08.12 01:24:26.245,0.63394,0.6343,2.25,1.50
2011.08.12 01:24:26.578,0.63391,0.63427,2.25,1.50
2011.08.12 01:24:26.804,0.63397,0.63431,1.50,1.50
2011.08.12 01:24:27.704,0.63394,0.6343,2.25,1.50
2011.08.12 01:24:28.539,0.63396,0.6343,1.50,1.50
2011.08.12 01:24:28.680,0.63398,0.63432,1.50,1.50
2011.08.12 01:24:30.065,0.63399,0.63435,1.50,2.25
2011.08.12 01:24:30.173,0.63399,0.63435,2.25,1.50
2011.08.12 01:24:30.725,0.63399,0.63435,2.25,1.50
2011.08.12 01:24:31.055,0.63405,0.63439,1.50,1.50
2011.08.12 01:24:31.931,0.63404,0.63438,1.50,1.50
2011.08.12 01:24:32.387,0.63401,0.63437,1.50,1.50
2011.08.12 01:24:34.173,0.63401,0.63437,1.50,2.25
2011.08.12 01:24:34.506,0.63401,0.63435,1.50,2.25
2011.08.12 01:24:34.615,0.63398,0.63434,1.50,2.25
2011.08.12 01:24:34.835,0.63398,0.63432,2.25,1.50
2011.08.12 01:24:34.944,0.63403,0.63437,2.25,1.50
2011.08.12 01:24:35.057,0.63405,0.63439,1.50,2.63
2011.08.12 01:24:35.176,0.63399,0.63435,1.50,1.50
2011.08.12 01:24:35.395,0.63402,0.63438,1.50,2.25
2011.08.12 01:24:35.724,0.63402,0.63438,2.25,1.50
2011.08.12 01:24:36.894,0.63402,0.63438,2.25,1.50
2011.08.12 01:24:39.636,0.63402,0.63438,1.50,1.50
2011.08.12 01:24:41.486,0.63402,0.63438,2.25,1.50
2011.08.12 01:24:41.825,0.634,0.63436,2.25,1.50
2011.08.12 01:24:41.935,0.634,0.63436,2.25,1.50
2011.08.12 01:24:42.433,0.634,0.63436,1.50,1.50
2011.08.12 01:24:43.765,0.63401,0.63437,1.50,2.25
2011.08.12 01:24:44.318,0.63398,0.63432,1.50,1.50
2011.08.12 01:24:44.766,0.63398,0.63434,1.50,1.50
2011.08.12 01:24:45.314,0.63398,0.63434,2.25,1.50
2011.08.12 01:24:46.495,0.63398,0.63434,2.25,1.50
2011.08.12 01:24:46.824,0.63398,0.63434,1.50,3.00
2011.08.12 01:24:47.153,0.63394,0.6343,2.25,2.25
2011.08.12 01:24:48.024,0.63396,0.6343,1.50,1.50
2011.08.12 01:24:49.385,0.63398,0.63432,1.50,2.25
2011.08.12 01:24:50.228,0.63401,0.63435,1.50,2.25
2011.08.12 01:24:50.339,0.63399,0.63433,1.50,2.25
2011.08.12 01:24:50.675,0.63401,0.63435,1.50,2.25
2011.08.12 01:24:50.785,0.63401,0.63435,1.50,1.50
2011.08.12 01:24:51.006,0.63404,0.63438,1.50,1.50
2011.08.12 01:24:51.123,0.63404,0.6344,1.50,2.25
2011.08.12 01:24:52.204,0.63406,0.63442,1.50,2.85
2011.08.12 01:24:52.784,0.63406,0.63442,2.25,2.10
2011.08.12 01:24:53.225,0.63404,0.6344,2.25,1.50
2011.08.12 01:24:53.786,0.63408,0.63442,1.50,1.50
2011.08.12 01:24:54.813,0.63407,0.63441,1.50,2.25
2011.08.12 01:24:55.255,0.63405,0.63439,1.50,1.50
2011.08.12 01:24:57.224,0.63405,0.63439,2.25,1.50
2011.08.12 01:24:57.774,0.63404,0.63438,2.25,1.50
2011.08.12 01:24:58.433,0.63404,0.63438,1.50,1.50
2011.08.12 01:24:59.374,0.63401,0.63437,1.50,1.50
2011.08.12 01:25:00.739,0.63401,0.63435,1.50,1.50
2011.08.12 01:25:02.854,0.63401,0.63437,1.50,2.25
2011.08.12 01:25:03.443,0.63401,0.63435,1.50,1.50
2011.08.12 01:25:03.774,0.63403,0.63439,1.50,2.25
2011.08.12 01:25:04.223,0.63403,0.63439,2.25,2.25
2011.08.12 01:25:04.774,0.63403,0.63439,1.50,1.50
2011.08.12 01:25:08.745,0.63406,0.6344,1.50,2.25
2011.08.12 01:25:09.183,0.63409,0.63443,1.50,1.50
2011.08.12 01:25:09.942,0.63409,0.63443,2.25,1.50
2011.08.12 01:25:10.541,0.63409,0.63443,1.50,1.50
2011.08.12 01:25:12.044,0.6341,0.63446,1.50,2.25
2011.08.12 01:25:12.639,0.6341,0.63444,1.50,1.50
2011.08.12 01:25:13.196,0.63412,0.63446,1.50,2.25
2011.08.12 01:25:13.745,0.63412,0.63446,1.50,2.25
2011.08.12 01:25:18.414,0.63409,0.63445,2.25,1.50
2011.08.12 01:25:18.746,0.63405,0.63441,1.50,1.50
2011.08.12 01:25:19.304,0.63408,0.63444,1.50,2.25
2011.08.12 01:25:19.633,0.6341,0.63444,1.50,1.50
2011.08.12 01:25:20.208,0.6341,0.63444,2.25,1.50
2011.08.12 01:25:20.327,0.63411,0.63447,2.25,1.50
2011.08.12 01:25:20.445,0.63411,0.63445,1.50,1.50
2011.08.12 01:25:21.029,0.63408,0.63444,2.25,1.50
2011.08.12 01:25:21.364,0.6341,0.63446,2.25,1.50
2011.08.12 01:25:21.895,0.63409,0.63445,2.25,1.50
2011.08.12 01:25:22.113,0.63409,0.63445,2.25,1.50
2011.08.12 01:25:23.295,0.63409,0.63445,2.25,1.50
2011.08.12 01:25:24.693,0.63408,0.63442,2.25,1.50
2011.08.12 01:25:25.894,0.63408,0.63442,2.25,1.50
2011.08.12 01:25:26.116,0.63411,0.63445,1.50,1.50
2011.08.12 01:25:26.237,0.63414,0.63448,1.50,1.50
2011.08.12 01:25:26.355,0.63414,0.63448,1.50,2.25
2011.08.12 01:25:26.906,0.63415,0.63451,1.50,2.25
2011.08.12 01:25:27.014,0.63418,0.63452,1.50,2.25
2011.08.12 01:25:27.125,0.63414,0.63448,1.50,1.50
2011.08.12 01:25:27.344,0.63414,0.6345,1.50,1.50
2011.08.12 01:25:31.534,0.63412,0.63448,3.00,1.50
2011.08.12 01:25:32.085,0.63413,0.63447,1.50,1.50
2011.08.12 01:25:33.116,0.6341,0.63446,1.50,1.50
2011.08.12 01:25:33.800,0.63409,0.63443,1.50,2.25
2011.08.12 01:25:33.922,0.634,0.63436,2.25,1.50
2011.08.12 01:25:34.255,0.63398,0.63433,1.35,1.50
2011.08.12 01:25:37.495,0.63398,0.6343,1.35,1.50
2011.08.12 01:25:40.125,0.63398,0.63428,1.35,1.50
2011.08.12 01:25:40.344,0.63392,0.63426,2.25,1.50
2011.08.12 01:25:40.454,0.63394,0.6343,1.50,1.50
2011.08.12 01:25:40.564,0.63396,0.6343,1.50,1.50
2011.08.12 01:25:40.895,0.63397,0.63431,3.00,1.50
2011.08.12 01:25:41.005,0.63398,0.63434,2.25,2.10
2011.08.12 01:25:41.557,0.63403,0.63439,1.50,1.50
2011.08.12 01:25:41.895,0.63406,0.63442,1.50,2.25
2011.08.12 01:25:42.514,0.63406,0.63442,2.25,1.50
2011.08.12 01:25:42.952,0.63409,0.63445,1.50,3.00
2011.08.12 01:25:43.283,0.63411,0.63445,1.50,1.50
2011.08.12 01:25:43.393,0.63409,0.63445,1.50,1.50
2011.08.12 01:25:44.614,0.6341,0.63446,1.50,2.25
2011.08.12 01:25:45.173,0.63409,0.63445,1.50,1.50
2011.08.12 01:25:45.393,0.63411,0.63445,1.50,1.50
2011.08.12 01:25:45.724,0.63411,0.63447,3.00,2.25
2011.08.12 01:25:46.274,0.63407,0.63441,2.85,2.25
2011.08.12 01:25:46.853,0.63407,0.63441,2.85,2.25
2011.08.12 01:25:47.184,0.63413,0.63447,1.50,2.25
2011.08.12 01:25:47.294,0.63413,0.63449,2.25,3.00
2011.08.12 01:25:49.593,0.63418,0.63452,1.50,2.25
2011.08.12 01:25:49.708,0.6342,0.63456,1.50,2.85
2011.08.12 01:25:50.044,0.63418,0.63454,1.50,2.85
2011.08.12 01:25:50.704,0.6342,0.63453,1.50,1.35
2011.08.12 01:25:50.813,0.63419,0.63453,2.25,1.35
2011.08.12 01:25:50.923,0.63418,0.63454,1.50,2.85
2011.08.12 01:25:51.512,0.63418,0.63453,2.25,1.35
2011.08.12 01:25:54.514,0.63416,0.63452,3.00,1.50
2011.08.12 01:25:55.086,0.63416,0.63452,3.00,2.25
2011.08.12 01:25:55.415,0.63422,0.63455,1.50,2.25
2011.08.12 01:25:58.956,0.63423,0.63459,2.25,2.85
2011.08.12 01:26:04.844,0.63423,0.63459,2.63,2.10
2011.08.12 01:26:05.174,0.63424,0.6346,2.25,2.10
2011.08.12 01:26:05.723,0.63427,0.6346,1.35,1.50
2011.08.12 01:26:05.946,0.63426,0.63462,2.85,1.50
2011.08.12 01:26:06.544,0.63429,0.63463,1.50,1.50
2011.08.12 01:26:06.658,0.63432,0.63468,2.25,1.50
2011.08.12 01:26:07.244,0.63432,0.63466,2.25,1.50
2011.08.12 01:26:07.686,0.63434,0.63468,1.50,1.50
2011.08.12 01:26:11.985,0.63418,0.6345,3.00,1.50
2011.08.12 01:26:12.205,0.63417,0.63453,2.25,1.50
2011.08.12 01:26:12.315,0.63421,0.63457,1.50,2.85
2011.08.12 01:26:12.425,0.63423,0.63459,1.50,2.10
2011.08.12 01:26:12.534,0.63423,0.63459,1.50,1.50
2011.08.12 01:26:12.644,0.63425,0.63459,1.50,1.50
2011.08.12 01:26:13.378,0.63426,0.63462,1.50,1.50
2011.08.12 01:26:13.497,0.63429,0.63463,1.50,1.50
2011.08.12 01:26:14.032,0.6343,0.63466,1.50,1.50
2011.08.12 01:26:14.253,0.63432,0.63468,1.50,2.48
2011.08.12 01:26:14.696,0.63434,0.6347,1.50,1.88
2011.08.12 01:26:14.817,0.63436,0.6347,1.50,1.88
2011.08.12 01:26:15.340,0.63435,0.63469,1.50,1.13
2011.08.12 01:26:15.894,0.63436,0.63469,1.50,1.13
2011.08.12 01:26:16.007,0.63436,0.6347,1.50,1.50
2011.08.12 01:26:16.237,0.63438,0.63472,1.50,2.63
2011.08.12 01:26:16.687,0.63441,0.63475,1.50,2.25
2011.08.12 01:26:17.410,0.63437,0.63471,1.50,1.50
2011.08.12 01:26:17.524,0.63434,0.6347,1.88,2.85
2011.08.12 01:26:17.746,0.63434,0.6347,1.50,2.85
2011.08.12 01:26:17.855,0.63436,0.6347,1.50,1.35
2011.08.12 01:26:18.184,0.63449,0.63483,1.50,2.85
2011.08.12 01:26:18.295,0.63445,0.63481,1.50,1.50
2011.08.12 01:26:18.625,0.63443,0.63477,1.50,1.50
2011.08.12 01:26:18.960,0.63441,0.63475,1.50,1.50
2011.08.12 01:26:19.515,0.6344,0.63476,2.10,1.50
2011.08.12 01:26:20.064,0.6344,0.63476,2.85,1.50
2011.08.12 01:26:20.614,0.63442,0.63476,1.50,1.50
2011.08.12 01:26:21.170,0.63444,0.6348,1.50,2.25
2011.08.12 01:26:21.400,0.63446,0.6348,1.35,2.25
2011.08.12 01:26:21.516,0.6345,0.63486,1.50,2.25
2011.08.12 01:26:22.065,0.63448,0.63482,1.50,1.50
2011.08.12 01:26:22.613,0.63446,0.63482,2.10,1.50
2011.08.12 01:26:23.193,0.63447,0.63483,2.10,2.25
2011.08.12 01:26:23.656,0.63445,0.63481,2.10,1.50
2011.08.12 01:26:23.874,0.63447,0.63483,2.10,2.25
2011.08.12 01:26:23.984,0.63446,0.6348,2.10,1.50
2011.08.12 01:26:24.425,0.6344,0.63476,2.10,1.50
2011.08.12 01:26:25.223,0.63442,0.63476,1.50,1.50
2011.08.12 01:26:25.825,0.63438,0.63472,2.85,2.25
2011.08.12 01:26:25.936,0.63438,0.63472,2.25,2.25
2011.08.12 01:26:26.274,0.63435,0.63469,2.85,1.50
2011.08.12 01:26:26.604,0.63435,0.63469,2.85,2.25
2011.08.12 01:26:26.825,0.63435,0.63469,2.85,1.50
2011.08.12 01:26:26.934,0.63435,0.63471,2.85,2.25
2011.08.12 01:26:27.484,0.63435,0.63471,2.85,2.25
2011.08.12 01:26:27.817,0.63435,0.63469,2.10,1.50
2011.08.12 01:26:27.934,0.63433,0.63467,2.10,1.50
2011.08.12 01:26:28.045,0.63429,0.63463,2.25,1.50
2011.08.12 01:26:28.870,0.6343,0.63464,1.50,2.25
2011.08.12 01:26:28.990,0.6343,0.63464,2.25,2.25
2011.08.12 01:26:30.381,0.63434,0.63469,1.50,1.35
2011.08.12 01:26:30.933,0.63434,0.63468,2.25,2.25
2011.08.12 01:26:31.396,0.63431,0.63467,3.00,2.25
2011.08.12 01:26:32.601,0.6343,0.63466,2.25,2.25
2011.08.12 01:26:32.943,0.63428,0.63462,1.50,2.85
2011.08.12 01:26:33.164,0.63428,0.63462,1.50,2.85
2011.08.12 01:26:33.275,0.63424,0.6346,2.85,2.25
2011.08.12 01:26:33.831,0.63424,0.63457,1.35,1.50
2011.08.12 01:26:34.356,0.63424,0.63459,1.35,2.25
2011.08.12 01:26:34.804,0.63426,0.63462,2.25,2.10
2011.08.12 01:26:35.827,0.63428,0.63462,1.50,1.50
2011.08.12 01:26:36.724,0.6343,0.63464,1.50,1.50
2011.08.12 01:26:37.343,0.6343,0.63464,2.25,1.50
2011.08.12 01:26:37.796,0.6343,0.63464,2.25,1.50
2011.08.12 01:26:38.668,0.6343,0.63464,2.25,1.50
2011.08.12 01:26:38.788,0.6343,0.63464,1.50,1.50
2011.08.12 01:26:39.126,0.63428,0.63462,2.25,1.50
2011.08.12 01:26:39.817,0.63427,0.63461,1.50,1.50
2011.08.12 01:26:40.424,0.63426,0.63461,1.35,1.50
2011.08.12 01:26:41.755,0.63428,0.63464,1.50,1.50
2011.08.12 01:26:41.975,0.63431,0.63465,2.25,2.25
2011.08.12 01:26:42.089,0.63433,0.63467,2.25,1.50
2011.08.12 01:26:42.424,0.63433,0.63467,2.25,1.50
2011.08.12 01:26:42.538,0.63435,0.63471,2.25,2.25
2011.08.12 01:26:43.179,0.63438,0.63472,2.25,2.25
2011.08.12 01:26:43.734,0.63437,0.63471,3.00,1.50
2011.08.12 01:26:44.185,0.63437,0.63468,1.50,1.50
2011.08.12 01:26:44.404,0.63434,0.63468,1.50,2.10
2011.08.12 01:26:46.855,0.63434,0.63468,1.50,2.48
2011.08.12 01:26:47.186,0.63427,0.63463,2.25,1.50
2011.08.12 01:26:47.295,0.63426,0.63461,1.50,1.50
2011.08.12 01:26:47.623,0.63425,0.63459,2.25,1.50
2011.08.12 01:26:47.954,0.63425,0.63459,3.00,1.50
2011.08.12 01:26:49.294,0.63426,0.63462,2.25,1.50
2011.08.12 01:26:50.161,0.63429,0.63463,1.50,1.50
2011.08.12 01:26:50.714,0.63428,0.63462,1.50,1.50
2011.08.12 01:26:51.284,0.63429,0.63463,1.50,1.50
2011.08.12 01:26:51.613,0.63431,0.63465,2.25,2.85
2011.08.12 01:26:56.726,0.6343,0.63464,2.25,2.25
2011.08.12 01:26:57.254,0.63429,0.63465,2.85,2.85
2011.08.12 01:26:57.858,0.63428,0.63462,2.85,1.50
2011.08.12 01:26:58.193,0.63426,0.6346,2.25,2.10
2011.08.12 01:26:59.104,0.63424,0.63458,2.25,1.50
2011.08.12 01:26:59.434,0.63426,0.6346,2.25,2.10
2011.08.12 01:27:00.339,0.63429,0.63461,1.50,1.35
2011.08.12 01:27:00.883,0.63427,0.63461,2.25,1.35
2011.08.12 01:27:03.006,0.63423,0.63459,2.85,1.50
2011.08.12 01:27:03.114,0.63423,0.63459,2.85,2.25
2011.08.12 01:27:06.088,0.6343,0.63464,1.50,2.25
2011.08.12 01:27:06.208,0.6343,0.63464,1.50,1.50
2011.08.12 01:27:06.326,0.63435,0.63469,1.50,2.25
2011.08.12 01:27:06.444,0.63435,0.63469,1.50,1.50
2011.08.12 01:27:06.666,0.63433,0.63469,2.25,1.50
2011.08.12 01:27:06.775,0.63433,0.63469,2.25,1.50
2011.08.12 01:27:07.105,0.63431,0.63467,2.25,1.50
2011.08.12 01:27:07.436,0.63431,0.63465,2.25,1.50
2011.08.12 01:27:08.104,0.63432,0.63464,1.50,1.50
2011.08.12 01:27:08.566,0.63432,0.63466,3.00,1.50
2011.08.12 01:27:08.786,0.63437,0.63473,1.50,1.50
2011.08.12 01:27:09.564,0.63437,0.63471,2.25,1.50
2011.08.12 01:27:09.786,0.63437,0.63471,2.25,1.50
2011.08.12 01:27:10.004,0.63434,0.6347,2.25,1.50
2011.08.12 01:27:10.566,0.63435,0.63471,2.25,1.50
2011.08.12 01:27:10.943,0.63435,0.63469,2.25,1.50
2011.08.12 01:27:11.588,0.63435,0.63471,2.25,1.50
2011.08.12 01:27:11.815,0.63435,0.63469,2.25,1.50
2011.08.12 01:27:12.765,0.63435,0.63469,2.25,1.50
2011.08.12 01:27:13.094,0.63437,0.63473,2.25,1.50
2011.08.12 01:27:13.891,0.63437,0.63473,2.25,1.50
2011.08.12 01:27:14.008,0.63442,0.63476,2.25,1.50
2011.08.12 01:27:14.345,0.63443,0.63479,2.25,1.50
2011.08.12 01:27:15.226,0.63444,0.6348,2.25,1.50
2011.08.12 01:27:15.768,0.63443,0.63479,2.25,1.50
2011.08.12 01:27:16.326,0.63443,0.63479,2.25,1.50
2011.08.12 01:27:21.004,0.63443,0.63479,1.50,1.50
2011.08.12 01:27:21.114,0.63441,0.63477,2.25,1.50
2011.08.12 01:27:21.740,0.63441,0.63475,1.50,1.50
2011.08.12 01:27:22.226,0.63439,0.63473,2.25,1.50
2011.08.12 01:27:22.887,0.6344,0.63476,1.50,1.50
2011.08.12 01:27:23.228,0.63439,0.63473,2.25,1.50
2011.08.12 01:27:23.567,0.6344,0.63476,2.25,1.50
2011.08.12 01:27:24.016,0.63438,0.63474,2.25,1.50
2011.08.12 01:27:24.685,0.6344,0.63476,2.25,1.50
2011.08.12 01:27:26.645,0.63439,0.63473,2.25,1.50
2011.08.12 01:27:26.975,0.6344,0.63476,2.25,1.50
2011.08.12 01:27:27.196,0.63442,0.63476,1.50,1.50
2011.08.12 01:27:27.305,0.63444,0.63478,1.50,1.50
2011.08.12 01:27:27.636,0.63444,0.63478,2.25,1.50
2011.08.12 01:27:29.036,0.6345,0.63486,2.25,1.50
2011.08.12 01:27:29.147,0.63454,0.63488,1.50,1.50
2011.08.12 01:27:29.366,0.63454,0.63488,2.25,1.50
2011.08.12 01:27:30.304,0.63456,0.6349,2.25,1.50
2011.08.12 01:27:32.926,0.63456,0.6349,1.50,1.50
2011.08.12 01:27:36.059,0.63457,0.63491,1.50,1.50
2011.08.12 01:27:36.179,0.63461,0.63495,1.50,1.50
2011.08.12 01:27:36.298,0.63463,0.63499,1.50,1.50
2011.08.12 01:27:36.524,0.63463,0.63499,2.25,1.50
2011.08.12 01:27:36.634,0.63465,0.63501,2.25,1.50
2011.08.12 01:27:37.331,0.63465,0.63501,2.25,1.50
2011.08.12 01:27:37.449,0.63472,0.63508,2.25,1.50
2011.08.12 01:27:40.215,0.63468,0.63504,2.25,1.50
2011.08.12 01:27:40.434,0.63465,0.63501,2.25,1.50
2011.08.12 01:27:40.547,0.63469,0.63503,1.50,1.50
2011.08.12 01:27:40.670,0.63472,0.63506,1.50,2.25
2011.08.12 01:27:41.004,0.63472,0.63508,2.25,1.50
2011.08.12 01:27:41.225,0.63472,0.63508,1.50,2.25
2011.08.12 01:27:41.797,0.63471,0.63505,1.50,2.25
2011.08.12 01:27:42.026,0.63473,0.63507,1.50,2.25
2011.08.12 01:27:42.577,0.6347,0.63504,2.25,1.50
2011.08.12 01:27:42.806,0.63473,0.63507,2.25,1.50
2011.08.12 01:27:42.915,0.63473,0.63507,1.50,2.25
2011.08.12 01:27:43.024,0.63471,0.63505,1.50,1.50
2011.08.12 01:27:43.574,0.63472,0.63506,1.50,2.25
2011.08.12 01:27:43.854,0.6347,0.63504,1.50,1.50
2011.08.12 01:27:44.589,0.63471,0.63507,2.25,1.50
2011.08.12 01:27:45.146,0.63472,0.63508,2.25,1.50
2011.08.12 01:27:47.116,0.63471,0.63505,2.25,1.50
2011.08.12 01:27:47.335,0.63471,0.63507,2.25,1.50
2011.08.12 01:27:48.415,0.63466,0.63502,1.50,2.25
2011.08.12 01:27:48.745,0.63465,0.63499,1.50,1.50
2011.08.12 01:27:49.955,0.63461,0.63495,1.50,1.50
2011.08.12 01:27:50.756,0.63464,0.63498,1.50,1.50
2011.08.12 01:27:51.355,0.63465,0.63501,1.50,2.25
2011.08.12 01:27:51.797,0.63464,0.635,1.50,2.25
2011.08.12 01:27:51.916,0.63462,0.63498,1.50,2.25
2011.08.12 01:27:52.028,0.63462,0.63498,1.50,2.25
2011.08.12 01:27:52.364,0.63462,0.63498,2.25,1.50
2011.08.12 01:27:52.695,0.63458,0.63494,2.25,1.50
2011.08.12 01:27:53.026,0.63458,0.63494,2.25,1.50
2011.08.12 01:27:54.244,0.63458,0.63494,2.25,1.50
2011.08.12 01:27:54.966,0.63461,0.63495,2.25,1.50
2011.08.12 01:27:55.076,0.63461,0.63495,2.25,1.50
2011.08.12 01:27:55.185,0.63462,0.63498,1.50,1.50
2011.08.12 01:27:56.031,0.63465,0.63501,1.50,2.25
2011.08.12 01:27:56.446,0.63468,0.63502,1.50,2.25
2011.08.12 01:27:59.256,0.63465,0.63499,1.50,2.25
2011.08.12 01:27:59.916,0.63462,0.63498,1.50,1.50
2011.08.12 01:28:00.025,0.63462,0.63496,1.50,2.25
2011.08.12 01:28:01.012,0.63459,0.63495,1.50,2.25
2011.08.12 01:28:01.609,0.63458,0.63494,1.50,1.50
2011.08.12 01:28:02.614,0.6346,0.63494,1.50,1.50
2011.08.12 01:28:04.997,0.6346,0.63494,1.50,2.25
2011.08.12 01:28:05.807,0.63459,0.63493,1.50,2.25
2011.08.12 01:28:06.436,0.63458,0.63494,1.50,2.25
2011.08.12 01:28:06.764,0.6346,0.63494,1.50,2.25
2011.08.12 01:28:06.985,0.63456,0.63492,1.50,2.25
2011.08.12 01:28:08.248,0.63456,0.63492,1.50,2.25
2011.08.12 01:28:08.476,0.63455,0.63491,2.25,2.25
2011.08.12 01:28:08.705,0.6346,0.63496,1.50,1.50
2011.08.12 01:28:09.143,0.63458,0.63494,1.50,1.50
2011.08.12 01:28:09.759,0.63455,0.63489,1.50,1.50
2011.08.12 01:28:10.203,0.63453,0.63487,1.50,1.50
2011.08.12 01:28:10.644,0.63453,0.63489,1.50,1.50
2011.08.12 01:28:10.755,0.63453,0.63487,1.50,1.50
2011.08.12 01:28:10.977,0.63453,0.63489,1.50,1.50
2011.08.12 01:28:11.545,0.63452,0.63488,2.63,1.50
2011.08.12 01:28:12.055,0.63453,0.63489,1.88,1.50
2011.08.12 01:28:12.386,0.63455,0.63491,2.25,2.10
2011.08.12 01:28:13.141,0.63457,0.63491,1.50,2.10
2011.08.12 01:28:13.475,0.63453,0.63487,1.50,1.50
2011.08.12 01:28:14.025,0.63451,0.63486,1.35,1.50
2011.08.12 01:28:15.397,0.6345,0.63484,3.00,1.50
2011.08.12 01:28:15.506,0.63451,0.63487,2.25,2.25
2011.08.12 01:28:15.627,0.63452,0.63487,1.50,1.50
2011.08.12 01:28:15.855,0.63453,0.63489,2.25,1.50
2011.08.12 01:28:15.964,0.63453,0.63487,2.25,1.50
2011.08.12 01:28:16.185,0.63453,0.63489,2.25,1.50
2011.08.12 01:28:16.625,0.63459,0.63493,1.50,1.50
2011.08.12 01:28:16.955,0.63459,0.63493,2.25,1.50
2011.08.12 01:28:17.506,0.6346,0.63496,2.25,1.50
2011.08.12 01:28:17.627,0.63463,0.63499,2.25,2.63
2011.08.12 01:28:18.024,0.63463,0.63497,1.50,1.50
2011.08.12 01:28:18.574,0.63463,0.63497,2.25,1.50
2011.08.12 01:28:18.794,0.63464,0.635,2.85,2.25
2011.08.12 01:28:19.454,0.63465,0.63501,1.50,2.25
2011.08.12 01:28:23.746,0.63466,0.63502,1.50,2.25
2011.08.12 01:28:23.858,0.63466,0.63502,2.25,1.50
2011.08.12 01:28:24.195,0.63468,0.63504,2.25,1.50
2011.08.12 01:28:24.305,0.63468,0.63504,2.25,1.50
2011.08.12 01:28:24.526,0.63468,0.63502,2.25,1.50
2011.08.12 01:28:24.745,0.63469,0.63503,2.25,1.50
2011.08.12 01:28:24.854,0.6347,0.63506,2.25,1.50
2011.08.12 01:28:25.186,0.63472,0.63508,2.63,1.50
2011.08.12 01:28:25.407,0.63473,0.63507,2.25,1.50
2011.08.12 01:28:26.059,0.63474,0.63508,2.25,1.50
2011.08.12 01:28:26.286,0.63477,0.63511,1.13,1.50
2011.08.12 01:28:26.395,0.63479,0.63513,2.25,1.50
2011.08.12 01:28:27.164,0.63479,0.63513,2.63,1.50
2011.08.12 01:28:27.715,0.6348,0.63516,2.25,1.50
2011.08.12 01:28:28.694,0.6348,0.63516,2.25,1.50
2011.08.12 01:28:29.033,0.6348,0.63516,3.00,1.50
2011.08.12 01:28:31.324,0.6348,0.63514,3.38,1.50
2011.08.12 01:28:32.664,0.63481,0.63514,1.50,1.50
2011.08.12 01:28:33.624,0.63481,0.63515,3.00,1.50
2011.08.12 01:28:35.685,0.63481,0.63517,3.00,1.50
2011.08.12 01:28:35.794,0.63481,0.63517,3.00,1.50
2011.08.12 01:28:35.906,0.6348,0.63514,2.25,1.50
2011.08.12 01:28:36.454,0.63481,0.63513,1.50,1.50
2011.08.12 01:28:37.322,0.63482,0.63515,1.50,1.50
2011.08.12 01:28:37.438,0.63482,0.63515,1.50,1.50
2011.08.12 01:28:37.804,0.63483,0.63518,2.25,1.50
2011.08.12 01:28:38.354,0.63486,0.63519,1.50,1.50
2011.08.12 01:28:39.025,0.63486,0.63522,3.00,1.50
2011.08.12 01:28:39.616,0.63488,0.63522,2.25,1.88
2011.08.12 01:28:39.727,0.63486,0.63518,1.50,1.50
2011.08.12 01:28:40.065,0.63488,0.63522,2.25,1.50
2011.08.12 01:28:41.406,0.63487,0.63523,2.25,1.50
2011.08.12 01:28:41.734,0.63487,0.63521,2.25,1.50
2011.08.12 01:28:42.065,0.63488,0.63521,1.50,1.50
2011.08.12 01:28:42.394,0.6349,0.63524,2.25,1.50
2011.08.12 01:28:47.876,0.63486,0.6352,2.25,1.50
2011.08.12 01:28:48.095,0.63484,0.63518,2.85,1.50
2011.08.12 01:28:48.534,0.63484,0.63516,1.35,1.50
2011.08.12 01:28:50.115,0.63482,0.63516,1.50,1.50
2011.08.12 01:28:50.224,0.6348,0.63514,2.25,1.50
2011.08.12 01:28:51.067,0.63481,0.63515,1.50,1.50
2011.08.12 01:28:51.666,0.63477,0.63511,2.25,1.50
2011.08.12 01:28:52.214,0.63477,0.63511,2.25,1.50
2011.08.12 01:28:53.205,0.63481,0.63516,1.35,1.50
2011.08.12 01:28:53.425,0.63481,0.63516,1.35,1.50
2011.08.12 01:28:53.644,0.63485,0.63519,1.50,2.10
2011.08.12 01:28:53.754,0.63485,0.63519,2.10,1.50
2011.08.12 01:28:54.525,0.63488,0.63521,1.35,1.50
2011.08.12 01:28:54.744,0.63483,0.63519,2.25,1.50
2011.08.12 01:28:55.895,0.63487,0.63518,1.50,1.50
2011.08.12 01:28:56.114,0.63487,0.63521,1.50,1.50
2011.08.12 01:28:56.776,0.63482,0.63517,2.10,1.50
2011.08.12 01:28:56.884,0.63482,0.63517,2.10,1.50
2011.08.12 01:28:57.445,0.63482,0.63514,2.10,1.50
2011.08.12 01:28:57.814,0.63482,0.63516,1.35,1.50
2011.08.12 01:28:58.673,0.63482,0.63515,1.35,1.50
2011.08.12 01:28:59.224,0.63482,0.63514,1.35,1.50
2011.08.12 01:29:00.214,0.63482,0.63513,1.35,1.50
2011.08.12 01:29:00.546,0.63482,0.63513,1.35,1.50
2011.08.12 01:29:00.654,0.63482,0.63517,2.10,1.50
2011.08.12 01:29:00.765,0.63482,0.63517,2.10,1.50
2011.08.12 01:29:01.644,0.63483,0.63519,2.25,1.50
2011.08.12 01:29:02.654,0.63482,0.63518,3.60,1.50
2011.08.12 01:29:03.545,0.63484,0.6352,2.25,1.50
2011.08.12 01:29:04.185,0.63484,0.6352,1.50,2.48
2011.08.12 01:29:04.294,0.6348,0.63515,1.50,1.50
2011.08.12 01:29:04.625,0.63484,0.63518,2.25,1.50
2011.08.12 01:29:05.283,0.63485,0.63519,2.25,1.50
2011.08.12 01:29:05.394,0.63485,0.63519,1.50,2.25
2011.08.12 01:29:05.835,0.6348,0.63516,2.10,1.50
2011.08.12 01:29:07.166,0.63479,0.63515,2.85,1.50
2011.08.12 01:29:08.750,0.63477,0.63512,1.13,1.50
2011.08.12 01:29:09.196,0.63481,0.63515,2.25,1.50
2011.08.12 01:29:09.794,0.63483,0.63516,1.35,1.50
2011.08.12 01:29:11.054,0.63483,0.63516,1.35,1.50
2011.08.12 01:29:14.427,0.63485,0.63519,2.25,1.50
2011.08.12 01:29:14.854,0.63483,0.63517,2.85,1.50
2011.08.12 01:29:14.964,0.63483,0.63519,2.85,1.50
2011.08.12 01:29:15.406,0.63487,0.63521,2.25,1.50
2011.08.12 01:29:15.516,0.63488,0.63523,1.35,1.50
2011.08.12 01:29:18.313,0.63488,0.63522,1.35,1.50
2011.08.12 01:29:18.646,0.6349,0.63524,3.00,1.50
2011.08.12 01:29:18.977,0.63493,0.63527,1.50,1.50
2011.08.12 01:29:19.207,0.63493,0.63529,2.25,1.50
2011.08.12 01:29:19.545,0.63496,0.63532,3.00,1.50
2011.08.12 01:29:20.796,0.63496,0.6353,3.00,1.50
2011.08.12 01:29:20.904,0.63496,0.63532,3.00,1.50
2011.08.12 01:29:21.538,0.63496,0.6353,3.00,1.50
2011.08.12 01:29:21.876,0.63496,0.6353,2.25,1.50
2011.08.12 01:29:22.206,0.63496,0.63532,2.25,1.50
2011.08.12 01:29:22.429,0.63494,0.6353,2.25,1.50
2011.08.12 01:29:22.545,0.63494,0.6353,2.25,1.50
2011.08.12 01:29:23.199,0.63497,0.6353,1.50,1.50
2011.08.12 01:29:24.745,0.63496,0.63532,2.25,1.50
2011.08.12 01:29:24.856,0.63498,0.63534,2.25,1.50
2011.08.12 01:29:25.856,0.63499,0.63535,2.25,1.50
2011.08.12 01:29:31.896,0.63502,0.63533,1.35,1.50
2011.08.12 01:29:32.225,0.63497,0.63531,2.10,1.50
2011.08.12 01:29:32.334,0.63496,0.63529,1.35,1.50
2011.08.12 01:29:32.893,0.63496,0.63528,1.35,1.50
2011.08.12 01:29:33.575,0.63496,0.63528,1.35,1.50
2011.08.12 01:29:35.670,0.63499,0.63532,1.35,1.50
2011.08.12 01:29:36.224,0.63499,0.63533,2.85,1.50
2011.08.12 01:29:39.475,0.63499,0.63533,2.85,2.25
2011.08.12 01:29:40.469,0.63497,0.63531,2.25,3.23
2011.08.12 01:29:40.804,0.63498,0.63532,1.35,3.00
2011.08.12 01:29:43.695,0.63498,0.63532,2.85,2.25
2011.08.12 01:29:47.745,0.63503,0.63535,1.35,2.25
2011.08.12 01:29:48.325,0.63503,0.63535,1.35,2.25
2011.08.12 01:29:48.984,0.63503,0.63537,1.35,2.25
2011.08.12 01:29:49.424,0.63505,0.63539,1.50,1.50
2011.08.12 01:29:49.864,0.63503,0.63538,1.35,2.25
2011.08.12 01:29:51.225,0.63507,0.63541,2.25,2.85
2011.08.12 01:29:51.778,0.63507,0.63543,2.10,2.25
2011.08.12 01:29:52.004,0.63505,0.63541,1.50,2.25
2011.08.12 01:29:52.225,0.63505,0.63539,1.50,1.50
2011.08.12 01:29:52.998,0.63505,0.63541,1.50,2.25
2011.08.12 01:29:57.344,0.63505,0.63541,2.25,1.50
2011.08.12 01:29:57.896,0.63505,0.63541,1.50,1.50
2011.08.12 01:30:00.765,0.63507,0.63543,1.50,3.00
2011.08.12 01:30:06.144,0.63507,0.63543,1.50,2.25
2011.08.12 01:30:06.695,0.63506,0.6354,1.50,2.25
2011.08.12 01:30:08.806,0.63503,0.63539,1.50,1.50
2011.08.12 01:30:10.845,0.63501,0.63537,3.60,2.25
2011.08.12 01:30:11.844,0.63499,0.63533,2.25,1.50
2011.08.12 01:30:11.954,0.63499,0.63533,1.50,1.50
2011.08.12 01:30:12.505,0.63497,0.63533,2.25,1.50
2011.08.12 01:30:12.615,0.63497,0.6353,1.50,1.13
2011.08.12 01:30:12.944,0.63497,0.63529,1.50,1.88
2011.08.12 01:30:13.057,0.63489,0.63525,2.25,1.50
2011.08.12 01:30:13.167,0.63488,0.63523,2.25,1.13
2011.08.12 01:30:13.398,0.63485,0.63518,1.35,1.50
2011.08.12 01:30:13.519,0.63486,0.63518,1.50,1.50
2011.08.12 01:30:13.759,0.63485,0.63519,2.85,1.50
2011.08.12 01:30:13.875,0.63485,0.63519,2.10,1.50
2011.08.12 01:30:14.099,0.63482,0.63516,2.85,1.50
2011.08.12 01:30:14.732,0.63474,0.63508,4.50,1.50
2011.08.12 01:30:14.849,0.63472,0.63506,2.25,1.50
2011.08.12 01:30:15.186,0.63468,0.63504,2.85,1.50
2011.08.12 01:30:15.625,0.63468,0.63503,1.35,1.50
2011.08.12 01:30:15.845,0.63468,0.635,1.35,1.50
2011.08.12 01:30:16.394,0.63468,0.635,1.35,1.50
2011.08.12 01:30:16.504,0.63468,0.63502,2.85,1.50
2011.08.12 01:30:17.385,0.63472,0.63508,2.25,1.50
2011.08.12 01:30:18.153,0.63477,0.63509,1.50,1.50
2011.08.12 01:30:18.282,0.63477,0.63511,1.50,1.50
2011.08.12 01:30:19.366,0.63478,0.63514,2.25,1.50
2011.08.12 01:30:19.694,0.63478,0.63514,3.00,1.50
2011.08.12 01:30:19.804,0.63482,0.63516,2.25,1.50
2011.08.12 01:30:20.575,0.63483,0.63519,1.50,2.10
2011.08.12 01:30:20.796,0.63483,0.63519,2.25,1.50
2011.08.12 01:30:21.235,0.63483,0.63517,2.25,1.50
2011.08.12 01:30:21.456,0.63483,0.63519,2.25,1.50
2011.08.12 01:30:22.295,0.63484,0.6352,2.25,1.50
2011.08.12 01:30:23.385,0.63484,0.6352,1.50,2.25
2011.08.12 01:30:23.495,0.63483,0.63517,1.50,1.50
2011.08.12 01:30:24.044,0.6348,0.63514,2.25,1.50
2011.08.12 01:30:24.547,0.63482,0.63514,1.13,1.50
2011.08.12 01:30:24.666,0.63485,0.63519,2.25,1.50
2011.08.12 01:30:24.776,0.63487,0.63521,2.25,1.50
2011.08.12 01:30:25.325,0.63487,0.6352,1.50,1.50
2011.08.12 01:30:26.016,0.63487,0.6352,1.50,1.50
2011.08.12 01:30:26.957,0.63486,0.6352,2.85,2.25
2011.08.12 01:30:27.081,0.63484,0.63518,2.25,1.50
2011.08.12 01:30:27.417,0.63482,0.63515,2.10,2.25
2011.08.12 01:30:30.235,0.63481,0.63514,2.10,1.50
2011.08.12 01:30:30.344,0.63481,0.63514,1.35,2.25
2011.08.12 01:30:30.944,0.6348,0.63513,1.35,2.25
2011.08.12 01:30:33.896,0.6348,0.63512,1.35,1.50
2011.08.12 01:30:34.443,0.63477,0.63511,2.25,1.50
2011.08.12 01:30:36.236,0.63477,0.63511,2.25,2.25
2011.08.12 01:30:37.008,0.63477,0.6351,1.50,2.25
2011.08.12 01:30:37.344,0.63477,0.6351,1.50,3.00
2011.08.12 01:30:37.903,0.63468,0.63501,1.50,2.10
2011.08.12 01:30:38.030,0.63466,0.635,3.00,2.10
2011.08.12 01:30:39.734,0.63466,0.63498,1.50,1.50
2011.08.12 01:30:39.845,0.63465,0.63498,1.35,2.25
2011.08.12 01:30:40.505,0.63466,0.63499,1.13,2.10
2011.08.12 01:30:41.337,0.63465,0.63501,2.85,2.85
2011.08.12 01:30:41.664,0.63465,0.63499,2.10,2.85
2011.08.12 01:30:41.775,0.63462,0.63496,2.10,2.10
2011.08.12 01:30:41.886,0.63462,0.63495,1.50,1.35
2011.08.12 01:30:42.434,0.63461,0.63497,2.25,2.85
2011.08.12 01:30:42.543,0.63463,0.63497,2.25,2.10
2011.08.12 01:30:43.465,0.63463,0.63495,2.63,1.35
2011.08.12 01:30:43.904,0.63461,0.63497,3.00,2.70
2011.08.12 01:30:44.454,0.63464,0.63497,2.25,1.20
2011.08.12 01:30:44.786,0.63464,0.63495,2.25,1.35
2011.08.12 01:30:45.005,0.63459,0.63492,1.35,2.25
2011.08.12 01:30:45.225,0.6346,0.63491,1.35,2.25
2011.08.12 01:30:46.905,0.63459,0.63491,1.35,2.25
2011.08.12 01:30:48.364,0.6346,0.63491,1.35,1.35
2011.08.12 01:30:49.368,0.63465,0.63499,2.10,2.10
2011.08.12 01:30:50.197,0.63464,0.63498,2.10,2.10
2011.08.12 01:30:51.898,0.63466,0.63501,1.50,3.36
2011.08.12 01:30:52.016,0.63468,0.63501,1.50,1.86
2011.08.12 01:30:52.484,0.63465,0.63501,2.10,3.36
2011.08.12 01:30:54.064,0.63465,0.63501,2.85,3.36
2011.08.12 01:30:54.174,0.63468,0.63501,1.50,1.86
2011.08.12 01:30:54.285,0.63468,0.63503,1.50,1.35
2011.08.12 01:30:54.395,0.63468,0.63503,2.25,1.35
2011.08.12 01:30:54.967,0.63471,0.63503,2.25,1.35
2011.08.12 01:30:55.569,0.63475,0.63503,1.50,1.35
2011.08.12 01:30:55.688,0.63473,0.63503,2.10,1.35
2011.08.12 01:30:55.806,0.63473,0.63509,2.10,2.85
2011.08.12 01:30:56.027,0.63475,0.63509,1.50,2.25
2011.08.12 01:30:57.725,0.63472,0.63506,2.85,1.50
2011.08.12 01:30:58.798,0.63472,0.63506,2.25,1.50
2011.08.12 01:31:00.785,0.6347,0.63506,2.25,1.50
2011.08.12 01:31:01.125,0.63469,0.63503,2.25,1.50
2011.08.12 01:31:01.234,0.63472,0.63506,2.25,1.50
2011.08.12 01:31:02.020,0.63471,0.63505,2.25,1.50
2011.08.12 01:31:02.267,0.63469,0.63503,2.25,1.50
2011.08.12 01:31:02.596,0.63465,0.63499,2.25,1.50
2011.08.12 01:31:02.705,0.63465,0.63499,2.25,1.50
2011.08.12 01:31:02.927,0.63464,0.63496,1.35,1.50
2011.08.12 01:31:03.256,0.63464,0.63493,1.35,1.50
2011.08.12 01:31:03.366,0.63464,0.63495,1.35,1.50
2011.08.12 01:31:03.587,0.63464,0.63493,1.35,1.50
2011.08.12 01:31:04.415,0.63464,0.63492,1.35,1.50
2011.08.12 01:31:05.155,0.6346,0.63494,2.25,1.50
2011.08.12 01:31:05.376,0.63461,0.63495,2.25,1.50
2011.08.12 01:31:05.596,0.63461,0.63495,2.25,1.50
2011.08.12 01:31:06.035,0.63461,0.63495,2.25,1.50
2011.08.12 01:31:06.478,0.63455,0.6349,1.35,1.50
2011.08.12 01:31:06.706,0.63454,0.6349,2.10,2.25
2011.08.12 01:31:06.926,0.63454,0.6349,2.10,2.25
2011.08.12 01:31:07.365,0.63458,0.63492,2.10,2.10
2011.08.12 01:31:07.477,0.63455,0.63489,2.25,1.88
2011.08.12 01:31:07.806,0.63454,0.63487,1.13,1.50
2011.08.12 01:31:07.917,0.63454,0.6349,1.88,2.25
2011.08.12 01:31:08.246,0.63452,0.63484,1.13,1.50
2011.08.12 01:31:08.830,0.6345,0.63484,1.50,2.25
2011.08.12 01:31:08.950,0.63441,0.63475,1.50,1.50
2011.08.12 01:31:09.067,0.63441,0.63475,1.50,2.25
2011.08.12 01:31:09.398,0.63439,0.63475,1.50,2.25
2011.08.12 01:31:09.736,0.63438,0.63474,1.88,2.25
2011.08.12 01:31:09.956,0.63441,0.63475,1.50,1.50
2011.08.12 01:31:10.397,0.63444,0.63478,1.50,2.25
2011.08.12 01:31:10.619,0.63437,0.63471,1.35,1.50
2011.08.12 01:31:10.847,0.63441,0.63471,1.50,2.25
2011.08.12 01:31:11.176,0.63437,0.63472,1.73,1.50
2011.08.12 01:31:11.396,0.63439,0.63472,1.13,1.50
2011.08.12 01:31:12.006,0.63434,0.6347,3.00,1.50
2011.08.12 01:31:12.129,0.63426,0.6346,1.50,2.25
2011.08.12 01:31:12.246,0.63422,0.63456,1.50,1.50
2011.08.12 01:31:12.357,0.63418,0.63452,1.50,1.50
2011.08.12 01:31:12.465,0.63419,0.63455,1.50,1.50
2011.08.12 01:31:12.579,0.63416,0.6345,2.25,1.50
2011.08.12 01:31:12.916,0.63414,0.63448,1.50,1.50
2011.08.12 01:31:13.027,0.63412,0.63448,1.50,2.25
2011.08.12 01:31:13.249,0.6341,0.63444,2.10,1.50
2011.08.12 01:31:13.858,0.63404,0.63438,1.50,1.50
2011.08.12 01:31:14.196,0.63405,0.63441,1.50,2.25
2011.08.12 01:31:14.309,0.63403,0.63439,1.50,1.50
2011.08.12 01:31:15.213,0.63404,0.6344,1.50,1.50
2011.08.12 01:31:15.550,0.63401,0.63437,1.50,2.25
2011.08.12 01:31:15.778,0.63401,0.63437,2.25,1.50
2011.08.12 01:31:15.897,0.63401,0.63435,2.25,1.50
2011.08.12 01:31:16.117,0.63406,0.63442,1.50,1.50
2011.08.12 01:31:16.337,0.63408,0.63442,2.25,1.50
2011.08.12 01:31:16.556,0.6341,0.63444,2.25,1.50
2011.08.12 01:31:18.095,0.63411,0.63445,2.25,1.50
2011.08.12 01:31:18.740,0.63411,0.63445,2.25,1.50
2011.08.12 01:31:18.858,0.63412,0.63446,1.50,1.50
2011.08.12 01:31:18.977,0.63414,0.63448,1.50,1.50
2011.08.12 01:31:19.767,0.63414,0.6345,1.50,1.50
2011.08.12 01:31:20.316,0.63414,0.6345,2.25,1.50
2011.08.12 01:31:20.647,0.63417,0.63453,1.50,1.50
2011.08.12 01:31:20.755,0.63419,0.63455,1.50,2.25
2011.08.12 01:31:21.195,0.63421,0.63455,1.50,2.25
2011.08.12 01:31:21.636,0.63423,0.63457,1.50,2.25
2011.08.12 01:31:23.477,0.63423,0.63459,2.25,1.50
2011.08.12 01:31:23.592,0.63427,0.63461,1.50,2.25
2011.08.12 01:31:24.637,0.63426,0.6346,1.50,2.25
2011.08.12 01:31:25.789,0.63427,0.63461,1.50,2.25
2011.08.12 01:31:26.346,0.63427,0.63461,1.50,1.50
2011.08.12 01:31:27.818,0.63424,0.63458,2.25,1.50
2011.08.12 01:31:28.874,0.63415,0.63451,1.50,1.50
2011.08.12 01:31:29.305,0.63417,0.63451,1.50,1.50
2011.08.12 01:31:29.526,0.63415,0.63451,1.50,1.50
2011.08.12 01:31:30.351,0.63411,0.63445,3.00,1.50
2011.08.12 01:31:31.686,0.63407,0.63443,1.50,2.25
2011.08.12 01:31:32.014,0.63407,0.63443,2.25,1.50
2011.08.12 01:31:32.566,0.6341,0.63444,2.25,1.50
2011.08.12 01:31:33.415,0.6341,0.63444,1.50,2.25
2011.08.12 01:31:33.531,0.63395,0.63431,2.25,1.50
2011.08.12 01:31:33.866,0.63395,0.63431,1.88,2.25
2011.08.12 01:31:34.195,0.63401,0.63437,2.25,1.50
2011.08.12 01:31:34.418,0.63403,0.63439,1.50,2.10
2011.08.12 01:31:34.976,0.63403,0.63439,2.25,1.50
2011.08.12 01:31:35.197,0.63407,0.63443,1.50,1.50
2011.08.12 01:31:35.417,0.63407,0.63441,1.50,1.50
2011.08.12 01:31:35.964,0.63408,0.63442,2.25,1.50
2011.08.12 01:31:36.765,0.63411,0.63447,1.50,2.25
2011.08.12 01:31:37.095,0.63407,0.63443,1.50,2.25
2011.08.12 01:31:37.800,0.63405,0.63439,2.25,1.50
2011.08.12 01:31:42.315,0.63407,0.63442,1.50,1.13
2011.08.12 01:31:42.557,0.63407,0.63443,1.50,3.00
2011.08.12 01:31:42.666,0.63407,0.63443,2.85,2.25
2011.08.12 01:31:42.775,0.63411,0.63447,2.25,2.25
2011.08.12 01:31:43.858,0.63408,0.63444,2.25,2.25
2011.08.12 01:31:44.416,0.63408,0.63442,1.50,2.25
2011.08.12 01:31:44.746,0.6341,0.63444,1.50,1.50
2011.08.12 01:31:45.545,0.63411,0.63445,1.50,1.50
2011.08.12 01:31:45.656,0.63408,0.63444,2.25,1.50
2011.08.12 01:31:45.874,0.63411,0.63447,1.50,2.25
2011.08.12 01:31:46.426,0.63411,0.63447,1.50,2.25
2011.08.12 01:31:46.648,0.63409,0.63445,1.50,2.25
2011.08.12 01:31:46.765,0.63408,0.63442,1.50,1.50
2011.08.12 01:31:48.127,0.63406,0.63442,2.25,1.50
2011.08.12 01:31:48.839,0.63405,0.63439,2.25,1.50
2011.08.12 01:31:49.385,0.63404,0.63438,2.25,1.50
2011.08.12 01:31:49.717,0.63404,0.6344,2.25,1.50
2011.08.12 01:31:50.266,0.63403,0.63439,1.50,2.25
2011.08.12 01:31:50.596,0.63401,0.63435,2.10,1.50
2011.08.12 01:31:51.146,0.63399,0.63433,2.85,1.50
2011.08.12 01:31:53.645,0.63399,0.63432,1.35,1.50
2011.08.12 01:31:53.867,0.63401,0.63434,1.35,1.50
2011.08.12 01:31:53.977,0.63401,0.63434,2.10,1.50
2011.08.12 01:31:54.195,0.63404,0.63438,1.50,1.50
2011.08.12 01:31:55.627,0.63404,0.63438,2.25,1.50
2011.08.12 01:31:55.737,0.63407,0.63443,1.50,1.50
2011.08.12 01:32:00.605,0.63409,0.63445,1.50,1.50
2011.08.12 01:32:03.686,0.63409,0.63445,1.88,1.50
2011.08.12 01:32:04.504,0.63412,0.63446,2.25,1.50
2011.08.12 01:32:04.618,0.63413,0.63447,1.50,1.50
2011.08.12 01:32:05.055,0.63414,0.6345,2.25,2.25
2011.08.12 01:32:05.398,0.63413,0.63447,2.25,1.50
2011.08.12 01:32:05.506,0.63413,0.63447,1.50,2.25
2011.08.12 01:32:07.648,0.6341,0.63446,1.50,3.23
2011.08.12 01:32:08.214,0.63409,0.63445,1.50,1.50
2011.08.12 01:32:09.206,0.63406,0.6344,2.25,1.50
2011.08.12 01:32:09.426,0.63406,0.6344,1.50,2.25
2011.08.12 01:32:12.767,0.63407,0.63441,1.50,2.25
2011.08.12 01:32:12.985,0.63408,0.63444,2.10,1.50
2011.08.12 01:32:16.962,0.63408,0.63444,1.50,1.50
2011.08.12 01:32:18.497,0.63408,0.63443,1.50,1.13
2011.08.12 01:32:19.046,0.63406,0.63442,2.25,1.50
2011.08.12 01:32:19.596,0.63405,0.63441,2.25,1.50
2011.08.12 01:32:19.925,0.63405,0.63439,1.50,2.25
2011.08.12 01:32:20.146,0.63406,0.63442,2.25,1.50
2011.08.12 01:32:20.595,0.63407,0.63443,3.00,1.50
2011.08.12 01:32:24.146,0.6341,0.63444,1.50,1.50
2011.08.12 01:32:24.698,0.63411,0.63445,1.50,1.50
2011.08.12 01:32:25.148,0.63414,0.6345,2.25,1.50
2011.08.12 01:32:25.267,0.63422,0.63458,1.50,2.25
2011.08.12 01:32:25.817,0.63421,0.63457,1.50,2.25
2011.08.12 01:32:26.793,0.6342,0.63456,1.50,2.25
2011.08.12 01:32:26.912,0.6342,0.63456,1.50,2.25
2011.08.12 01:32:27.137,0.6342,0.63456,1.50,2.25
2011.08.12 01:32:27.466,0.63418,0.63447,1.50,1.50
2011.08.12 01:32:28.017,0.63418,0.63446,1.50,1.50
2011.08.12 01:32:28.127,0.63418,0.63452,1.50,3.75
2011.08.12 01:32:28.239,0.63414,0.63446,1.50,1.50
2011.08.12 01:32:28.577,0.6341,0.63446,1.50,2.25
2011.08.12 01:32:29.755,0.63413,0.63447,1.50,2.25
2011.08.12 01:32:30.305,0.63413,0.63447,1.50,2.25
2011.08.12 01:32:34.275,0.63412,0.63448,1.50,2.25
2011.08.12 01:32:34.766,0.6341,0.63446,1.50,1.50
2011.08.12 01:32:35.098,0.63412,0.63446,1.50,1.50
2011.08.12 01:32:35.436,0.63399,0.63433,2.25,1.50
2011.08.12 01:32:36.139,0.63403,0.63439,1.50,2.25
2011.08.12 01:32:36.251,0.63419,0.63455,1.50,2.25
2011.08.12 01:32:36.371,0.63422,0.63458,1.50,2.25
2011.08.12 01:32:36.597,0.63422,0.63458,1.50,2.25
2011.08.12 01:32:36.817,0.63424,0.63458,1.50,2.25
2011.08.12 01:32:37.806,0.63427,0.63463,1.50,2.25
2011.08.12 01:32:38.909,0.63431,0.63465,1.50,2.63
2011.08.12 01:32:39.030,0.6343,0.63464,1.50,1.50
2011.08.12 01:32:39.665,0.63431,0.63464,1.13,1.50
2011.08.12 01:32:39.781,0.6344,0.63476,2.25,1.50
2011.08.12 01:32:40.008,0.6344,0.63474,2.25,1.13
2011.08.12 01:32:40.348,0.63435,0.63469,2.25,2.25
2011.08.12 01:32:40.897,0.63435,0.63471,2.25,2.25
2011.08.12 01:32:41.444,0.63438,0.63474,2.25,2.10
2011.08.12 01:32:41.556,0.63435,0.63471,2.25,1.50
2011.08.12 01:32:41.889,0.63435,0.63471,2.25,2.25
2011.08.12 01:32:43.556,0.63436,0.63471,1.50,2.25
2011.08.12 01:32:45.735,0.63439,0.63471,1.50,2.25
2011.08.12 01:32:45.956,0.63439,0.63475,2.85,1.50
2011.08.12 01:32:46.066,0.63442,0.63477,1.35,2.25
2011.08.12 01:32:46.680,0.63442,0.63476,1.35,1.50
2011.08.12 01:32:47.204,0.63442,0.63477,1.35,2.25
2011.08.12 01:32:49.727,0.63442,0.63477,2.10,2.25
2011.08.12 01:32:52.756,0.63444,0.63479,2.25,1.35
2011.08.12 01:32:54.095,0.63444,0.63479,2.25,1.35
2011.08.12 01:32:54.538,0.63438,0.63474,2.85,2.85
2011.08.12 01:32:54.988,0.63438,0.63473,1.35,1.50
2011.08.12 01:32:55.599,0.63442,0.63474,1.50,1.35
2011.08.12 01:32:56.355,0.63442,0.63476,1.50,1.50
2011.08.12 01:32:56.686,0.63443,0.63479,2.25,3.00
2011.08.12 01:32:57.490,0.63444,0.6348,2.25,2.25
2011.08.12 01:32:59.055,0.63448,0.63482,1.50,2.10
2011.08.12 01:32:59.275,0.63449,0.63485,2.10,2.85
2011.08.12 01:32:59.975,0.63451,0.63485,1.50,2.85
2011.08.12 01:33:00.084,0.63449,0.63485,2.85,2.85
2011.08.12 01:33:00.655,0.6345,0.63485,2.25,1.35
2011.08.12 01:33:01.333,0.63449,0.63485,2.85,2.85
2011.08.12 01:33:01.852,0.6345,0.63484,1.50,2.25
2011.08.12 01:33:02.426,0.63452,0.63485,1.50,1.35
2011.08.12 01:33:03.001,0.63452,0.63485,2.25,1.35
2011.08.12 01:33:03.336,0.6345,0.63484,1.50,2.25
2011.08.12 01:33:08.962,0.63448,0.63483,1.35,1.50
2011.08.12 01:33:13.285,0.63447,0.63483,2.25,2.10
2011.08.12 01:33:13.505,0.63446,0.63482,2.25,1.50
2011.08.12 01:33:14.981,0.63447,0.63483,1.50,3.00
2011.08.12 01:33:15.316,0.63447,0.63481,1.50,1.50
2011.08.12 01:33:15.747,0.63451,0.63485,1.50,2.25
2011.08.12 01:33:16.075,0.63451,0.63485,2.25,2.25
2011.08.12 01:33:19.068,0.63447,0.63482,1.35,2.10
2011.08.12 01:33:19.187,0.63446,0.63482,2.10,2.10
2011.08.12 01:33:19.407,0.63446,0.63481,1.50,2.10
2011.08.12 01:33:20.062,0.63442,0.63476,1.50,1.50
2011.08.12 01:33:20.179,0.63441,0.63476,1.50,1.50
2011.08.12 01:33:21.386,0.63441,0.63477,3.00,1.50
2011.08.12 01:33:22.385,0.63441,0.63476,1.50,1.50
2011.08.12 01:33:22.985,0.63441,0.63477,3.00,1.50
2011.08.12 01:33:24.297,0.63441,0.63477,3.00,1.50
2011.08.12 01:33:24.815,0.63441,0.63477,3.00,1.50
2011.08.12 01:33:27.900,0.63439,0.63475,1.50,1.88
2011.08.12 01:33:28.016,0.63438,0.63472,1.50,1.50
2011.08.12 01:33:28.345,0.63434,0.6347,2.85,1.50
2011.08.12 01:33:28.916,0.63435,0.63471,2.25,1.50
2011.08.12 01:33:30.877,0.63438,0.63472,1.50,1.50
2011.08.12 01:33:31.646,0.63435,0.63469,2.25,1.50
2011.08.12 01:33:31.756,0.63435,0.63471,2.25,1.50
2011.08.12 01:33:32.084,0.63435,0.63469,2.25,1.50
2011.08.12 01:33:36.036,0.6344,0.63474,1.50,2.63
2011.08.12 01:33:37.158,0.63438,0.63472,1.50,1.50
2011.08.12 01:33:37.715,0.63434,0.6347,2.85,1.50
2011.08.12 01:33:38.376,0.63438,0.63472,1.50,1.50
2011.08.12 01:33:38.925,0.63439,0.63473,1.50,1.50
2011.08.12 01:33:39.146,0.63436,0.63472,2.25,1.50
2011.08.12 01:33:39.823,0.63434,0.63468,1.50,1.50
2011.08.12 01:33:40.158,0.63431,0.63467,3.00,1.50
2011.08.12 01:33:41.810,0.63433,0.63469,1.50,1.50
2011.08.12 01:33:44.777,0.63433,0.63469,2.25,1.50
2011.08.12 01:33:44.995,0.63433,0.63469,1.50,2.25
2011.08.12 01:33:45.109,0.63434,0.63469,1.73,2.25
2011.08.12 01:33:45.227,0.63438,0.63472,1.50,1.50
2011.08.12 01:33:45.445,0.63438,0.63474,1.50,1.50
2011.08.12 01:33:49.736,0.63438,0.63474,3.38,1.50
2011.08.12 01:33:50.263,0.63441,0.63475,2.25,1.50
2011.08.12 01:33:51.796,0.63441,0.63475,1.50,1.50
2011.08.12 01:33:52.455,0.63442,0.63476,1.50,1.50
2011.08.12 01:33:53.006,0.63441,0.63475,2.25,1.50
2011.08.12 01:33:54.467,0.63441,0.63477,2.25,2.25
2011.08.12 01:33:54.906,0.63441,0.63475,2.25,1.50
2011.08.12 01:33:55.126,0.63441,0.63477,2.25,2.25
2011.08.12 01:33:55.235,0.63444,0.6348,2.25,2.10
2011.08.12 01:33:56.234,0.63444,0.6348,2.25,1.50
2011.08.12 01:33:57.336,0.63443,0.63479,2.25,1.50
2011.08.12 01:33:58.186,0.63444,0.6348,2.25,1.50
2011.08.12 01:33:58.846,0.63446,0.63482,2.25,1.50
2011.08.12 01:33:59.565,0.63448,0.63482,1.50,1.50
2011.08.12 01:34:00.249,0.63447,0.63481,2.25,1.50
2011.08.12 01:34:00.807,0.63451,0.63487,1.50,1.50
2011.08.12 01:34:01.135,0.63451,0.63487,2.25,1.50
2011.08.12 01:34:02.667,0.63449,0.63485,2.25,1.50
2011.08.12 01:34:06.116,0.6345,0.63484,1.50,1.50
2011.08.12 01:34:08.555,0.63448,0.63482,1.50,1.50
2011.08.12 01:34:09.026,0.63451,0.63485,1.50,2.25
2011.08.12 01:34:09.355,0.63453,0.63487,2.25,1.50
2011.08.12 01:34:09.685,0.63451,0.63485,1.50,1.50
2011.08.12 01:34:09.907,0.63451,0.63485,1.88,1.50
2011.08.12 01:34:10.017,0.63454,0.63487,1.88,2.25
2011.08.12 01:34:10.125,0.63459,0.63493,1.50,2.25
2011.08.12 01:34:10.235,0.63459,0.63493,2.25,2.25
2011.08.12 01:34:10.345,0.63459,0.63493,1.50,2.25
2011.08.12 01:34:10.786,0.6346,0.63494,2.25,2.25
2011.08.12 01:34:12.457,0.6346,0.63496,2.25,2.25
2011.08.12 01:34:16.736,0.6346,0.63496,1.50,2.25
2011.08.12 01:34:17.153,0.6346,0.63496,2.25,2.25
2011.08.12 01:34:21.259,0.63464,0.63496,1.35,1.50
2011.08.12 01:34:21.378,0.63467,0.63501,1.50,1.50
2011.08.12 01:34:21.487,0.6347,0.63499,1.50,1.35
2011.08.12 01:34:21.608,0.63465,0.63499,1.50,2.85
2011.08.12 01:34:22.342,0.63462,0.63498,2.25,2.25
2011.08.12 01:34:23.569,0.63462,0.63498,2.25,2.25
2011.08.12 01:34:24.697,0.63463,0.63498,1.50,1.50
2011.08.12 01:34:24.916,0.63464,0.635,3.60,1.50
2011.08.12 01:34:25.028,0.63467,0.63501,1.50,1.50
2011.08.12 01:34:25.574,0.6347,0.63504,1.50,3.00
2011.08.12 01:34:26.237,0.63478,0.63504,1.50,2.25
2011.08.12 01:34:26.945,0.63478,0.63509,2.25,2.10
2011.08.12 01:34:27.067,0.63472,0.63506,1.50,2.25
2011.08.12 01:34:27.395,0.63472,0.63506,2.25,2.25
2011.08.12 01:34:27.617,0.63477,0.63508,1.13,1.35
2011.08.12 01:34:27.840,0.63477,0.63511,3.23,1.50
2011.08.12 01:34:27.956,0.63478,0.63514,3.75,1.50
2011.08.12 01:34:28.177,0.63481,0.63517,1.50,2.25
2011.08.12 01:34:29.055,0.63483,0.63518,1.50,1.35
2011.08.12 01:34:29.386,0.63484,0.6352,2.25,2.25
2011.08.12 01:34:32.099,0.63483,0.63519,1.50,2.25
2011.08.12 01:34:32.656,0.63483,0.63517,1.50,2.85
2011.08.12 01:34:34.778,0.63484,0.63518,1.50,1.35
2011.08.12 01:34:36.578,0.63484,0.6352,1.50,2.25
2011.08.12 01:34:36.809,0.63484,0.6352,2.25,2.25
2011.08.12 01:34:39.406,0.63486,0.6352,2.25,2.25
2011.08.12 01:34:40.253,0.63486,0.6352,1.50,2.25
2011.08.12 01:34:40.381,0.63482,0.63518,1.50,2.85
2011.08.12 01:34:42.206,0.6348,0.63516,2.25,2.10
2011.08.12 01:34:42.756,0.63482,0.63516,1.50,2.10
2011.08.12 01:34:44.418,0.63479,0.63513,2.25,1.50
2011.08.12 01:34:44.725,0.63481,0.63515,2.25,1.50
2011.08.12 01:34:46.199,0.6348,0.63514,1.50,2.25
2011.08.12 01:34:46.317,0.63476,0.63509,1.50,2.25
2011.08.12 01:34:46.537,0.63472,0.63506,1.50,1.50
2011.08.12 01:34:47.229,0.63471,0.63505,3.23,1.50
2011.08.12 01:34:47.352,0.63472,0.63508,1.50,1.50
2011.08.12 01:34:54.935,0.63471,0.63506,1.73,1.50
2011.08.12 01:34:55.278,0.63473,0.63507,1.50,1.50
2011.08.12 01:34:57.100,0.63474,0.6351,1.50,2.25
2011.08.12 01:35:01.276,0.63473,0.63509,1.50,1.50
2011.08.12 01:35:02.405,0.63475,0.63509,1.50,1.50
2011.08.12 01:35:02.955,0.63475,0.63511,2.25,2.25
2011.08.12 01:35:03.727,0.63473,0.63509,2.25,1.50
2011.08.12 01:35:06.116,0.63471,0.63505,2.85,1.50
2011.08.12 01:35:06.335,0.63471,0.63505,2.85,1.50
2011.08.12 01:35:08.277,0.63472,0.63506,2.25,1.50
2011.08.12 01:35:08.499,0.63472,0.63508,2.25,1.50
2011.08.12 01:35:11.529,0.63469,0.63505,2.25,1.50
2011.08.12 01:35:11.867,0.63467,0.63501,1.88,2.25
2011.08.12 01:35:12.594,0.63471,0.63505,1.50,1.50
2011.08.12 01:35:12.720,0.63473,0.63507,1.50,1.50
2011.08.12 01:35:13.082,0.63471,0.63505,1.50,1.50
2011.08.12 01:35:13.677,0.63472,0.63506,1.50,1.50
2011.08.12 01:35:14.056,0.63472,0.63508,1.50,2.85
2011.08.12 01:35:15.068,0.63472,0.63508,1.50,3.60
2011.08.12 01:35:15.176,0.6347,0.63506,1.50,1.50
2011.08.12 01:35:15.506,0.6347,0.63506,1.50,2.25
2011.08.12 01:35:15.618,0.63471,0.63507,1.50,1.50
2011.08.12 01:35:16.207,0.63471,0.63505,1.50,2.25
2011.08.12 01:35:16.250,0.63468,0.63504,2.25,2.85
2011.08.12 01:35:16.369,0.63468,0.63504,1.50,2.85
2011.08.12 01:35:17.075,0.63468,0.63502,1.50,2.25
2011.08.12 01:35:17.295,0.63465,0.63501,1.50,2.25
2011.08.12 01:35:17.627,0.63465,0.63499,1.50,1.50
2011.08.12 01:35:17.955,0.63468,0.63502,1.50,2.25
2011.08.12 01:35:20.588,0.63469,0.63504,1.50,1.35
2011.08.12 01:35:21.146,0.63472,0.63505,1.50,1.35
2011.08.12 01:35:21.376,0.6347,0.63505,1.50,1.35
2011.08.12 01:35:22.805,0.63468,0.63504,2.63,2.10
2011.08.12 01:35:24.052,0.6347,0.63505,1.50,1.35
2011.08.12 01:35:24.614,0.63471,0.63505,1.50,1.35
2011.08.12 01:35:26.297,0.63468,0.63504,2.63,2.10
2011.08.12 01:35:26.846,0.63468,0.63504,1.50,3.23
2011.08.12 01:35:26.958,0.63462,0.63498,2.25,2.25
2011.08.12 01:35:28.376,0.63465,0.63499,1.50,2.25
2011.08.12 01:35:29.071,0.63465,0.63499,1.50,2.25
2011.08.12 01:35:29.774,0.63465,0.63499,2.25,2.25
2011.08.12 01:35:30.000,0.63468,0.63502,1.50,2.25
2011.08.12 01:35:30.117,0.63469,0.63505,2.25,1.50
2011.08.12 01:35:30.225,0.63468,0.63503,1.13,1.50
2011.08.12 01:35:30.556,0.63471,0.63505,1.50,1.50
2011.08.12 01:35:30.775,0.63472,0.63508,1.50,2.25
2011.08.12 01:35:30.886,0.63472,0.63508,2.25,1.50
2011.08.12 01:35:31.452,0.63475,0.63509,2.25,2.10
2011.08.12 01:35:31.787,0.63479,0.63513,1.50,1.50
2011.08.12 01:35:36.417,0.63481,0.63515,1.50,1.35
2011.08.12 01:35:36.648,0.63479,0.63515,1.50,2.85
2011.08.12 01:35:36.987,0.63477,0.63513,1.50,1.50
2011.08.12 01:35:37.721,0.63478,0.63514,1.50,1.50
2011.08.12 01:35:38.787,0.6348,0.63514,1.50,2.25
2011.08.12 01:35:41.041,0.63478,0.63512,1.50,1.50
2011.08.12 01:35:41.256,0.63477,0.63511,1.50,1.50
2011.08.12 01:35:41.586,0.63475,0.63509,2.63,1.50
2011.08.12 01:35:42.136,0.63476,0.6351,1.50,1.50
2011.08.12 01:35:42.357,0.63477,0.63513,1.88,1.50
2011.08.12 01:35:42.685,0.63477,0.63511,1.88,1.50
2011.08.12 01:35:43.126,0.63477,0.63513,1.88,1.50
2011.08.12 01:35:43.949,0.63479,0.63513,1.50,1.50
2011.08.12 01:35:50.025,0.63479,0.63515,1.50,3.00
2011.08.12 01:35:50.365,0.63478,0.63512,1.50,1.50
2011.08.12 01:35:50.921,0.63479,0.63513,1.50,1.50
2011.08.12 01:35:51.596,0.63477,0.63511,1.50,1.50
2011.08.12 01:35:51.817,0.63477,0.63513,1.50,1.50
2011.08.12 01:35:52.327,0.63478,0.63512,1.50,1.50
2011.08.12 01:35:52.435,0.63478,0.63514,1.50,2.25
2011.08.12 01:35:52.766,0.63478,0.63514,1.50,2.85
2011.08.12 01:35:52.878,0.63476,0.63512,1.50,2.10
2011.08.12 01:35:52.996,0.63476,0.63508,1.50,1.50
2011.08.12 01:35:53.546,0.63474,0.63508,1.50,1.50
2011.08.12 01:35:54.095,0.63473,0.63509,1.50,3.00
2011.08.12 01:35:54.206,0.63472,0.63506,1.50,1.50
2011.08.12 01:35:55.737,0.63469,0.63505,2.25,1.50
2011.08.12 01:35:56.286,0.63469,0.63505,1.50,2.25
2011.08.12 01:35:57.306,0.63468,0.63502,1.50,1.50
2011.08.12 01:35:57.416,0.63468,0.63504,1.50,1.50
2011.08.12 01:35:57.634,0.63471,0.63505,1.50,2.25
2011.08.12 01:35:59.556,0.63473,0.63507,1.50,2.25
2011.08.12 01:36:00.105,0.63473,0.63507,1.50,1.50
2011.08.12 01:36:00.435,0.63475,0.63509,1.50,2.25
2011.08.12 01:36:00.955,0.63474,0.63508,1.50,1.50
2011.08.12 01:36:04.775,0.63475,0.63509,1.50,2.25
2011.08.12 01:36:05.546,0.63474,0.63508,1.50,1.50
2011.08.12 01:36:07.536,0.63468,0.63504,2.25,1.50
2011.08.12 01:36:08.147,0.63472,0.63506,1.50,1.50
2011.08.12 01:36:08.436,0.63474,0.63508,1.50,2.25
2011.08.12 01:36:09.146,0.63473,0.63509,1.50,2.25
2011.08.12 01:36:09.746,0.63471,0.63507,1.50,1.50
2011.08.12 01:36:10.382,0.6347,0.63506,2.25,1.50
2011.08.12 01:36:11.267,0.63471,0.63507,1.50,1.50
2011.08.12 01:36:12.455,0.63473,0.63507,1.50,1.50
2011.08.12 01:36:13.996,0.63475,0.63509,1.50,3.00
2011.08.12 01:36:14.576,0.63474,0.63508,1.50,2.25
2011.08.12 01:36:15.236,0.63474,0.6351,1.50,2.85
2011.08.12 01:36:15.455,0.63476,0.6351,1.50,3.23
2011.08.12 01:36:20.485,0.63476,0.6351,1.50,3.98
2011.08.12 01:36:20.597,0.63472,0.63506,1.50,2.25
2011.08.12 01:36:20.816,0.63469,0.63505,1.50,2.25
2011.08.12 01:36:27.738,0.6347,0.63506,1.50,2.25
2011.08.12 01:36:27.968,0.63472,0.63506,1.50,1.50
2011.08.12 01:36:28.519,0.6347,0.63506,1.50,2.25
2011.08.12 01:36:28.967,0.63467,0.63503,1.50,1.50
2011.08.12 01:36:29.296,0.63469,0.63503,1.50,1.50
2011.08.12 01:36:32.128,0.63463,0.63499,2.25,1.50
2011.08.12 01:36:32.749,0.63461,0.63495,2.25,1.50
2011.08.12 01:36:33.086,0.63463,0.63497,1.50,1.50
2011.08.12 01:36:33.526,0.63465,0.63499,1.50,2.25
2011.08.12 01:36:33.857,0.63465,0.63501,1.50,1.50
2011.08.12 01:36:34.406,0.63466,0.635,1.50,1.50
2011.08.12 01:36:34.986,0.63465,0.63499,1.50,1.50
2011.08.12 01:36:37.615,0.63466,0.635,1.50,1.50
2011.08.12 01:36:41.079,0.63471,0.63505,1.50,2.25
2011.08.12 01:36:41.420,0.63478,0.63512,1.50,2.25
2011.08.12 01:36:41.867,0.63478,0.63514,1.50,2.25
2011.08.12 01:36:43.796,0.6348,0.63516,1.50,2.25
2011.08.12 01:36:44.126,0.63483,0.63519,1.50,2.25
2011.08.12 01:36:46.017,0.63485,0.63519,1.50,2.25
2011.08.12 01:36:46.742,0.63485,0.63519,1.50,2.25
2011.08.12 01:36:47.187,0.63483,0.63517,1.50,2.48
2011.08.12 01:36:47.516,0.63478,0.63508,1.50,1.50
2011.08.12 01:36:47.625,0.63467,0.63503,1.50,2.25
2011.08.12 01:36:47.957,0.63466,0.635,1.50,1.50
2011.08.12 01:36:48.287,0.63461,0.63497,1.50,2.25
2011.08.12 01:36:48.836,0.63463,0.63497,1.50,1.50
2011.08.12 01:36:50.627,0.63462,0.63496,1.50,1.50
2011.08.12 01:36:51.506,0.63464,0.63498,1.50,2.25
2011.08.12 01:36:51.728,0.63466,0.635,1.50,1.50
2011.08.12 01:36:52.056,0.63464,0.63498,1.50,1.50
2011.08.12 01:36:52.718,0.6347,0.63504,1.50,1.50
2011.08.12 01:36:52.838,0.63465,0.63501,1.50,2.25
2011.08.12 01:36:53.057,0.63465,0.63501,1.50,2.25
2011.08.12 01:36:53.387,0.63463,0.63497,1.50,1.50
2011.08.12 01:36:53.717,0.63467,0.63501,1.50,1.50
2011.08.12 01:36:56.036,0.63468,0.63504,1.50,2.25
2011.08.12 01:36:56.589,0.63471,0.63505,1.50,1.50
2011.08.12 01:36:57.396,0.63471,0.63507,1.50,2.25
2011.08.12 01:36:57.775,0.63473,0.63507,1.50,2.25
2011.08.12 01:36:58.808,0.63474,0.6351,1.50,2.25
2011.08.12 01:36:59.357,0.63476,0.6351,1.50,2.25
2011.08.12 01:37:03.468,0.63473,0.63507,1.50,1.50
2011.08.12 01:37:07.036,0.6347,0.63506,1.50,2.25
2011.08.12 01:37:07.148,0.63472,0.63506,1.50,2.25
2011.08.12 01:37:07.258,0.6347,0.63504,1.50,1.50
2011.08.12 01:37:07.957,0.63468,0.63502,2.25,1.50
2011.08.12 01:37:09.701,0.6347,0.63506,1.50,2.25
2011.08.12 01:37:09.819,0.63472,0.63506,1.50,1.50
2011.08.12 01:37:10.385,0.63473,0.63507,1.50,1.50
2011.08.12 01:37:10.503,0.6347,0.63506,2.25,1.50
2011.08.12 01:37:12.817,0.63473,0.63507,1.50,1.50
2011.08.12 01:37:16.336,0.63471,0.63505,1.50,1.50
2011.08.12 01:37:16.666,0.63469,0.63503,1.50,1.50
2011.08.12 01:37:16.886,0.63467,0.63503,1.50,1.50
2011.08.12 01:37:17.796,0.63467,0.63503,2.25,1.50
2011.08.12 01:37:18.346,0.6347,0.63506,1.50,1.50
2011.08.12 01:37:18.458,0.63471,0.63507,1.50,2.25
2011.08.12 01:37:18.577,0.63467,0.63501,2.25,1.50
2011.08.12 01:37:18.687,0.63468,0.63504,1.50,2.25
2011.08.12 01:37:18.795,0.63472,0.63506,1.50,2.25
2011.08.12 01:37:18.906,0.63472,0.63506,1.50,1.50
2011.08.12 01:37:20.429,0.63472,0.63508,1.50,1.50
2011.08.12 01:37:21.725,0.63472,0.63508,2.25,1.50
2011.08.12 01:37:22.652,0.63466,0.63502,2.25,1.50
2011.08.12 01:37:23.536,0.63466,0.63502,3.00,1.50
2011.08.12 01:37:23.867,0.63464,0.635,2.25,1.50
2011.08.12 01:37:23.977,0.63464,0.635,2.25,1.50
2011.08.12 01:37:24.526,0.63462,0.63498,1.50,1.50
2011.08.12 01:37:24.855,0.6346,0.63494,2.25,1.50
2011.08.12 01:37:25.076,0.63465,0.63501,1.50,2.10
2011.08.12 01:37:25.627,0.63464,0.635,1.88,2.10
2011.08.12 01:37:25.736,0.63466,0.635,2.25,2.10
2011.08.12 01:37:28.096,0.63468,0.63502,1.50,2.10
2011.08.12 01:37:28.207,0.63468,0.63502,1.50,1.50
2011.08.12 01:37:28.316,0.63468,0.63504,2.25,1.50
2011.08.12 01:37:28.927,0.63467,0.63503,2.25,1.50
2011.08.12 01:37:32.136,0.63467,0.63503,2.63,1.50
2011.08.12 01:37:33.089,0.63466,0.635,1.50,1.50
2011.08.12 01:37:33.206,0.63464,0.635,2.25,1.50
2011.08.12 01:37:40.739,0.63462,0.63498,2.25,1.50
2011.08.12 01:37:40.967,0.63462,0.63497,1.50,1.50
2011.08.12 01:37:41.516,0.63462,0.63497,1.50,2.10
2011.08.12 01:37:42.586,0.63459,0.63495,2.63,1.50
2011.08.12 01:37:42.915,0.63461,0.63495,1.50,1.50
2011.08.12 01:37:43.776,0.63462,0.63496,2.25,1.50
2011.08.12 01:37:45.996,0.63461,0.63497,3.38,1.50
2011.08.12 01:37:49.215,0.63464,0.635,2.25,2.10
2011.08.12 01:37:50.958,0.63464,0.635,3.00,2.10
2011.08.12 01:37:51.686,0.63464,0.635,2.25,2.10
2011.08.12 01:37:52.580,0.63465,0.635,1.50,2.10
2011.08.12 01:37:56.146,0.63467,0.63503,2.25,1.50
2011.08.12 01:37:58.473,0.63466,0.635,2.25,1.50
2011.08.12 01:37:58.810,0.63465,0.63499,2.25,1.50
2011.08.12 01:37:59.714,0.63464,0.63496,1.50,1.50
2011.08.12 01:38:00.049,0.63466,0.63498,1.50,1.50
2011.08.12 01:38:00.279,0.63466,0.635,1.50,1.50
2011.08.12 01:38:00.946,0.63466,0.63497,1.50,1.50
2011.08.12 01:38:01.500,0.63466,0.635,1.50,1.50
2011.08.12 01:38:04.095,0.63466,0.63498,1.50,1.50
2011.08.12 01:38:04.427,0.6346,0.63491,1.50,1.50
2011.08.12 01:38:04.538,0.6345,0.63484,1.50,1.50
2011.08.12 01:38:04.769,0.6345,0.63486,1.50,1.50
2011.08.12 01:38:06.766,0.63453,0.63487,1.50,1.50
2011.08.12 01:38:07.667,0.63451,0.63485,1.50,1.50
2011.08.12 01:38:08.216,0.63447,0.63483,1.50,1.50
2011.08.12 01:38:08.328,0.63445,0.63479,1.50,1.50
2011.08.12 01:38:09.675,0.63446,0.63482,1.50,1.50
2011.08.12 01:38:10.247,0.6345,0.63484,1.50,1.50
2011.08.12 01:38:10.687,0.63452,0.63488,1.50,1.50
2011.08.12 01:38:11.300,0.63456,0.6349,1.50,1.50
2011.08.12 01:38:11.419,0.63453,0.63489,1.50,1.50
2011.08.12 01:38:11.647,0.63453,0.63487,1.50,1.50
2011.08.12 01:38:12.968,0.63455,0.63489,1.50,1.50
2011.08.12 01:38:15.106,0.63457,0.63491,1.50,2.25
2011.08.12 01:38:15.217,0.63455,0.63491,1.50,2.25
2011.08.12 01:38:16.630,0.63451,0.63485,2.25,1.50
2011.08.12 01:38:20.676,0.63453,0.63487,2.25,1.50
2011.08.12 01:38:22.510,0.63453,0.63489,2.25,1.50
2011.08.12 01:38:22.629,0.63452,0.63488,2.25,1.50
2011.08.12 01:38:22.749,0.63458,0.63492,2.25,1.50
2011.08.12 01:38:22.867,0.63461,0.63495,1.50,1.50
2011.08.12 01:38:23.088,0.63462,0.63498,2.25,1.50
2011.08.12 01:38:23.645,0.63461,0.63497,2.25,1.50
2011.08.12 01:38:24.518,0.63459,0.63495,2.25,1.50
2011.08.12 01:38:24.968,0.63461,0.63495,1.50,1.50
2011.08.12 01:38:25.087,0.63468,0.63504,1.50,1.50
2011.08.12 01:38:25.802,0.63466,0.63502,1.50,1.50
2011.08.12 01:38:26.139,0.63465,0.63499,1.50,1.50
2011.08.12 01:38:26.258,0.63462,0.63498,1.50,1.50
2011.08.12 01:38:26.378,0.63462,0.63496,1.50,1.50
2011.08.12 01:38:26.720,0.63459,0.63493,1.50,1.50
2011.08.12 01:38:26.947,0.63456,0.63492,2.25,1.50
2011.08.12 01:38:27.501,0.63467,0.63501,1.50,2.25
2011.08.12 01:38:27.618,0.63467,0.63501,1.50,2.25
2011.08.12 01:38:27.730,0.63467,0.63501,1.50,1.50
2011.08.12 01:38:27.850,0.63468,0.63504,2.25,1.50
2011.08.12 01:38:28.078,0.63471,0.63505,2.25,1.50
2011.08.12 01:38:28.770,0.63472,0.63508,2.25,1.50
2011.08.12 01:38:29.216,0.63471,0.63505,2.25,1.50
2011.08.12 01:38:29.326,0.63468,0.63504,1.50,2.25
2011.08.12 01:38:30.316,0.63465,0.63499,2.25,1.50
2011.08.12 01:38:31.087,0.63462,0.63498,2.25,1.50
2011.08.12 01:38:31.306,0.63461,0.63497,1.50,1.50
2011.08.12 01:38:31.966,0.63459,0.63493,2.25,1.50
2011.08.12 01:38:32.517,0.63459,0.63493,2.25,1.50
2011.08.12 01:38:34.868,0.6346,0.63494,1.50,1.50
2011.08.12 01:38:35.382,0.63457,0.63493,2.25,1.50
2011.08.12 01:38:39.606,0.6346,0.63494,1.50,1.50
2011.08.12 01:38:41.876,0.63461,0.63497,1.50,1.50
2011.08.12 01:38:42.317,0.63463,0.63497,1.50,1.50
2011.08.12 01:38:49.748,0.63465,0.63499,1.50,1.50
2011.08.12 01:38:50.076,0.63461,0.63497,1.50,1.50
2011.08.12 01:38:51.597,0.63462,0.63498,1.50,2.25
2011.08.12 01:39:05.657,0.63458,0.63492,2.25,1.50
2011.08.12 01:39:05.767,0.63458,0.63492,1.50,2.25
2011.08.12 01:39:06.307,0.63458,0.63492,1.50,2.25
2011.08.12 01:39:06.418,0.63453,0.63489,1.50,2.25
2011.08.12 01:39:07.678,0.63451,0.63485,1.50,2.63
2011.08.12 01:39:07.788,0.63448,0.63482,1.50,2.25
2011.08.12 01:39:07.899,0.63445,0.63479,1.50,1.50
2011.08.12 01:39:08.456,0.63444,0.6348,1.50,2.25
2011.08.12 01:39:09.687,0.63443,0.63477,1.50,2.10
2011.08.12 01:39:10.031,0.6344,0.63474,1.50,2.25
2011.08.12 01:39:11.679,0.63441,0.63477,1.50,2.85
2011.08.12 01:39:18.009,0.63444,0.63479,1.50,1.50
2011.08.12 01:39:19.456,0.63439,0.63473,1.50,1.13
2011.08.12 01:39:19.565,0.63437,0.63473,1.50,2.63
2011.08.12 01:39:20.876,0.63439,0.63473,1.50,2.63
2011.08.12 01:39:22.729,0.6344,0.63473,1.50,1.13
2011.08.12 01:39:23.299,0.63443,0.63475,1.50,1.13
2011.08.12 01:39:23.417,0.63441,0.63473,1.50,1.50
2011.08.12 01:39:23.962,0.63442,0.63475,1.50,1.13
2011.08.12 01:39:25.395,0.6344,0.63474,1.50,1.50
2011.08.12 01:39:25.968,0.63441,0.63475,1.50,2.25
2011.08.12 01:39:26.078,0.63442,0.63478,1.50,3.38
2011.08.12 01:39:26.186,0.63444,0.63478,1.50,1.88
2011.08.12 01:39:26.787,0.63443,0.63478,1.50,1.88
2011.08.12 01:39:35.777,0.63441,0.63475,1.50,1.13
2011.08.12 01:39:36.471,0.63441,0.63473,1.50,1.50
2011.08.12 01:39:44.077,0.63437,0.63473,1.50,3.00
2011.08.12 01:39:44.408,0.63435,0.63471,1.50,1.88
2011.08.12 01:39:44.846,0.63435,0.63469,1.50,1.50
2011.08.12 01:39:47.147,0.63435,0.63469,1.50,1.50
2011.08.12 01:39:47.476,0.63435,0.63471,1.50,2.63
2011.08.12 01:39:48.688,0.63437,0.63471,1.50,1.13
2011.08.12 01:39:49.128,0.63438,0.63474,1.50,1.50
2011.08.12 01:39:49.349,0.6345,0.63483,1.50,1.50
2011.08.12 01:39:49.909,0.63451,0.63483,1.50,1.50
2011.08.12 01:39:51.276,0.63449,0.63483,1.50,1.50
2011.08.12 01:39:53.828,0.6345,0.63484,1.50,1.88
2011.08.12 01:39:55.216,0.6345,0.63484,1.50,1.13
2011.08.12 01:39:55.325,0.63453,0.63484,1.50,1.13
2011.08.12 01:39:55.658,0.63456,0.63488,1.50,1.13
2011.08.12 01:39:56.206,0.63457,0.63488,1.50,1.13
2011.08.12 01:39:57.802,0.63456,0.63488,1.50,1.13
2011.08.12 01:39:58.308,0.63457,0.63488,1.50,1.13
2011.08.12 01:39:58.527,0.63462,0.63496,1.50,1.50
2011.08.12 01:39:58.747,0.63465,0.63499,2.25,1.50
2011.08.12 01:39:59.076,0.63474,0.6351,1.50,2.25
2011.08.12 01:40:01.507,0.63472,0.63506,1.50,1.50
2011.08.12 01:40:01.616,0.6347,0.63504,1.50,2.25
2011.08.12 01:40:02.707,0.6347,0.63504,1.88,2.25
2011.08.12 01:40:03.035,0.63474,0.63508,2.63,1.50
2011.08.12 01:40:03.406,0.63475,0.63511,2.25,1.50
2011.08.12 01:40:03.518,0.63478,0.63514,2.25,1.50
2011.08.12 01:40:05.238,0.63478,0.63514,3.23,1.50
2011.08.12 01:40:05.456,0.63484,0.63518,2.25,2.63
2011.08.12 01:40:05.676,0.63482,0.63516,1.50,1.50
2011.08.12 01:40:05.896,0.6348,0.63514,1.50,2.25
2011.08.12 01:40:06.115,0.63475,0.63511,1.50,2.25
2011.08.12 01:40:06.337,0.63475,0.63511,1.50,1.50
2011.08.12 01:40:09.306,0.63473,0.63509,1.50,1.50
2011.08.12 01:40:10.059,0.63471,0.63505,1.50,1.50
2011.08.12 01:40:10.611,0.63472,0.63506,1.50,1.50
2011.08.12 01:40:11.206,0.63471,0.63505,1.50,1.50
2011.08.12 01:40:13.470,0.63471,0.63507,1.50,1.50
2011.08.12 01:40:13.806,0.63473,0.63507,1.50,1.50
2011.08.12 01:40:19.222,0.63471,0.63507,1.50,1.88
2011.08.12 01:40:19.329,0.63466,0.635,2.25,1.50
2011.08.12 01:40:21.339,0.63469,0.63503,2.25,1.50
2011.08.12 01:40:21.567,0.6347,0.63506,1.50,1.50
2011.08.12 01:40:22.006,0.63472,0.63508,1.50,1.50
2011.08.12 01:40:22.337,0.6347,0.63506,1.50,2.25
2011.08.12 01:40:22.668,0.63465,0.63501,1.50,2.25
2011.08.12 01:40:22.776,0.63464,0.63498,1.50,1.50
2011.08.12 01:40:23.405,0.63467,0.63501,1.50,2.25
2011.08.12 01:40:25.650,0.63465,0.63499,1.50,1.50
2011.08.12 01:40:25.770,0.63465,0.63499,1.50,2.25
2011.08.12 01:40:26.626,0.63462,0.63498,1.50,2.25
2011.08.12 01:40:27.175,0.63461,0.63497,1.50,2.25
2011.08.12 01:40:29.447,0.63455,0.63489,2.25,1.88
2011.08.12 01:40:29.665,0.63451,0.63485,1.50,2.63
2011.08.12 01:40:30.394,0.6345,0.63484,1.50,2.25
2011.08.12 01:40:30.509,0.63447,0.63483,1.50,1.50
2011.08.12 01:40:32.596,0.6345,0.63484,1.50,3.00
2011.08.12 01:40:32.707,0.63451,0.63485,1.50,1.50
2011.08.12 01:40:40.108,0.63455,0.63489,1.50,3.60
2011.08.12 01:40:40.776,0.63458,0.63491,1.50,2.25
2011.08.12 01:40:40.886,0.63458,0.63491,1.50,1.50
2011.08.12 01:40:40.998,0.63458,0.63494,3.00,2.25
2011.08.12 01:40:41.107,0.63461,0.63495,2.25,1.50
2011.08.12 01:40:41.218,0.63464,0.635,1.50,2.25
2011.08.12 01:40:41.700,0.63462,0.63496,1.50,1.50
2011.08.12 01:40:42.039,0.63457,0.63493,1.50,2.25
2011.08.12 01:40:42.267,0.63456,0.6349,1.50,1.50
2011.08.12 01:40:42.596,0.63453,0.63489,1.50,1.50
2011.08.12 01:40:49.946,0.63456,0.6349,1.50,1.50
2011.08.12 01:40:50.347,0.63454,0.63488,1.50,1.50
2011.08.12 01:40:50.679,0.6345,0.63486,2.25,1.50
2011.08.12 01:40:50.798,0.6345,0.63484,2.25,1.50
2011.08.12 01:40:50.907,0.6345,0.63484,1.50,1.50
2011.08.12 01:40:52.888,0.63447,0.63483,2.25,1.50
2011.08.12 01:40:53.447,0.63446,0.63482,1.50,1.50
2011.08.12 01:40:53.996,0.63447,0.63483,1.50,1.50
2011.08.12 01:40:54.326,0.63449,0.63485,1.50,1.50
2011.08.12 01:40:56.890,0.6345,0.63486,1.50,2.25
2011.08.12 01:40:57.787,0.6345,0.63484,1.50,1.50
2011.08.12 01:40:58.338,0.63451,0.63485,2.25,1.50
2011.08.12 01:40:58.702,0.63454,0.63488,2.25,1.50
2011.08.12 01:40:59.366,0.63455,0.63491,2.25,1.50
2011.08.12 01:41:08.407,0.63456,0.63492,2.25,1.50
2011.08.12 01:41:08.626,0.63456,0.63492,2.25,1.50
2011.08.12 01:41:08.956,0.63456,0.6349,2.25,1.50
2011.08.12 01:41:10.517,0.63456,0.6349,1.50,1.50
2011.08.12 01:41:12.480,0.63453,0.63489,1.50,1.50
2011.08.12 01:41:12.709,0.63453,0.63487,1.50,1.50
2011.08.12 01:41:13.320,0.6345,0.63484,2.25,1.50
2011.08.12 01:41:13.439,0.6345,0.63484,1.50,1.50
2011.08.12 01:41:15.127,0.6345,0.63486,1.50,1.50
2011.08.12 01:41:15.586,0.63453,0.63487,1.50,2.25
2011.08.12 01:41:18.307,0.63453,0.63487,2.25,1.50
2011.08.12 01:41:18.636,0.63453,0.63489,2.25,1.50
2011.08.12 01:41:18.750,0.63453,0.63489,1.50,2.25
2011.08.12 01:41:19.797,0.63452,0.63488,2.25,1.50
2011.08.12 01:41:21.248,0.63452,0.63488,2.25,1.50
2011.08.12 01:41:21.796,0.63455,0.63491,2.25,1.50
2011.08.12 01:41:21.906,0.63457,0.63491,1.50,2.25
2011.08.12 01:41:23.838,0.63459,0.63493,1.50,2.25
2011.08.12 01:41:25.196,0.63458,0.63494,1.50,2.25
2011.08.12 01:41:28.088,0.63459,0.63495,1.50,2.25
2011.08.12 01:41:28.617,0.63458,0.63494,1.50,2.25
2011.08.12 01:41:31.907,0.63458,0.63494,1.50,2.25
2011.08.12 01:41:32.127,0.63456,0.63492,1.50,2.25
2011.08.12 01:41:34.718,0.63452,0.63486,1.50,2.25
2011.08.12 01:41:34.829,0.63449,0.63485,1.50,2.25
2011.08.12 01:41:35.057,0.63447,0.63483,1.50,2.25
2011.08.12 01:41:35.169,0.63444,0.6348,1.50,2.25
2011.08.12 01:41:35.726,0.63443,0.63479,1.50,2.25
2011.08.12 01:41:35.836,0.6344,0.63476,1.50,1.50
2011.08.12 01:41:36.168,0.63445,0.63479,1.50,2.25
2011.08.12 01:41:40.839,0.63447,0.63481,1.50,2.25
2011.08.12 01:41:41.448,0.63445,0.63479,1.50,1.50
2011.08.12 01:41:41.997,0.63445,0.63479,1.50,2.25
2011.08.12 01:41:42.743,0.63444,0.63478,1.50,2.25
2011.08.12 01:41:49.339,0.63441,0.63477,1.50,2.25
2011.08.12 01:41:49.739,0.63441,0.63475,1.50,1.50
2011.08.12 01:41:49.848,0.63441,0.63477,1.50,2.25
2011.08.12 01:41:50.067,0.63441,0.63475,1.50,1.50
2011.08.12 01:41:51.077,0.6344,0.63476,1.50,1.50
2011.08.12 01:41:51.407,0.63438,0.63474,2.25,1.50
2011.08.12 01:41:51.736,0.63437,0.63471,2.25,1.50
2011.08.12 01:41:52.177,0.63439,0.63473,1.50,1.50
2011.08.12 01:41:52.286,0.63439,0.63473,2.25,1.50
2011.08.12 01:41:52.397,0.63441,0.63475,2.25,1.50
2011.08.12 01:41:52.507,0.63441,0.63475,1.50,1.50
2011.08.12 01:41:53.307,0.63438,0.63472,1.50,1.50
2011.08.12 01:41:53.636,0.63438,0.63474,1.50,1.50
2011.08.12 01:41:53.978,0.63438,0.63472,1.50,1.50
2011.08.12 01:41:54.539,0.63438,0.63474,1.50,1.50
2011.08.12 01:41:54.648,0.63441,0.63475,1.50,1.50
2011.08.12 01:41:54.976,0.63443,0.63477,2.25,1.50
2011.08.12 01:41:55.416,0.63445,0.63479,2.25,1.50
2011.08.12 01:41:56.577,0.63447,0.63481,1.50,2.25
2011.08.12 01:41:56.796,0.63447,0.63481,2.25,1.50
2011.08.12 01:41:57.127,0.63445,0.63479,2.25,1.50
2011.08.12 01:42:00.372,0.63446,0.63482,2.25,1.50
2011.08.12 01:42:02.575,0.63447,0.63481,2.25,1.50
2011.08.12 01:42:03.126,0.63448,0.63482,2.25,1.50
2011.08.12 01:42:05.486,0.63445,0.63481,2.25,1.50
2011.08.12 01:42:05.816,0.63441,0.63477,2.25,1.50
2011.08.12 01:42:06.038,0.63445,0.63479,2.25,1.50
2011.08.12 01:42:16.457,0.63451,0.63485,2.25,1.50
2011.08.12 01:42:16.567,0.63451,0.63485,1.50,1.50
2011.08.12 01:42:17.007,0.63453,0.63489,1.50,1.50
2011.08.12 01:42:17.916,0.63456,0.6349,1.50,1.50
2011.08.12 01:42:20.669,0.63454,0.63488,1.50,1.50
2011.08.12 01:42:20.999,0.63447,0.63483,1.50,1.50
2011.08.12 01:42:21.120,0.63447,0.63481,1.50,1.50
2011.08.12 01:42:21.786,0.63445,0.63479,1.50,1.50
2011.08.12 01:42:23.858,0.63445,0.63479,2.25,1.50
2011.08.12 01:42:24.638,0.63443,0.63479,1.50,1.50
2011.08.12 01:42:25.203,0.63444,0.6348,1.50,1.50
2011.08.12 01:42:25.866,0.63443,0.63479,1.50,1.50
2011.08.12 01:42:26.529,0.63443,0.63479,2.25,2.25
2011.08.12 01:42:26.650,0.63442,0.63476,1.50,2.25
2011.08.12 01:42:26.989,0.63438,0.63472,1.50,1.50
2011.08.12 01:42:27.436,0.63436,0.63472,1.50,1.50
2011.08.12 01:42:29.568,0.63436,0.63472,2.25,1.50
2011.08.12 01:42:29.677,0.63438,0.63474,2.25,1.50
2011.08.12 01:42:30.006,0.63438,0.63474,2.25,1.50
2011.08.12 01:42:30.448,0.6344,0.63476,1.50,1.50
2011.08.12 01:42:30.620,0.63437,0.63473,2.25,1.50
2011.08.12 01:42:30.848,0.63439,0.63475,2.25,1.50
2011.08.12 01:42:30.956,0.63432,0.63468,2.25,1.50
2011.08.12 01:42:31.176,0.63434,0.6347,2.25,1.50
2011.08.12 01:42:31.287,0.63438,0.63474,2.25,1.50
2011.08.12 01:42:31.856,0.63438,0.63474,2.25,1.50
2011.08.12 01:42:33.732,0.63441,0.63477,1.50,1.50
2011.08.12 01:42:34.067,0.63446,0.6348,1.50,2.25
2011.08.12 01:42:34.506,0.63444,0.63478,1.50,1.50
2011.08.12 01:42:35.058,0.63445,0.63479,1.50,2.25
2011.08.12 01:42:35.457,0.63443,0.63479,1.50,2.25
2011.08.12 01:42:35.786,0.63442,0.63476,1.50,1.50
2011.08.12 01:42:35.897,0.63439,0.63475,1.50,1.50
2011.08.12 01:42:36.117,0.63437,0.63473,2.25,1.50
2011.08.12 01:42:36.695,0.63437,0.63473,2.25,1.50
2011.08.12 01:42:39.251,0.6344,0.63474,1.50,1.50
2011.08.12 01:42:39.875,0.63445,0.63479,1.50,2.25
2011.08.12 01:42:39.986,0.63441,0.63477,1.50,1.50
2011.08.12 01:42:42.949,0.63441,0.63475,1.50,1.50
2011.08.12 01:42:43.698,0.63441,0.63477,1.50,2.25
2011.08.12 01:42:43.808,0.6344,0.63474,1.50,1.50
2011.08.12 01:42:44.147,0.63438,0.63472,1.50,1.50
2011.08.12 01:42:44.696,0.63437,0.63471,1.50,1.50
2011.08.12 01:42:45.463,0.63439,0.63473,1.50,1.50
2011.08.12 01:42:47.117,0.63437,0.63473,1.50,1.50
2011.08.12 01:42:52.956,0.63438,0.63474,1.50,2.25
2011.08.12 01:42:53.523,0.63438,0.63472,1.50,1.50
2011.08.12 01:42:55.760,0.63437,0.63471,1.50,1.50
2011.08.12 01:42:56.446,0.63434,0.6347,2.25,1.50
2011.08.12 01:42:56.557,0.63436,0.63472,1.50,1.50
2011.08.12 01:42:56.668,0.63435,0.63469,1.50,1.50
2011.08.12 01:42:56.997,0.63433,0.63467,2.25,1.50
2011.08.12 01:42:57.107,0.63432,0.63466,1.50,1.50
2011.08.12 01:42:57.896,0.63433,0.63467,1.50,1.50
2011.08.12 01:43:01.059,0.63435,0.63469,1.50,1.50
2011.08.12 01:43:03.038,0.63433,0.63469,1.50,2.25
2011.08.12 01:43:04.147,0.63432,0.63466,1.50,1.50
2011.08.12 01:43:07.528,0.6343,0.63466,1.50,1.50
2011.08.12 01:43:08.141,0.63434,0.63468,1.50,1.50
2011.08.12 01:43:08.480,0.63434,0.63456,1.50,1.20
2011.08.12 01:43:08.816,0.63426,0.63456,1.50,1.20
2011.08.12 01:43:09.146,0.63424,0.63456,1.50,1.20
2011.08.12 01:43:10.616,0.63424,0.63451,1.50,2.10
2011.08.12 01:43:10.836,0.63422,0.63451,1.50,2.10
2011.08.12 01:43:11.059,0.63424,0.63451,1.50,2.10
2011.08.12 01:43:14.846,0.63421,0.63451,1.50,2.10
2011.08.12 01:43:15.068,0.63423,0.63451,1.50,2.10
2011.08.12 01:43:16.468,0.63426,0.63451,1.50,2.10
2011.08.12 01:43:17.040,0.63425,0.63451,1.50,2.10
2011.08.12 01:43:17.708,0.63423,0.63451,1.50,2.10
2011.08.12 01:43:19.577,0.63421,0.63451,1.50,2.10
2011.08.12 01:43:20.101,0.63422,0.63451,1.50,2.10
2011.08.12 01:43:22.086,0.63421,0.63451,1.50,2.10
2011.08.12 01:43:22.986,0.63422,0.63451,1.50,2.10
2011.08.12 01:43:24.906,0.63421,0.63451,1.50,2.10
2011.08.12 01:43:25.324,0.63423,0.63451,1.50,2.10
2011.08.12 01:43:26.310,0.63424,0.63451,1.50,2.10
2011.08.12 01:43:26.877,0.63425,0.63451,1.50,2.10
2011.08.12 01:43:28.706,0.63425,0.63459,1.50,2.25
2011.08.12 01:43:28.816,0.63427,0.6346,1.50,1.50
2011.08.12 01:43:29.038,0.63425,0.63459,1.50,2.25
2011.08.12 01:43:29.478,0.63427,0.63459,1.50,1.50
2011.08.12 01:43:30.123,0.63427,0.63459,1.50,1.50
2011.08.12 01:43:30.236,0.63425,0.63459,1.50,1.50
2011.08.12 01:43:30.518,0.63427,0.63459,1.50,1.50
2011.08.12 01:43:32.855,0.63426,0.63459,1.50,1.50
2011.08.12 01:43:33.516,0.63424,0.63459,1.50,1.50
2011.08.12 01:43:34.156,0.63426,0.63459,1.50,1.50
2011.08.12 01:43:34.751,0.63427,0.63459,1.50,1.50
2011.08.12 01:43:35.557,0.63427,0.63459,1.50,1.50
2011.08.12 01:43:35.943,0.63427,0.63459,1.50,1.50
2011.08.12 01:43:36.196,0.63425,0.63459,1.50,1.50
2011.08.12 01:43:36.307,0.63427,0.63459,1.50,1.50
2011.08.12 01:43:36.526,0.63425,0.63459,1.50,1.50
2011.08.12 01:43:37.700,0.63427,0.63459,1.50,1.50
2011.08.12 01:43:38.040,0.63425,0.63459,1.50,1.50
2011.08.12 01:43:42.409,0.63425,0.63459,1.50,1.50
2011.08.12 01:43:42.836,0.63425,0.63459,1.50,1.50
2011.08.12 01:43:48.597,0.63425,0.63459,1.50,3.00
2011.08.12 01:43:48.819,0.63422,0.63458,1.50,2.25
2011.08.12 01:43:49.434,0.63417,0.63453,1.50,2.63
2011.08.12 01:43:49.878,0.63417,0.63453,1.50,2.63
2011.08.12 01:43:52.218,0.63416,0.6345,1.50,2.25
2011.08.12 01:43:52.657,0.63418,0.63452,1.50,2.85
2011.08.12 01:43:56.847,0.63413,0.63446,1.50,1.35
2011.08.12 01:43:57.622,0.63415,0.63442,1.50,1.35
2011.08.12 01:43:57.744,0.63411,0.63442,1.50,1.35
2011.08.12 01:43:58.607,0.63409,0.63442,2.25,1.35
2011.08.12 01:43:59.506,0.63411,0.63442,1.50,1.35
2011.08.12 01:44:00.388,0.63411,0.63442,1.50,1.35
2011.08.12 01:44:00.947,0.63411,0.63447,2.10,2.85
2011.08.12 01:44:02.087,0.63411,0.63446,2.10,1.35
2011.08.12 01:44:05.061,0.63408,0.63441,2.25,1.35
2011.08.12 01:44:08.437,0.63408,0.6344,1.50,1.13
2011.08.12 01:44:08.546,0.63406,0.6344,1.50,1.13
2011.08.12 01:44:08.656,0.63404,0.63438,1.50,2.10
2011.08.12 01:44:09.585,0.63405,0.63439,1.50,3.60
2011.08.12 01:44:10.239,0.63403,0.63439,1.50,3.00
2011.08.12 01:44:10.566,0.63405,0.63439,1.50,3.00
2011.08.12 01:44:13.828,0.63403,0.63439,1.50,3.38
2011.08.12 01:44:14.486,0.63403,0.63439,1.50,3.38
2011.08.12 01:44:19.195,0.63401,0.63437,1.50,2.25
2011.08.12 01:44:23.757,0.63397,0.63433,2.25,1.88
2011.08.12 01:44:24.196,0.63397,0.63432,1.50,1.13
2011.08.12 01:44:25.719,0.63395,0.63431,1.50,2.25
2011.08.12 01:44:25.946,0.63395,0.63431,2.25,2.25
2011.08.12 01:44:26.168,0.634,0.63436,1.50,2.10
2011.08.12 01:44:26.731,0.634,0.63436,1.50,1.50
2011.08.12 01:44:26.847,0.63402,0.63437,1.50,1.35
2011.08.12 01:44:28.939,0.63405,0.63438,1.50,1.88
2011.08.12 01:44:29.058,0.63403,0.63437,1.50,2.25
2011.08.12 01:44:29.615,0.63404,0.63438,1.50,1.88
2011.08.12 01:44:30.718,0.63404,0.63438,1.50,3.00
2011.08.12 01:44:33.296,0.63403,0.63438,1.50,1.50
2011.08.12 01:44:35.939,0.63403,0.63438,1.50,1.50
2011.08.12 01:44:36.707,0.63402,0.63436,1.50,2.25
2011.08.12 01:44:44.847,0.63405,0.63438,1.50,1.50
2011.08.12 01:44:49.248,0.63403,0.63438,1.50,1.50
2011.08.12 01:44:50.516,0.63406,0.63438,1.50,1.50
2011.08.12 01:44:51.095,0.63404,0.63438,1.50,3.00
2011.08.12 01:44:51.537,0.63404,0.63436,1.50,2.85
2011.08.12 01:44:51.648,0.63402,0.63436,1.50,3.60
2011.08.12 01:44:54.069,0.63398,0.63432,2.25,2.10
2011.08.12 01:44:55.306,0.63392,0.63427,1.50,1.35
2011.08.12 01:44:55.749,0.63395,0.63429,1.50,2.10
2011.08.12 01:44:58.879,0.63396,0.6343,1.50,2.70
2011.08.12 01:44:59.000,0.63394,0.6343,1.50,2.70
2011.08.12 01:44:59.501,0.63395,0.6343,1.50,1.20
2011.08.12 01:45:00.057,0.63394,0.6343,1.50,3.08
2011.08.12 01:45:01.389,0.63397,0.6343,1.50,1.20
2011.08.12 01:45:01.827,0.63396,0.6343,1.50,1.20
2011.08.12 01:45:04.927,0.63398,0.63433,1.50,1.20
2011.08.12 01:45:08.019,0.634,0.63433,1.50,1.20
2011.08.12 01:45:09.142,0.63398,0.63433,1.50,1.20
2011.08.12 01:45:10.247,0.63398,0.63434,1.50,2.10
2011.08.12 01:45:10.938,0.63398,0.63434,1.50,2.10
2011.08.12 01:45:14.545,0.63401,0.63435,1.50,3.23
2011.08.12 01:45:14.656,0.63401,0.63435,1.50,2.63
2011.08.12 01:45:24.989,0.63399,0.63433,1.50,1.50
2011.08.12 01:45:31.157,0.63397,0.63433,2.25,1.50
2011.08.12 01:45:37.378,0.63395,0.63431,2.25,1.50
2011.08.12 01:45:37.708,0.63395,0.63429,2.25,2.25
2011.08.12 01:45:38.257,0.63393,0.63427,1.50,1.50
2011.08.12 01:45:47.516,0.63394,0.6343,2.25,1.50
2011.08.12 01:45:51.397,0.63393,0.63427,2.25,2.85
2011.08.12 01:45:53.469,0.63393,0.63427,2.25,4.95
2011.08.12 01:45:54.468,0.63395,0.63427,1.50,2.10
2011.08.12 01:45:57.048,0.63392,0.63426,2.25,2.10
2011.08.12 01:45:57.950,0.63393,0.63427,1.50,3.60
2011.08.12 01:45:58.517,0.63392,0.63426,2.25,2.10
2011.08.12 01:46:05.466,0.63389,0.63425,1.50,2.10
2011.08.12 01:46:08.448,0.63389,0.63425,1.50,1.50
2011.08.12 01:46:08.558,0.63391,0.63427,2.25,1.50
2011.08.12 01:46:08.887,0.63391,0.63427,2.25,2.25
2011.08.12 01:46:14.380,0.63399,0.63433,1.50,2.25
2011.08.12 01:46:14.498,0.63405,0.63439,2.25,1.50
2011.08.12 01:46:14.607,0.63411,0.63447,1.50,2.25
2011.08.12 01:46:14.718,0.63411,0.63447,1.50,2.25
2011.08.12 01:46:14.827,0.63409,0.63445,1.50,2.25
2011.08.12 01:46:15.267,0.63408,0.63442,1.50,1.50
2011.08.12 01:46:16.017,0.63405,0.63441,1.50,1.50
2011.08.12 01:46:16.348,0.63403,0.63439,2.25,1.50
2011.08.12 01:46:18.346,0.63405,0.63439,1.50,1.50
2011.08.12 01:46:19.156,0.63407,0.63441,1.50,1.50
2011.08.12 01:46:19.271,0.63404,0.6344,2.25,1.50
2011.08.12 01:46:20.266,0.63406,0.63442,2.25,1.50
2011.08.12 01:46:20.486,0.63406,0.63442,1.50,1.50
2011.08.12 01:46:25.508,0.63404,0.6344,1.50,1.50
2011.08.12 01:46:26.788,0.63404,0.63438,1.50,1.50
2011.08.12 01:46:29.447,0.63404,0.63438,2.25,1.50
2011.08.12 01:46:29.559,0.63406,0.63442,2.25,1.50
2011.08.12 01:46:29.998,0.6341,0.63446,1.50,2.25
2011.08.12 01:46:30.107,0.63408,0.63442,2.25,1.50
2011.08.12 01:46:30.658,0.63409,0.63443,1.50,1.50
2011.08.12 01:46:32.459,0.63409,0.63443,1.50,2.25
2011.08.12 01:46:32.690,0.63402,0.63438,1.88,2.25
2011.08.12 01:46:32.917,0.63403,0.63438,1.13,1.50
2011.08.12 01:46:33.028,0.63408,0.63444,1.50,1.50
2011.08.12 01:46:35.018,0.63406,0.63442,2.25,1.50
2011.08.12 01:46:35.569,0.63407,0.63443,2.25,1.50
2011.08.12 01:46:36.539,0.63406,0.6344,2.25,1.50
2011.08.12 01:46:37.107,0.63404,0.63438,1.50,1.50
2011.08.12 01:46:38.098,0.63402,0.63436,2.25,1.50
2011.08.12 01:46:44.056,0.634,0.63436,1.50,1.88
2011.08.12 01:46:47.886,0.63402,0.63436,1.50,1.88
2011.08.12 01:46:48.217,0.63404,0.63438,1.50,1.88
2011.08.12 01:46:48.448,0.63402,0.63436,1.50,1.88
2011.08.12 01:46:49.897,0.63403,0.63439,1.50,3.23
2011.08.12 01:46:50.460,0.63404,0.63439,1.50,1.13
2011.08.12 01:46:51.018,0.63403,0.63439,2.25,2.25
2011.08.12 01:46:51.458,0.63405,0.63441,1.50,1.88
2011.08.12 01:46:54.346,0.63405,0.63441,2.25,1.88
2011.08.12 01:46:54.896,0.63405,0.63441,2.25,1.88
2011.08.12 01:46:59.356,0.63407,0.63443,1.50,2.63
2011.08.12 01:47:04.377,0.63407,0.63443,1.50,2.25
2011.08.12 01:47:04.489,0.63412,0.63446,2.25,3.00
2011.08.12 01:47:07.867,0.63416,0.6345,2.25,1.35
2011.08.12 01:47:08.086,0.63424,0.6346,1.50,2.25
2011.08.12 01:47:08.526,0.63423,0.63457,1.50,1.50
2011.08.12 01:47:09.142,0.63422,0.63456,2.25,1.50
2011.08.12 01:47:11.627,0.63421,0.63455,3.00,1.50
2011.08.12 01:47:16.117,0.63421,0.63455,3.00,1.50
2011.08.12 01:47:16.447,0.63424,0.63458,2.25,1.50
2011.08.12 01:47:16.557,0.63424,0.6346,2.25,1.50
2011.08.12 01:47:17.929,0.63423,0.63459,1.50,2.25
2011.08.12 01:47:21.788,0.63425,0.63461,1.50,2.25
2011.08.12 01:47:22.228,0.63424,0.6346,2.25,1.50
2011.08.12 01:47:24.730,0.63424,0.63459,2.25,1.35
2011.08.12 01:47:25.469,0.63417,0.63451,2.25,1.50
2011.08.12 01:47:25.581,0.63422,0.63456,2.25,1.50
2011.08.12 01:47:25.697,0.63427,0.63463,2.25,1.50
2011.08.12 01:47:27.018,0.63425,0.63459,2.25,1.50
2011.08.12 01:47:28.187,0.63422,0.63458,2.25,1.50
2011.08.12 01:47:28.517,0.63424,0.63458,1.50,1.50
2011.08.12 01:47:29.729,0.63422,0.63456,2.25,1.50
2011.08.12 01:47:30.523,0.63423,0.63457,1.50,1.50
2011.08.12 01:47:31.428,0.63424,0.63458,1.50,1.50
2011.08.12 01:47:32.230,0.63425,0.63461,2.25,1.50
2011.08.12 01:47:36.351,0.63426,0.63462,2.25,1.50
2011.08.12 01:47:36.798,0.63425,0.63459,2.25,1.50
2011.08.12 01:47:40.647,0.63426,0.63462,3.00,1.50
2011.08.12 01:47:40.978,0.63428,0.63464,1.50,1.50
2011.08.12 01:47:41.306,0.63427,0.63461,1.50,1.50
2011.08.12 01:47:47.929,0.63429,0.63465,1.50,1.50
2011.08.12 01:47:48.148,0.63427,0.63461,1.50,1.50
2011.08.12 01:47:48.368,0.63428,0.63464,1.50,1.50
2011.08.12 01:47:48.973,0.63428,0.63464,2.25,1.50
2011.08.12 01:47:49.534,0.63426,0.6346,1.50,1.50
2011.08.12 01:47:49.651,0.63426,0.63462,3.00,1.50
2011.08.12 01:47:49.921,0.63428,0.63464,2.25,1.50
2011.08.12 01:47:50.249,0.63428,0.63462,2.25,1.50
2011.08.12 01:47:52.640,0.63425,0.63461,2.25,1.50
2011.08.12 01:47:53.189,0.63424,0.6346,2.25,1.50
2011.08.12 01:47:55.609,0.63424,0.6346,1.50,2.25
2011.08.12 01:47:55.721,0.63421,0.63454,1.50,1.50
2011.08.12 01:47:56.371,0.63421,0.63455,1.50,1.50
2011.08.12 01:47:56.720,0.63421,0.63453,1.50,1.50
2011.08.12 01:47:56.830,0.63421,0.63456,1.50,1.50
2011.08.12 01:47:56.941,0.63421,0.63454,1.50,1.50
2011.08.12 01:47:57.379,0.63424,0.63458,2.25,1.50
2011.08.12 01:47:57.935,0.63424,0.63458,2.25,1.50
2011.08.12 01:47:59.230,0.63422,0.63456,2.25,1.50
2011.08.12 01:47:59.340,0.6342,0.63454,2.25,1.50
2011.08.12 01:47:59.889,0.6342,0.63454,1.50,1.50
2011.08.12 01:48:11.619,0.63421,0.63455,2.25,1.50
2011.08.12 01:48:12.300,0.6342,0.63454,1.50,1.50
2011.08.12 01:48:13.792,0.6342,0.63455,1.50,1.50
2011.08.12 01:48:16.128,0.63418,0.63454,3.00,1.50
2011.08.12 01:48:19.904,0.63419,0.63455,2.25,1.50
2011.08.12 01:48:26.029,0.63419,0.63453,2.25,1.50
2011.08.12 01:48:27.071,0.63421,0.63455,2.25,1.50
2011.08.12 01:48:34.660,0.63421,0.63455,2.25,1.50
2011.08.12 01:48:35.209,0.63421,0.63455,3.00,1.50
2011.08.12 01:48:35.321,0.63423,0.63459,1.50,1.50
2011.08.12 01:48:36.152,0.63427,0.6346,2.25,2.10
2011.08.12 01:48:36.591,0.63425,0.63459,2.25,1.50
2011.08.12 01:48:36.809,0.63421,0.63457,3.38,1.50
2011.08.12 01:48:39.053,0.63421,0.63457,2.25,1.50
2011.08.12 01:48:39.613,0.63421,0.63457,1.50,2.25
2011.08.12 01:48:39.732,0.63419,0.63453,1.50,1.50
2011.08.12 01:48:40.334,0.63417,0.63451,1.50,1.50
2011.08.12 01:48:40.450,0.63417,0.63453,1.50,1.50
2011.08.12 01:48:43.090,0.63415,0.63449,2.25,1.50
2011.08.12 01:48:44.676,0.63412,0.63448,1.50,1.50
2011.08.12 01:48:46.179,0.63413,0.63449,1.50,1.50
2011.08.12 01:48:46.510,0.63413,0.63447,1.50,1.50
2011.08.12 01:48:47.890,0.63413,0.63447,1.50,1.50
2011.08.12 01:48:48.440,0.6341,0.63446,2.25,1.50
2011.08.12 01:48:50.661,0.63411,0.63447,1.50,1.50
2011.08.12 01:48:54.811,0.63413,0.63449,2.25,1.50
2011.08.12 01:48:55.361,0.63414,0.6345,2.25,1.50
2011.08.12 01:49:07.370,0.63414,0.6345,2.25,1.50
2011.08.12 01:49:21.554,0.63418,0.63452,1.50,2.25
2011.08.12 01:49:32.972,0.63415,0.63451,2.25,1.50
2011.08.12 01:49:33.432,0.63415,0.63449,2.25,1.50
2011.08.12 01:49:42.160,0.63418,0.63452,1.50,1.50
2011.08.12 01:49:49.152,0.6342,0.63454,1.50,2.25
2011.08.12 01:49:49.816,0.63419,0.63453,1.50,1.50
2011.08.12 01:49:50.371,0.63419,0.63455,1.50,2.25
2011.08.12 01:49:50.700,0.63421,0.63455,1.50,2.25
2011.08.12 01:49:50.810,0.63418,0.63454,1.50,2.25
2011.08.12 01:49:51.523,0.6342,0.63456,1.50,2.25
2011.08.12 01:49:51.862,0.6342,0.63456,1.50,1.50
2011.08.12 01:49:52.200,0.63422,0.63456,1.50,1.50
2011.08.12 01:49:52.750,0.63423,0.63457,1.50,1.50
2011.08.12 01:49:52.970,0.63421,0.63457,1.50,1.50
2011.08.12 01:49:54.010,0.6342,0.63454,1.50,1.50
2011.08.12 01:49:54.452,0.6342,0.63456,1.50,1.50
2011.08.12 01:49:55.104,0.63422,0.63458,1.50,1.50
2011.08.12 01:49:55.440,0.63424,0.63458,1.50,1.50
2011.08.12 01:49:56.012,0.63424,0.6346,1.50,2.25
2011.08.12 01:50:00.080,0.63421,0.63457,3.00,1.50
2011.08.12 01:50:00.852,0.63422,0.63458,1.50,2.25
2011.08.12 01:50:00.967,0.63425,0.63459,1.50,2.25
2011.08.12 01:50:01.342,0.63423,0.63457,1.50,1.50
2011.08.12 01:50:01.451,0.63421,0.63457,1.50,1.50
2011.08.12 01:50:01.673,0.63423,0.63457,1.50,1.50
2011.08.12 01:50:02.230,0.63424,0.63458,1.50,2.25
2011.08.12 01:50:06.551,0.63419,0.63455,2.25,1.50
2011.08.12 01:50:07.346,0.63421,0.63455,1.50,1.50
2011.08.12 01:50:11.705,0.63423,0.63459,1.50,2.25
2011.08.12 01:50:12.680,0.63425,0.63461,1.50,2.25
2011.08.12 01:50:13.239,0.63426,0.63462,1.50,4.50
2011.08.12 01:50:15.465,0.63424,0.6346,1.50,2.25
2011.08.12 01:50:21.119,0.63421,0.63457,1.50,1.50
2011.08.12 01:50:26.589,0.63422,0.63458,1.50,2.25
2011.08.12 01:50:27.306,0.63423,0.63459,1.50,2.25
2011.08.12 01:50:28.749,0.63423,0.63459,1.50,2.25
2011.08.12 01:50:35.534,0.63427,0.63461,1.50,2.25
2011.08.12 01:50:38.450,0.63425,0.63459,1.50,1.50
2011.08.12 01:50:38.809,0.63423,0.63457,2.25,1.50
2011.08.12 01:50:39.450,0.63424,0.63458,1.50,1.50
2011.08.12 01:50:54.781,0.63426,0.63462,1.50,4.50
2011.08.12 01:50:55.489,0.63429,0.63462,1.50,3.00
2011.08.12 01:50:55.599,0.63429,0.63463,1.50,2.25
2011.08.12 01:50:55.819,0.63427,0.63463,3.75,2.25
2011.08.12 01:51:02.969,0.63427,0.6346,2.25,1.50
2011.08.12 01:51:04.159,0.63427,0.63461,3.75,1.50
2011.08.12 01:51:11.870,0.63427,0.6346,2.25,1.50
2011.08.12 01:51:12.110,0.63428,0.63464,1.50,2.25
2011.08.12 01:51:12.651,0.63428,0.63462,1.50,1.50
2011.08.12 01:51:17.871,0.63427,0.6346,2.25,1.50
2011.08.12 01:51:17.981,0.63428,0.63462,1.50,1.50
2011.08.12 01:51:25.966,0.63431,0.63467,2.25,1.50
2011.08.12 01:51:26.192,0.63434,0.6347,2.25,1.50
2011.08.12 01:51:26.796,0.63439,0.63475,2.25,1.50
2011.08.12 01:51:35.750,0.63439,0.63475,1.50,2.25
2011.08.12 01:51:36.191,0.63441,0.63477,1.50,1.50
2011.08.12 01:51:37.564,0.63443,0.63479,1.50,2.25
2011.08.12 01:51:38.012,0.63446,0.63482,1.50,4.50
2011.08.12 01:51:41.827,0.63444,0.63478,1.50,2.25
2011.08.12 01:51:42.271,0.63442,0.63476,1.50,2.25
2011.08.12 01:51:43.273,0.63444,0.63478,1.50,2.25
2011.08.12 01:51:43.611,0.63439,0.63475,1.50,2.25
2011.08.12 01:51:43.830,0.63442,0.63476,1.50,2.25
2011.08.12 01:51:44.159,0.63441,0.63475,1.50,2.25
2011.08.12 01:51:47.070,0.63438,0.63474,1.50,2.25
2011.08.12 01:51:47.290,0.63441,0.63475,1.50,2.25
2011.08.12 01:51:48.390,0.6344,0.63476,1.50,2.25
2011.08.12 01:51:53.400,0.6344,0.63476,1.50,2.25
2011.08.12 01:51:53.840,0.63443,0.63477,1.50,2.25
2011.08.12 01:51:54.421,0.63443,0.63477,2.25,1.50
2011.08.12 01:51:56.201,0.63443,0.63477,1.50,2.25
2011.08.12 01:51:56.421,0.63441,0.63475,1.50,1.50
2011.08.12 01:51:56.531,0.63439,0.63473,1.50,1.50
2011.08.12 01:51:56.974,0.63438,0.63472,3.38,1.50
2011.08.12 01:51:57.094,0.63442,0.63476,1.88,2.25
2011.08.12 01:51:57.210,0.63442,0.63476,2.63,1.50
2011.08.12 01:51:57.652,0.63437,0.63472,2.25,2.25
2011.08.12 01:51:57.762,0.63439,0.63472,1.13,2.25
2011.08.12 01:51:57.879,0.63442,0.63476,1.88,1.50
2011.08.12 01:51:57.990,0.63439,0.63475,3.00,1.50
2011.08.12 01:51:58.210,0.63437,0.63472,2.25,2.25
2011.08.12 01:51:59.111,0.63435,0.63471,2.25,1.50
2011.08.12 01:51:59.749,0.63434,0.6347,1.50,1.50
2011.08.12 01:51:59.862,0.63434,0.63468,1.50,1.50
2011.08.12 01:52:00.643,0.63434,0.63468,2.25,1.50
2011.08.12 01:52:00.763,0.63439,0.63472,1.88,3.00
2011.08.12 01:52:00.882,0.63439,0.63473,2.63,1.50
2011.08.12 01:52:00.990,0.63437,0.63473,3.75,2.25
2011.08.12 01:52:01.322,0.63434,0.6347,1.50,1.50
2011.08.12 01:52:01.431,0.63434,0.63468,1.50,1.50
2011.08.12 01:52:03.510,0.63435,0.63471,1.50,2.25
2011.08.12 01:52:03.620,0.63434,0.63468,1.50,1.50
2011.08.12 01:52:04.681,0.63435,0.63471,1.50,2.25
2011.08.12 01:52:05.620,0.63434,0.6347,1.50,1.50
2011.08.12 01:52:06.610,0.63436,0.6347,1.50,1.50
2011.08.12 01:52:08.179,0.63435,0.63469,1.50,1.50
2011.08.12 01:52:10.161,0.63436,0.63472,1.50,4.50
2011.08.12 01:52:10.272,0.63436,0.63472,2.25,4.50
2011.08.12 01:52:10.611,0.63437,0.63473,1.50,4.50
2011.08.12 01:52:11.161,0.63436,0.6347,1.50,1.50
2011.08.12 01:52:13.351,0.63437,0.63472,1.50,1.35
2011.08.12 01:52:17.581,0.63442,0.63473,1.50,4.35
2011.08.12 01:52:17.800,0.63438,0.63472,1.50,3.00
2011.08.12 01:52:18.512,0.6344,0.63476,1.50,2.10
2011.08.12 01:52:18.990,0.63442,0.63476,1.50,2.10
2011.08.12 01:52:19.500,0.63445,0.63476,1.50,1.35
2011.08.12 01:52:20.050,0.63444,0.63477,1.50,1.35
2011.08.12 01:52:22.100,0.63446,0.63477,1.50,1.35
2011.08.12 01:52:23.000,0.63446,0.63479,1.50,1.35
2011.08.12 01:52:24.448,0.63448,0.63479,1.50,1.35
2011.08.12 01:52:25.002,0.63447,0.63478,1.50,1.50
2011.08.12 01:52:25.113,0.63444,0.63478,1.50,1.50
2011.08.12 01:52:25.560,0.63444,0.6348,1.50,2.85
2011.08.12 01:52:25.671,0.63448,0.6348,1.50,1.35
2011.08.12 01:52:26.220,0.63448,0.6348,1.50,1.35
2011.08.12 01:52:26.769,0.63446,0.63478,1.50,1.50
2011.08.12 01:52:27.542,0.63448,0.63478,1.50,1.50
2011.08.12 01:52:27.762,0.63446,0.63478,1.50,1.50
2011.08.12 01:52:28.092,0.63444,0.63478,1.50,3.00
2011.08.12 01:52:32.210,0.6344,0.63472,1.50,2.25
2011.08.12 01:52:33.020,0.63442,0.63472,1.50,2.25
2011.08.12 01:52:33.132,0.63442,0.63476,1.50,1.50
2011.08.12 01:52:33.793,0.63442,0.63473,1.50,2.25
2011.08.12 01:52:34.571,0.63442,0.63476,1.50,2.25
2011.08.12 01:52:34.697,0.63442,0.63472,1.50,2.25
2011.08.12 01:52:35.251,0.63441,0.63472,1.50,2.25
2011.08.12 01:52:38.390,0.63443,0.63472,1.50,2.25
2011.08.12 01:52:38.500,0.63443,0.63477,1.50,2.25
2011.08.12 01:52:38.941,0.63444,0.6348,1.50,2.85
2011.08.12 01:52:39.535,0.63444,0.6348,1.50,2.85
2011.08.12 01:52:40.281,0.63444,0.63478,1.50,1.50
2011.08.12 01:52:40.501,0.6344,0.63471,1.50,1.35
2011.08.12 01:52:40.831,0.63439,0.63472,2.25,2.85
2011.08.12 01:52:41.053,0.63442,0.63476,1.50,1.50
2011.08.12 01:52:41.170,0.63444,0.63478,1.50,1.50
2011.08.12 01:52:41.721,0.63444,0.6348,1.50,1.88
2011.08.12 01:52:42.053,0.63457,0.63482,1.50,1.13
2011.08.12 01:52:43.187,0.63457,0.63489,1.50,1.50
2011.08.12 01:52:43.307,0.63456,0.63492,1.50,2.25
2011.08.12 01:52:43.591,0.63457,0.63493,1.50,5.25
2011.08.12 01:52:43.700,0.63457,0.63493,1.50,5.25
2011.08.12 01:52:44.930,0.63457,0.63488,1.50,1.50
2011.08.12 01:52:46.881,0.63454,0.63488,1.50,3.00
2011.08.12 01:52:48.128,0.63456,0.63488,1.50,1.50
2011.08.12 01:52:48.352,0.63456,0.6349,1.50,2.25
2011.08.12 01:52:48.900,0.63456,0.6349,1.50,2.25
2011.08.12 01:52:52.940,0.63453,0.63488,1.50,1.50
2011.08.12 01:52:54.276,0.63456,0.6349,1.50,2.25
2011.08.12 01:52:55.191,0.63454,0.6349,1.50,2.25
2011.08.12 01:52:55.778,0.63454,0.6349,1.50,2.25
2011.08.12 01:52:56.790,0.63454,0.6349,1.50,2.25
2011.08.12 01:52:57.013,0.63457,0.63493,1.50,5.25
2011.08.12 01:52:57.243,0.63457,0.63493,1.50,4.50
2011.08.12 01:52:58.391,0.63457,0.63493,2.25,3.75
2011.08.12 01:52:59.400,0.63457,0.63493,1.50,4.50
2011.08.12 01:52:59.753,0.6346,0.63493,1.50,3.00
2011.08.12 01:53:00.420,0.63458,0.63493,1.50,3.00
2011.08.12 01:53:02.823,0.63458,0.63493,1.50,3.00
2011.08.12 01:53:02.944,0.63459,0.63493,2.25,2.25
2011.08.12 01:53:04.363,0.63462,0.63493,1.50,2.25
2011.08.12 01:53:04.919,0.63462,0.63493,2.25,2.25
2011.08.12 01:53:05.470,0.63462,0.63493,1.50,3.00
2011.08.12 01:53:05.690,0.63462,0.63493,1.50,2.25
2011.08.12 01:53:05.801,0.63464,0.63493,1.50,2.25
2011.08.12 01:53:10.860,0.63462,0.63493,1.50,2.25
2011.08.12 01:53:11.080,0.63459,0.63493,1.50,4.50
2011.08.12 01:53:12.130,0.6346,0.63493,1.50,3.00
2011.08.12 01:53:12.620,0.63459,0.63491,1.50,1.13
2011.08.12 01:53:12.841,0.63456,0.63491,1.50,1.13
2011.08.12 01:53:15.223,0.63453,0.63483,1.50,2.25
2011.08.12 01:53:15.893,0.63456,0.63483,1.50,2.25
2011.08.12 01:53:16.234,0.63459,0.63493,1.50,4.50
2011.08.12 01:53:16.570,0.63454,0.63482,1.50,2.25
2011.08.12 01:53:17.123,0.63457,0.63491,1.50,1.88
2011.08.12 01:53:17.689,0.63457,0.63491,1.50,2.25
2011.08.12 01:53:18.572,0.6346,0.63492,1.50,1.13
2011.08.12 01:53:19.549,0.63459,0.63492,1.50,1.13
2011.08.12 01:53:22.952,0.63456,0.6349,1.50,2.25
2011.08.12 01:53:23.609,0.63456,0.6349,1.50,2.25
2011.08.12 01:53:25.395,0.63457,0.6349,1.50,1.13
2011.08.12 01:53:25.892,0.63459,0.6349,1.50,1.13
2011.08.12 01:53:26.518,0.6346,0.63491,1.50,1.13
2011.08.12 01:53:28.213,0.63459,0.63491,1.50,1.13
2011.08.12 01:53:28.443,0.63455,0.63491,1.50,2.63
2011.08.12 01:53:29.068,0.63456,0.63491,1.50,1.13
2011.08.12 01:53:29.730,0.63458,0.63491,1.50,1.13
2011.08.12 01:53:29.841,0.63458,0.63492,1.50,1.13
2011.08.12 01:53:29.952,0.63461,0.63492,1.50,1.13
2011.08.12 01:53:30.061,0.63461,0.63493,1.50,2.25
2011.08.12 01:53:30.281,0.63463,0.63493,1.50,2.25
2011.08.12 01:53:30.610,0.63466,0.63492,1.50,2.25
2011.08.12 01:53:30.721,0.63466,0.63499,1.50,1.13
2011.08.12 01:53:31.050,0.63466,0.63492,1.50,2.25
2011.08.12 01:53:31.971,0.63468,0.63503,1.50,3.00
2011.08.12 01:53:32.081,0.63471,0.63503,1.50,3.00
2011.08.12 01:53:32.587,0.63476,0.63503,1.50,3.00
2011.08.12 01:53:33.140,0.63476,0.63507,1.50,1.35
2011.08.12 01:53:33.800,0.63473,0.63505,1.50,1.35
2011.08.12 01:53:33.910,0.63473,0.63508,1.50,2.10
2011.08.12 01:53:34.131,0.63473,0.63506,1.50,1.35
2011.08.12 01:53:34.351,0.6347,0.63506,2.85,2.25
2011.08.12 01:53:34.460,0.63473,0.63507,1.50,2.25
2011.08.12 01:53:35.031,0.63476,0.6351,1.50,2.25
2011.08.12 01:53:35.142,0.63476,0.6351,2.25,2.25
2011.08.12 01:53:36.796,0.63484,0.63515,2.25,1.35
2011.08.12 01:53:38.711,0.63478,0.63512,3.75,1.50
2011.08.12 01:53:38.820,0.63478,0.63511,2.25,2.10
2011.08.12 01:53:39.383,0.63477,0.63508,1.50,1.35
2011.08.12 01:53:39.501,0.63475,0.63509,1.50,2.85
2011.08.12 01:53:40.950,0.63474,0.6351,1.50,3.60
2011.08.12 01:53:41.068,0.63471,0.63505,1.50,1.50
2011.08.12 01:53:41.840,0.63473,0.63507,1.50,1.50
2011.08.12 01:53:44.972,0.63475,0.63509,1.50,3.00
2011.08.12 01:53:45.303,0.63482,0.63513,1.88,3.00
2011.08.12 01:53:45.870,0.63484,0.63515,1.50,1.13
2011.08.12 01:53:45.988,0.63473,0.63509,1.88,1.50
2011.08.12 01:53:46.212,0.63478,0.63512,1.50,3.75
2011.08.12 01:53:46.433,0.63478,0.63514,1.50,2.25
2011.08.12 01:53:46.551,0.63474,0.6351,1.50,2.25
2011.08.12 01:53:47.102,0.63473,0.63509,2.25,2.25
2011.08.12 01:53:47.213,0.63475,0.63509,1.50,1.50
2011.08.12 01:53:47.553,0.63475,0.63511,1.50,2.85
2011.08.12 01:53:47.672,0.63473,0.63509,1.50,3.00
2011.08.12 01:53:47.781,0.6347,0.63504,2.25,2.25
2011.08.12 01:54:05.621,0.63467,0.63503,3.75,5.10
2011.08.12 01:54:06.170,0.63465,0.63501,2.10,1.50
2011.08.12 01:54:06.281,0.63468,0.63502,1.50,2.25
2011.08.12 01:54:14.600,0.63468,0.63502,1.50,2.25
2011.08.12 01:54:15.151,0.63468,0.63502,1.50,2.25
2011.08.12 01:54:16.052,0.63468,0.63502,1.50,2.25
2011.08.12 01:54:17.620,0.63468,0.63502,1.50,2.25
2011.08.12 01:54:22.213,0.63469,0.63503,1.50,5.25
2011.08.12 01:54:23.671,0.63471,0.63503,1.50,3.75
2011.08.12 01:54:25.288,0.63468,0.63504,4.88,2.25
2011.08.12 01:54:28.270,0.6347,0.63506,2.85,2.25
2011.08.12 01:54:31.783,0.63476,0.63508,1.50,1.35
2011.08.12 01:54:32.012,0.63477,0.63512,1.50,2.25
2011.08.12 01:54:32.612,0.63478,0.63512,1.50,2.25
2011.08.12 01:54:32.942,0.63478,0.63512,1.50,3.00
2011.08.12 01:54:33.600,0.6348,0.63512,1.50,3.00
2011.08.12 01:54:34.230,0.63477,0.63512,1.50,3.00
2011.08.12 01:54:34.944,0.63479,0.63512,1.50,3.00
2011.08.12 01:54:36.161,0.63477,0.63511,1.50,2.25
2011.08.12 01:54:36.820,0.63477,0.63511,1.50,2.25
2011.08.12 01:54:40.369,0.63477,0.63511,1.50,2.25
2011.08.12 01:54:40.480,0.6347,0.63504,2.25,1.35
2011.08.12 01:54:44.580,0.6347,0.63502,2.25,3.00
2011.08.12 01:54:47.722,0.63468,0.635,4.50,1.35
2011.08.12 01:54:48.050,0.63468,0.63498,1.50,1.35
2011.08.12 01:54:48.161,0.63466,0.63498,1.50,1.35
2011.08.12 01:54:48.491,0.63466,0.63498,2.25,1.35
2011.08.12 01:54:52.411,0.63469,0.63498,1.50,1.35
2011.08.12 01:54:53.653,0.63469,0.63498,2.25,1.35
2011.08.12 01:54:53.770,0.63484,0.63512,1.88,2.25
2011.08.12 01:54:53.991,0.63483,0.63517,2.48,1.50
2011.08.12 01:54:55.763,0.63484,0.63517,1.13,1.50
2011.08.12 01:54:57.402,0.63484,0.63517,1.13,2.10
2011.08.12 01:54:57.510,0.63478,0.63512,2.10,1.50
2011.08.12 01:54:57.621,0.63478,0.63512,3.75,3.75
2011.08.12 01:54:58.062,0.63479,0.63511,1.13,1.50
2011.08.12 01:54:58.392,0.63479,0.63513,2.63,1.50
2011.08.12 01:54:58.502,0.63477,0.63512,3.23,1.50
2011.08.12 01:54:59.113,0.63477,0.63513,4.73,1.50
2011.08.12 01:54:59.343,0.63477,0.63511,4.35,1.50
2011.08.12 01:54:59.791,0.63477,0.63513,4.73,3.75
2011.08.12 01:55:00.120,0.63479,0.63513,1.13,1.50
2011.08.12 01:55:00.630,0.63479,0.63515,2.63,1.50
2011.08.12 01:55:03.777,0.63477,0.63512,1.73,4.50
2011.08.12 01:55:04.330,0.63475,0.63509,1.88,1.50
2011.08.12 01:55:06.982,0.63473,0.63509,2.63,1.50
2011.08.12 01:55:07.766,0.63473,0.63509,2.63,1.50
2011.08.12 01:55:09.291,0.63476,0.63509,1.13,1.50
2011.08.12 01:55:09.620,0.63478,0.63513,4.50,1.35
2011.08.12 01:55:12.839,0.6348,0.63514,1.35,2.25
2011.08.12 01:55:13.061,0.63482,0.63516,2.25,2.85
2011.08.12 01:55:13.610,0.63485,0.6352,1.35,2.25
2011.08.12 01:55:14.162,0.63482,0.63516,3.00,1.35
2011.08.12 01:55:19.590,0.63482,0.63515,1.50,2.10
2011.08.12 01:55:25.669,0.63484,0.63517,2.25,1.35
2011.08.12 01:55:35.781,0.63482,0.63515,1.50,2.10
2011.08.12 01:55:37.700,0.63482,0.63516,3.60,1.50
2011.08.12 01:55:45.226,0.63483,0.63519,1.50,2.25
2011.08.12 01:55:45.450,0.63482,0.63514,2.10,1.50
2011.08.12 01:55:45.671,0.63478,0.63513,1.50,2.25
2011.08.12 01:55:45.783,0.63478,0.63513,1.50,3.23
2011.08.12 01:55:46.121,0.63472,0.63477,1.50,1.50
2011.08.12 01:55:46.231,0.63462,0.63477,1.50,1.50
2011.08.12 01:55:46.341,0.63462,0.63496,1.50,1.50
2011.08.12 01:55:46.673,0.63451,0.63487,1.50,1.50
2011.08.12 01:55:46.792,0.63453,0.63489,1.50,1.50
2011.08.12 01:55:47.230,0.63459,0.63493,1.50,1.50
2011.08.12 01:55:48.130,0.63461,0.63495,1.50,1.50
2011.08.12 01:55:48.481,0.63466,0.635,1.50,1.50
2011.08.12 01:55:49.340,0.6347,0.63502,1.50,3.00
2011.08.12 01:55:52.247,0.6347,0.63502,1.50,3.00
2011.08.12 01:55:52.600,0.63468,0.63502,1.50,3.00
2011.08.12 01:55:52.930,0.63465,0.63501,1.50,1.50
2011.08.12 01:56:15.812,0.63468,0.63502,1.50,4.50
2011.08.12 01:56:17.132,0.63469,0.63502,1.50,3.00
2011.08.12 01:56:17.681,0.63469,0.63502,1.50,3.00
2011.08.12 01:56:17.793,0.63469,0.63503,3.75,2.10
2011.08.12 01:56:17.913,0.63473,0.63507,1.50,2.85
2011.08.12 01:56:18.032,0.63473,0.63507,3.00,2.25
2011.08.12 01:56:18.580,0.63474,0.6351,1.50,2.25
2011.08.12 01:56:19.090,0.63475,0.63509,1.50,2.25
2011.08.12 01:56:21.170,0.63477,0.63512,1.50,3.00
2011.08.12 01:56:21.501,0.63477,0.63513,1.50,1.50
2011.08.12 01:56:21.611,0.63479,0.63513,1.50,1.50
2011.08.12 01:56:23.092,0.63481,0.63515,1.50,2.10
2011.08.12 01:56:24.514,0.63481,0.63515,1.50,1.50
2011.08.12 01:56:27.512,0.63479,0.63512,1.50,2.25
2011.08.12 01:56:28.380,0.63478,0.63512,1.50,2.25
2011.08.12 01:56:38.341,0.63481,0.63512,1.50,2.25
2011.08.12 01:56:38.822,0.63477,0.63512,1.50,2.25
2011.08.12 01:56:39.503,0.63484,0.63512,1.50,2.25
2011.08.12 01:56:39.722,0.63483,0.63515,1.50,2.25
2011.08.12 01:56:40.270,0.63482,0.63518,1.50,2.25
2011.08.12 01:56:41.987,0.63479,0.63515,1.50,2.25
2011.08.12 01:56:42.261,0.63478,0.63512,1.50,1.50
2011.08.12 01:56:42.876,0.63477,0.63511,1.50,1.50
2011.08.12 01:56:51.501,0.63477,0.63513,1.50,3.75
2011.08.12 01:56:52.359,0.63477,0.63511,1.50,1.50
2011.08.12 01:56:57.213,0.63473,0.63508,1.50,2.25
2011.08.12 01:56:57.772,0.63472,0.63508,2.25,2.25
2011.08.12 01:56:58.603,0.63471,0.63505,3.00,1.50
2011.08.12 01:56:59.241,0.63471,0.63497,1.50,2.10
2011.08.12 01:56:59.358,0.63454,0.63483,1.50,3.38
2011.08.12 01:56:59.472,0.63448,0.63472,1.50,2.25
2011.08.12 01:56:59.581,0.63445,0.63472,1.50,2.25
2011.08.12 01:56:59.801,0.63438,0.63472,3.75,3.75
2011.08.12 01:57:00.392,0.63438,0.63471,2.25,1.50
2011.08.12 01:57:00.611,0.63434,0.63468,1.50,1.50
2011.08.12 01:57:02.262,0.63437,0.63468,2.25,1.50
2011.08.12 01:57:02.940,0.63438,0.63473,2.25,2.25
2011.08.12 01:57:03.053,0.63444,0.63473,1.50,2.25
2011.08.12 01:57:03.171,0.63444,0.63478,1.50,1.50
2011.08.12 01:57:03.611,0.63444,0.63477,1.50,1.13
2011.08.12 01:57:03.722,0.63437,0.63472,2.25,2.25
2011.08.12 01:57:04.274,0.63438,0.63472,1.50,3.00
2011.08.12 01:57:07.311,0.6344,0.63473,1.50,2.25
2011.08.12 01:57:08.353,0.63438,0.63473,1.50,2.25
2011.08.12 01:57:11.641,0.63441,0.63473,1.50,2.25
2011.08.12 01:57:11.861,0.63441,0.63475,1.50,1.50
2011.08.12 01:57:12.521,0.63445,0.63479,1.50,2.25
2011.08.12 01:57:12.742,0.63442,0.63478,1.50,2.25
2011.08.12 01:57:13.180,0.63444,0.6348,1.50,2.25
2011.08.12 01:57:15.949,0.6344,0.63474,2.25,1.50
2011.08.12 01:57:16.064,0.6344,0.63472,2.25,2.25
2011.08.12 01:57:16.620,0.6344,0.63472,1.50,3.00
2011.08.12 01:57:18.243,0.63442,0.63472,1.50,3.00
2011.08.12 01:57:18.350,0.63439,0.63472,1.50,3.00
2011.08.12 01:57:18.911,0.63437,0.63473,1.50,4.50
2011.08.12 01:57:19.471,0.63439,0.63473,1.50,4.50
2011.08.12 01:57:19.692,0.63437,0.63473,1.50,4.50
2011.08.12 01:57:19.911,0.63439,0.63473,1.50,4.50
2011.08.12 01:57:20.851,0.63439,0.63473,1.50,4.50
2011.08.12 01:57:21.190,0.63438,0.63472,1.50,2.25
2011.08.12 01:57:22.970,0.63436,0.63472,1.50,2.25
2011.08.12 01:57:26.761,0.63436,0.63472,2.25,1.50
2011.08.12 01:57:26.980,0.63436,0.63472,1.50,2.25
2011.08.12 01:57:34.561,0.63436,0.63472,1.50,2.25
2011.08.12 01:57:34.891,0.63434,0.63468,1.50,2.25
2011.08.12 01:57:38.143,0.63432,0.63466,1.50,2.25
2011.08.12 01:57:38.890,0.63432,0.63463,1.50,3.00
2011.08.12 01:57:38.987,0.63435,0.63469,2.25,1.50
2011.08.12 01:57:39.549,0.63434,0.63468,2.25,1.50
2011.08.12 01:57:40.983,0.63436,0.63472,1.50,4.50
2011.08.12 01:57:42.991,0.63433,0.63469,1.50,2.25
2011.08.12 01:57:43.211,0.63433,0.63469,1.50,2.25
2011.08.12 01:57:43.542,0.63431,0.63467,2.25,1.50
2011.08.12 01:57:43.892,0.63429,0.63465,2.25,1.50
2011.08.12 01:57:44.662,0.63432,0.63466,2.25,1.50
2011.08.12 01:57:45.441,0.6343,0.63466,1.50,2.25
2011.08.12 01:57:47.541,0.63432,0.63468,1.50,2.25
2011.08.12 01:57:49.264,0.63439,0.63473,2.25,1.50
2011.08.12 01:57:49.491,0.63441,0.63475,2.25,1.50
2011.08.12 01:57:51.241,0.63441,0.63475,3.00,1.50
2011.08.12 01:57:51.576,0.63448,0.63477,2.25,1.50
2011.08.12 01:58:09.540,0.63448,0.63478,2.25,1.50
2011.08.12 01:58:22.653,0.63448,0.63476,2.25,1.50
2011.08.12 01:58:23.121,0.63442,0.63474,1.50,1.50
2011.08.12 01:58:24.121,0.63437,0.63471,1.50,2.25
2011.08.12 01:58:24.231,0.63431,0.63473,1.50,3.00
2011.08.12 01:58:24.561,0.63437,0.63477,3.00,2.63
2011.08.12 01:59:17.201,0.63437,0.63478,3.75,1.88
2011.08.12 01:59:18.311,0.63437,0.63478,3.75,1.88
2011.08.12 01:59:18.990,0.63438,0.63472,2.25,1.50
2011.08.12 01:59:25.991,0.63439,0.63473,1.50,1.50
2011.08.12 01:59:27.070,0.63437,0.63473,4.50,1.50
2011.08.12 01:59:30.260,0.63439,0.63473,1.50,1.50
2011.08.12 01:59:30.590,0.63442,0.63476,1.50,1.50
2011.08.12 01:59:31.136,0.6344,0.63476,2.25,1.50
2011.08.12 01:59:32.460,0.63442,0.63476,1.50,1.50
2011.08.12 01:59:38.761,0.63439,0.63475,2.25,1.50
2011.08.12 01:59:40.181,0.63437,0.63473,4.50,1.50
2011.08.12 01:59:40.731,0.63437,0.63472,3.00,1.50
2011.08.12 01:59:43.090,0.63434,0.6347,2.25,1.50
2011.08.12 01:59:43.990,0.63436,0.6347,1.50,1.50
2011.08.12 01:59:52.261,0.63434,0.6347,2.25,1.50
2011.08.12 01:59:57.671,0.63435,0.63471,2.25,1.50
