2012.02.17 18:00:01.267,0.66229,0.66246,2.34,1.50
2012.02.17 18:00:01.337,0.66231,0.66249,2.34,3.00
2012.02.17 18:00:01.875,0.66232,0.66248,2.34,1.50
2012.02.17 18:00:03.377,0.66229,0.66245,3.84,1.50
2012.02.17 18:00:03.569,0.66232,0.6625,2.34,1.50
2012.02.17 18:00:03.822,0.66229,0.66247,2.34,1.50
2012.02.17 18:00:04.988,0.6623,0.66245,2.34,1.50
2012.02.17 18:00:05.263,0.66232,0.66248,2.34,1.50
2012.02.17 18:00:05.388,0.66232,0.66246,2.34,1.50
2012.02.17 18:00:05.525,0.66233,0.66249,2.34,1.50
2012.02.17 18:00:05.598,0.66233,0.66251,2.34,1.50
2012.02.17 18:00:05.978,0.6623,0.66245,2.34,1.50
2012.02.17 18:00:07.721,0.6623,0.66245,2.34,1.50
2012.02.17 18:00:08.241,0.66234,0.66246,2.25,1.50
2012.02.17 18:00:08.367,0.66234,0.6625,2.25,1.50
2012.02.17 18:00:08.540,0.66232,0.66246,2.34,1.50
2012.02.17 18:00:08.927,0.66228,0.66244,3.09,1.50
2012.02.17 18:00:12.703,0.66232,0.66248,2.34,1.50
2012.02.17 18:00:12.891,0.66232,0.6625,2.34,1.50
2012.02.17 18:00:13.020,0.66232,0.6625,1.59,1.50
2012.02.17 18:00:17.326,0.6623,0.66246,2.34,1.50
2012.02.17 18:00:19.870,0.66228,0.66244,3.84,1.50
2012.02.17 18:00:21.786,0.66228,0.66244,4.59,1.50
2012.02.17 18:00:21.858,0.66229,0.66247,2.34,1.50
2012.02.17 18:00:22.106,0.66232,0.6625,2.34,1.50
2012.02.17 18:00:22.425,0.66232,0.6625,2.34,1.50
2012.02.17 18:00:23.639,0.66231,0.66249,2.34,1.50
2012.02.17 18:00:23.717,0.66231,0.66247,2.34,1.50
2012.02.17 18:00:24.070,0.66229,0.66245,3.84,1.50
2012.02.17 18:00:26.370,0.66231,0.66249,2.34,1.50
2012.02.17 18:00:33.255,0.66231,0.66249,2.34,1.50
2012.02.17 18:00:33.329,0.66231,0.66246,2.34,1.50
2012.02.17 18:00:33.668,0.66228,0.66244,4.59,1.50
2012.02.17 18:00:33.799,0.66229,0.66247,2.34,1.50
2012.02.17 18:00:39.145,0.66231,0.66249,1.59,1.50
2012.02.17 18:00:39.223,0.6623,0.66245,1.59,1.50
2012.02.17 18:00:39.537,0.66228,0.66243,2.34,1.50
2012.02.17 18:00:40.050,0.66228,0.66243,3.09,1.50
2012.02.17 18:00:40.237,0.66228,0.66245,2.34,1.50
2012.02.17 18:00:40.429,0.66228,0.66243,2.34,1.50
2012.02.17 18:00:41.140,0.66228,0.66245,2.34,1.50
2012.02.17 18:00:43.516,0.66228,0.66244,3.84,1.50
2012.02.17 18:00:43.759,0.66228,0.66242,2.34,1.50
2012.02.17 18:00:44.108,0.66228,0.6624,2.34,1.50
2012.02.17 18:00:44.840,0.66228,0.66242,2.25,1.50
2012.02.17 18:00:45.456,0.66228,0.66242,3.00,1.50
2012.02.17 18:00:45.706,0.66228,0.66244,4.50,1.50
2012.02.17 18:00:46.312,0.66229,0.66245,2.25,1.50
2012.02.17 18:00:47.433,0.66229,0.66245,1.50,1.50
2012.02.17 18:00:49.412,0.66229,0.66245,2.25,1.50
2012.02.17 18:00:52.648,0.66229,0.66245,2.25,1.50
2012.02.17 18:00:52.839,0.66234,0.66249,2.25,1.50
2012.02.17 18:00:53.150,0.6623,0.66248,2.25,1.50
2012.02.17 18:00:53.456,0.6623,0.66246,1.50,1.50
2012.02.17 18:00:53.904,0.66229,0.66244,1.50,1.50
2012.02.17 18:00:55.142,0.66229,0.66244,2.25,1.50
2012.02.17 18:01:01.444,0.6623,0.66248,2.25,1.50
2012.02.17 18:01:03.910,0.66232,0.6625,1.50,1.50
2012.02.17 18:01:03.980,0.66232,0.6625,2.25,1.50
2012.02.17 18:01:18.718,0.66236,0.66252,2.25,1.50
2012.02.17 18:01:19.273,0.66234,0.6625,1.50,1.50
2012.02.17 18:01:19.398,0.66232,0.6625,1.50,1.50
2012.02.17 18:01:25.482,0.66232,0.6625,2.25,1.50
2012.02.17 18:01:34.254,0.66232,0.66248,1.50,1.50
2012.02.17 18:01:34.639,0.66229,0.66245,2.25,1.50
2012.02.17 18:01:35.143,0.66228,0.66244,3.00,1.50
2012.02.17 18:01:36.553,0.66229,0.66245,2.25,1.50
2012.02.17 18:01:36.883,0.66229,0.66247,2.25,1.50
2012.02.17 18:01:37.180,0.66229,0.66247,2.25,1.50
2012.02.17 18:01:37.963,0.66228,0.66245,3.00,1.50
2012.02.17 18:01:38.719,0.66228,0.66244,3.00,1.50
2012.02.17 18:01:38.795,0.66228,0.66241,2.25,1.50
2012.02.17 18:01:39.317,0.66225,0.66241,2.25,1.50
2012.02.17 18:01:48.681,0.66225,0.66241,1.50,1.50
2012.02.17 18:01:49.370,0.66219,0.66235,2.25,1.50
2012.02.17 18:01:50.988,0.66222,0.66238,2.25,1.50
2012.02.17 18:01:52.971,0.66222,0.66238,2.25,1.50
2012.02.17 18:01:53.887,0.66225,0.66241,2.25,1.50
2012.02.17 18:02:12.970,0.66221,0.66239,2.25,1.50
2012.02.17 18:02:14.236,0.66221,0.66234,2.25,1.50
2012.02.17 18:02:14.486,0.66217,0.66232,2.25,1.50
2012.02.17 18:02:14.707,0.66218,0.66236,2.25,1.50
2012.02.17 18:02:15.019,0.66217,0.66233,3.73,1.50
2012.02.17 18:02:15.109,0.66217,0.66233,2.98,1.50
2012.02.17 18:02:15.668,0.66217,0.66233,3.00,1.50
2012.02.17 18:02:15.743,0.66218,0.66235,2.25,1.50
2012.02.17 18:02:23.778,0.66217,0.66233,4.50,1.50
2012.02.17 18:02:24.779,0.66217,0.66235,4.50,3.00
2012.02.17 18:02:25.479,0.66217,0.66234,4.50,1.50
2012.02.17 18:02:25.549,0.66217,0.66232,3.00,1.50
2012.02.17 18:02:26.415,0.66217,0.66233,3.00,1.50
2012.02.17 18:02:26.856,0.66218,0.66235,2.25,1.50
2012.02.17 18:02:28.667,0.66218,0.66235,1.50,1.50
2012.02.17 18:02:28.745,0.66217,0.66233,4.50,1.50
2012.02.17 18:02:30.330,0.66213,0.66231,1.50,1.50
2012.02.17 18:02:30.413,0.66213,0.66231,2.25,1.50
2012.02.17 18:02:31.064,0.66217,0.6623,3.00,1.50
2012.02.17 18:02:31.577,0.66217,0.66229,2.25,1.50
2012.02.17 18:02:32.219,0.66217,0.6623,2.25,1.50
2012.02.17 18:02:40.215,0.66217,0.66233,2.25,1.50
2012.02.17 18:02:46.316,0.66215,0.66233,1.50,1.50
2012.02.17 18:02:55.422,0.66214,0.66232,1.50,1.50
2012.02.17 18:02:56.241,0.66214,0.66232,2.25,1.50
2012.02.17 18:02:56.558,0.66212,0.6623,2.23,1.50
2012.02.17 18:02:56.941,0.66212,0.6623,2.98,1.50
2012.02.17 18:03:01.046,0.66214,0.66232,2.25,1.50
2012.02.17 18:03:01.192,0.66214,0.66232,1.50,1.50
2012.02.17 18:03:01.971,0.66217,0.66233,1.50,1.50
2012.02.17 18:03:07.268,0.66215,0.66232,1.50,1.50
2012.02.17 18:03:07.533,0.66214,0.66232,2.25,1.50
2012.02.17 18:03:08.538,0.66218,0.66232,2.25,1.50
2012.02.17 18:03:09.553,0.66214,0.66232,1.50,1.50
2012.02.17 18:03:10.314,0.66215,0.66233,1.50,3.00
2012.02.17 18:03:13.678,0.66215,0.66233,2.25,1.50
2012.02.17 18:03:13.748,0.66218,0.66233,2.25,1.50
2012.02.17 18:03:18.305,0.66218,0.66234,3.75,1.50
2012.02.17 18:03:21.985,0.66218,0.66236,3.75,1.50
2012.02.17 18:03:23.837,0.66219,0.66235,1.50,1.50
2012.02.17 18:03:24.871,0.66218,0.66236,3.75,1.50
2012.02.17 18:03:25.499,0.66218,0.66236,4.50,1.50
2012.02.17 18:03:25.998,0.66219,0.66235,1.50,1.50
2012.02.17 18:03:28.651,0.66219,0.66235,2.25,1.50
2012.02.17 18:03:29.676,0.66219,0.66237,2.25,1.50
2012.02.17 18:03:29.807,0.66219,0.66237,1.50,3.00
2012.02.17 18:03:30.059,0.66219,0.66235,1.50,1.50
2012.02.17 18:03:31.047,0.6622,0.66235,1.50,1.50
2012.02.17 18:03:34.233,0.66219,0.66237,1.50,1.50
2012.02.17 18:03:37.473,0.66219,0.66237,2.25,1.50
2012.02.17 18:03:37.817,0.66223,0.66239,1.50,1.50
2012.02.17 18:03:39.478,0.66219,0.66237,2.25,1.50
2012.02.17 18:03:40.326,0.66223,0.66239,1.50,1.50
2012.02.17 18:03:44.116,0.6622,0.66238,1.50,1.50
2012.02.17 18:03:45.153,0.66219,0.66237,1.50,1.50
2012.02.17 18:03:45.398,0.6622,0.66238,2.25,1.50
2012.02.17 18:03:45.738,0.66223,0.66239,1.50,1.50
2012.02.17 18:03:57.708,0.6622,0.66238,3.75,1.50
2012.02.17 18:03:58.372,0.66221,0.66239,2.25,1.50
2012.02.17 18:04:24.033,0.66221,0.66237,2.25,1.50
2012.02.17 18:04:24.787,0.6622,0.66238,2.25,1.50
2012.02.17 18:04:29.726,0.66221,0.66237,2.25,1.50
2012.02.17 18:04:37.229,0.6622,0.66236,2.25,1.50
2012.02.17 18:04:38.219,0.66221,0.66237,2.25,1.50
2012.02.17 18:04:39.657,0.66222,0.66237,1.50,1.50
2012.02.17 18:04:40.183,0.66223,0.6624,1.50,1.50
2012.02.17 18:04:40.378,0.66219,0.66237,2.98,1.50
2012.02.17 18:04:44.249,0.66218,0.66236,4.50,1.50
2012.02.17 18:04:45.298,0.66219,0.66237,2.25,1.50
2012.02.17 18:04:49.623,0.66219,0.66237,1.50,1.50
2012.02.17 18:04:50.649,0.66222,0.66238,1.50,1.50
2012.02.17 18:04:54.901,0.6622,0.66238,1.50,1.50
2012.02.17 18:04:55.487,0.66219,0.66237,1.50,1.50
2012.02.17 18:05:00.164,0.66221,0.66237,1.50,1.50
2012.02.17 18:05:03.661,0.6622,0.66238,1.50,1.50
2012.02.17 18:05:06.838,0.6622,0.66236,1.50,1.50
2012.02.17 18:05:07.354,0.6622,0.66238,1.50,3.00
2012.02.17 18:05:11.756,0.6622,0.66237,1.50,1.50
2012.02.17 18:05:11.829,0.66218,0.66236,3.75,1.50
2012.02.17 18:05:12.729,0.66219,0.66236,1.50,1.50
2012.02.17 18:05:13.828,0.66218,0.66236,3.75,1.50
2012.02.17 18:05:16.298,0.6622,0.66235,1.50,1.50
2012.02.17 18:05:16.428,0.66218,0.66236,3.75,1.50
2012.02.17 18:05:17.038,0.6622,0.66235,1.50,1.50
2012.02.17 18:05:17.222,0.66219,0.66236,1.50,1.50
2012.02.17 18:05:17.651,0.66219,0.66234,1.50,1.50
2012.02.17 18:05:18.170,0.66215,0.66231,1.50,1.50
2012.02.17 18:05:18.243,0.66212,0.6623,3.00,1.50
2012.02.17 18:05:20.140,0.66215,0.66231,1.50,1.50
2012.02.17 18:05:20.836,0.66216,0.66232,1.50,1.50
2012.02.17 18:05:23.860,0.66214,0.66226,1.50,1.50
2012.02.17 18:05:23.991,0.66207,0.66223,3.75,1.50
2012.02.17 18:05:29.886,0.66205,0.6622,1.50,1.50
2012.02.17 18:05:30.019,0.66202,0.66218,3.00,1.50
2012.02.17 18:05:30.331,0.66202,0.6622,1.50,3.00
2012.02.17 18:05:30.580,0.66204,0.66219,1.50,1.50
2012.02.17 18:05:41.867,0.66205,0.66223,1.50,3.75
2012.02.17 18:05:44.329,0.66204,0.66219,1.50,1.50
2012.02.17 18:05:53.922,0.66202,0.66218,1.50,1.50
2012.02.17 18:05:54.467,0.662,0.66218,2.25,1.50
2012.02.17 18:06:05.620,0.66204,0.66219,1.50,1.50
2012.02.17 18:06:05.752,0.66205,0.66223,2.25,3.75
2012.02.17 18:06:05.818,0.66209,0.66223,1.50,2.25
2012.02.17 18:06:06.070,0.66212,0.66228,2.25,1.50
2012.02.17 18:06:06.140,0.66213,0.66231,1.50,4.05
2012.02.17 18:06:06.623,0.66218,0.66232,1.50,2.25
2012.02.17 18:06:07.141,0.66219,0.66233,1.50,2.25
2012.02.17 18:06:11.726,0.66221,0.66233,1.50,2.25
2012.02.17 18:06:11.797,0.66221,0.66237,1.50,1.50
2012.02.17 18:06:17.628,0.66221,0.66237,2.25,1.50
2012.02.17 18:06:17.710,0.66226,0.6624,1.50,1.50
2012.02.17 18:06:17.786,0.66227,0.66242,1.50,2.85
2012.02.17 18:06:18.393,0.66226,0.66242,1.50,2.85
2012.02.17 18:06:18.938,0.66227,0.66242,1.50,4.35
2012.02.17 18:06:21.873,0.66224,0.6624,1.50,1.50
2012.02.17 18:06:28.228,0.66227,0.66242,1.50,1.50
2012.02.17 18:06:28.818,0.66227,0.66243,1.50,1.50
2012.02.17 18:06:28.897,0.66226,0.66245,2.25,1.50
2012.02.17 18:06:29.407,0.66228,0.66245,2.25,1.50
2012.02.17 18:06:30.234,0.66228,0.66246,2.25,1.50
2012.02.17 18:06:43.878,0.66228,0.66246,3.00,1.50
2012.02.17 18:06:46.307,0.66224,0.6625,2.23,1.50
2012.02.17 18:06:46.878,0.66227,0.66251,3.00,1.50
2012.02.17 18:06:53.779,0.66225,0.66251,1.48,1.50
2012.02.17 18:06:54.057,0.66223,0.66251,1.48,1.50
2012.02.17 18:06:54.752,0.66223,0.66249,1.48,1.50
2012.02.17 18:06:57.327,0.66227,0.66247,2.25,1.50
2012.02.17 18:06:57.739,0.66227,0.66245,2.25,1.50
2012.02.17 18:06:58.298,0.66231,0.66248,2.25,1.50
2012.02.17 18:06:58.877,0.66233,0.66251,1.50,1.50
2012.02.17 18:06:59.714,0.66231,0.66248,2.25,1.50
2012.02.17 18:07:00.331,0.6623,0.66246,2.25,1.50
2012.02.17 18:07:00.697,0.6623,0.66248,2.25,1.50
2012.02.17 18:07:02.813,0.6623,0.66247,2.25,1.50
2012.02.17 18:07:03.218,0.66227,0.66245,2.25,1.50
2012.02.17 18:07:03.437,0.66227,0.66245,2.25,1.50
2012.02.17 18:07:04.703,0.66227,0.66245,2.25,1.50
2012.02.17 18:07:04.769,0.66227,0.66245,2.25,1.50
2012.02.17 18:07:10.881,0.66225,0.66241,2.25,1.50
2012.02.17 18:07:16.578,0.66225,0.66241,1.50,1.50
2012.02.17 18:07:19.540,0.66219,0.66242,2.23,1.50
2012.02.17 18:07:22.149,0.66217,0.66237,3.73,1.50
2012.02.17 18:07:22.825,0.66216,0.66237,2.98,1.50
2012.02.17 18:07:23.589,0.66214,0.66236,3.73,1.50
2012.02.17 18:07:25.053,0.66214,0.66236,2.98,1.50
2012.02.17 18:07:25.523,0.66214,0.66236,2.98,1.50
2012.02.17 18:07:28.187,0.66214,0.66236,3.73,1.50
2012.02.17 18:07:30.246,0.66214,0.66236,3.73,1.50
2012.02.17 18:07:34.039,0.66213,0.66233,2.23,1.50
2012.02.17 18:07:34.778,0.6621,0.66231,2.25,1.50
2012.02.17 18:07:35.317,0.66211,0.66231,1.48,1.50
2012.02.17 18:07:36.084,0.6621,0.66231,2.25,1.50
2012.02.17 18:07:37.775,0.66216,0.66231,1.48,3.00
2012.02.17 18:07:37.961,0.66217,0.66235,1.50,1.50
2012.02.17 18:07:39.033,0.66216,0.66233,1.48,1.50
2012.02.17 18:07:40.294,0.66217,0.66232,1.50,1.50
2012.02.17 18:07:43.816,0.6622,0.66232,1.48,1.50
2012.02.17 18:07:43.888,0.66221,0.66238,2.25,1.50
2012.02.17 18:07:44.502,0.66218,0.66232,5.23,1.50
2012.02.17 18:07:44.633,0.66218,0.66232,2.25,1.50
2012.02.17 18:07:44.698,0.66218,0.66232,3.00,1.50
2012.02.17 18:07:44.769,0.66218,0.66234,4.50,1.50
2012.02.17 18:07:45.442,0.66218,0.66234,3.75,1.50
2012.02.17 18:07:45.515,0.66218,0.66235,4.50,1.50
2012.02.17 18:07:46.008,0.66221,0.66237,2.25,1.50
2012.02.17 18:07:47.596,0.6622,0.66238,2.25,1.50
2012.02.17 18:07:49.050,0.6622,0.66238,1.50,1.50
2012.02.17 18:07:49.116,0.6622,0.66238,2.25,1.50
2012.02.17 18:07:50.508,0.66223,0.66239,1.50,3.00
2012.02.17 18:07:58.916,0.66223,0.66239,2.25,1.50
2012.02.17 18:07:59.720,0.66223,0.66239,1.50,1.50
2012.02.17 18:08:00.812,0.66223,0.66239,2.25,1.50
2012.02.17 18:08:03.334,0.66225,0.66241,2.25,1.50
2012.02.17 18:08:03.467,0.66225,0.66241,1.50,1.50
2012.02.17 18:08:03.638,0.66225,0.66241,2.25,1.50
2012.02.17 18:08:03.742,0.66225,0.66243,2.25,1.50
2012.02.17 18:08:11.271,0.66225,0.66243,2.25,1.50
2012.02.17 18:08:18.152,0.66228,0.66244,1.50,1.50
2012.02.17 18:08:18.813,0.66228,0.66246,2.25,1.50
2012.02.17 18:08:19.317,0.66232,0.66247,1.50,1.50
2012.02.17 18:08:26.968,0.66234,0.66249,2.25,1.50
2012.02.17 18:08:27.260,0.66234,0.6625,1.50,1.50
2012.02.17 18:08:27.793,0.66234,0.6625,2.25,1.50
2012.02.17 18:08:28.038,0.66235,0.66253,2.25,1.50
2012.02.17 18:08:35.240,0.66233,0.66251,2.25,1.50
2012.02.17 18:08:44.065,0.66233,0.66249,1.50,1.50
2012.02.17 18:08:44.138,0.66226,0.66243,2.25,1.50
2012.02.17 18:08:44.391,0.66229,0.66245,2.25,3.00
2012.02.17 18:08:45.310,0.66229,0.66244,2.25,1.50
2012.02.17 18:08:47.563,0.66226,0.66243,2.25,1.50
2012.02.17 18:08:50.213,0.66229,0.66245,1.50,2.25
2012.02.17 18:08:50.285,0.66225,0.6624,2.25,2.25
2012.02.17 18:08:51.563,0.66222,0.66238,2.25,1.50
2012.02.17 18:08:57.740,0.66216,0.66234,2.25,1.50
2012.02.17 18:09:01.368,0.6622,0.66235,2.25,1.50
2012.02.17 18:09:01.663,0.6622,0.66236,1.50,2.25
2012.02.17 18:09:02.177,0.66222,0.66238,1.50,2.25
2012.02.17 18:09:02.707,0.66221,0.66239,1.50,2.25
2012.02.17 18:09:03.241,0.66221,0.66237,1.50,2.25
2012.02.17 18:09:03.833,0.66222,0.66238,1.50,2.25
2012.02.17 18:09:04.029,0.66225,0.66241,1.50,1.50
2012.02.17 18:09:04.228,0.66225,0.66241,2.25,1.50
2012.02.17 18:09:04.356,0.66226,0.66244,2.25,2.25
2012.02.17 18:09:04.749,0.66224,0.66241,3.75,1.50
2012.02.17 18:09:06.739,0.66221,0.66239,2.25,1.50
2012.02.17 18:09:07.322,0.66221,0.66239,2.25,1.50
2012.02.17 18:09:09.321,0.66221,0.66239,2.25,1.50
2012.02.17 18:09:09.508,0.66224,0.6624,1.50,1.50
2012.02.17 18:09:09.906,0.66224,0.66241,2.25,1.50
2012.02.17 18:09:11.429,0.66224,0.66241,1.50,1.50
2012.02.17 18:09:11.628,0.66224,0.66241,2.25,1.50
2012.02.17 18:09:12.388,0.66224,0.6624,2.25,1.50
2012.02.17 18:09:12.926,0.66224,0.66241,2.25,3.00
2012.02.17 18:09:13.429,0.66224,0.6624,2.25,1.50
2012.02.17 18:09:17.762,0.66221,0.66237,2.25,1.50
2012.02.17 18:09:19.311,0.66221,0.66237,2.25,1.50
2012.02.17 18:09:21.732,0.66227,0.66242,2.25,3.00
2012.02.17 18:09:22.368,0.66224,0.6624,2.25,1.50
2012.02.17 18:09:22.976,0.6622,0.66238,2.25,1.50
2012.02.17 18:09:23.039,0.6622,0.66238,2.25,1.50
2012.02.17 18:09:25.038,0.6622,0.66238,2.25,2.25
2012.02.17 18:09:27.417,0.6622,0.66238,2.25,2.25
2012.02.17 18:09:28.258,0.6622,0.66238,2.25,2.25
2012.02.17 18:09:28.392,0.66225,0.66241,2.25,1.50
2012.02.17 18:09:30.570,0.66223,0.66241,1.50,1.50
2012.02.17 18:09:30.888,0.66223,0.66241,2.25,1.50
2012.02.17 18:09:31.768,0.66225,0.66242,2.25,1.50
2012.02.17 18:09:33.266,0.66225,0.66241,2.25,1.50
2012.02.17 18:09:39.116,0.66225,0.66241,2.25,2.25
2012.02.17 18:09:41.931,0.66224,0.66241,2.25,2.25
2012.02.17 18:09:42.428,0.66224,0.66241,3.75,2.25
2012.02.17 18:09:42.498,0.66228,0.66244,2.25,1.50
2012.02.17 18:09:43.350,0.66233,0.6625,1.50,2.25
2012.02.17 18:09:43.551,0.66231,0.66247,1.50,2.25
2012.02.17 18:09:45.339,0.66231,0.66247,3.75,2.25
2012.02.17 18:09:45.859,0.66232,0.6625,2.25,2.25
2012.02.17 18:09:46.411,0.66232,0.66248,2.25,2.25
2012.02.17 18:09:46.919,0.66232,0.66248,2.25,2.25
2012.02.17 18:09:48.237,0.66229,0.66245,2.25,1.50
2012.02.17 18:09:49.443,0.66228,0.66244,1.50,1.50
2012.02.17 18:09:50.688,0.66228,0.66244,2.25,1.50
2012.02.17 18:09:52.252,0.66229,0.66245,2.25,1.50
2012.02.17 18:09:54.580,0.6623,0.66246,2.25,1.50
2012.02.17 18:09:55.227,0.66228,0.66244,2.25,1.50
2012.02.17 18:09:58.928,0.66227,0.66245,2.25,1.50
2012.02.17 18:10:03.658,0.66228,0.66246,2.25,1.50
2012.02.17 18:10:08.558,0.66233,0.66249,1.50,2.25
2012.02.17 18:10:09.284,0.66233,0.66249,1.50,2.25
2012.02.17 18:10:09.908,0.66233,0.66249,1.50,2.25
2012.02.17 18:10:13.343,0.66231,0.66247,2.25,1.50
2012.02.17 18:10:14.247,0.66228,0.66246,2.25,1.50
2012.02.17 18:10:14.540,0.66228,0.66244,2.25,1.50
2012.02.17 18:10:15.750,0.66226,0.66241,2.25,1.50
2012.02.17 18:10:16.000,0.66228,0.66244,2.25,1.50
2012.02.17 18:10:35.788,0.6623,0.66246,2.25,1.50
2012.02.17 18:10:36.401,0.6623,0.66247,2.25,1.50
2012.02.17 18:10:44.986,0.66231,0.66246,2.25,3.00
2012.02.17 18:10:51.190,0.66228,0.66244,1.50,1.50
2012.02.17 18:11:06.770,0.66229,0.66247,1.50,1.50
2012.02.17 18:11:11.639,0.6623,0.66248,2.25,3.00
2012.02.17 18:11:17.761,0.66233,0.66253,2.98,3.75
2012.02.17 18:11:17.831,0.66238,0.66253,2.25,3.75
2012.02.17 18:11:18.082,0.66243,0.66261,2.25,1.50
2012.02.17 18:11:18.399,0.66243,0.66261,2.25,1.50
2012.02.17 18:11:18.591,0.6625,0.66263,2.25,1.50
2012.02.17 18:11:18.849,0.6625,0.66265,2.25,3.00
2012.02.17 18:11:29.710,0.66251,0.66269,2.25,1.50
2012.02.17 18:11:31.053,0.66251,0.66269,2.25,1.50
2012.02.17 18:11:33.840,0.66251,0.66269,2.25,1.50
2012.02.17 18:11:34.389,0.66251,0.66269,2.25,1.50
2012.02.17 18:11:34.973,0.66251,0.66269,2.25,1.50
2012.02.17 18:11:35.042,0.66251,0.66269,2.25,1.50
2012.02.17 18:11:35.108,0.66251,0.66269,2.25,1.50
2012.02.17 18:11:36.069,0.6625,0.66266,2.25,1.50
2012.02.17 18:11:39.778,0.66248,0.66262,3.00,1.50
2012.02.17 18:11:39.850,0.66248,0.66262,2.25,1.50
2012.02.17 18:11:42.447,0.66248,0.66266,4.50,1.50
2012.02.17 18:12:02.781,0.66248,0.66264,2.25,1.50
2012.02.17 18:12:03.084,0.66247,0.66262,2.25,1.50
2012.02.17 18:12:08.690,0.6625,0.66266,2.25,1.50
2012.02.17 18:12:10.851,0.6625,0.66265,2.25,1.50
2012.02.17 18:12:10.925,0.66247,0.66263,2.25,1.50
2012.02.17 18:12:13.390,0.66249,0.66265,2.25,1.50
2012.02.17 18:12:13.941,0.66248,0.66264,3.00,1.50
2012.02.17 18:12:14.082,0.66251,0.66266,2.25,1.50
2012.02.17 18:12:14.235,0.66251,0.66266,2.25,1.50
2012.02.17 18:12:16.543,0.6625,0.66266,2.25,1.50
2012.02.17 18:12:16.613,0.6625,0.66266,2.25,1.50
2012.02.17 18:12:17.173,0.66251,0.66267,2.25,1.50
2012.02.17 18:12:17.450,0.66255,0.66271,2.25,1.50
2012.02.17 18:12:18.020,0.66255,0.66271,2.25,1.50
2012.02.17 18:12:18.199,0.66255,0.66271,2.25,1.50
2012.02.17 18:12:18.923,0.66255,0.66271,1.50,3.00
2012.02.17 18:12:18.989,0.66253,0.66269,1.50,1.50
2012.02.17 18:12:19.507,0.66251,0.66267,2.25,1.50
2012.02.17 18:12:27.490,0.66252,0.6627,1.50,1.50
2012.02.17 18:12:29.939,0.66252,0.6627,2.25,1.50
2012.02.17 18:12:30.258,0.66253,0.66269,1.50,1.50
2012.02.17 18:12:56.005,0.66251,0.66267,2.25,1.50
2012.02.17 18:13:25.749,0.66254,0.66269,1.50,3.00
2012.02.17 18:13:26.939,0.66254,0.6627,1.50,1.50
2012.02.17 18:13:27.725,0.66256,0.66272,1.50,1.50
2012.02.17 18:13:27.790,0.66256,0.66274,1.50,1.50
2012.02.17 18:13:31.978,0.66256,0.66274,2.25,1.50
2012.02.17 18:13:32.853,0.66256,0.66274,1.50,1.50
2012.02.17 18:13:32.927,0.66253,0.66271,1.50,1.50
2012.02.17 18:13:36.768,0.66257,0.66273,1.50,1.50
2012.02.17 18:13:37.252,0.66257,0.66275,1.50,3.00
2012.02.17 18:13:43.086,0.66255,0.66272,1.50,1.50
2012.02.17 18:13:43.706,0.66254,0.66272,2.25,1.50
2012.02.17 18:13:43.779,0.66257,0.66274,1.50,1.50
2012.02.17 18:13:43.862,0.66258,0.66276,1.50,1.50
2012.02.17 18:13:45.199,0.66257,0.66274,1.50,1.50
2012.02.17 18:13:45.557,0.66256,0.66272,2.25,1.50
2012.02.17 18:13:47.749,0.66257,0.66273,1.50,1.50
2012.02.17 18:13:51.038,0.66257,0.66273,4.50,1.50
2012.02.17 18:13:51.540,0.66258,0.66274,2.25,1.50
2012.02.17 18:13:54.471,0.66258,0.66274,1.50,1.50
2012.02.17 18:13:54.749,0.66257,0.66271,2.25,1.50
2012.02.17 18:13:56.890,0.66255,0.66271,2.25,1.50
2012.02.17 18:13:58.448,0.66257,0.66273,1.50,3.00
2012.02.17 18:13:58.522,0.66259,0.66275,2.25,1.50
2012.02.17 18:13:59.198,0.66264,0.66275,1.50,1.50
2012.02.17 18:13:59.333,0.66266,0.66283,1.50,1.50
2012.02.17 18:14:00.034,0.66265,0.66283,2.25,1.50
2012.02.17 18:14:00.105,0.6627,0.66286,1.50,1.50
2012.02.17 18:14:00.607,0.66269,0.66285,1.50,1.50
2012.02.17 18:14:02.730,0.66271,0.66287,1.50,3.00
2012.02.17 18:14:07.517,0.66269,0.66287,1.50,1.50
2012.02.17 18:14:08.223,0.6627,0.66286,1.50,1.50
2012.02.17 18:14:09.602,0.6627,0.66286,2.25,1.50
2012.02.17 18:14:09.791,0.66272,0.6629,1.50,1.50
2012.02.17 18:14:10.311,0.66273,0.6629,1.50,1.50
2012.02.17 18:14:11.585,0.66277,0.66293,1.50,2.25
2012.02.17 18:14:11.654,0.66277,0.66295,1.50,1.50
2012.02.17 18:14:12.119,0.6628,0.66298,1.50,1.50
2012.02.17 18:14:16.090,0.66284,0.663,1.50,3.00
2012.02.17 18:14:16.662,0.66287,0.66303,1.50,1.50
2012.02.17 18:14:16.790,0.66287,0.66305,1.50,1.50
2012.02.17 18:14:19.432,0.66288,0.66306,1.50,1.50
2012.02.17 18:14:20.992,0.66286,0.66304,1.50,1.50
2012.02.17 18:14:21.401,0.66288,0.66306,1.50,1.50
2012.02.17 18:14:21.966,0.66287,0.66305,1.50,1.50
2012.02.17 18:14:22.272,0.66292,0.66308,1.50,1.50
2012.02.17 18:14:23.038,0.6629,0.66306,1.50,1.50
2012.02.17 18:14:23.117,0.66287,0.66303,3.00,1.50
2012.02.17 18:14:23.719,0.66288,0.66304,1.50,1.50
2012.02.17 18:14:24.312,0.66286,0.66301,1.50,1.50
2012.02.17 18:14:28.591,0.66286,0.66304,1.50,3.00
2012.02.17 18:14:29.207,0.66286,0.66302,3.00,1.50
2012.02.17 18:14:29.724,0.66288,0.66304,1.50,1.50
2012.02.17 18:14:30.269,0.66286,0.66302,1.50,1.50
2012.02.17 18:14:30.796,0.66287,0.66303,1.50,1.50
2012.02.17 18:14:32.039,0.66287,0.66305,1.50,1.50
2012.02.17 18:14:36.744,0.6629,0.66306,1.50,1.50
2012.02.17 18:14:37.241,0.66292,0.66308,1.50,1.50
2012.02.17 18:14:38.088,0.6629,0.66308,1.50,1.50
2012.02.17 18:14:38.675,0.66289,0.66307,1.50,1.50
2012.02.17 18:14:38.823,0.66291,0.66307,1.50,1.50
2012.02.17 18:14:39.475,0.66291,0.66309,1.50,1.50
2012.02.17 18:14:39.991,0.66291,0.66309,2.25,1.50
2012.02.17 18:14:44.519,0.66293,0.66311,1.50,1.50
2012.02.17 18:14:46.195,0.66293,0.66309,1.50,1.50
2012.02.17 18:14:47.171,0.66292,0.6631,2.25,1.50
2012.02.17 18:14:47.947,0.66291,0.66309,2.25,1.50
2012.02.17 18:14:48.482,0.66292,0.6631,2.25,1.50
2012.02.17 18:14:48.911,0.66296,0.6631,1.50,1.50
2012.02.17 18:14:49.484,0.66297,0.66315,1.50,1.50
2012.02.17 18:14:55.328,0.66297,0.66314,1.50,1.50
2012.02.17 18:14:55.515,0.66295,0.66313,1.50,1.50
2012.02.17 18:14:58.359,0.66297,0.66314,1.50,1.50
2012.02.17 18:14:58.669,0.66301,0.66317,1.50,1.50
2012.02.17 18:14:59.338,0.66302,0.66317,1.50,1.50
2012.02.17 18:15:03.988,0.66302,0.66318,1.50,1.50
2012.02.17 18:15:04.789,0.66302,0.66317,1.50,1.50
2012.02.17 18:15:04.862,0.66302,0.6632,1.50,1.50
2012.02.17 18:15:05.770,0.66301,0.66319,1.50,1.50
2012.02.17 18:15:06.293,0.66301,0.66318,1.50,1.50
2012.02.17 18:15:13.730,0.66301,0.66319,1.50,3.00
2012.02.17 18:15:14.882,0.66301,0.66318,1.50,1.50
2012.02.17 18:15:15.619,0.66301,0.66317,1.50,1.50
2012.02.17 18:15:27.759,0.66301,0.66315,1.50,1.50
2012.02.17 18:15:27.969,0.66297,0.66313,1.50,1.50
2012.02.17 18:15:32.381,0.66299,0.66313,1.50,1.50
2012.02.17 18:15:32.450,0.663,0.66318,1.50,1.50
2012.02.17 18:15:33.051,0.663,0.66317,1.50,1.50
2012.02.17 18:15:33.247,0.66298,0.66314,1.50,1.50
2012.02.17 18:15:47.742,0.66293,0.66311,1.50,1.50
2012.02.17 18:15:47.812,0.6629,0.66308,1.50,1.50
2012.02.17 18:15:48.117,0.663,0.66316,1.50,1.50
2012.02.17 18:15:49.200,0.663,0.66316,2.25,1.50
2012.02.17 18:15:49.330,0.66303,0.66319,1.50,1.50
2012.02.17 18:15:49.398,0.66305,0.6632,1.50,1.50
2012.02.17 18:15:49.708,0.66311,0.66327,1.50,2.25
2012.02.17 18:15:49.781,0.66309,0.66325,1.50,2.25
2012.02.17 18:15:49.853,0.66307,0.66325,1.50,2.25
2012.02.17 18:15:51.158,0.66308,0.66324,1.50,2.25
2012.02.17 18:15:51.763,0.66309,0.66325,1.50,2.25
2012.02.17 18:15:57.952,0.66309,0.66325,1.50,2.25
2012.02.17 18:15:58.736,0.66309,0.66325,1.50,2.25
2012.02.17 18:15:59.892,0.66309,0.66325,1.50,2.25
2012.02.17 18:16:00.398,0.66309,0.66325,1.50,2.25
2012.02.17 18:16:00.988,0.66309,0.66325,1.50,2.25
2012.02.17 18:16:01.160,0.66309,0.66325,3.75,2.25
2012.02.17 18:16:01.491,0.66315,0.66331,1.50,2.25
2012.02.17 18:16:01.559,0.66317,0.66333,1.50,1.50
2012.02.17 18:16:02.200,0.66317,0.66332,1.50,1.50
2012.02.17 18:16:02.880,0.66315,0.66329,1.50,1.50
2012.02.17 18:16:02.953,0.66313,0.66329,1.50,1.50
2012.02.17 18:16:05.440,0.66313,0.66328,1.50,1.50
2012.02.17 18:16:05.516,0.66309,0.66325,1.50,1.50
2012.02.17 18:16:06.059,0.66308,0.66326,1.50,1.50
2012.02.17 18:16:06.976,0.66309,0.66325,1.50,1.50
2012.02.17 18:16:07.132,0.6631,0.66323,1.50,2.25
2012.02.17 18:16:07.653,0.66309,0.66323,1.50,2.25
2012.02.17 18:16:08.029,0.66309,0.66323,2.25,2.25
2012.02.17 18:16:08.804,0.66317,0.66332,2.25,1.50
2012.02.17 18:16:08.939,0.66318,0.66332,2.25,1.50
2012.02.17 18:16:09.195,0.66335,0.66351,1.50,3.00
2012.02.17 18:16:09.263,0.66331,0.66349,1.50,2.25
2012.02.17 18:16:10.229,0.66321,0.66334,2.25,1.50
2012.02.17 18:16:10.362,0.66317,0.66332,3.00,1.50
2012.02.17 18:16:10.431,0.66317,0.66332,2.25,1.50
2012.02.17 18:16:10.966,0.66316,0.66332,1.50,1.50
2012.02.17 18:16:15.292,0.66317,0.66332,1.50,1.50
2012.02.17 18:16:15.540,0.66315,0.66331,1.50,1.50
2012.02.17 18:16:16.344,0.66316,0.66333,1.50,5.25
2012.02.17 18:16:16.808,0.6632,0.66333,1.50,2.25
2012.02.17 18:16:16.880,0.6632,0.66337,1.50,1.50
2012.02.17 18:16:22.277,0.6632,0.66336,1.50,1.50
2012.02.17 18:16:25.010,0.66321,0.66336,1.50,1.50
2012.02.17 18:16:27.508,0.66318,0.66336,1.50,1.50
2012.02.17 18:16:27.698,0.66318,0.66334,1.50,1.50
2012.02.17 18:16:28.929,0.66319,0.66335,1.50,1.50
2012.02.17 18:16:29.551,0.66318,0.66336,1.50,1.50
2012.02.17 18:16:33.029,0.66319,0.66337,1.50,1.50
2012.02.17 18:16:35.481,0.66319,0.66336,1.50,1.50
2012.02.17 18:16:35.785,0.66317,0.66333,1.50,1.50
2012.02.17 18:16:38.390,0.66318,0.66336,1.50,3.00
2012.02.17 18:16:39.311,0.66316,0.66334,2.25,1.50
2012.02.17 18:16:41.618,0.66319,0.66335,1.50,1.50
2012.02.17 18:16:42.221,0.66318,0.66336,3.00,1.50
2012.02.17 18:16:44.077,0.66316,0.66334,2.25,1.50
2012.02.17 18:16:59.248,0.66317,0.66334,2.25,1.50
2012.02.17 18:17:05.739,0.6632,0.66336,1.50,1.50
2012.02.17 18:17:06.722,0.66317,0.66334,3.75,1.50
2012.02.17 18:17:10.719,0.66316,0.66334,2.25,1.50
2012.02.17 18:17:23.270,0.66316,0.66334,2.25,1.50
2012.02.17 18:17:24.102,0.66316,0.66334,2.25,1.50
2012.02.17 18:17:24.542,0.66316,0.66334,2.25,1.50
2012.02.17 18:17:24.610,0.66316,0.66334,2.25,1.50
2012.02.17 18:17:25.205,0.66316,0.66334,2.25,1.50
2012.02.17 18:17:25.423,0.66316,0.66334,2.25,1.50
2012.02.17 18:17:27.779,0.66318,0.66334,1.50,1.50
2012.02.17 18:17:29.702,0.66316,0.66334,2.25,1.50
2012.02.17 18:17:30.293,0.66318,0.66334,1.50,1.50
2012.02.17 18:17:32.963,0.66316,0.66334,2.25,1.50
2012.02.17 18:17:33.506,0.66318,0.66334,1.50,1.50
2012.02.17 18:17:34.535,0.66317,0.66335,2.25,1.50
2012.02.17 18:17:34.602,0.66316,0.66333,2.25,1.50
2012.02.17 18:17:36.748,0.66318,0.66334,1.50,1.50
2012.02.17 18:17:38.228,0.66317,0.66333,2.25,1.50
2012.02.17 18:17:39.170,0.66317,0.66333,2.25,1.50
2012.02.17 18:17:39.379,0.66319,0.66337,2.25,1.50
2012.02.17 18:17:41.239,0.66317,0.66335,1.50,1.50
2012.02.17 18:17:42.851,0.66316,0.66334,2.25,1.50
2012.02.17 18:17:53.295,0.66318,0.66334,1.50,1.50
2012.02.17 18:17:53.979,0.66316,0.66334,2.25,1.50
2012.02.17 18:17:58.928,0.66318,0.66334,1.50,1.50
2012.02.17 18:17:59.315,0.6632,0.66336,1.50,1.50
2012.02.17 18:18:01.234,0.66318,0.66334,3.00,1.50
2012.02.17 18:18:01.741,0.66317,0.66333,1.50,1.50
2012.02.17 18:18:02.770,0.66317,0.66335,1.50,3.00
2012.02.17 18:18:08.244,0.66317,0.66333,1.50,1.50
2012.02.17 18:18:13.860,0.66318,0.66336,1.50,3.00
2012.02.17 18:18:14.121,0.66318,0.66333,2.25,1.50
2012.02.17 18:18:14.404,0.66319,0.66335,1.50,3.00
2012.02.17 18:18:15.332,0.66318,0.66334,3.75,1.50
2012.02.17 18:18:22.035,0.66319,0.66335,1.50,1.50
2012.02.17 18:18:23.646,0.66318,0.66334,1.50,1.50
2012.02.17 18:18:25.861,0.66318,0.66336,1.50,1.50
2012.02.17 18:18:26.060,0.66318,0.66334,1.50,1.50
2012.02.17 18:18:34.194,0.66318,0.66334,2.25,1.50
2012.02.17 18:18:34.326,0.66321,0.66336,2.25,1.50
2012.02.17 18:18:36.924,0.66321,0.66336,2.25,1.50
2012.02.17 18:18:37.470,0.66321,0.66336,1.50,1.50
2012.02.17 18:18:37.938,0.66318,0.66336,3.00,1.50
2012.02.17 18:18:38.995,0.66317,0.66335,2.25,1.50
2012.02.17 18:18:42.832,0.66318,0.66336,1.50,3.00
2012.02.17 18:18:46.336,0.66318,0.66336,2.25,1.50
2012.02.17 18:18:49.902,0.66318,0.66336,1.50,1.50
2012.02.17 18:18:51.389,0.66318,0.66336,2.25,1.50
2012.02.17 18:19:07.998,0.66317,0.66333,3.75,1.50
2012.02.17 18:19:08.140,0.66317,0.66335,2.25,1.50
2012.02.17 18:19:09.243,0.66316,0.66334,2.25,1.50
2012.02.17 18:19:12.321,0.66319,0.66335,2.25,1.50
2012.02.17 18:19:12.509,0.6632,0.66338,2.25,1.50
2012.02.17 18:19:14.823,0.66321,0.66336,2.25,1.50
2012.02.17 18:19:18.140,0.66321,0.66336,2.25,1.50
2012.02.17 18:19:19.480,0.66319,0.66335,2.25,1.50
2012.02.17 18:19:22.408,0.66318,0.66333,3.00,1.50
2012.02.17 18:19:26.387,0.66318,0.66333,2.25,1.50
2012.02.17 18:19:28.569,0.66318,0.66334,3.75,1.50
2012.02.17 18:19:33.479,0.66318,0.66334,4.50,1.50
2012.02.17 18:19:33.547,0.66318,0.66334,3.75,1.50
2012.02.17 18:19:35.461,0.66318,0.66334,4.50,1.50
2012.02.17 18:19:35.553,0.6632,0.66336,2.25,1.50
2012.02.17 18:19:37.039,0.6632,0.66338,2.25,1.50
2012.02.17 18:19:37.325,0.66319,0.66335,2.25,1.50
2012.02.17 18:19:40.135,0.66321,0.66338,2.25,1.50
2012.02.17 18:19:40.680,0.66321,0.66339,2.25,1.50
2012.02.17 18:19:41.189,0.66322,0.6634,2.25,3.00
2012.02.17 18:19:41.323,0.66322,0.66338,2.25,1.50
2012.02.17 18:19:42.007,0.66322,0.66337,2.25,1.50
2012.02.17 18:19:42.070,0.66323,0.6634,1.50,1.50
2012.02.17 18:19:42.830,0.66323,0.66341,1.50,1.50
2012.02.17 18:19:44.036,0.66323,0.66339,1.50,1.50
2012.02.17 18:19:44.552,0.66323,0.66341,1.50,1.50
2012.02.17 18:19:48.540,0.66324,0.66342,1.50,3.75
2012.02.17 18:19:51.517,0.66323,0.66341,1.50,1.50
2012.02.17 18:19:54.970,0.66324,0.66342,3.00,3.75
2012.02.17 18:19:55.985,0.66325,0.66342,1.50,3.75
2012.02.17 18:19:57.125,0.66324,0.66342,1.50,3.75
2012.02.17 18:19:59.960,0.66324,0.66342,2.25,3.75
2012.02.17 18:20:00.391,0.66323,0.66339,2.25,1.50
2012.02.17 18:20:00.458,0.66323,0.66339,1.50,1.50
2012.02.17 18:20:00.530,0.66322,0.66337,1.50,1.50
2012.02.17 18:20:04.173,0.66322,0.66337,2.25,1.50
2012.02.17 18:20:04.304,0.66322,0.6634,2.25,1.50
2012.02.17 18:20:07.781,0.66323,0.66339,2.25,1.50
2012.02.17 18:20:07.856,0.66319,0.66337,2.25,1.50
2012.02.17 18:20:08.039,0.66318,0.66333,4.50,1.50
2012.02.17 18:20:08.170,0.66318,0.66333,3.75,1.50
2012.02.17 18:20:10.706,0.66318,0.66333,4.50,1.50
2012.02.17 18:20:11.164,0.66318,0.66333,4.50,1.50
2012.02.17 18:20:11.231,0.66319,0.66337,2.25,1.50
2012.02.17 18:20:11.421,0.66323,0.66339,2.25,1.50
2012.02.17 18:20:13.311,0.66322,0.66338,2.25,1.50
2012.02.17 18:20:22.314,0.66323,0.66339,2.25,1.50
2012.02.17 18:20:22.385,0.66323,0.66341,2.25,1.50
2012.02.17 18:20:24.183,0.66323,0.66341,1.50,1.50
2012.02.17 18:20:24.269,0.66323,0.66339,1.50,1.50
2012.02.17 18:20:24.339,0.66321,0.66338,2.25,1.50
2012.02.17 18:20:24.415,0.66321,0.66338,2.25,1.50
2012.02.17 18:20:24.580,0.66322,0.6634,2.25,1.50
2012.02.17 18:20:24.649,0.66322,0.66338,2.25,1.50
2012.02.17 18:20:24.801,0.66322,0.6634,2.25,1.50
2012.02.17 18:20:29.212,0.66323,0.66341,2.25,1.50
2012.02.17 18:20:30.236,0.66322,0.6634,3.75,1.50
2012.02.17 18:20:31.683,0.66323,0.66341,2.25,3.00
2012.02.17 18:20:35.622,0.66322,0.6634,3.75,1.50
2012.02.17 18:20:36.779,0.66321,0.66339,2.25,1.50
2012.02.17 18:20:41.128,0.66322,0.66338,2.25,1.50
2012.02.17 18:20:41.949,0.66323,0.66339,2.25,1.50
2012.02.17 18:20:42.510,0.66322,0.66338,2.25,1.50
2012.02.17 18:20:43.321,0.66322,0.66338,1.50,1.50
2012.02.17 18:20:43.394,0.66318,0.66334,3.75,1.50
2012.02.17 18:20:44.445,0.66319,0.66335,1.50,1.50
2012.02.17 18:20:44.768,0.6632,0.66335,2.25,1.50
2012.02.17 18:20:44.838,0.66322,0.6634,2.25,1.50
2012.02.17 18:20:45.409,0.66322,0.66338,2.25,1.50
2012.02.17 18:20:48.160,0.66322,0.66338,2.25,1.50
2012.02.17 18:20:48.828,0.66318,0.66336,4.50,1.50
2012.02.17 18:20:50.480,0.66318,0.66336,3.75,1.50
2012.02.17 18:21:15.186,0.66318,0.66332,2.25,1.50
2012.02.17 18:21:15.825,0.66318,0.66332,3.00,1.50
2012.02.17 18:21:15.892,0.66318,0.66332,2.25,1.50
2012.02.17 18:21:15.990,0.66318,0.66332,3.00,1.50
2012.02.17 18:21:16.058,0.66318,0.66332,2.25,1.50
2012.02.17 18:21:17.923,0.66318,0.66336,3.75,1.50
2012.02.17 18:21:19.231,0.66318,0.66336,3.75,2.28
2012.02.17 18:21:19.420,0.66314,0.66332,1.50,1.50
2012.02.17 18:21:19.494,0.6631,0.66326,2.25,1.50
2012.02.17 18:21:19.806,0.66308,0.66326,2.25,1.50
2012.02.17 18:21:19.873,0.66319,0.66335,1.50,2.25
2012.02.17 18:21:19.940,0.66319,0.66335,1.50,1.50
2012.02.17 18:21:20.264,0.66317,0.66334,2.25,1.50
2012.02.17 18:21:25.500,0.66317,0.66332,2.25,1.50
2012.02.17 18:21:26.468,0.66317,0.66333,2.25,1.50
2012.02.17 18:21:27.762,0.66317,0.66332,2.25,1.50
2012.02.17 18:21:28.279,0.66315,0.66333,2.25,1.50
2012.02.17 18:21:30.419,0.66317,0.66332,2.25,1.50
2012.02.17 18:21:31.080,0.66315,0.66333,2.25,1.50
2012.02.17 18:21:34.959,0.66316,0.66332,2.25,1.50
2012.02.17 18:21:36.079,0.66316,0.66333,2.25,1.50
2012.02.17 18:21:36.829,0.66316,0.66332,2.25,1.50
2012.02.17 18:21:49.655,0.66314,0.66332,1.50,1.50
2012.02.17 18:21:49.719,0.66313,0.66329,3.00,1.50
2012.02.17 18:21:50.028,0.66313,0.66329,2.25,1.50
2012.02.17 18:21:50.419,0.66313,0.66329,1.50,1.50
2012.02.17 18:21:53.635,0.66313,0.66329,2.25,1.50
2012.02.17 18:21:57.760,0.66315,0.66331,2.25,3.00
2012.02.17 18:21:58.011,0.66315,0.66333,2.25,1.50
2012.02.17 18:21:59.859,0.66319,0.66335,1.50,3.00
2012.02.17 18:22:00.233,0.66318,0.66333,1.50,1.50
2012.02.17 18:22:00.874,0.66317,0.66334,1.50,1.50
2012.02.17 18:22:01.648,0.66317,0.66335,1.50,1.50
2012.02.17 18:22:01.959,0.66317,0.66333,1.50,1.50
2012.02.17 18:22:02.500,0.66317,0.66334,1.50,1.50
2012.02.17 18:22:02.993,0.66317,0.66334,2.25,1.50
2012.02.17 18:22:03.119,0.66319,0.66337,2.25,1.50
2012.02.17 18:22:10.933,0.66319,0.66335,2.25,1.50
2012.02.17 18:22:11.244,0.66318,0.66333,2.25,1.50
2012.02.17 18:22:20.912,0.66317,0.66334,2.25,1.50
2012.02.17 18:22:21.283,0.66315,0.66331,2.25,1.50
2012.02.17 18:22:26.754,0.66318,0.66333,2.25,1.50
2012.02.17 18:22:26.825,0.66318,0.66333,1.50,1.50
2012.02.17 18:22:30.657,0.66314,0.66332,2.25,1.50
2012.02.17 18:22:31.108,0.66313,0.66329,1.50,1.50
2012.02.17 18:22:31.421,0.66312,0.6633,2.25,1.50
2012.02.17 18:22:31.924,0.66313,0.66331,2.25,1.50
2012.02.17 18:22:32.992,0.66314,0.66332,2.25,3.00
2012.02.17 18:22:33.860,0.66313,0.66331,2.25,1.50
2012.02.17 18:22:42.970,0.66317,0.66333,2.25,1.50
2012.02.17 18:22:43.785,0.66315,0.66331,1.50,1.50
2012.02.17 18:22:44.150,0.66313,0.66327,1.50,1.50
2012.02.17 18:22:44.653,0.66311,0.66327,2.25,1.50
2012.02.17 18:22:48.058,0.66309,0.66325,3.75,1.50
2012.02.17 18:22:49.778,0.66311,0.66327,2.25,3.00
2012.02.17 18:22:56.472,0.6631,0.66326,2.25,1.50
2012.02.17 18:22:58.633,0.66312,0.66328,1.50,1.50
2012.02.17 18:23:03.326,0.66309,0.66327,3.75,1.50
2012.02.17 18:23:03.934,0.6631,0.66328,2.25,1.50
2012.02.17 18:23:05.717,0.6631,0.66328,1.50,1.50
2012.02.17 18:23:05.874,0.66311,0.66329,1.50,2.25
2012.02.17 18:23:06.143,0.66309,0.66327,3.00,1.50
2012.02.17 18:23:06.216,0.66308,0.66324,1.50,1.50
2012.02.17 18:23:06.581,0.6631,0.66327,1.50,1.50
2012.02.17 18:23:07.953,0.6631,0.66327,2.25,1.50
2012.02.17 18:23:08.084,0.66311,0.66329,2.25,1.50
2012.02.17 18:23:08.620,0.66312,0.6633,2.25,1.50
2012.02.17 18:23:09.362,0.66315,0.66331,1.50,1.50
2012.02.17 18:23:09.866,0.66316,0.66332,2.25,1.50
2012.02.17 18:23:10.893,0.66314,0.6633,2.25,1.50
2012.02.17 18:23:11.000,0.66314,0.6633,1.50,1.50
2012.02.17 18:23:12.363,0.66314,0.6633,2.25,1.50
2012.02.17 18:23:12.680,0.66314,0.6633,1.50,1.50
2012.02.17 18:23:14.716,0.66314,0.6633,2.25,1.50
2012.02.17 18:23:15.139,0.66318,0.66333,1.50,1.50
2012.02.17 18:23:16.970,0.66316,0.66332,1.50,1.50
2012.02.17 18:23:17.039,0.66313,0.66331,1.50,1.50
2012.02.17 18:23:17.109,0.66313,0.66328,1.50,1.50
2012.02.17 18:23:17.423,0.66313,0.6633,1.50,1.50
2012.02.17 18:23:17.532,0.66311,0.66329,2.25,1.50
2012.02.17 18:23:19.079,0.66311,0.66326,2.25,1.50
2012.02.17 18:23:20.383,0.66307,0.66323,3.00,1.50
2012.02.17 18:23:20.699,0.66307,0.66323,4.50,1.50
2012.02.17 18:23:21.165,0.66307,0.66323,4.50,1.50
2012.02.17 18:23:24.520,0.66309,0.66327,2.25,1.50
2012.02.17 18:23:26.232,0.66311,0.66329,2.25,3.00
2012.02.17 18:23:26.874,0.66313,0.66331,1.50,3.00
2012.02.17 18:23:27.001,0.66317,0.66333,1.50,3.00
2012.02.17 18:23:31.658,0.66318,0.66333,2.25,1.50
2012.02.17 18:23:32.791,0.66319,0.66335,2.25,1.50
2012.02.17 18:23:33.660,0.66319,0.66335,1.50,1.50
2012.02.17 18:23:34.615,0.66318,0.66334,3.75,1.50
2012.02.17 18:23:35.009,0.66318,0.66332,2.25,1.50
2012.02.17 18:23:35.141,0.66313,0.66331,1.50,1.50
2012.02.17 18:23:35.270,0.66313,0.66331,3.75,1.50
2012.02.17 18:23:36.374,0.66311,0.66329,3.75,1.50
2012.02.17 18:23:36.471,0.66314,0.6633,2.25,1.50
2012.02.17 18:23:37.309,0.66316,0.66332,2.25,1.50
2012.02.17 18:23:41.535,0.66316,0.66332,1.50,3.00
2012.02.17 18:23:41.784,0.66314,0.6633,2.25,1.50
2012.02.17 18:23:43.711,0.66314,0.6633,1.50,1.50
2012.02.17 18:23:45.462,0.66314,0.6633,2.25,1.50
2012.02.17 18:23:46.720,0.66314,0.6633,1.50,1.50
2012.02.17 18:23:48.702,0.66314,0.6633,2.25,1.50
2012.02.17 18:23:51.000,0.66314,0.6633,1.50,1.50
2012.02.17 18:23:52.173,0.66314,0.6633,2.25,1.50
2012.02.17 18:23:52.439,0.66314,0.6633,1.50,1.50
2012.02.17 18:24:00.578,0.66311,0.66329,2.25,1.50
2012.02.17 18:24:01.040,0.6631,0.66327,2.25,1.50
2012.02.17 18:24:01.369,0.66308,0.66324,2.25,1.50
2012.02.17 18:24:03.924,0.66311,0.66326,2.25,3.00
2012.02.17 18:24:21.383,0.66309,0.66322,2.25,1.50
2012.02.17 18:24:21.511,0.66307,0.66322,3.75,1.50
2012.02.17 18:24:21.820,0.66303,0.66319,1.50,1.50
2012.02.17 18:24:22.201,0.66305,0.66323,1.50,1.50
2012.02.17 18:24:23.192,0.66302,0.66319,2.25,1.50
2012.02.17 18:24:23.319,0.66304,0.66322,1.50,1.50
2012.02.17 18:24:28.807,0.66308,0.66326,1.50,1.50
2012.02.17 18:24:29.111,0.66312,0.66328,2.25,1.50
2012.02.17 18:24:29.940,0.6631,0.66326,1.50,1.50
2012.02.17 18:24:30.941,0.66311,0.66327,1.50,1.50
2012.02.17 18:24:32.693,0.66311,0.66326,2.25,1.50
2012.02.17 18:24:36.429,0.66311,0.66327,2.25,1.50
2012.02.17 18:24:37.304,0.66311,0.66329,2.25,1.50
2012.02.17 18:24:39.401,0.66311,0.66327,2.25,1.50
2012.02.17 18:24:39.532,0.66311,0.66329,2.25,3.00
2012.02.17 18:24:40.111,0.6631,0.66328,2.25,1.50
2012.02.17 18:24:41.427,0.66312,0.66328,1.50,1.50
2012.02.17 18:24:41.820,0.66316,0.66332,1.50,1.50
2012.02.17 18:24:42.331,0.66317,0.66333,1.50,1.50
2012.02.17 18:24:42.761,0.66315,0.66331,1.50,1.50
2012.02.17 18:24:43.469,0.66316,0.66332,1.50,1.50
2012.02.17 18:24:44.359,0.66314,0.66332,1.50,1.50
2012.02.17 18:24:45.389,0.66315,0.66333,1.50,1.50
2012.02.17 18:24:46.385,0.66315,0.66331,1.50,1.50
2012.02.17 18:24:48.095,0.66314,0.6633,1.50,1.50
2012.02.17 18:24:51.757,0.66314,0.6633,2.25,1.50
2012.02.17 18:24:51.829,0.66313,0.66331,3.00,1.50
2012.02.17 18:24:52.033,0.66315,0.66331,1.50,1.50
2012.02.17 18:24:53.492,0.66316,0.66332,1.50,1.50
2012.02.17 18:24:54.049,0.66315,0.66333,1.50,1.50
2012.02.17 18:24:54.783,0.66315,0.66331,1.50,1.50
2012.02.17 18:24:57.589,0.66314,0.6633,1.50,1.50
2012.02.17 18:24:57.853,0.66314,0.66332,1.50,3.00
2012.02.17 18:24:59.232,0.66313,0.66331,1.50,1.50
2012.02.17 18:24:59.644,0.66313,0.66331,2.25,1.50
2012.02.17 18:25:01.735,0.66318,0.66333,1.50,1.50
2012.02.17 18:25:03.291,0.66316,0.66332,1.50,1.50
2012.02.17 18:25:03.583,0.66314,0.66332,3.00,1.50
2012.02.17 18:25:03.889,0.66316,0.66332,1.50,1.50
2012.02.17 18:25:05.261,0.66315,0.66331,1.50,1.50
2012.02.17 18:25:07.401,0.66315,0.66331,2.25,1.50
2012.02.17 18:25:07.532,0.66315,0.66333,2.25,3.00
2012.02.17 18:25:07.782,0.66313,0.66331,1.50,1.50
2012.02.17 18:25:08.501,0.66314,0.66332,1.50,1.50
2012.02.17 18:25:09.413,0.66314,0.66332,2.25,1.50
2012.02.17 18:25:10.173,0.66315,0.66333,2.25,1.50
2012.02.17 18:25:12.289,0.66314,0.66332,2.25,1.50
2012.02.17 18:25:14.110,0.66317,0.66335,1.50,3.00
2012.02.17 18:25:17.362,0.66319,0.66335,1.50,1.50
2012.02.17 18:25:17.674,0.6632,0.66338,1.50,2.10
2012.02.17 18:25:20.861,0.66319,0.66337,1.50,1.50
2012.02.17 18:25:23.412,0.6632,0.66338,1.50,2.10
2012.02.17 18:25:25.330,0.66321,0.66337,1.50,1.50
2012.02.17 18:25:26.119,0.6632,0.66336,1.50,1.50
2012.02.17 18:25:29.072,0.6632,0.66338,1.50,2.10
2012.02.17 18:25:29.722,0.6632,0.66336,1.50,1.50
2012.02.17 18:25:34.880,0.66321,0.66337,1.50,1.50
2012.02.17 18:25:35.489,0.66319,0.66337,1.50,1.50
2012.02.17 18:25:36.373,0.66321,0.66337,1.50,1.50
2012.02.17 18:25:37.941,0.6632,0.66336,1.50,1.50
2012.02.17 18:25:38.253,0.66317,0.66334,3.00,1.50
2012.02.17 18:25:42.961,0.66316,0.66331,2.25,1.50
2012.02.17 18:25:43.498,0.66316,0.66331,1.50,1.50
2012.02.17 18:25:43.689,0.66312,0.66329,2.25,1.50
2012.02.17 18:25:48.877,0.66313,0.6633,1.50,1.50
2012.02.17 18:25:49.533,0.66313,0.66331,1.50,1.50
2012.02.17 18:25:51.029,0.66312,0.6633,2.25,1.50
2012.02.17 18:26:03.043,0.66311,0.66327,2.25,1.50
2012.02.17 18:26:03.748,0.66311,0.66327,1.50,1.50
2012.02.17 18:26:04.509,0.66314,0.6633,1.50,1.50
2012.02.17 18:26:05.054,0.66313,0.66329,1.50,1.50
2012.02.17 18:26:11.123,0.66314,0.6633,1.50,1.50
2012.02.17 18:26:11.654,0.66312,0.6633,2.25,1.50
2012.02.17 18:26:12.501,0.66312,0.6633,2.25,1.50
2012.02.17 18:26:12.848,0.66314,0.66332,2.25,1.50
2012.02.17 18:26:13.389,0.66317,0.66333,1.50,1.50
2012.02.17 18:26:18.409,0.66315,0.66331,2.25,1.50
2012.02.17 18:26:22.132,0.66316,0.66334,2.25,3.00
2012.02.17 18:26:36.634,0.66314,0.66332,3.00,1.50
2012.02.17 18:26:37.237,0.66313,0.66331,1.50,1.50
2012.02.17 18:26:37.550,0.66311,0.66327,2.25,1.50
2012.02.17 18:26:37.739,0.66312,0.66329,2.25,1.50
2012.02.17 18:26:38.291,0.66313,0.66329,1.50,1.50
2012.02.17 18:26:38.867,0.66312,0.66329,2.25,1.50
2012.02.17 18:26:47.557,0.66312,0.66328,1.50,1.50
2012.02.17 18:26:47.624,0.6631,0.66326,1.50,1.50
2012.02.17 18:26:48.268,0.66305,0.66321,2.25,1.50
2012.02.17 18:26:48.646,0.66306,0.66324,2.25,1.50
2012.02.17 18:26:50.809,0.66305,0.66323,1.50,1.50
2012.02.17 18:26:54.573,0.66305,0.66323,2.25,1.50
2012.02.17 18:26:55.176,0.66308,0.66326,1.50,1.50
2012.02.17 18:26:55.262,0.66306,0.66324,3.75,1.50
2012.02.17 18:26:55.708,0.66305,0.66323,1.50,1.50
2012.02.17 18:26:59.688,0.66305,0.66323,2.25,1.50
2012.02.17 18:27:01.944,0.66305,0.66322,2.25,2.25
2012.02.17 18:27:02.073,0.66305,0.66323,2.25,1.50
2012.02.17 18:27:02.200,0.66305,0.66323,2.25,1.50
2012.02.17 18:27:02.333,0.66308,0.66325,2.25,1.50
2012.02.17 18:27:02.400,0.66308,0.66325,1.50,1.50
2012.02.17 18:27:03.261,0.66308,0.66325,2.25,1.50
2012.02.17 18:27:08.559,0.66312,0.66328,1.50,1.50
2012.02.17 18:27:22.010,0.6631,0.66325,2.25,1.50
2012.02.17 18:27:24.542,0.66307,0.66324,3.00,1.50
2012.02.17 18:27:24.671,0.66307,0.66324,2.25,1.50
2012.02.17 18:27:24.861,0.66304,0.66322,2.25,1.50
2012.02.17 18:27:25.181,0.66308,0.66324,3.75,1.50
2012.02.17 18:27:25.836,0.66309,0.66324,1.50,1.50
2012.02.17 18:27:26.342,0.66308,0.66322,2.25,1.50
2012.02.17 18:27:26.415,0.66306,0.66322,2.25,1.50
2012.02.17 18:27:26.931,0.66307,0.66322,2.25,1.50
2012.02.17 18:27:27.120,0.66309,0.66324,1.50,1.50
2012.02.17 18:27:28.106,0.66307,0.66325,3.75,1.50
2012.02.17 18:27:35.183,0.66307,0.66325,4.50,1.50
2012.02.17 18:27:35.815,0.66311,0.66327,2.25,1.50
2012.02.17 18:28:00.251,0.66312,0.66329,2.25,1.50
2012.02.17 18:28:00.749,0.66315,0.66331,2.25,3.00
2012.02.17 18:28:11.021,0.66313,0.66328,3.75,1.50
2012.02.17 18:28:11.094,0.66312,0.6633,2.25,1.50
2012.02.17 18:28:15.751,0.66315,0.66332,2.25,1.50
2012.02.17 18:28:18.290,0.66312,0.6633,2.25,1.50
2012.02.17 18:28:18.478,0.66312,0.6633,2.25,1.50
2012.02.17 18:28:18.609,0.66309,0.66327,2.25,1.50
2012.02.17 18:28:27.941,0.66309,0.66327,2.25,1.50
2012.02.17 18:28:28.930,0.66312,0.66329,2.25,1.50
2012.02.17 18:28:29.821,0.66314,0.66332,2.25,1.50
2012.02.17 18:28:38.251,0.66313,0.66329,1.50,1.50
2012.02.17 18:28:38.382,0.66309,0.66327,3.00,1.50
2012.02.17 18:28:38.452,0.66311,0.66329,1.50,1.50
2012.02.17 18:28:38.967,0.66312,0.6633,1.50,1.50
2012.02.17 18:29:01.877,0.66312,0.66329,1.50,1.50
2012.02.17 18:29:02.063,0.66309,0.66327,1.50,1.50
2012.02.17 18:29:02.193,0.66312,0.66329,1.50,1.50
2012.02.17 18:29:02.834,0.66312,0.66326,1.50,1.50
2012.02.17 18:29:02.979,0.6631,0.66325,1.50,1.50
2012.02.17 18:29:03.047,0.66304,0.66322,1.50,1.50
2012.02.17 18:29:03.565,0.66303,0.66321,1.50,1.50
2012.02.17 18:29:04.335,0.66302,0.6632,3.00,1.50
2012.02.17 18:29:07.376,0.66304,0.6632,1.50,1.50
2012.02.17 18:29:07.455,0.66302,0.6632,2.25,1.50
2012.02.17 18:29:07.642,0.66304,0.6632,1.50,1.50
2012.02.17 18:29:08.398,0.66303,0.66319,1.50,1.50
2012.02.17 18:29:08.524,0.66303,0.66321,1.50,1.50
2012.02.17 18:29:09.578,0.66306,0.66321,2.25,1.50
2012.02.17 18:29:09.707,0.66308,0.66323,1.50,1.50
2012.02.17 18:29:09.832,0.66306,0.66324,3.75,1.50
2012.02.17 18:29:10.020,0.66308,0.66325,1.50,1.50
2012.02.17 18:29:10.662,0.66308,0.66326,1.50,1.50
2012.02.17 18:29:14.862,0.66308,0.66324,1.50,1.50
2012.02.17 18:29:16.915,0.66308,0.66324,2.25,1.50
2012.02.17 18:29:19.382,0.66308,0.66324,1.50,1.50
2012.02.17 18:29:20.185,0.66307,0.66323,1.50,1.50
2012.02.17 18:29:20.949,0.66307,0.66323,2.25,1.50
2012.02.17 18:29:23.364,0.66307,0.66323,1.50,1.50
2012.02.17 18:29:23.708,0.66307,0.66323,2.25,1.50
2012.02.17 18:29:24.388,0.66307,0.66323,2.25,1.50
2012.02.17 18:29:24.454,0.66305,0.66321,2.25,1.50
2012.02.17 18:29:28.200,0.66304,0.6632,2.25,1.50
2012.02.17 18:29:28.332,0.66304,0.66322,2.25,1.50
2012.02.17 18:29:32.228,0.66304,0.66322,1.50,1.50
2012.02.17 18:29:32.364,0.66303,0.66321,2.25,1.50
2012.02.17 18:29:33.302,0.66305,0.66321,1.50,1.50
2012.02.17 18:29:33.762,0.66307,0.66323,1.50,1.50
2012.02.17 18:29:34.604,0.66305,0.66321,2.25,1.50
2012.02.17 18:29:35.710,0.66304,0.66322,2.25,1.50
2012.02.17 18:29:42.144,0.66304,0.66322,1.50,1.50
2012.02.17 18:29:42.646,0.66303,0.6632,1.50,1.50
2012.02.17 18:29:43.202,0.66302,0.6632,1.50,1.50
2012.02.17 18:29:44.356,0.66304,0.6632,1.50,1.50
2012.02.17 18:29:44.903,0.66303,0.66319,1.50,1.50
2012.02.17 18:29:45.031,0.663,0.66318,2.25,1.50
2012.02.17 18:29:45.162,0.66297,0.66315,4.50,1.50
2012.02.17 18:29:46.010,0.66301,0.66317,2.25,1.50
2012.02.17 18:29:47.645,0.66301,0.66317,2.25,1.50
2012.02.17 18:29:48.329,0.66304,0.66322,1.50,1.50
2012.02.17 18:29:49.434,0.66302,0.66318,3.00,1.50
2012.02.17 18:29:49.980,0.66299,0.66317,2.25,1.50
2012.02.17 18:29:52.801,0.66299,0.66317,1.50,1.50
2012.02.17 18:29:52.871,0.66299,0.66317,2.25,1.50
2012.02.17 18:29:56.705,0.66299,0.66317,1.50,1.50
2012.02.17 18:29:59.108,0.66299,0.66317,2.25,1.50
2012.02.17 18:30:00.930,0.66301,0.66319,2.25,1.50
2012.02.17 18:30:08.638,0.66301,0.66319,2.25,1.50
2012.02.17 18:30:08.971,0.66303,0.66321,1.50,3.00
2012.02.17 18:30:09.042,0.66305,0.66322,1.50,1.50
2012.02.17 18:30:12.429,0.66304,0.66322,1.50,1.50
2012.02.17 18:30:13.003,0.66305,0.66322,1.50,1.50
2012.02.17 18:30:14.227,0.66306,0.66322,1.50,1.50
2012.02.17 18:30:15.382,0.66306,0.66321,1.50,1.50
2012.02.17 18:30:15.850,0.66305,0.66323,1.50,1.50
2012.02.17 18:30:18.555,0.66305,0.66322,1.50,1.50
2012.02.17 18:30:19.116,0.66302,0.6632,1.50,1.50
2012.02.17 18:30:48.491,0.66302,0.6632,2.25,1.50
2012.02.17 18:30:48.828,0.66311,0.66323,1.50,2.25
2012.02.17 18:30:49.367,0.66311,0.66327,1.50,1.50
2012.02.17 18:30:49.442,0.66314,0.6633,1.50,1.50
2012.02.17 18:30:49.992,0.66312,0.6633,1.50,1.50
2012.02.17 18:30:50.704,0.66311,0.66329,2.25,1.50
2012.02.17 18:30:56.936,0.66314,0.66329,1.50,1.50
2012.02.17 18:30:57.060,0.66312,0.6633,1.50,1.50
2012.02.17 18:30:59.348,0.66313,0.6633,1.50,1.50
2012.02.17 18:31:00.059,0.66312,0.6633,1.50,1.50
2012.02.17 18:31:26.332,0.6631,0.66326,1.50,1.50
2012.02.17 18:31:27.053,0.66307,0.66323,1.50,1.50
2012.02.17 18:31:27.717,0.66308,0.66325,1.50,1.50
2012.02.17 18:31:27.797,0.66311,0.66327,1.50,1.50
2012.02.17 18:31:28.309,0.6631,0.66328,1.50,1.50
2012.02.17 18:31:29.199,0.6631,0.66327,1.50,1.50
2012.02.17 18:31:29.508,0.66305,0.66321,1.50,1.50
2012.02.17 18:31:31.409,0.66305,0.66321,2.25,1.50
2012.02.17 18:31:31.742,0.66306,0.66323,2.25,3.00
2012.02.17 18:31:31.930,0.66309,0.66327,1.50,1.50
2012.02.17 18:31:32.677,0.66308,0.66326,1.50,1.50
2012.02.17 18:31:33.780,0.66306,0.66323,1.50,1.50
2012.02.17 18:31:34.293,0.66304,0.66322,1.50,1.50
2012.02.17 18:31:34.419,0.66308,0.66323,1.50,1.50
2012.02.17 18:31:35.944,0.66308,0.66324,1.50,1.50
2012.02.17 18:31:37.771,0.6631,0.66326,1.50,1.50
2012.02.17 18:31:38.339,0.66313,0.66329,1.50,1.50
2012.02.17 18:31:45.719,0.66309,0.66327,1.50,1.50
2012.02.17 18:31:46.406,0.6631,0.66326,1.50,1.50
2012.02.17 18:31:46.971,0.6631,0.66323,1.50,1.50
2012.02.17 18:31:47.095,0.66304,0.6632,3.00,1.50
2012.02.17 18:31:47.168,0.66307,0.66322,1.50,1.50
2012.02.17 18:31:51.958,0.66306,0.66324,1.50,1.50
2012.02.17 18:31:55.285,0.6631,0.66326,1.50,1.50
2012.02.17 18:31:55.856,0.66311,0.66327,1.50,1.50
2012.02.17 18:31:57.002,0.66308,0.66326,3.75,1.50
2012.02.17 18:31:57.333,0.66305,0.66321,1.50,1.50
2012.02.17 18:31:58.366,0.66307,0.66322,1.50,1.50
2012.02.17 18:32:02.221,0.66306,0.66324,1.50,1.50
2012.02.17 18:32:02.989,0.66306,0.66323,1.50,1.50
2012.02.17 18:32:03.652,0.66307,0.66323,1.50,1.50
2012.02.17 18:32:04.083,0.6631,0.66326,1.50,1.50
2012.02.17 18:32:04.601,0.66311,0.66329,1.50,1.50
2012.02.17 18:32:04.822,0.66309,0.66327,3.00,1.50
2012.02.17 18:32:05.483,0.6631,0.66326,1.50,1.50
2012.02.17 18:32:06.033,0.66306,0.66324,1.50,1.50
2012.02.17 18:32:07.414,0.66306,0.66323,1.50,1.50
2012.02.17 18:32:14.762,0.66306,0.66323,2.25,1.50
2012.02.17 18:32:15.101,0.66311,0.66327,1.50,1.50
2012.02.17 18:32:15.959,0.66309,0.66327,1.50,1.50
2012.02.17 18:32:17.140,0.66308,0.66324,1.50,1.50
2012.02.17 18:32:17.321,0.66306,0.66324,1.50,1.50
2012.02.17 18:32:18.503,0.66306,0.66324,2.25,1.50
2012.02.17 18:32:18.811,0.66309,0.66324,1.50,1.50
2012.02.17 18:32:18.880,0.66311,0.66329,1.50,1.50
2012.02.17 18:32:20.543,0.66309,0.66327,1.50,1.50
2012.02.17 18:32:20.879,0.66306,0.66323,1.50,1.50
2012.02.17 18:32:21.633,0.66306,0.66323,2.25,1.50
2012.02.17 18:32:22.514,0.66306,0.66324,2.25,1.50
2012.02.17 18:32:23.019,0.66308,0.66324,1.50,1.50
2012.02.17 18:32:23.354,0.66311,0.66329,1.50,1.50
2012.02.17 18:32:24.823,0.66309,0.66327,1.50,1.50
2012.02.17 18:32:25.353,0.66309,0.66325,1.50,1.50
2012.02.17 18:32:25.426,0.66306,0.66324,1.50,1.50
2012.02.17 18:32:28.721,0.66306,0.66324,2.25,1.50
2012.02.17 18:32:29.084,0.66311,0.66329,1.50,2.25
2012.02.17 18:32:29.781,0.6631,0.66327,1.50,1.50
2012.02.17 18:32:30.581,0.66309,0.66327,1.50,1.50
2012.02.17 18:32:31.030,0.66309,0.66325,1.50,1.50
2012.02.17 18:32:31.339,0.66307,0.66322,1.50,1.50
2012.02.17 18:32:31.528,0.66306,0.66324,2.25,1.50
2012.02.17 18:32:33.042,0.66307,0.66324,2.25,1.50
2012.02.17 18:32:33.113,0.66312,0.66328,1.50,1.50
2012.02.17 18:32:33.962,0.66309,0.66327,1.50,1.50
2012.02.17 18:32:34.039,0.66316,0.66332,1.50,1.50
2012.02.17 18:32:34.780,0.66314,0.66332,1.50,1.50
2012.02.17 18:32:35.389,0.66314,0.6633,1.50,1.50
2012.02.17 18:32:36.240,0.66313,0.66329,1.50,1.50
2012.02.17 18:32:38.631,0.66313,0.66328,1.50,1.50
2012.02.17 18:32:38.708,0.66309,0.66327,1.50,1.50
2012.02.17 18:32:39.624,0.6631,0.66326,1.50,1.50
2012.02.17 18:32:40.311,0.66311,0.66327,1.50,1.50
2012.02.17 18:32:48.013,0.66313,0.6633,1.50,3.00
2012.02.17 18:32:48.652,0.66313,0.66329,1.50,1.50
2012.02.17 18:32:49.301,0.66314,0.66329,1.50,1.50
2012.02.17 18:32:49.378,0.66312,0.66328,1.50,1.50
2012.02.17 18:32:52.912,0.66314,0.6633,1.50,1.50
2012.02.17 18:32:53.424,0.66313,0.66329,1.50,1.50
2012.02.17 18:32:57.351,0.66314,0.6633,1.50,1.50
2012.02.17 18:32:59.079,0.66312,0.6633,1.50,1.50
2012.02.17 18:32:59.929,0.66314,0.6633,1.50,1.50
2012.02.17 18:33:01.862,0.66314,0.66332,1.50,1.50
2012.02.17 18:33:02.459,0.66314,0.6633,1.50,1.50
2012.02.17 18:33:04.552,0.66313,0.66331,1.50,1.50
2012.02.17 18:33:05.333,0.66313,0.6633,1.50,1.50
2012.02.17 18:33:14.533,0.66315,0.66331,1.50,3.00
2012.02.17 18:33:15.073,0.66314,0.6633,1.50,1.50
2012.02.17 18:33:17.686,0.66311,0.66329,2.25,1.50
2012.02.17 18:33:32.241,0.66314,0.6633,1.50,1.50
2012.02.17 18:33:35.216,0.66313,0.6633,1.50,1.50
2012.02.17 18:33:36.314,0.66312,0.66327,1.50,1.50
2012.02.17 18:33:37.111,0.66311,0.66327,1.50,1.50
2012.02.17 18:33:37.658,0.66311,0.66327,3.75,1.50
2012.02.17 18:33:39.418,0.66314,0.66329,1.50,1.50
2012.02.17 18:33:46.885,0.66313,0.66331,1.50,1.50
2012.02.17 18:33:47.687,0.66313,0.6633,1.50,1.50
2012.02.17 18:33:48.808,0.66311,0.66329,2.25,1.50
2012.02.17 18:33:50.916,0.66311,0.66329,2.25,1.50
2012.02.17 18:33:51.495,0.66313,0.6633,2.25,3.00
2012.02.17 18:33:52.668,0.66313,0.66329,2.25,1.50
2012.02.17 18:33:53.331,0.66313,0.6633,2.25,1.50
2012.02.17 18:34:11.702,0.66313,0.6633,1.50,1.50
2012.02.17 18:34:12.284,0.66312,0.6633,3.75,1.50
2012.02.17 18:34:14.085,0.66313,0.6633,1.50,1.50
2012.02.17 18:34:16.004,0.66311,0.66329,1.50,1.50
2012.02.17 18:34:16.254,0.66309,0.66326,1.50,1.50
2012.02.17 18:34:17.742,0.6631,0.66326,1.50,1.50
2012.02.17 18:34:31.688,0.66313,0.66329,1.50,1.50
2012.02.17 18:34:31.756,0.6631,0.66327,1.50,1.50
2012.02.17 18:34:32.001,0.66312,0.6633,1.50,1.50
2012.02.17 18:34:55.357,0.66309,0.66325,1.50,1.50
2012.02.17 18:34:56.123,0.66308,0.66324,1.50,1.50
2012.02.17 18:35:15.102,0.66309,0.66326,1.50,1.50
2012.02.17 18:35:15.665,0.66308,0.66326,1.50,1.50
2012.02.17 18:35:19.688,0.66309,0.66326,1.50,1.50
2012.02.17 18:35:22.101,0.6631,0.66328,1.50,1.50
2012.02.17 18:35:22.354,0.6631,0.66328,2.25,1.50
2012.02.17 18:35:23.430,0.66309,0.66327,3.75,1.50
2012.02.17 18:35:26.755,0.66309,0.66326,2.25,1.50
2012.02.17 18:35:26.821,0.66309,0.66326,1.50,1.50
2012.02.17 18:35:27.302,0.66308,0.66326,2.25,1.50
2012.02.17 18:35:28.510,0.66308,0.66326,1.50,1.50
2012.02.17 18:35:29.090,0.66308,0.66326,3.75,1.50
2012.02.17 18:35:29.224,0.6631,0.66328,2.25,1.50
2012.02.17 18:35:35.305,0.6631,0.66328,1.50,1.50
2012.02.17 18:35:35.912,0.6631,0.66328,2.25,1.50
2012.02.17 18:35:36.571,0.6631,0.66328,1.50,1.50
2012.02.17 18:35:37.185,0.6631,0.66328,2.25,1.50
2012.02.17 18:35:37.702,0.66309,0.66327,1.50,1.50
2012.02.17 18:35:38.746,0.66312,0.66328,1.50,1.50
2012.02.17 18:35:39.293,0.6631,0.66325,2.25,1.50
2012.02.17 18:35:39.361,0.66311,0.66327,2.25,1.50
2012.02.17 18:35:41.331,0.6631,0.66326,2.25,1.50
2012.02.17 18:35:43.044,0.66311,0.66327,2.25,1.50
2012.02.17 18:35:45.762,0.66311,0.66327,1.50,1.50
2012.02.17 18:35:48.424,0.66309,0.66326,1.50,1.50
2012.02.17 18:35:48.491,0.66309,0.66326,2.25,1.50
2012.02.17 18:35:49.186,0.66309,0.66326,1.50,1.50
2012.02.17 18:35:49.383,0.66311,0.66327,1.50,1.50
2012.02.17 18:35:50.148,0.6631,0.66328,1.50,1.50
2012.02.17 18:35:51.967,0.66313,0.66328,1.50,1.50
2012.02.17 18:35:52.095,0.66317,0.66333,1.50,1.50
2012.02.17 18:35:52.851,0.66314,0.66332,1.50,1.50
2012.02.17 18:35:58.469,0.66315,0.66333,1.50,1.50
2012.02.17 18:35:59.026,0.66316,0.66332,1.50,1.50
2012.02.17 18:35:59.578,0.66315,0.66331,1.50,1.50
2012.02.17 18:36:00.643,0.66316,0.66332,1.50,1.50
2012.02.17 18:36:04.312,0.66314,0.66332,1.50,1.50
2012.02.17 18:36:05.280,0.66315,0.66333,1.50,1.50
2012.02.17 18:36:05.347,0.66317,0.66335,2.25,1.50
2012.02.17 18:36:05.665,0.66322,0.66337,1.50,1.50
2012.02.17 18:36:05.853,0.66322,0.6634,1.50,3.00
2012.02.17 18:36:06.441,0.6632,0.66338,1.50,1.50
2012.02.17 18:36:07.183,0.66322,0.66337,1.50,1.50
2012.02.17 18:36:09.343,0.66324,0.6634,1.50,3.00
2012.02.17 18:36:09.904,0.66325,0.66341,1.50,1.50
2012.02.17 18:36:10.556,0.66323,0.66341,1.50,1.50
2012.02.17 18:36:13.746,0.66321,0.66338,3.00,1.50
2012.02.17 18:36:14.943,0.66319,0.66335,1.50,1.50
2012.02.17 18:36:15.015,0.66316,0.66334,2.25,1.50
2012.02.17 18:36:16.644,0.66321,0.66337,1.50,1.50
2012.02.17 18:36:16.714,0.66317,0.66335,1.50,1.50
2012.02.17 18:36:18.171,0.66316,0.66332,1.50,1.50
2012.02.17 18:36:19.633,0.66316,0.66332,2.25,1.50
2012.02.17 18:36:20.013,0.66317,0.66335,2.25,1.50
2012.02.17 18:36:29.345,0.66316,0.66332,3.75,1.50
2012.02.17 18:36:44.222,0.66316,0.66332,1.50,1.50
2012.02.17 18:36:54.940,0.66314,0.6633,1.50,1.50
2012.02.17 18:36:55.525,0.66313,0.6633,1.50,1.50
2012.02.17 18:36:56.364,0.66312,0.6633,1.50,1.50
2012.02.17 18:36:56.667,0.66314,0.66329,1.50,1.50
2012.02.17 18:36:56.864,0.66312,0.6633,1.50,1.50
2012.02.17 18:37:01.100,0.66312,0.66327,1.50,1.50
2012.02.17 18:37:01.564,0.66306,0.66321,2.25,1.50
2012.02.17 18:37:01.815,0.66307,0.66325,1.50,1.50
2012.02.17 18:37:02.402,0.66307,0.66325,2.25,1.50
2012.02.17 18:37:03.001,0.6631,0.66326,2.25,1.50
2012.02.17 18:37:03.554,0.6631,0.66325,2.25,1.50
2012.02.17 18:37:03.931,0.6631,0.66327,2.25,1.50
2012.02.17 18:37:05.155,0.6631,0.66328,2.25,1.50
2012.02.17 18:37:07.572,0.6631,0.66328,1.50,1.50
2012.02.17 18:37:09.241,0.6631,0.66328,2.25,1.50
2012.02.17 18:37:09.410,0.6631,0.66328,1.50,1.50
2012.02.17 18:37:12.953,0.6631,0.66325,1.50,1.50
2012.02.17 18:37:13.091,0.66305,0.66323,2.25,1.50
2012.02.17 18:37:15.593,0.66309,0.66326,1.50,1.50
2012.02.17 18:37:18.204,0.66309,0.66327,1.50,1.50
2012.02.17 18:37:23.203,0.66309,0.66327,2.25,1.50
2012.02.17 18:37:23.409,0.66309,0.66327,1.50,1.50
2012.02.17 18:37:23.749,0.66309,0.66327,2.25,1.50
2012.02.17 18:37:28.179,0.66309,0.66327,1.50,1.50
2012.02.17 18:37:33.874,0.66308,0.66324,1.50,1.50
2012.02.17 18:37:33.942,0.66306,0.66324,2.25,1.50
2012.02.17 18:37:35.792,0.66307,0.66324,1.50,1.50
2012.02.17 18:37:35.919,0.66309,0.66327,1.50,1.50
2012.02.17 18:37:36.973,0.6631,0.66326,1.50,1.50
2012.02.17 18:37:38.959,0.6631,0.66326,2.25,1.50
2012.02.17 18:37:39.103,0.6631,0.66326,1.50,1.50
2012.02.17 18:37:42.074,0.6631,0.66326,2.25,1.50
2012.02.17 18:37:42.892,0.6631,0.66326,1.50,1.50
2012.02.17 18:37:44.461,0.6631,0.66326,2.25,1.50
2012.02.17 18:37:44.592,0.6631,0.66326,1.50,1.50
2012.02.17 18:37:51.749,0.6631,0.66326,2.25,1.50
2012.02.17 18:37:52.478,0.6631,0.66326,1.50,1.50
2012.02.17 18:37:53.780,0.6631,0.66326,2.25,1.50
2012.02.17 18:38:02.653,0.6631,0.66326,1.50,1.50
2012.02.17 18:38:03.790,0.66311,0.66326,1.50,1.50
2012.02.17 18:38:03.863,0.66314,0.6633,1.50,1.50
2012.02.17 18:38:12.829,0.6631,0.66328,2.25,1.50
2012.02.17 18:38:13.044,0.66312,0.6633,1.50,1.50
2012.02.17 18:38:13.743,0.66311,0.66327,1.50,1.50
2012.02.17 18:38:17.769,0.6631,0.66327,1.50,1.50
2012.02.17 18:38:18.081,0.66306,0.66324,2.25,1.50
2012.02.17 18:38:18.431,0.66309,0.66325,1.50,1.50
2012.02.17 18:38:46.472,0.66307,0.66322,2.25,1.50
2012.02.17 18:38:47.353,0.66306,0.66324,2.25,1.50
2012.02.17 18:39:08.379,0.66307,0.66322,2.25,1.50
2012.02.17 18:39:09.309,0.66306,0.66324,2.25,1.50
2012.02.17 18:39:12.860,0.66307,0.66322,2.25,1.50
2012.02.17 18:39:17.841,0.66304,0.66322,1.50,1.50
2012.02.17 18:39:18.171,0.66303,0.66318,1.50,1.50
2012.02.17 18:39:22.330,0.663,0.66316,1.50,1.50
2012.02.17 18:39:24.097,0.66295,0.66313,1.50,1.50
2012.02.17 18:39:24.647,0.66296,0.66314,1.50,1.50
2012.02.17 18:39:25.168,0.66295,0.66313,1.50,1.50
2012.02.17 18:39:25.237,0.66297,0.66314,1.50,1.50
2012.02.17 18:39:25.774,0.66297,0.66315,1.50,1.50
2012.02.17 18:39:26.512,0.66297,0.66313,1.50,1.50
2012.02.17 18:39:27.969,0.66297,0.66315,1.50,3.00
2012.02.17 18:39:30.484,0.66298,0.66315,1.50,1.50
2012.02.17 18:39:31.063,0.66301,0.66317,1.50,1.50
2012.02.17 18:39:31.194,0.66302,0.6632,1.50,3.00
2012.02.17 18:39:31.605,0.66301,0.66317,1.50,1.50
2012.02.17 18:39:33.006,0.66295,0.66313,2.25,1.50
2012.02.17 18:39:34.405,0.66296,0.66314,2.25,1.50
2012.02.17 18:39:34.939,0.66297,0.66315,1.50,1.50
2012.02.17 18:39:35.198,0.663,0.66316,1.50,1.50
2012.02.17 18:39:35.262,0.663,0.66318,1.50,1.50
2012.02.17 18:39:36.783,0.66296,0.66314,2.25,1.50
2012.02.17 18:39:37.123,0.66296,0.66312,2.25,1.50
2012.02.17 18:39:37.785,0.66297,0.66313,2.25,1.50
2012.02.17 18:39:39.095,0.66296,0.66314,2.25,1.50
2012.02.17 18:39:39.454,0.66299,0.66314,1.50,1.50
2012.02.17 18:39:39.913,0.66301,0.66317,1.50,1.50
2012.02.17 18:39:41.723,0.66297,0.66315,2.25,1.50
2012.02.17 18:39:41.793,0.66297,0.66313,2.25,1.50
2012.02.17 18:39:42.391,0.66298,0.66314,1.50,1.50
2012.02.17 18:39:51.217,0.66296,0.66314,1.50,1.50
2012.02.17 18:39:51.863,0.66295,0.66313,1.50,1.50
2012.02.17 18:39:57.813,0.66295,0.66313,2.25,1.50
2012.02.17 18:39:58.480,0.66295,0.66313,1.50,1.50
2012.02.17 18:40:00.182,0.66295,0.66313,2.25,1.50
2012.02.17 18:40:12.430,0.66298,0.66314,1.50,3.00
2012.02.17 18:40:14.581,0.66296,0.66314,2.25,1.50
2012.02.17 18:40:15.292,0.66297,0.66315,1.50,1.50
2012.02.17 18:40:15.828,0.66296,0.66314,2.25,1.50
2012.02.17 18:40:16.163,0.66298,0.66314,1.50,1.50
2012.02.17 18:40:17.122,0.66297,0.66313,1.50,1.50
2012.02.17 18:40:19.943,0.66297,0.66315,1.50,1.50
2012.02.17 18:40:25.513,0.66298,0.66315,1.50,1.50
2012.02.17 18:40:26.115,0.66299,0.66314,1.50,1.50
2012.02.17 18:40:29.871,0.66297,0.66313,1.50,1.50
2012.02.17 18:40:39.573,0.66296,0.66312,2.25,1.50
2012.02.17 18:40:40.270,0.66296,0.66312,2.25,1.50
2012.02.17 18:40:40.401,0.66296,0.66314,2.25,1.50
2012.02.17 18:40:40.857,0.66296,0.66312,2.25,1.50
2012.02.17 18:40:41.300,0.66296,0.66314,2.25,3.00
2012.02.17 18:40:43.375,0.66296,0.66314,1.50,1.50
2012.02.17 18:40:43.565,0.66298,0.66314,1.50,1.50
2012.02.17 18:40:44.108,0.66298,0.66313,1.50,1.50
2012.02.17 18:40:44.413,0.66297,0.6631,1.50,1.50
2012.02.17 18:40:44.944,0.66292,0.66308,2.25,1.50
2012.02.17 18:40:45.044,0.66294,0.66312,2.25,1.50
2012.02.17 18:40:51.113,0.66294,0.66311,2.25,1.50
2012.02.17 18:40:51.185,0.66291,0.66309,2.25,1.50
2012.02.17 18:40:52.487,0.66291,0.66309,2.25,1.50
2012.02.17 18:40:52.817,0.66293,0.66309,1.50,1.50
2012.02.17 18:40:53.369,0.66292,0.66308,1.50,1.50
2012.02.17 18:40:53.904,0.66293,0.66311,1.50,1.50
2012.02.17 18:40:56.267,0.66292,0.6631,1.50,1.50
2012.02.17 18:40:56.791,0.66293,0.66311,1.50,1.50
2012.02.17 18:40:56.887,0.66293,0.66311,2.25,1.50
2012.02.17 18:40:57.654,0.66293,0.66311,1.50,1.50
2012.02.17 18:40:58.792,0.66296,0.66312,1.50,1.50
2012.02.17 18:40:59.334,0.66296,0.66311,1.50,1.50
2012.02.17 18:40:59.400,0.66292,0.6631,1.50,1.50
2012.02.17 18:40:59.533,0.66297,0.66313,1.50,2.25
2012.02.17 18:40:59.660,0.66297,0.66315,1.50,1.50
2012.02.17 18:41:00.122,0.66297,0.66313,1.50,1.50
2012.02.17 18:41:00.631,0.66296,0.66312,1.50,1.50
2012.02.17 18:41:01.254,0.66297,0.66313,1.50,1.50
2012.02.17 18:41:01.916,0.66297,0.66315,1.50,1.50
2012.02.17 18:41:03.858,0.66296,0.66314,2.25,1.50
2012.02.17 18:41:04.974,0.66297,0.66313,2.25,1.50
2012.02.17 18:41:05.518,0.66298,0.66314,1.50,1.50
2012.02.17 18:41:07.202,0.66297,0.66313,2.25,1.50
2012.02.17 18:41:10.201,0.66296,0.66314,2.25,1.50
2012.02.17 18:41:10.821,0.66295,0.66313,2.25,1.50
2012.02.17 18:41:11.830,0.66298,0.66314,1.50,1.50
2012.02.17 18:41:13.466,0.66297,0.66313,1.50,1.50
2012.02.17 18:41:14.079,0.66298,0.66314,1.50,1.50
2012.02.17 18:41:14.939,0.66297,0.66313,2.25,1.50
2012.02.17 18:41:15.472,0.66298,0.66314,1.50,1.50
2012.02.17 18:41:18.341,0.66297,0.66313,2.25,1.50
2012.02.17 18:41:22.595,0.66295,0.66313,1.50,1.50
2012.02.17 18:41:23.242,0.66293,0.66311,1.50,1.50
2012.02.17 18:41:23.563,0.66291,0.66307,2.25,1.50
2012.02.17 18:41:24.487,0.66292,0.6631,1.50,1.50
2012.02.17 18:41:26.492,0.66294,0.6631,1.50,1.50
2012.02.17 18:41:27.040,0.66293,0.66311,1.50,1.50
2012.02.17 18:41:27.801,0.66296,0.66314,1.50,1.50
2012.02.17 18:41:28.518,0.66298,0.66314,1.50,1.50
2012.02.17 18:41:42.516,0.66296,0.66314,1.50,1.50
2012.02.17 18:41:43.376,0.66295,0.66311,1.50,1.50
2012.02.17 18:41:46.755,0.66297,0.66313,1.50,1.50
2012.02.17 18:41:52.029,0.66297,0.66315,1.50,1.50
2012.02.17 18:41:54.625,0.66296,0.66314,1.50,1.50
2012.02.17 18:41:55.738,0.66297,0.66315,1.50,1.50
2012.02.17 18:41:56.711,0.66296,0.66314,1.50,1.50
2012.02.17 18:41:57.140,0.66298,0.66314,1.50,1.50
2012.02.17 18:41:57.543,0.66296,0.66314,1.50,1.50
2012.02.17 18:41:58.622,0.66297,0.66313,1.50,1.50
2012.02.17 18:41:59.400,0.66296,0.66312,1.50,1.50
2012.02.17 18:42:01.981,0.66293,0.66311,1.50,1.50
2012.02.17 18:42:03.832,0.66296,0.66312,1.50,1.50
2012.02.17 18:42:06.362,0.66296,0.66312,2.25,1.50
2012.02.17 18:42:08.534,0.66296,0.66314,1.50,1.50
2012.02.17 18:42:09.173,0.66297,0.66313,1.50,1.50
2012.02.17 18:42:09.784,0.66295,0.66308,1.50,1.50
2012.02.17 18:42:09.857,0.6629,0.66308,1.50,1.50
2012.02.17 18:42:12.120,0.66293,0.6631,1.50,1.50
2012.02.17 18:42:13.008,0.66293,0.66309,1.50,1.50
2012.02.17 18:42:13.074,0.66293,0.66311,1.50,1.50
2012.02.17 18:42:15.302,0.66292,0.66308,1.50,1.50
2012.02.17 18:42:19.683,0.66289,0.66305,3.00,1.50
2012.02.17 18:42:20.194,0.66288,0.66304,3.75,1.50
2012.02.17 18:42:20.747,0.66288,0.66306,3.75,1.50
2012.02.17 18:42:21.292,0.66288,0.66305,2.25,1.50
2012.02.17 18:42:23.658,0.66288,0.66306,3.75,1.50
2012.02.17 18:42:23.720,0.66288,0.66304,3.75,1.50
2012.02.17 18:42:25.560,0.66289,0.66305,1.50,1.50
2012.02.17 18:42:25.786,0.66289,0.66307,1.50,1.50
2012.02.17 18:42:26.463,0.66288,0.66306,5.25,1.50
2012.02.17 18:42:29.561,0.6629,0.66306,1.50,1.50
2012.02.17 18:42:31.675,0.66291,0.66309,1.50,1.50
2012.02.17 18:42:35.937,0.66289,0.66307,1.50,1.50
2012.02.17 18:42:36.977,0.66288,0.66302,3.75,1.50
2012.02.17 18:42:38.338,0.66288,0.66304,2.25,1.50
2012.02.17 18:42:40.602,0.66288,0.66303,2.25,1.50
2012.02.17 18:42:41.285,0.66288,0.66302,2.25,1.50
2012.02.17 18:42:45.431,0.66288,0.66303,2.25,1.50
2012.02.17 18:42:47.187,0.66288,0.66304,2.25,1.50
2012.02.17 18:42:49.104,0.66288,0.66302,2.25,1.50
2012.02.17 18:42:52.105,0.66288,0.66303,2.25,1.50
2012.02.17 18:42:59.262,0.66288,0.66306,3.75,1.50
2012.02.17 18:43:01.821,0.66288,0.66303,2.25,1.50
2012.02.17 18:43:03.535,0.66288,0.66302,2.25,1.50
2012.02.17 18:43:05.022,0.66284,0.663,1.50,1.50
2012.02.17 18:43:05.152,0.66287,0.663,2.25,1.50
2012.02.17 18:43:06.325,0.66287,0.66303,2.25,1.50
2012.02.17 18:43:11.610,0.66288,0.66306,1.50,1.50
2012.02.17 18:43:12.328,0.66287,0.66305,3.75,1.50
2012.02.17 18:43:12.970,0.66289,0.66305,1.50,1.50
2012.02.17 18:43:13.847,0.6629,0.66306,1.50,1.50
2012.02.17 18:43:14.918,0.66292,0.66308,1.50,1.50
2012.02.17 18:43:22.517,0.66292,0.6631,1.50,1.50
2012.02.17 18:43:23.135,0.66291,0.66309,3.00,1.50
2012.02.17 18:43:23.577,0.6629,0.66306,1.50,1.50
2012.02.17 18:43:25.172,0.6629,0.66306,2.25,1.50
2012.02.17 18:43:25.393,0.66293,0.66309,1.50,1.50
2012.02.17 18:43:26.834,0.66294,0.6631,1.50,1.50
2012.02.17 18:43:27.362,0.66293,0.66309,1.50,1.50
2012.02.17 18:43:28.795,0.66296,0.66311,1.50,1.50
2012.02.17 18:43:29.103,0.663,0.66318,1.50,1.50
2012.02.17 18:43:29.356,0.66298,0.66315,2.25,1.50
2012.02.17 18:43:29.930,0.66295,0.66311,1.50,1.50
2012.02.17 18:43:30.918,0.66294,0.66311,1.50,1.50
2012.02.17 18:43:33.692,0.66294,0.66312,1.50,1.50
2012.02.17 18:43:34.807,0.66296,0.66311,2.25,1.50
2012.02.17 18:43:34.935,0.66298,0.66314,1.50,1.50
2012.02.17 18:43:35.372,0.66298,0.66316,1.50,1.50
2012.02.17 18:43:36.122,0.66297,0.66313,3.00,1.50
2012.02.17 18:43:39.763,0.66295,0.66313,1.50,3.75
2012.02.17 18:43:40.261,0.66295,0.66313,2.25,3.75
2012.02.17 18:43:41.293,0.66299,0.66313,1.50,2.25
2012.02.17 18:43:41.363,0.66299,0.66315,1.50,1.50
2012.02.17 18:43:41.890,0.66299,0.66315,2.25,1.50
2012.02.17 18:43:50.894,0.66304,0.6632,1.50,1.50
2012.02.17 18:43:51.441,0.66304,0.6632,2.25,1.50
2012.02.17 18:43:52.371,0.66306,0.66322,2.25,1.50
2012.02.17 18:43:57.005,0.66308,0.66322,2.25,1.50
2012.02.17 18:43:57.195,0.66306,0.66322,2.25,1.50
2012.02.17 18:44:01.667,0.66304,0.6632,1.48,1.50
2012.02.17 18:44:04.937,0.66302,0.6632,1.50,1.50
2012.02.17 18:44:08.072,0.663,0.66317,3.75,1.50
2012.02.17 18:44:42.343,0.66303,0.66319,1.50,3.00
2012.02.17 18:44:42.654,0.66304,0.66319,1.48,1.50
2012.02.17 18:44:48.632,0.66303,0.66319,2.23,1.50
2012.02.17 18:44:49.539,0.66303,0.66319,2.23,1.50
2012.02.17 18:44:50.120,0.66303,0.66319,2.23,1.50
2012.02.17 18:44:50.192,0.66304,0.66319,1.48,1.50
2012.02.17 18:44:50.575,0.66306,0.66322,2.25,1.50
2012.02.17 18:44:50.640,0.66308,0.66322,2.25,1.50
2012.02.17 18:44:54.945,0.66306,0.66322,2.25,1.50
2012.02.17 18:44:57.514,0.66306,0.66322,2.25,1.50
2012.02.17 18:44:58.104,0.66309,0.66326,2.25,1.50
2012.02.17 18:44:59.325,0.66311,0.66329,2.25,1.50
2012.02.17 18:44:59.747,0.66311,0.66329,2.25,1.50
2012.02.17 18:45:01.506,0.66311,0.66329,2.25,1.50
2012.02.17 18:45:01.860,0.6631,0.66325,2.25,1.50
2012.02.17 18:45:03.468,0.6631,0.66325,2.25,1.50
2012.02.17 18:45:07.872,0.66307,0.66319,1.48,1.50
2012.02.17 18:45:07.943,0.66301,0.66317,3.36,1.50
2012.02.17 18:45:08.011,0.66301,0.66316,1.13,1.50
2012.02.17 18:45:08.512,0.66299,0.66315,2.25,1.50
2012.02.17 18:45:09.722,0.66299,0.66315,2.25,1.50
2012.02.17 18:45:09.797,0.66301,0.66317,2.25,1.50
2012.02.17 18:45:09.862,0.66303,0.66319,2.25,3.00
2012.02.17 18:45:09.932,0.66303,0.66319,1.50,1.50
2012.02.17 18:45:10.082,0.66301,0.66317,2.25,1.50
2012.02.17 18:45:10.392,0.66299,0.66315,2.25,1.50
2012.02.17 18:45:10.901,0.66298,0.66314,2.25,1.50
2012.02.17 18:45:15.030,0.66298,0.66314,1.50,1.50
2012.02.17 18:45:15.953,0.66298,0.66314,2.25,1.50
2012.02.17 18:45:16.521,0.66298,0.66314,1.50,1.50
2012.02.17 18:45:17.140,0.66299,0.66317,2.25,1.50
2012.02.17 18:45:17.933,0.66299,0.66317,1.50,1.50
2012.02.17 18:45:18.002,0.66298,0.66315,1.50,1.50
2012.02.17 18:45:18.590,0.66297,0.66315,2.25,1.50
2012.02.17 18:45:19.776,0.66296,0.66314,3.75,1.50
2012.02.17 18:45:21.895,0.66296,0.66311,2.25,1.50
2012.02.17 18:45:25.298,0.66298,0.66313,1.50,1.50
2012.02.17 18:45:25.361,0.66298,0.66314,2.25,1.50
2012.02.17 18:45:27.363,0.66298,0.66314,1.50,1.50
2012.02.17 18:45:29.452,0.66298,0.66314,2.25,1.50
2012.02.17 18:45:31.575,0.663,0.66318,2.25,1.50
2012.02.17 18:45:31.706,0.663,0.66318,1.50,1.50
2012.02.17 18:45:32.000,0.66298,0.66316,3.00,1.50
2012.02.17 18:45:32.877,0.66298,0.66316,2.25,1.50
2012.02.17 18:45:34.692,0.663,0.66317,2.25,1.50
2012.02.17 18:45:35.649,0.663,0.66318,2.25,1.50
2012.02.17 18:45:37.370,0.663,0.66318,1.50,3.00
2012.02.17 18:45:37.443,0.66298,0.66316,2.25,1.50
2012.02.17 18:45:38.011,0.663,0.66318,2.25,1.50
2012.02.17 18:45:38.306,0.663,0.66318,2.25,1.50
2012.02.17 18:45:42.603,0.663,0.66318,2.25,1.50
2012.02.17 18:45:42.918,0.663,0.66318,2.25,1.50
2012.02.17 18:45:43.334,0.663,0.66315,2.25,1.50
2012.02.17 18:45:44.702,0.66306,0.66323,1.50,2.25
2012.02.17 18:45:44.832,0.6631,0.66325,1.50,1.50
2012.02.17 18:45:45.516,0.66308,0.66326,1.50,1.50
2012.02.17 18:45:46.055,0.66308,0.66326,2.25,1.50
2012.02.17 18:45:50.332,0.66312,0.66328,2.25,1.50
2012.02.17 18:45:52.434,0.66313,0.66328,1.50,1.50
2012.02.17 18:45:52.505,0.66314,0.66331,1.50,1.50
2012.02.17 18:45:53.193,0.66311,0.66329,2.25,1.50
2012.02.17 18:45:53.943,0.66313,0.6633,1.50,1.50
2012.02.17 18:45:54.624,0.66314,0.66329,1.50,1.50
2012.02.17 18:45:54.690,0.66313,0.66331,1.50,1.50
2012.02.17 18:45:55.441,0.66314,0.66329,1.50,1.50
2012.02.17 18:45:56.015,0.66313,0.66329,1.50,1.50
2012.02.17 18:45:58.452,0.66308,0.66324,1.50,1.50
2012.02.17 18:45:59.802,0.6631,0.66326,1.50,1.50
2012.02.17 18:46:09.821,0.66308,0.66324,1.50,1.50
2012.02.17 18:46:10.168,0.66305,0.66321,2.25,1.50
2012.02.17 18:46:10.234,0.66305,0.66323,2.25,1.50
2012.02.17 18:46:10.424,0.66304,0.66319,1.50,1.50
2012.02.17 18:46:11.255,0.66303,0.66319,1.50,1.50
2012.02.17 18:46:12.699,0.66304,0.6632,1.50,1.50
2012.02.17 18:46:13.026,0.66304,0.6632,2.25,1.50
2012.02.17 18:46:30.295,0.66304,0.6632,1.50,1.50
2012.02.17 18:46:35.596,0.66304,0.66322,1.50,1.50
2012.02.17 18:46:35.660,0.66306,0.66322,1.50,1.50
2012.02.17 18:46:54.757,0.66306,0.66324,2.25,1.50
2012.02.17 18:46:55.446,0.66307,0.66323,1.50,1.50
2012.02.17 18:47:08.421,0.66308,0.66326,1.50,1.50
2012.02.17 18:47:18.539,0.66308,0.66325,1.50,1.50
2012.02.17 18:47:18.600,0.66306,0.66323,1.50,1.50
2012.02.17 18:47:20.178,0.66307,0.66323,1.50,1.50
2012.02.17 18:47:21.391,0.66309,0.66325,1.50,1.50
2012.02.17 18:47:21.728,0.66307,0.66322,3.00,1.50
2012.02.17 18:47:22.273,0.66305,0.66323,2.25,1.50
2012.02.17 18:47:23.320,0.66307,0.66322,1.50,1.50
2012.02.17 18:47:30.429,0.66304,0.6632,1.50,1.50
2012.02.17 18:47:33.771,0.66306,0.66322,1.50,1.50
2012.02.17 18:47:35.883,0.66303,0.66321,3.00,1.50
2012.02.17 18:47:36.809,0.66303,0.66321,3.75,1.50
2012.02.17 18:47:37.324,0.66306,0.66322,2.25,1.50
2012.02.17 18:47:37.824,0.66305,0.66323,2.25,1.50
2012.02.17 18:47:38.428,0.66306,0.66324,2.25,1.50
2012.02.17 18:47:39.414,0.66302,0.6632,2.25,1.50
2012.02.17 18:47:39.553,0.66302,0.6632,2.25,1.50
2012.02.17 18:47:39.775,0.66302,0.66316,2.25,1.50
2012.02.17 18:47:40.146,0.66298,0.66314,2.25,1.50
2012.02.17 18:47:40.594,0.66298,0.66314,1.50,1.50
2012.02.17 18:47:41.251,0.663,0.66316,1.50,1.50
2012.02.17 18:47:41.771,0.66302,0.6632,1.50,1.50
2012.02.17 18:47:42.234,0.66301,0.66317,1.50,1.50
2012.02.17 18:47:43.185,0.66303,0.66321,1.50,1.50
2012.02.17 18:47:45.697,0.66305,0.66322,1.50,1.50
2012.02.17 18:47:46.094,0.66307,0.66323,2.25,1.50
2012.02.17 18:47:52.274,0.66305,0.66323,1.50,1.50
2012.02.17 18:47:54.260,0.66307,0.66323,1.50,1.50
2012.02.17 18:47:56.625,0.66306,0.66322,1.50,1.50
2012.02.17 18:47:58.321,0.66307,0.66323,1.50,1.50
2012.02.17 18:47:58.870,0.66306,0.66322,1.50,1.50
2012.02.17 18:48:05.431,0.66307,0.66325,3.75,3.00
2012.02.17 18:48:06.859,0.66308,0.66324,1.50,1.50
2012.02.17 18:48:09.670,0.66307,0.66324,2.25,1.50
2012.02.17 18:48:10.290,0.66308,0.66324,1.50,1.50
2012.02.17 18:48:13.463,0.66309,0.66327,1.50,1.50
2012.02.17 18:48:13.533,0.66311,0.66327,1.50,1.50
2012.02.17 18:48:13.601,0.66313,0.6633,1.50,1.50
2012.02.17 18:48:14.495,0.66313,0.66329,1.50,1.50
2012.02.17 18:48:14.566,0.6631,0.66328,1.50,1.50
2012.02.17 18:48:21.953,0.66309,0.66327,1.50,1.50
2012.02.17 18:48:25.562,0.66311,0.66327,1.50,1.50
2012.02.17 18:48:25.938,0.66312,0.6633,1.50,1.50
2012.02.17 18:48:26.901,0.66313,0.66329,1.50,1.50
2012.02.17 18:48:28.281,0.66311,0.66327,1.50,1.50
2012.02.17 18:48:29.745,0.66311,0.66329,1.50,1.50
2012.02.17 18:48:32.144,0.6631,0.66328,1.50,1.50
2012.02.17 18:48:32.683,0.66314,0.66329,1.50,3.00
2012.02.17 18:48:33.207,0.66313,0.66329,1.50,1.50
2012.02.17 18:48:34.489,0.66313,0.6633,1.50,1.50
2012.02.17 18:48:34.852,0.66318,0.66332,2.25,1.50
2012.02.17 18:48:34.920,0.66318,0.66334,3.75,1.50
2012.02.17 18:48:35.617,0.66318,0.66334,4.50,1.50
2012.02.17 18:48:36.995,0.66318,0.66334,3.75,1.50
2012.02.17 18:48:39.005,0.66318,0.66334,4.50,1.50
2012.02.17 18:48:40.896,0.66318,0.66333,4.50,1.50
2012.02.17 18:48:41.982,0.66319,0.66336,2.25,1.50
2012.02.17 18:48:43.061,0.6632,0.66338,2.25,3.00
2012.02.17 18:48:46.333,0.66319,0.66337,2.25,1.50
2012.02.17 18:48:49.663,0.66321,0.66337,2.25,1.50
2012.02.17 18:48:49.791,0.66324,0.66341,2.25,1.50
2012.02.17 18:48:49.983,0.66321,0.66339,2.25,1.50
2012.02.17 18:48:50.232,0.66321,0.66339,2.25,1.50
2012.02.17 18:48:50.302,0.66321,0.66337,2.25,1.50
2012.02.17 18:48:51.063,0.6632,0.66338,2.25,1.50
2012.02.17 18:48:51.597,0.6632,0.66338,2.25,1.50
2012.02.17 18:48:52.293,0.66321,0.66339,2.25,1.50
2012.02.17 18:49:05.535,0.66328,0.66339,2.25,1.50
2012.02.17 18:49:05.611,0.66325,0.66342,2.25,1.50
2012.02.17 18:49:06.759,0.66325,0.66343,2.25,1.50
2012.02.17 18:49:06.893,0.66327,0.66342,2.25,1.50
2012.02.17 18:49:10.090,0.66328,0.66346,4.50,1.50
2012.02.17 18:49:12.776,0.66328,0.66346,4.50,1.50
2012.02.17 18:49:12.844,0.66328,0.66346,4.50,1.50
2012.02.17 18:49:14.291,0.66328,0.66346,4.50,1.50
2012.02.17 18:49:20.491,0.66329,0.66347,2.25,1.50
2012.02.17 18:49:20.654,0.66329,0.66347,2.25,1.50
2012.02.17 18:49:21.497,0.66332,0.66348,2.25,1.50
2012.02.17 18:49:24.641,0.66332,0.66348,2.25,1.50
2012.02.17 18:49:26.208,0.66332,0.66348,1.50,1.50
2012.02.17 18:49:27.194,0.66332,0.66348,2.25,1.50
2012.02.17 18:49:27.265,0.66332,0.66348,1.50,1.50
2012.02.17 18:49:27.335,0.66332,0.66348,2.25,1.50
2012.02.17 18:49:30.553,0.66332,0.66348,1.50,1.50
2012.02.17 18:49:30.621,0.66332,0.66348,2.25,1.50
2012.02.17 18:49:30.873,0.66329,0.66347,3.73,1.50
2012.02.17 18:49:31.430,0.66329,0.66347,2.98,1.50
2012.02.17 18:49:35.722,0.66331,0.66347,2.25,1.50
2012.02.17 18:49:37.091,0.66331,0.66347,2.25,1.50
2012.02.17 18:49:40.531,0.66331,0.66347,2.25,1.50
2012.02.17 18:49:40.980,0.66331,0.66347,2.25,1.50
2012.02.17 18:49:47.280,0.66332,0.66347,1.50,1.50
2012.02.17 18:49:47.341,0.66334,0.6635,1.50,1.50
2012.02.17 18:49:47.967,0.66335,0.66351,1.50,1.50
2012.02.17 18:49:48.533,0.66333,0.66351,1.50,1.50
2012.02.17 18:49:49.605,0.66334,0.6635,1.50,1.50
2012.02.17 18:50:07.184,0.66332,0.66348,1.50,1.50
2012.02.17 18:50:10.993,0.66332,0.66347,1.50,1.50
2012.02.17 18:50:11.062,0.66329,0.66346,1.50,1.50
2012.02.17 18:50:14.963,0.66329,0.66346,2.25,1.50
2012.02.17 18:50:16.831,0.66329,0.66346,1.50,1.50
2012.02.17 18:50:35.043,0.66327,0.66344,2.25,1.50
2012.02.17 18:50:55.301,0.66328,0.66346,1.50,1.50
2012.02.17 18:50:55.433,0.6633,0.66346,1.50,1.50
2012.02.17 18:50:56.245,0.66328,0.66346,3.75,1.50
2012.02.17 18:50:58.845,0.6633,0.66346,1.50,1.50
2012.02.17 18:51:03.037,0.66328,0.66344,1.50,1.50
2012.02.17 18:51:03.345,0.66327,0.66338,2.25,1.50
2012.02.17 18:51:03.415,0.66322,0.66338,1.50,1.50
2012.02.17 18:51:03.662,0.6632,0.66338,1.50,1.50
2012.02.17 18:51:03.791,0.66322,0.6634,1.50,1.50
2012.02.17 18:51:04.103,0.66318,0.66336,4.50,1.50
2012.02.17 18:51:04.692,0.66322,0.66337,2.25,1.50
2012.02.17 18:51:06.798,0.66322,0.66337,2.25,1.50
2012.02.17 18:51:13.836,0.66321,0.66339,2.25,1.50
2012.02.17 18:51:14.784,0.66326,0.6634,2.25,1.50
2012.02.17 18:51:14.856,0.66325,0.66343,2.25,1.50
2012.02.17 18:51:16.776,0.66326,0.66341,2.25,1.50
2012.02.17 18:51:20.973,0.66325,0.66343,2.25,1.50
2012.02.17 18:51:22.493,0.66326,0.66341,2.25,1.50
2012.02.17 18:51:27.500,0.66326,0.66341,2.25,1.50
2012.02.17 18:51:30.458,0.66326,0.66344,2.25,3.00
2012.02.17 18:51:31.014,0.66326,0.66344,2.25,1.50
2012.02.17 18:51:31.914,0.66333,0.66351,2.25,1.50
2012.02.17 18:51:32.068,0.66335,0.66353,2.25,3.00
2012.02.17 18:51:42.132,0.66336,0.66354,2.25,1.50
2012.02.17 18:51:42.809,0.66335,0.66353,3.75,1.50
2012.02.17 18:51:43.345,0.66335,0.66352,1.50,1.50
2012.02.17 18:51:43.627,0.66335,0.66352,2.25,1.50
2012.02.17 18:51:46.705,0.66335,0.66352,1.50,1.50
2012.02.17 18:51:47.251,0.66337,0.66354,1.50,1.50
2012.02.17 18:51:48.035,0.66337,0.66355,1.50,3.00
2012.02.17 18:51:48.359,0.66335,0.66353,1.50,1.50
2012.02.17 18:51:49.072,0.66335,0.66353,2.25,1.50
2012.02.17 18:51:50.280,0.66335,0.66353,1.50,1.50
2012.02.17 18:51:50.830,0.66335,0.66353,2.25,1.50
2012.02.17 18:51:55.412,0.66338,0.66353,1.50,1.50
2012.02.17 18:51:55.489,0.6634,0.66356,1.50,1.50
2012.02.17 18:51:55.556,0.66342,0.66358,1.50,1.50
2012.02.17 18:51:57.901,0.66341,0.66356,1.50,1.50
2012.02.17 18:51:58.774,0.66338,0.66351,2.25,1.50
2012.02.17 18:51:58.846,0.66336,0.66351,2.25,1.50
2012.02.17 18:52:08.582,0.66335,0.66351,1.50,1.50
2012.02.17 18:52:10.306,0.66335,0.66351,2.25,1.50
2012.02.17 18:52:11.104,0.66335,0.66351,1.50,1.50
2012.02.17 18:52:23.888,0.66332,0.66347,2.25,1.50
2012.02.17 18:52:24.335,0.66332,0.6635,2.25,3.00
2012.02.17 18:52:28.852,0.66332,0.6635,2.25,1.50
2012.02.17 18:52:29.560,0.66332,0.66347,2.25,1.50
2012.02.17 18:52:30.394,0.66333,0.66349,2.25,1.50
2012.02.17 18:52:33.915,0.66333,0.66349,1.50,1.50
2012.02.17 18:52:37.652,0.66333,0.66349,2.25,1.50
2012.02.17 18:52:37.818,0.66333,0.66349,1.50,1.50
2012.02.17 18:52:37.930,0.66333,0.66349,2.25,1.50
2012.02.17 18:52:41.050,0.66333,0.66349,1.50,1.50
2012.02.17 18:52:43.513,0.66331,0.66347,2.25,1.50
2012.02.17 18:52:43.859,0.66327,0.66345,4.88,1.50
2012.02.17 18:52:44.263,0.66331,0.66348,2.25,1.50
2012.02.17 18:52:52.353,0.66331,0.66347,2.25,1.50
2012.02.17 18:52:52.609,0.66328,0.66344,2.25,1.50
2012.02.17 18:53:04.974,0.66328,0.66344,1.50,3.00
2012.02.17 18:53:05.046,0.66326,0.66342,2.25,1.50
2012.02.17 18:53:05.359,0.66324,0.66342,2.25,1.50
2012.02.17 18:53:05.913,0.66328,0.66343,2.25,1.50
2012.02.17 18:53:08.712,0.66328,0.66343,1.50,1.50
2012.02.17 18:53:08.844,0.66322,0.6634,2.25,1.50
2012.02.17 18:53:24.484,0.66326,0.66342,2.25,3.75
2012.02.17 18:53:32.159,0.66324,0.6634,3.75,1.50
2012.02.17 18:53:32.224,0.66324,0.6634,3.00,1.50
2012.02.17 18:53:34.184,0.66324,0.6634,2.25,1.50
2012.02.17 18:53:35.085,0.66325,0.66341,2.25,1.50
2012.02.17 18:53:39.953,0.66325,0.66341,1.50,1.50
2012.02.17 18:53:40.028,0.66323,0.66341,1.50,1.50
2012.02.17 18:53:40.557,0.66322,0.6634,3.00,1.50
2012.02.17 18:53:40.864,0.66324,0.66341,1.50,1.50
2012.02.17 18:53:41.058,0.66321,0.66339,2.25,1.50
2012.02.17 18:53:41.980,0.66316,0.66334,2.98,1.50
2012.02.17 18:53:42.046,0.66314,0.66332,2.25,1.50
2012.02.17 18:53:54.184,0.66317,0.66333,1.50,3.00
2012.02.17 18:53:57.272,0.66314,0.66332,2.25,1.50
2012.02.17 18:53:58.894,0.66314,0.66332,2.25,1.50
2012.02.17 18:54:11.195,0.66316,0.66333,2.25,1.50
2012.02.17 18:54:11.502,0.66316,0.66334,2.25,1.50
2012.02.17 18:54:15.733,0.66319,0.66335,2.25,1.50
2012.02.17 18:54:16.487,0.66319,0.66337,2.25,1.50
2012.02.17 18:54:17.183,0.66321,0.66339,2.25,1.50
2012.02.17 18:54:17.774,0.6632,0.66338,2.25,1.50
2012.02.17 18:54:24.892,0.66324,0.6634,1.50,1.50
2012.02.17 18:54:30.684,0.66322,0.66339,2.25,1.50
2012.02.17 18:54:31.104,0.66323,0.66341,1.50,1.50
2012.02.17 18:54:38.017,0.66324,0.6634,1.50,1.50
2012.02.17 18:54:38.207,0.66323,0.66339,2.25,1.50
2012.02.17 18:54:38.455,0.66323,0.66339,1.50,1.50
2012.02.17 18:54:42.818,0.66325,0.6634,2.25,1.50
2012.02.17 18:54:43.463,0.66324,0.6634,1.50,1.50
2012.02.17 18:54:44.423,0.66323,0.66339,1.50,1.50
2012.02.17 18:54:46.261,0.66321,0.66336,2.25,1.50
2012.02.17 18:54:46.637,0.66321,0.66336,2.25,1.50
2012.02.17 18:54:46.703,0.66321,0.66336,2.25,1.50
2012.02.17 18:55:03.205,0.66318,0.66332,2.98,1.50
2012.02.17 18:55:03.274,0.66317,0.66332,3.00,1.50
2012.02.17 18:55:08.051,0.66316,0.66332,2.25,1.50
2012.02.17 18:55:08.185,0.66318,0.66336,2.25,1.50
2012.02.17 18:55:08.742,0.66321,0.66337,2.25,1.50
2012.02.17 18:55:08.817,0.66317,0.66333,4.50,1.50
2012.02.17 18:55:12.023,0.66317,0.66332,3.00,1.50
2012.02.17 18:55:41.055,0.66316,0.6633,2.25,1.50
2012.02.17 18:55:41.602,0.66316,0.66328,1.50,1.50
2012.02.17 18:55:41.764,0.66307,0.66321,3.00,1.50
2012.02.17 18:55:41.897,0.66303,0.66319,2.25,1.50
2012.02.17 18:55:42.025,0.66303,0.66321,1.48,1.50
2012.02.17 18:55:42.092,0.66303,0.66333,1.48,3.75
2012.02.17 18:55:42.166,0.66308,0.66323,2.25,1.50
2012.02.17 18:55:42.295,0.66308,0.66323,1.50,1.50
2012.02.17 18:55:45.446,0.66307,0.66318,2.25,1.50
2012.02.17 18:55:46.022,0.66301,0.66318,2.25,1.50
2012.02.17 18:55:47.203,0.66301,0.66318,2.25,1.50
2012.02.17 18:55:47.339,0.66299,0.66313,2.25,1.50
2012.02.17 18:55:47.525,0.66298,0.66314,3.75,3.00
2012.02.17 18:55:48.173,0.66298,0.66314,4.50,1.50
2012.02.17 18:55:48.249,0.66298,0.66314,3.75,1.50
2012.02.17 18:55:48.466,0.66298,0.66314,4.50,1.50
2012.02.17 18:55:49.426,0.66301,0.66316,2.25,1.50
2012.02.17 18:55:49.951,0.66301,0.66317,2.25,1.50
2012.02.17 18:55:50.930,0.66301,0.66317,1.50,3.00
2012.02.17 18:55:51.053,0.66301,0.66315,1.50,1.50
2012.02.17 18:55:51.182,0.66297,0.66312,4.50,1.50
2012.02.17 18:55:51.254,0.66297,0.66312,4.50,1.50
2012.02.17 18:55:51.323,0.66298,0.66314,2.25,1.50
2012.02.17 18:55:51.668,0.663,0.66316,1.50,3.00
2012.02.17 18:55:52.185,0.66299,0.66315,2.98,1.50
2012.02.17 18:55:52.728,0.66297,0.66313,4.88,1.50
2012.02.17 18:55:54.634,0.66297,0.66313,4.13,1.50
2012.02.17 18:55:55.453,0.66297,0.66312,1.50,1.50
2012.02.17 18:55:55.528,0.66292,0.6631,2.25,1.50
2012.02.17 18:55:55.776,0.66292,0.6631,1.50,2.25
2012.02.17 18:55:56.103,0.66286,0.66302,2.25,1.50
2012.02.17 18:55:57.090,0.66286,0.66302,2.25,1.50
2012.02.17 18:55:57.221,0.66288,0.66304,1.50,1.50
2012.02.17 18:55:57.286,0.66288,0.66306,1.50,1.50
2012.02.17 18:55:57.472,0.6629,0.66307,2.25,1.50
2012.02.17 18:55:57.800,0.6629,0.66307,2.25,1.50
2012.02.17 18:55:58.327,0.6629,0.66308,2.25,1.50
2012.02.17 18:55:59.055,0.66291,0.66306,2.25,1.50
2012.02.17 18:55:59.516,0.6629,0.66306,2.25,1.50
2012.02.17 18:56:00.065,0.6629,0.66307,2.25,1.50
2012.02.17 18:56:00.447,0.66292,0.6631,1.50,1.50
2012.02.17 18:56:01.171,0.66291,0.66309,2.25,1.50
2012.02.17 18:56:02.429,0.66291,0.66309,3.75,1.50
2012.02.17 18:56:02.605,0.66293,0.66311,2.25,1.50
2012.02.17 18:56:03.873,0.66293,0.66311,1.50,1.50
2012.02.17 18:56:04.492,0.66293,0.66311,2.25,1.50
2012.02.17 18:56:05.224,0.66293,0.66311,1.50,1.50
2012.02.17 18:56:05.473,0.66293,0.66311,2.25,1.50
2012.02.17 18:56:08.653,0.66293,0.66311,1.50,1.50
2012.02.17 18:56:09.290,0.66294,0.6631,1.50,1.50
2012.02.17 18:56:12.886,0.66295,0.66311,1.50,1.50
2012.02.17 18:56:13.392,0.66295,0.66311,2.25,1.50
2012.02.17 18:56:15.656,0.66295,0.66311,1.50,1.50
2012.02.17 18:56:17.185,0.66295,0.66311,2.25,1.50
2012.02.17 18:56:17.661,0.66296,0.66314,2.25,3.00
2012.02.17 18:56:17.914,0.66294,0.6631,3.00,1.50
2012.02.17 18:56:19.150,0.6629,0.66308,2.25,1.50
2012.02.17 18:56:19.222,0.66293,0.6631,1.50,1.50
2012.02.17 18:56:19.843,0.66293,0.6631,2.25,1.50
2012.02.17 18:56:20.261,0.66295,0.66313,2.25,1.50
2012.02.17 18:56:20.911,0.66295,0.66312,1.50,2.25
2012.02.17 18:56:25.053,0.66295,0.66311,1.50,1.50
2012.02.17 18:56:27.995,0.66294,0.66309,2.25,1.50
2012.02.17 18:56:28.124,0.66298,0.66312,1.50,1.50
2012.02.17 18:56:28.915,0.66298,0.66313,1.50,1.50
2012.02.17 18:56:30.385,0.66291,0.66309,2.25,1.50
2012.02.17 18:56:30.451,0.66291,0.66309,2.25,1.50
2012.02.17 18:56:30.828,0.66287,0.66313,3.00,2.25
2012.02.17 18:56:31.017,0.66293,0.66309,2.25,1.50
2012.02.17 18:56:31.985,0.66299,0.66315,1.50,1.50
2012.02.17 18:56:32.430,0.66302,0.66318,1.50,1.50
2012.02.17 18:56:32.559,0.66304,0.66321,1.50,1.50
2012.02.17 18:56:32.685,0.66304,0.66321,2.25,1.50
2012.02.17 18:57:11.485,0.66304,0.66321,1.50,1.50
2012.02.17 18:57:12.015,0.66303,0.66321,1.50,1.50
2012.02.17 18:57:12.867,0.66304,0.66321,1.50,1.50
2012.02.17 18:57:14.737,0.66304,0.66321,2.25,1.50
2012.02.17 18:57:15.521,0.66304,0.66322,2.25,1.50
2012.02.17 18:57:34.203,0.66304,0.6632,1.50,1.50
2012.02.17 18:57:34.861,0.66305,0.6632,1.50,1.50
2012.02.17 18:57:35.684,0.66305,0.6632,2.25,1.50
2012.02.17 18:57:37.944,0.66305,0.6632,1.50,1.50
2012.02.17 18:57:40.016,0.66305,0.6632,2.25,1.50
2012.02.17 18:57:40.566,0.66307,0.66323,2.25,1.50
2012.02.17 18:57:43.861,0.66304,0.66321,1.50,1.50
2012.02.17 18:57:45.515,0.66304,0.66321,2.25,1.50
2012.02.17 18:57:45.792,0.66306,0.66324,2.25,1.50
2012.02.17 18:57:48.899,0.66305,0.6632,3.00,1.50
2012.02.17 18:57:49.454,0.66305,0.6632,2.25,1.50
2012.02.17 18:57:49.787,0.66307,0.66323,2.25,1.50
2012.02.17 18:57:55.989,0.66306,0.66321,2.25,1.50
2012.02.17 18:57:57.516,0.66306,0.66322,2.25,1.50
2012.02.17 18:58:00.184,0.66306,0.66321,2.25,1.50
2012.02.17 18:58:00.455,0.66305,0.66323,2.25,1.50
2012.02.17 18:58:04.082,0.66306,0.66321,2.25,1.50
2012.02.17 18:58:05.823,0.66306,0.66324,2.25,1.50
2012.02.17 18:58:19.556,0.66309,0.66325,1.50,1.50
2012.02.17 18:58:20.169,0.6631,0.66326,1.50,1.50
2012.02.17 18:58:20.888,0.66313,0.6633,1.50,1.50
2012.02.17 18:58:20.957,0.66312,0.66328,2.25,1.50
2012.02.17 18:58:29.713,0.66312,0.6633,2.25,1.50
2012.02.17 18:58:31.737,0.66315,0.66331,1.50,1.50
2012.02.17 18:58:42.138,0.66315,0.66331,2.25,1.50
2012.02.17 18:58:42.267,0.66318,0.66334,1.50,1.50
2012.02.17 18:58:42.457,0.6632,0.66338,1.50,1.50
2012.02.17 18:58:43.147,0.66321,0.66337,1.50,1.50
2012.02.17 18:58:43.553,0.66317,0.66334,1.50,1.50
2012.02.17 18:58:51.076,0.66314,0.6633,1.50,1.50
2012.02.17 18:59:05.958,0.66316,0.66333,1.50,1.50
2012.02.17 18:59:07.184,0.66316,0.66334,1.50,1.50
2012.02.17 18:59:15.037,0.66318,0.66336,1.50,1.50
2012.02.17 18:59:15.604,0.66317,0.66333,1.50,1.50
2012.02.17 18:59:19.386,0.66319,0.66335,1.50,1.50
2012.02.17 18:59:34.634,0.66322,0.66337,1.50,1.50
2012.02.17 18:59:38.784,0.66322,0.6634,1.50,1.50
2012.02.17 18:59:39.702,0.66322,0.66338,1.50,1.50
2012.02.17 18:59:45.742,0.66321,0.66337,1.50,1.50
2012.02.17 18:59:47.956,0.66321,0.66338,1.50,1.50
2012.02.17 18:59:50.391,0.6632,0.66338,1.50,1.50
2012.02.17 18:59:53.699,0.66318,0.66335,1.50,1.50
2012.02.17 18:59:54.209,0.66317,0.66335,1.50,1.50
2012.02.17 18:59:56.693,0.66319,0.66335,1.50,1.50
2012.02.17 18:59:57.212,0.66321,0.66337,1.50,1.50
2012.02.17 18:59:57.513,0.66318,0.66334,1.50,1.50
