2014.07.02 04:00:00.274,0.8898,0.88994,1.00,1.00
2014.07.02 04:00:00.853,0.88977,0.88994,1.09,1.00
2014.07.02 04:00:01.283,0.8898,0.88994,1.00,1.00
2014.07.02 04:00:03.463,0.88977,0.88994,1.20,1.00
2014.07.02 04:00:22.126,0.88976,0.88994,2.07,1.00
2014.07.02 04:00:25.135,0.88976,0.88994,1.59,1.00
2014.07.02 04:00:27.000,0.88976,0.88996,1.32,1.00
2014.07.02 04:00:27.151,0.88976,0.88994,1.32,1.00
2014.07.02 04:00:32.833,0.8898,0.88994,1.00,1.00
2014.07.02 04:00:34.153,0.88977,0.88994,1.32,1.00
2014.07.02 04:00:37.379,0.88977,0.88994,1.13,1.00
2014.07.02 04:00:40.093,0.8898,0.88994,1.00,1.00
2014.07.02 04:00:40.793,0.88977,0.88994,1.32,1.00
2014.07.02 04:00:54.335,0.88975,0.88994,1.84,1.00
2014.07.02 04:00:56.934,0.88975,0.88994,1.77,1.00
2014.07.02 04:01:01.047,0.88975,0.88994,1.77,1.00
2014.07.02 04:01:01.352,0.88976,0.88994,1.19,1.00
2014.07.02 04:01:02.353,0.88975,0.88994,2.52,1.00
2014.07.02 04:01:04.374,0.88975,0.88994,2.52,1.00
2014.07.02 04:01:06.540,0.88975,0.88994,2.52,1.00
2014.07.02 04:01:10.065,0.88975,0.88994,1.77,1.00
2014.07.02 04:01:14.364,0.88976,0.88994,1.19,1.00
2014.07.02 04:01:17.502,0.88975,0.88994,2.59,1.00
2014.07.02 04:01:18.881,0.88975,0.88994,2.59,1.00
2014.07.02 04:01:19.662,0.88975,0.88998,2.59,1.37
2014.07.02 04:01:21.847,0.8898,0.88998,1.58,1.09
2014.07.02 04:01:23.058,0.8898,0.88994,1.00,1.00
2014.07.02 04:01:23.159,0.8898,0.88996,1.00,1.00
2014.07.02 04:01:23.311,0.8898,0.89,1.00,1.29
2014.07.02 04:01:23.929,0.8898,0.89,1.25,1.10
2014.07.02 04:01:26.001,0.8898,0.88996,1.25,1.00
2014.07.02 04:01:30.171,0.8898,0.88996,1.69,1.00
2014.07.02 04:01:30.474,0.88977,0.88994,1.19,1.00
2014.07.02 04:01:32.444,0.88977,0.88994,1.19,1.00
2014.07.02 04:01:34.268,0.88975,0.88994,1.02,1.00
2014.07.02 04:01:34.470,0.88975,0.8899,1.25,1.00
2014.07.02 04:01:34.947,0.88971,0.8899,1.32,1.00
2014.07.02 04:01:35.610,0.88975,0.8899,1.00,1.00
2014.07.02 04:01:41.842,0.88971,0.8899,1.32,1.00
2014.07.02 04:01:42.245,0.88971,0.88986,1.24,1.00
2014.07.02 04:01:43.180,0.8897,0.88986,1.55,1.00
2014.07.02 04:01:44.182,0.88969,0.88986,1.19,1.00
2014.07.02 04:01:44.707,0.88968,0.88986,1.19,1.00
2014.07.02 04:01:45.233,0.88967,0.88985,1.19,1.00
2014.07.02 04:01:47.193,0.88966,0.88985,1.19,1.00
2014.07.02 04:01:51.664,0.88965,0.8898,1.19,1.00
2014.07.02 04:01:51.765,0.88963,0.8898,1.02,1.00
2014.07.02 04:01:51.962,0.88959,0.8898,1.37,2.33
2014.07.02 04:01:52.065,0.88957,0.8898,1.29,1.84
2014.07.02 04:01:52.117,0.88957,0.88975,1.19,1.00
2014.07.02 04:01:52.434,0.88953,0.88976,1.37,1.77
2014.07.02 04:01:52.485,0.88953,0.88972,1.37,1.00
2014.07.02 04:01:53.057,0.88955,0.88972,1.00,1.00
2014.07.02 04:01:53.581,0.88954,0.88972,1.19,1.00
2014.07.02 04:01:54.642,0.88953,0.88972,1.19,1.00
2014.07.02 04:01:59.353,0.88952,0.88972,1.02,1.00
2014.07.02 04:02:01.373,0.8895,0.8897,1.19,1.10
2014.07.02 04:02:03.348,0.88951,0.88965,1.02,1.00
2014.07.02 04:02:03.864,0.88951,0.88965,1.29,1.00
2014.07.02 04:02:04.860,0.88954,0.88965,1.10,1.00
2014.07.02 04:02:04.912,0.88954,0.88971,1.10,1.65
2014.07.02 04:02:05.215,0.88951,0.8897,1.18,1.00
2014.07.02 04:02:05.316,0.88947,0.88965,1.13,1.10
2014.07.02 04:02:05.619,0.88945,0.88965,1.00,1.29
2014.07.02 04:02:05.721,0.88945,0.88964,1.00,1.33
2014.07.02 04:02:05.772,0.88942,0.88964,1.19,1.40
2014.07.02 04:02:06.128,0.88945,0.88964,1.00,1.40
2014.07.02 04:02:06.300,0.88942,0.88964,1.19,1.40
2014.07.02 04:02:06.577,0.88947,0.88963,1.19,1.18
2014.07.02 04:02:06.678,0.88951,0.88968,1.19,1.00
2014.07.02 04:02:06.780,0.88952,0.8897,1.02,1.00
2014.07.02 04:02:06.933,0.88951,0.88969,1.77,1.08
2014.07.02 04:02:06.983,0.88947,0.88969,1.77,1.33
2014.07.02 04:02:07.489,0.8895,0.88967,1.00,1.00
2014.07.02 04:02:11.527,0.8895,0.8897,1.00,1.84
2014.07.02 04:02:12.193,0.8895,0.88967,1.00,1.00
2014.07.02 04:02:16.809,0.8895,0.8897,1.25,1.18
2014.07.02 04:02:17.130,0.88955,0.8897,1.00,1.18
2014.07.02 04:02:17.332,0.88955,0.8897,1.00,1.10
2014.07.02 04:02:18.862,0.8896,0.8897,1.00,1.00
2014.07.02 04:02:19.014,0.8896,0.88974,1.00,1.10
2014.07.02 04:02:21.536,0.8896,0.88977,1.00,1.00
2014.07.02 04:02:21.639,0.88965,0.88977,1.00,1.00
2014.07.02 04:02:23.067,0.88959,0.88977,2.52,1.00
2014.07.02 04:02:27.259,0.8896,0.88981,1.19,1.18
2014.07.02 04:02:28.883,0.8896,0.88977,1.19,1.00
2014.07.02 04:02:32.877,0.8896,0.88977,1.25,1.00
2014.07.02 04:02:35.097,0.8896,0.88977,1.19,1.00
2014.07.02 04:02:36.703,0.8896,0.88977,1.25,1.00
2014.07.02 04:02:38.111,0.8896,0.88977,1.19,1.00
2014.07.02 04:02:44.474,0.8896,0.88977,1.25,1.00
2014.07.02 04:02:47.475,0.8896,0.8898,1.25,1.15
2014.07.02 04:02:57.200,0.8896,0.8898,1.19,1.15
2014.07.02 04:03:00.219,0.8896,0.8898,1.25,1.15
2014.07.02 04:03:02.898,0.8896,0.8898,1.19,1.15
2014.07.02 04:03:09.018,0.8896,0.8898,1.25,1.15
2014.07.02 04:03:12.026,0.8896,0.88983,2.44,2.52
2014.07.02 04:03:14.553,0.8896,0.88983,2.44,2.52
2014.07.02 04:03:14.755,0.8896,0.88984,2.44,2.67
2014.07.02 04:03:17.914,0.88962,0.88984,1.29,1.40
2014.07.02 04:03:18.116,0.88963,0.88985,1.19,1.18
2014.07.02 04:03:18.764,0.88965,0.88985,1.58,1.18
2014.07.02 04:03:20.211,0.88965,0.88985,1.77,1.18
2014.07.02 04:03:21.276,0.88965,0.88985,1.77,1.18
2014.07.02 04:03:21.850,0.88967,0.88988,1.10,2.22
2014.07.02 04:03:21.959,0.88965,0.88988,1.25,1.84
2014.07.02 04:03:22.111,0.88967,0.88988,1.77,1.08
2014.07.02 04:03:22.699,0.8897,0.88992,1.58,3.27
2014.07.02 04:03:28.301,0.8897,0.8899,1.29,1.15
2014.07.02 04:03:29.404,0.8897,0.88992,2.52,3.08
2014.07.02 04:03:30.508,0.8897,0.88992,1.77,3.27
2014.07.02 04:03:33.317,0.8897,0.88992,1.77,3.08
2014.07.02 04:03:34.558,0.8897,0.88992,1.77,3.27
2014.07.02 04:03:36.050,0.8897,0.88992,2.52,3.08
2014.07.02 04:03:37.498,0.8897,0.88992,2.52,3.27
2014.07.02 04:03:39.475,0.8897,0.88992,2.52,1.09
2014.07.02 04:03:39.576,0.88972,0.88995,1.19,2.67
2014.07.02 04:03:41.568,0.8897,0.88994,3.27,1.84
2014.07.02 04:03:47.386,0.8897,0.88994,3.27,1.84
2014.07.02 04:03:49.891,0.8897,0.88994,3.27,1.84
2014.07.02 04:03:50.894,0.8897,0.88994,3.27,1.84
2014.07.02 04:03:52.050,0.8897,0.8899,1.77,1.00
2014.07.02 04:03:53.104,0.8897,0.8899,1.77,1.00
2014.07.02 04:04:05.146,0.88968,0.8899,1.77,1.77
2014.07.02 04:04:05.730,0.88969,0.8899,1.19,1.58
2014.07.02 04:04:09.545,0.88971,0.88994,1.77,1.34
2014.07.02 04:04:12.656,0.88971,0.88994,1.77,1.40
2014.07.02 04:04:18.074,0.88971,0.88994,1.77,1.34
2014.07.02 04:04:19.119,0.88975,0.88994,1.00,1.34
2014.07.02 04:04:19.322,0.88975,0.88996,1.00,1.34
2014.07.02 04:04:19.372,0.88979,0.88996,1.00,1.34
2014.07.02 04:04:19.524,0.88979,0.88997,1.00,1.09
2014.07.02 04:04:22.298,0.88976,0.88999,1.19,1.34
2014.07.02 04:04:23.842,0.8898,0.88999,1.00,1.34
2014.07.02 04:04:29.786,0.8898,0.8899,1.02,1.00
2014.07.02 04:04:29.988,0.88978,0.8899,1.10,1.00
2014.07.02 04:04:30.068,0.88972,0.8899,1.27,1.00
2014.07.02 04:04:30.169,0.8897,0.8899,2.59,1.00
2014.07.02 04:04:30.270,0.8897,0.8899,1.50,1.40
2014.07.02 04:04:33.660,0.88969,0.8899,1.00,1.84
2014.07.02 04:04:34.544,0.88969,0.88989,1.00,1.37
2014.07.02 04:04:37.908,0.88969,0.88989,1.00,1.34
2014.07.02 04:04:38.814,0.88969,0.88989,1.00,1.34
2014.07.02 04:04:51.890,0.8897,0.88987,1.00,1.34
2014.07.02 04:04:52.422,0.8897,0.88987,1.00,1.29
2014.07.02 04:04:52.964,0.8897,0.8899,1.00,1.84
2014.07.02 04:04:56.488,0.8897,0.8899,1.00,1.84
2014.07.02 04:04:56.539,0.8897,0.8899,1.00,1.10
2014.07.02 04:05:00.454,0.8897,0.8899,1.00,1.29
2014.07.02 04:05:04.108,0.8897,0.8899,1.00,1.02
2014.07.02 04:05:06.269,0.8897,0.8899,1.00,1.29
2014.07.02 04:05:07.973,0.8897,0.8899,1.00,1.02
2014.07.02 04:05:08.710,0.8897,0.8899,1.19,1.10
2014.07.02 04:05:11.130,0.8897,0.88991,1.50,1.37
2014.07.02 04:05:14.796,0.8897,0.88986,1.50,1.19
2014.07.02 04:05:15.099,0.88961,0.88979,1.10,1.19
2014.07.02 04:05:15.201,0.88961,0.88977,1.10,1.19
2014.07.02 04:05:15.454,0.88955,0.88975,1.25,1.20
2014.07.02 04:05:16.206,0.88955,0.88976,1.00,1.92
2014.07.02 04:05:18.431,0.88955,0.88978,1.25,1.84
2014.07.02 04:05:19.454,0.88955,0.88978,1.69,1.34
2014.07.02 04:05:22.743,0.88955,0.88978,1.69,1.34
2014.07.02 04:05:26.153,0.88955,0.88978,1.69,1.34
2014.07.02 04:05:31.166,0.88955,0.88978,1.25,1.34
2014.07.02 04:05:32.451,0.88957,0.88976,1.10,1.02
2014.07.02 04:05:32.981,0.88956,0.88978,1.20,1.77
2014.07.02 04:05:33.275,0.88956,0.88978,1.84,1.02
2014.07.02 04:05:35.860,0.8896,0.88978,1.00,1.02
2014.07.02 04:05:44.914,0.88956,0.8898,1.77,2.59
2014.07.02 04:05:45.116,0.8896,0.88976,1.00,1.10
2014.07.02 04:05:51.808,0.88956,0.88978,1.00,1.34
2014.07.02 04:05:52.407,0.8896,0.88978,1.00,1.34
2014.07.02 04:05:53.169,0.8896,0.88978,1.00,1.19
2014.07.02 04:05:54.778,0.88956,0.88979,1.09,1.29
2014.07.02 04:05:55.447,0.88956,0.88977,1.19,1.28
2014.07.02 04:05:55.961,0.88956,0.88978,1.00,1.34
2014.07.02 04:05:57.580,0.88956,0.88979,1.69,1.44
2014.07.02 04:05:57.782,0.88956,0.8898,1.84,3.42
2014.07.02 04:05:57.883,0.8896,0.8898,1.00,2.67
2014.07.02 04:05:58.858,0.8896,0.8898,1.00,1.18
2014.07.02 04:06:00.315,0.88957,0.8898,1.84,1.84
2014.07.02 04:06:01.166,0.88956,0.8898,1.84,3.42
2014.07.02 04:06:09.313,0.88959,0.8898,1.00,2.67
2014.07.02 04:06:09.725,0.88959,0.88979,1.00,1.29
2014.07.02 04:06:10.268,0.88959,0.88979,1.00,1.29
2014.07.02 04:06:15.128,0.8896,0.8898,1.00,2.67
2014.07.02 04:06:15.280,0.8896,0.8898,1.10,1.00
2014.07.02 04:06:15.381,0.88965,0.8898,1.00,1.00
2014.07.02 04:06:15.532,0.88965,0.88984,1.00,1.34
2014.07.02 04:06:15.583,0.88961,0.88984,1.19,1.34
2014.07.02 04:06:15.819,0.88965,0.88984,1.00,1.34
2014.07.02 04:06:16.159,0.88961,0.88984,1.19,1.34
2014.07.02 04:06:19.251,0.8896,0.88983,1.77,1.47
2014.07.02 04:06:20.256,0.8896,0.88983,1.77,1.17
2014.07.02 04:06:26.019,0.8896,0.88983,1.77,1.47
2014.07.02 04:06:27.731,0.8896,0.88983,1.19,1.17
2014.07.02 04:06:28.734,0.8896,0.8898,1.25,1.20
2014.07.02 04:06:40.176,0.88958,0.8898,1.29,1.09
2014.07.02 04:06:41.138,0.88958,0.8898,1.02,1.39
2014.07.02 04:06:43.045,0.88959,0.8898,1.19,1.20
2014.07.02 04:06:49.973,0.8896,0.88983,1.69,1.92
2014.07.02 04:06:50.976,0.8896,0.88983,1.69,1.92
2014.07.02 04:06:51.947,0.8896,0.88983,1.77,1.92
2014.07.02 04:06:53.674,0.8896,0.88983,2.52,1.17
2014.07.02 04:06:55.806,0.8896,0.88983,1.77,1.92
2014.07.02 04:06:56.808,0.8896,0.88981,1.02,1.25
2014.07.02 04:07:00.488,0.8896,0.8898,1.02,1.00
2014.07.02 04:07:01.357,0.8896,0.8898,1.29,1.10
2014.07.02 04:07:01.527,0.88958,0.8898,1.29,1.18
2014.07.02 04:07:02.930,0.88959,0.8898,1.19,1.18
2014.07.02 04:07:04.052,0.88959,0.8898,1.19,1.18
2014.07.02 04:07:13.188,0.8896,0.88983,1.29,1.92
2014.07.02 04:07:13.986,0.8896,0.88983,1.77,1.17
2014.07.02 04:07:19.914,0.8896,0.88983,1.02,1.92
2014.07.02 04:07:22.514,0.8896,0.88983,1.77,1.47
2014.07.02 04:07:24.274,0.8896,0.88983,1.69,1.44
2014.07.02 04:07:24.503,0.8896,0.88981,1.77,1.00
2014.07.02 04:07:25.025,0.88962,0.88983,1.00,1.47
2014.07.02 04:07:26.126,0.8896,0.88983,1.29,2.67
2014.07.02 04:07:26.783,0.8896,0.88983,1.69,1.92
2014.07.02 04:07:27.836,0.8896,0.88983,1.25,2.67
2014.07.02 04:07:32.550,0.8896,0.88983,1.19,2.67
2014.07.02 04:07:33.671,0.8896,0.88982,1.25,1.34
2014.07.02 04:07:34.976,0.88962,0.88982,1.00,1.27
2014.07.02 04:07:35.077,0.88962,0.88983,1.00,1.49
2014.07.02 04:07:35.890,0.88962,0.88981,1.00,1.10
2014.07.02 04:07:36.048,0.8896,0.88981,1.19,1.73
2014.07.02 04:07:36.099,0.88958,0.8898,1.19,1.17
2014.07.02 04:07:36.404,0.88958,0.8898,1.19,1.92
2014.07.02 04:07:36.828,0.88957,0.88975,1.19,1.00
2014.07.02 04:07:36.930,0.88956,0.88978,1.25,1.17
2014.07.02 04:07:37.467,0.88955,0.88978,1.69,1.92
2014.07.02 04:07:38.006,0.88955,0.88977,1.69,1.09
2014.07.02 04:07:40.100,0.88956,0.88977,1.19,1.18
2014.07.02 04:07:42.997,0.88956,0.88979,1.37,1.29
2014.07.02 04:07:43.098,0.8896,0.88979,1.50,1.29
2014.07.02 04:07:43.618,0.8896,0.88982,1.69,1.92
2014.07.02 04:07:54.416,0.88956,0.8898,2.67,2.59
2014.07.02 04:07:54.856,0.8896,0.8898,1.00,1.84
2014.07.02 04:07:56.947,0.88956,0.8898,2.67,2.59
2014.07.02 04:07:58.483,0.88956,0.88979,1.92,1.29
2014.07.02 04:07:58.706,0.8896,0.88979,1.00,1.29
2014.07.02 04:08:00.026,0.88956,0.88979,1.92,1.29
2014.07.02 04:08:01.064,0.88956,0.88978,1.84,1.27
2014.07.02 04:08:01.366,0.88954,0.88975,1.25,1.02
2014.07.02 04:08:01.541,0.88954,0.88975,1.25,1.92
2014.07.02 04:08:01.643,0.88951,0.88974,1.25,1.17
2014.07.02 04:08:03.159,0.88951,0.88973,1.25,1.37
2014.07.02 04:08:03.714,0.8895,0.88972,1.25,1.15
2014.07.02 04:08:07.509,0.88955,0.88971,1.00,1.17
2014.07.02 04:08:07.848,0.88949,0.88965,1.00,1.10
2014.07.02 04:08:07.899,0.88949,0.88967,1.00,1.02
2014.07.02 04:08:08.498,0.8895,0.88967,1.00,1.02
2014.07.02 04:08:09.104,0.8895,0.88971,1.10,1.84
2014.07.02 04:08:09.561,0.88951,0.88972,1.00,1.02
2014.07.02 04:08:09.612,0.88955,0.88972,1.00,1.02
2014.07.02 04:08:10.720,0.88955,0.88973,1.00,1.09
2014.07.02 04:08:11.779,0.88955,0.88973,1.00,1.17
2014.07.02 04:08:12.126,0.88949,0.88972,1.19,1.15
2014.07.02 04:08:12.499,0.88955,0.88972,1.00,1.15
2014.07.02 04:08:17.173,0.88955,0.88974,1.00,1.34
2014.07.02 04:08:18.088,0.88955,0.88974,1.00,1.37
2014.07.02 04:08:18.695,0.88955,0.88975,1.00,2.67
2014.07.02 04:08:19.496,0.88955,0.88972,1.00,1.00
2014.07.02 04:08:20.047,0.88954,0.88972,1.00,1.00
2014.07.02 04:08:26.266,0.88954,0.88972,1.00,1.69
2014.07.02 04:08:29.207,0.88954,0.88972,1.00,1.25
2014.07.02 04:08:29.616,0.8895,0.88972,1.84,1.25
2014.07.02 04:08:30.578,0.8895,0.88972,1.84,1.25
2014.07.02 04:08:32.792,0.8895,0.88972,1.84,1.25
2014.07.02 04:08:33.789,0.8895,0.88972,1.09,1.19
2014.07.02 04:08:35.036,0.88955,0.88972,1.00,1.69
2014.07.02 04:08:35.998,0.88955,0.88972,1.00,1.25
2014.07.02 04:08:36.847,0.88955,0.88972,1.00,1.33
2014.07.02 04:08:37.389,0.88955,0.88972,1.00,1.34
2014.07.02 04:08:43.126,0.88955,0.88972,1.00,1.69
2014.07.02 04:08:43.277,0.88955,0.88974,1.00,1.37
2014.07.02 04:08:48.253,0.88955,0.88973,1.00,1.40
2014.07.02 04:08:52.974,0.8895,0.88973,1.19,1.84
2014.07.02 04:08:53.877,0.8895,0.88972,1.25,1.34
2014.07.02 04:08:58.512,0.8895,0.88971,1.00,1.37
2014.07.02 04:09:01.845,0.88947,0.8897,2.14,1.77
2014.07.02 04:09:02.427,0.88946,0.8897,2.14,3.34
2014.07.02 04:09:03.138,0.88946,0.8897,2.14,3.34
2014.07.02 04:09:03.331,0.8895,0.8897,1.00,2.59
2014.07.02 04:09:07.635,0.88949,0.8897,1.00,1.77
2014.07.02 04:09:07.939,0.88955,0.88973,1.00,1.37
2014.07.02 04:09:08.169,0.8895,0.88971,1.77,1.10
2014.07.02 04:09:08.978,0.8895,0.88971,1.77,1.29
2014.07.02 04:09:09.585,0.8895,0.88971,1.58,1.77
2014.07.02 04:09:11.250,0.8895,0.8897,1.50,1.37
2014.07.02 04:09:12.956,0.8895,0.88971,1.50,1.92
2014.07.02 04:09:22.441,0.8895,0.88971,1.69,1.17
2014.07.02 04:09:24.056,0.8895,0.88971,1.69,1.09
2014.07.02 04:09:24.465,0.88955,0.88972,1.00,1.37
2014.07.02 04:09:24.566,0.8895,0.88972,1.25,1.37
2014.07.02 04:09:24.817,0.88955,0.88972,1.00,1.37
2014.07.02 04:09:27.227,0.88955,0.88974,1.00,1.25
2014.07.02 04:09:28.344,0.88955,0.88975,1.00,1.29
2014.07.02 04:09:29.415,0.88955,0.88977,1.00,1.92
2014.07.02 04:09:33.062,0.88955,0.88975,1.00,1.29
2014.07.02 04:09:35.135,0.88955,0.88974,1.00,2.52
2014.07.02 04:09:36.138,0.88955,0.88974,1.00,1.02
2014.07.02 04:09:37.048,0.88955,0.88974,1.00,1.92
2014.07.02 04:09:40.113,0.8895,0.88974,2.52,2.67
2014.07.02 04:09:41.456,0.8895,0.88974,1.77,1.92
2014.07.02 04:09:43.496,0.8895,0.88971,1.77,1.02
2014.07.02 04:09:44.704,0.8895,0.88971,1.58,1.29
2014.07.02 04:09:51.430,0.8895,0.88971,1.77,1.02
2014.07.02 04:09:54.148,0.8895,0.88971,1.58,1.29
2014.07.02 04:09:55.311,0.8895,0.88971,1.58,1.10
2014.07.02 04:09:57.608,0.8895,0.88973,1.65,1.77
2014.07.02 04:09:57.885,0.88955,0.88974,1.00,1.77
2014.07.02 04:09:58.624,0.88955,0.88974,1.00,1.02
2014.07.02 04:09:59.658,0.88955,0.88974,1.00,2.67
2014.07.02 04:10:06.824,0.8895,0.88972,1.69,1.17
2014.07.02 04:10:07.680,0.8895,0.88972,1.69,1.47
2014.07.02 04:10:13.395,0.88955,0.88972,1.00,1.47
2014.07.02 04:10:13.546,0.8895,0.88972,1.50,1.17
2014.07.02 04:10:18.964,0.8895,0.88971,1.50,1.39
2014.07.02 04:10:21.827,0.8895,0.88971,1.69,1.09
2014.07.02 04:10:22.353,0.88955,0.88971,1.00,1.09
2014.07.02 04:10:31.152,0.8895,0.88973,1.69,1.92
2014.07.02 04:10:31.784,0.8895,0.88973,2.44,1.17
2014.07.02 04:10:35.599,0.8895,0.88973,2.44,1.44
2014.07.02 04:10:40.271,0.8895,0.88973,1.37,1.84
2014.07.02 04:10:44.928,0.8895,0.88973,1.09,1.09
2014.07.02 04:10:46.112,0.88955,0.88973,1.00,1.09
2014.07.02 04:10:49.062,0.88955,0.88973,1.00,1.39
2014.07.02 04:10:49.214,0.8895,0.88973,1.84,1.39
2014.07.02 04:10:50.305,0.88951,0.88974,1.29,1.17
2014.07.02 04:10:51.472,0.8895,0.88974,1.84,1.17
2014.07.02 04:10:52.320,0.8895,0.88974,1.69,1.17
2014.07.02 04:10:58.307,0.8895,0.88973,1.25,1.92
2014.07.02 04:10:58.600,0.8895,0.88973,1.84,1.09
2014.07.02 04:10:59.806,0.8895,0.88973,1.84,1.39
2014.07.02 04:11:00.022,0.8895,0.88972,1.77,1.09
2014.07.02 04:11:02.956,0.8895,0.88972,1.00,1.92
2014.07.02 04:11:08.937,0.8895,0.88971,1.00,1.37
2014.07.02 04:11:14.056,0.8895,0.88972,1.25,1.25
2014.07.02 04:11:14.212,0.8895,0.88973,1.33,1.09
2014.07.02 04:11:15.359,0.8895,0.88973,1.77,1.39
2014.07.02 04:11:16.236,0.8895,0.88973,1.69,1.37
2014.07.02 04:11:16.922,0.8895,0.88973,1.00,1.92
2014.07.02 04:11:32.450,0.8895,0.88971,1.00,1.92
2014.07.02 04:11:36.048,0.88951,0.88971,1.19,1.28
2014.07.02 04:11:36.199,0.88954,0.88975,1.00,1.34
2014.07.02 04:11:36.300,0.88954,0.88976,1.19,1.02
2014.07.02 04:11:36.351,0.88954,0.88975,1.00,1.19
2014.07.02 04:11:36.510,0.8895,0.8897,1.02,1.00
2014.07.02 04:11:37.133,0.8895,0.88969,1.00,1.09
2014.07.02 04:11:54.461,0.88948,0.88969,1.00,1.09
2014.07.02 04:11:54.565,0.8895,0.88969,1.00,1.09
2014.07.02 04:11:54.642,0.88948,0.88969,1.00,1.09
2014.07.02 04:11:54.883,0.8895,0.88969,1.00,1.09
2014.07.02 04:11:56.291,0.88948,0.88969,1.00,1.09
2014.07.02 04:11:59.143,0.88948,0.88969,1.00,1.84
2014.07.02 04:12:00.246,0.88948,0.88969,1.00,1.84
2014.07.02 04:12:02.378,0.88948,0.88968,1.00,1.02
2014.07.02 04:12:05.486,0.88948,0.88968,1.00,1.29
2014.07.02 04:12:16.815,0.88948,0.88968,1.00,1.92
2014.07.02 04:12:17.641,0.88945,0.88965,1.19,1.00
2014.07.02 04:12:18.146,0.88945,0.88968,1.19,2.67
2014.07.02 04:12:18.675,0.88945,0.88967,1.25,1.29
2014.07.02 04:12:22.336,0.88945,0.88968,1.19,2.67
2014.07.02 04:12:23.090,0.88944,0.88965,1.77,1.00
2014.07.02 04:12:24.043,0.88944,0.88965,1.69,1.18
2014.07.02 04:12:24.598,0.88944,0.88965,1.00,2.67
2014.07.02 04:12:25.290,0.88944,0.8896,1.00,1.00
2014.07.02 04:12:25.812,0.88938,0.8896,1.77,1.00
2014.07.02 04:12:26.855,0.88938,0.8896,1.27,1.25
2014.07.02 04:12:28.486,0.88939,0.8896,1.29,1.00
2014.07.02 04:12:29.202,0.8894,0.88961,1.69,1.20
2014.07.02 04:12:29.727,0.8894,0.88961,1.69,1.09
2014.07.02 04:12:30.392,0.8894,0.8896,1.25,1.00
2014.07.02 04:12:37.609,0.88938,0.8896,1.27,1.69
2014.07.02 04:12:38.160,0.8894,0.8896,1.00,1.25
2014.07.02 04:12:38.942,0.88938,0.8896,1.27,1.69
2014.07.02 04:12:41.121,0.88937,0.8896,1.37,1.69
2014.07.02 04:12:42.343,0.8894,0.8896,1.00,1.19
2014.07.02 04:12:47.171,0.8894,0.8896,1.54,1.65
2014.07.02 04:12:47.475,0.8894,0.8896,1.34,1.00
2014.07.02 04:12:47.676,0.8894,0.8896,1.00,1.77
2014.07.02 04:12:50.569,0.8894,0.8896,1.25,1.58
2014.07.02 04:13:00.762,0.8894,0.8896,1.00,1.09
2014.07.02 04:13:04.909,0.8894,0.8896,1.00,1.84
2014.07.02 04:13:06.113,0.8894,0.8896,1.00,1.37
2014.07.02 04:13:07.173,0.8894,0.8896,1.19,1.18
2014.07.02 04:13:08.160,0.8894,0.8896,1.25,1.09
2014.07.02 04:13:09.797,0.8894,0.8896,1.00,1.40
2014.07.02 04:13:10.320,0.88938,0.8896,1.19,1.84
2014.07.02 04:13:11.431,0.88936,0.8896,1.69,3.42
2014.07.02 04:13:12.335,0.88935,0.88956,1.25,1.02
2014.07.02 04:13:12.948,0.88933,0.88955,1.37,1.00
2014.07.02 04:13:15.973,0.88933,0.88955,1.37,1.25
2014.07.02 04:13:16.865,0.88934,0.88955,1.29,1.00
2014.07.02 04:13:17.994,0.88935,0.88956,1.25,1.02
2014.07.02 04:13:20.120,0.88933,0.88955,1.37,1.00
2014.07.02 04:13:25.432,0.88932,0.88955,1.84,1.25
2014.07.02 04:13:25.819,0.88932,0.8895,1.84,1.00
2014.07.02 04:13:33.849,0.88933,0.88955,1.29,1.25
2014.07.02 04:13:38.066,0.88933,0.88955,1.29,1.00
2014.07.02 04:13:39.226,0.88933,0.88955,1.29,1.25
2014.07.02 04:13:39.832,0.88935,0.88955,1.00,1.25
2014.07.02 04:13:39.882,0.88935,0.88955,1.08,1.25
2014.07.02 04:13:45.289,0.8894,0.88958,1.00,1.02
2014.07.02 04:13:45.903,0.8894,0.8896,1.00,1.65
2014.07.02 04:13:46.206,0.88945,0.88965,1.25,1.10
2014.07.02 04:13:46.307,0.88945,0.88965,1.84,1.00
2014.07.02 04:13:46.840,0.88945,0.88967,1.84,1.19
2014.07.02 04:13:48.649,0.88945,0.88966,1.25,1.02
2014.07.02 04:13:50.135,0.8895,0.88968,1.00,1.19
2014.07.02 04:13:50.287,0.8895,0.8897,1.00,1.84
2014.07.02 04:13:51.330,0.8895,0.8897,1.00,1.29
2014.07.02 04:13:52.133,0.88955,0.88971,1.00,1.92
2014.07.02 04:13:52.585,0.88948,0.88966,1.20,1.00
2014.07.02 04:13:52.636,0.88947,0.88964,1.18,1.10
2014.07.02 04:13:52.838,0.88945,0.88964,1.10,1.10
2014.07.02 04:13:53.345,0.88945,0.88966,1.10,1.69
2014.07.02 04:13:54.149,0.88942,0.88964,1.84,1.10
2014.07.02 04:13:54.809,0.88945,0.88964,1.10,1.29
2014.07.02 04:14:02.315,0.88941,0.88965,1.40,2.52
2014.07.02 04:14:03.419,0.88941,0.88965,1.84,2.52
2014.07.02 04:14:04.523,0.88941,0.88965,1.84,2.52
2014.07.02 04:14:05.774,0.88941,0.88965,1.84,2.52
2014.07.02 04:14:06.732,0.88941,0.88965,1.40,1.77
2014.07.02 04:14:07.741,0.88941,0.88965,1.84,2.52
2014.07.02 04:14:08.750,0.88941,0.88965,2.67,1.00
2014.07.02 04:14:13.239,0.88941,0.88965,2.67,1.00
2014.07.02 04:14:13.619,0.88941,0.88963,1.84,1.10
2014.07.02 04:14:14.755,0.88941,0.88964,1.84,1.02
2014.07.02 04:14:17.765,0.88941,0.88965,1.84,2.52
2014.07.02 04:14:21.776,0.88941,0.88965,1.84,2.52
2014.07.02 04:14:22.779,0.88941,0.88965,1.84,2.52
2014.07.02 04:14:23.782,0.88941,0.88965,1.84,2.52
2014.07.02 04:14:25.787,0.88941,0.88964,1.34,1.19
2014.07.02 04:14:27.795,0.88941,0.88965,1.34,1.77
2014.07.02 04:14:29.801,0.88941,0.88964,1.34,1.19
2014.07.02 04:14:32.841,0.88942,0.88965,1.34,1.25
2014.07.02 04:14:33.364,0.88945,0.88966,1.00,1.84
2014.07.02 04:14:36.340,0.8895,0.88966,1.00,1.84
2014.07.02 04:14:36.500,0.8895,0.88967,1.00,1.02
2014.07.02 04:14:37.331,0.88945,0.88968,1.84,1.77
2014.07.02 04:14:37.886,0.88945,0.88966,1.84,1.02
2014.07.02 04:14:40.631,0.8895,0.88968,1.00,1.77
2014.07.02 04:14:41.407,0.88945,0.88966,1.65,1.02
2014.07.02 04:14:41.609,0.8895,0.88966,1.00,1.29
2014.07.02 04:14:44.038,0.88945,0.88967,1.65,1.19
2014.07.02 04:14:44.392,0.88949,0.88966,1.00,1.29
2014.07.02 04:14:45.011,0.88949,0.88966,1.00,1.77
2014.07.02 04:14:45.129,0.88945,0.88966,1.15,1.77
2014.07.02 04:14:45.249,0.88945,0.88966,1.00,1.77
2014.07.02 04:14:45.469,0.88945,0.88966,1.00,2.52
2014.07.02 04:14:47.110,0.8895,0.88966,1.00,2.52
2014.07.02 04:14:47.211,0.8895,0.88966,1.00,1.25
2014.07.02 04:14:47.549,0.88946,0.88968,1.18,1.19
2014.07.02 04:14:48.205,0.88946,0.88967,1.18,1.77
2014.07.02 04:14:53.613,0.88946,0.88967,1.09,1.02
2014.07.02 04:15:00.572,0.88946,0.88968,1.84,1.02
2014.07.02 04:15:02.538,0.88946,0.88968,1.84,1.10
2014.07.02 04:15:05.546,0.88946,0.88968,1.84,1.02
2014.07.02 04:15:08.205,0.88946,0.88968,1.34,1.02
2014.07.02 04:15:10.163,0.88946,0.88968,1.40,1.29
2014.07.02 04:15:12.872,0.88946,0.88968,1.84,1.02
2014.07.02 04:15:28.038,0.88946,0.88967,1.15,1.19
2014.07.02 04:15:29.053,0.88946,0.88968,1.84,1.02
2014.07.02 04:15:33.054,0.88946,0.88968,1.40,1.77
2014.07.02 04:15:37.065,0.88946,0.88968,1.34,1.02
2014.07.02 04:15:40.990,0.88949,0.88968,1.00,1.10
2014.07.02 04:15:43.006,0.88949,0.88968,1.00,1.77
2014.07.02 04:15:45.128,0.88949,0.88968,1.00,1.02
2014.07.02 04:15:56.047,0.88945,0.88968,1.84,1.02
2014.07.02 04:15:56.154,0.88945,0.88967,1.40,1.19
2014.07.02 04:15:57.158,0.88945,0.88968,1.84,1.02
2014.07.02 04:16:07.140,0.88945,0.88967,1.34,1.02
2014.07.02 04:16:08.083,0.88945,0.88967,1.40,1.29
2014.07.02 04:16:08.688,0.88945,0.88967,1.25,1.29
2014.07.02 04:16:10.096,0.88945,0.88965,1.25,1.10
2014.07.02 04:16:10.607,0.88942,0.88965,1.40,2.52
2014.07.02 04:16:15.712,0.88942,0.88964,1.34,1.02
2014.07.02 04:16:25.736,0.88942,0.88964,1.34,1.29
2014.07.02 04:16:26.738,0.88942,0.88964,1.34,1.02
2014.07.02 04:16:29.346,0.88942,0.88966,2.22,3.27
2014.07.02 04:16:30.607,0.88942,0.88966,1.84,3.34
2014.07.02 04:16:31.295,0.88942,0.88965,1.47,1.25
2014.07.02 04:16:32.856,0.88942,0.88965,2.22,1.19
2014.07.02 04:16:34.863,0.88942,0.88965,2.22,1.19
2014.07.02 04:16:35.868,0.88942,0.88965,1.47,1.00
2014.07.02 04:16:37.171,0.88942,0.88965,1.47,1.69
2014.07.02 04:16:38.176,0.88942,0.88964,1.37,1.02
2014.07.02 04:16:50.936,0.88942,0.88964,1.09,1.29
2014.07.02 04:16:51.552,0.88942,0.88964,1.02,1.39
2014.07.02 04:16:53.536,0.88945,0.88964,1.00,1.84
2014.07.02 04:16:54.248,0.88945,0.88965,1.00,1.37
2014.07.02 04:17:05.086,0.88942,0.8896,2.14,1.00
2014.07.02 04:17:10.318,0.88942,0.8896,1.39,1.00
2014.07.02 04:17:11.340,0.88942,0.8896,1.39,1.00
2014.07.02 04:17:15.645,0.88945,0.88965,1.00,2.59
2014.07.02 04:17:16.436,0.88945,0.88965,1.00,1.84
2014.07.02 04:17:18.444,0.88945,0.88965,1.00,1.84
2014.07.02 04:17:20.454,0.88945,0.88965,1.00,1.84
2014.07.02 04:17:23.539,0.88945,0.88965,1.08,1.25
2014.07.02 04:17:23.693,0.88948,0.88965,1.00,1.00
2014.07.02 04:17:38.743,0.88945,0.88965,2.67,1.00
2014.07.02 04:17:48.315,0.8895,0.88968,1.00,1.29
2014.07.02 04:17:49.562,0.8895,0.88969,1.00,1.92
2014.07.02 04:17:58.640,0.8895,0.88969,1.00,1.92
2014.07.02 04:17:59.094,0.88948,0.88965,1.00,1.00
2014.07.02 04:18:08.775,0.8895,0.88969,1.00,1.84
2014.07.02 04:18:09.668,0.8895,0.88969,1.10,1.02
2014.07.02 04:18:13.659,0.8895,0.88969,1.00,1.39
2014.07.02 04:18:18.686,0.8895,0.88969,1.00,1.09
2014.07.02 04:18:21.697,0.8895,0.88969,1.00,1.39
2014.07.02 04:18:24.606,0.8895,0.88969,1.00,1.09
2014.07.02 04:18:29.605,0.88949,0.88969,1.00,1.09
2014.07.02 04:18:30.626,0.88949,0.88969,1.00,1.84
2014.07.02 04:18:33.637,0.88949,0.88969,1.00,1.84
2014.07.02 04:18:34.639,0.88949,0.88969,1.00,1.84
2014.07.02 04:18:35.643,0.88949,0.88969,1.00,1.84
2014.07.02 04:18:37.646,0.88949,0.88969,1.00,1.84
2014.07.02 04:18:44.334,0.8895,0.88969,1.00,1.39
2014.07.02 04:18:44.847,0.8895,0.88969,1.00,1.84
2014.07.02 04:18:47.692,0.8895,0.88969,1.00,1.84
2014.07.02 04:18:54.317,0.8895,0.88966,1.00,1.19
2014.07.02 04:18:54.368,0.88945,0.88966,1.73,1.19
2014.07.02 04:18:54.621,0.88945,0.88966,1.58,1.19
2014.07.02 04:18:55.750,0.88943,0.88965,1.19,1.09
2014.07.02 04:18:56.345,0.88945,0.88966,1.00,1.47
2014.07.02 04:18:57.096,0.88942,0.88965,1.84,1.37
2014.07.02 04:18:57.314,0.88945,0.88966,1.00,1.47
2014.07.02 04:18:57.804,0.88941,0.88965,1.84,3.04
2014.07.02 04:18:57.855,0.8894,0.88962,1.84,1.25
2014.07.02 04:18:58.379,0.8894,0.88962,1.69,1.02
2014.07.02 04:18:59.333,0.8894,0.88962,1.25,1.29
2014.07.02 04:19:00.337,0.8894,0.88962,1.19,1.29
2014.07.02 04:19:01.343,0.8894,0.88962,1.19,1.02
2014.07.02 04:19:03.348,0.8894,0.88962,1.25,1.29
2014.07.02 04:19:08.381,0.8894,0.88962,1.00,1.02
2014.07.02 04:19:12.297,0.88945,0.88962,1.00,1.02
2014.07.02 04:19:12.962,0.88945,0.88962,1.00,1.29
2014.07.02 04:19:14.404,0.88945,0.88962,1.00,1.02
2014.07.02 04:19:15.688,0.88945,0.88962,1.00,1.29
2014.07.02 04:19:22.731,0.88945,0.88962,1.00,1.02
2014.07.02 04:19:23.824,0.8894,0.88962,1.00,1.02
2014.07.02 04:19:24.374,0.88944,0.88962,1.00,1.02
2014.07.02 04:19:25.585,0.8894,0.88962,1.00,1.02
2014.07.02 04:19:25.642,0.8894,0.88961,1.00,1.19
2014.07.02 04:19:26.048,0.8894,0.88958,1.00,1.77
2014.07.02 04:19:26.149,0.88935,0.88958,1.08,1.77
2014.07.02 04:19:26.250,0.88935,0.88954,1.08,1.00
2014.07.02 04:19:26.851,0.8894,0.88954,1.00,1.00
2014.07.02 04:19:27.365,0.88935,0.88954,1.00,1.00
2014.07.02 04:19:28.418,0.88935,0.88954,1.00,2.52
2014.07.02 04:19:30.388,0.88935,0.88954,1.00,1.25
2014.07.02 04:19:31.392,0.88935,0.88954,1.00,1.77
2014.07.02 04:19:32.421,0.88935,0.88954,1.00,2.52
2014.07.02 04:19:32.473,0.88935,0.88953,1.00,2.44
2014.07.02 04:19:33.304,0.88935,0.88952,1.00,2.52
2014.07.02 04:19:36.103,0.8893,0.88952,1.69,3.27
2014.07.02 04:19:41.097,0.88935,0.88952,1.00,3.27
2014.07.02 04:19:52.649,0.8894,0.88952,1.00,3.27
2014.07.02 04:19:53.043,0.88935,0.88952,1.00,1.34
2014.07.02 04:19:55.435,0.88935,0.88952,1.00,1.37
2014.07.02 04:19:55.556,0.88935,0.88953,1.00,1.34
2014.07.02 04:19:56.511,0.88935,0.88953,1.00,1.34
2014.07.02 04:19:57.547,0.88935,0.88954,1.00,1.40
2014.07.02 04:19:58.189,0.88935,0.88954,1.00,1.09
2014.07.02 04:19:58.749,0.88935,0.88953,1.00,1.09
2014.07.02 04:20:04.043,0.8894,0.88954,1.00,3.08
2014.07.02 04:20:05.803,0.88935,0.88954,1.00,3.27
2014.07.02 04:20:06.023,0.88939,0.88954,1.00,3.27
2014.07.02 04:20:06.246,0.88939,0.88955,1.00,1.17
2014.07.02 04:20:06.757,0.8894,0.88958,1.00,1.84
2014.07.02 04:20:08.930,0.88945,0.88959,1.00,4.69
2014.07.02 04:20:09.470,0.88945,0.8896,1.00,4.02
2014.07.02 04:20:10.004,0.88945,0.8896,1.00,1.00
2014.07.02 04:20:10.156,0.88945,0.88958,1.00,1.10
2014.07.02 04:20:10.545,0.8895,0.88959,1.00,1.39
2014.07.02 04:20:10.874,0.88945,0.8896,1.00,2.67
2014.07.02 04:20:11.026,0.88945,0.8896,1.00,1.77
2014.07.02 04:20:11.711,0.88944,0.8896,1.00,1.25
2014.07.02 04:20:16.959,0.88944,0.88963,1.00,2.67
2014.07.02 04:20:17.792,0.88945,0.88963,1.00,1.84
2014.07.02 04:20:22.114,0.8894,0.88963,1.19,1.84
2014.07.02 04:20:22.772,0.88945,0.88963,1.00,1.84
2014.07.02 04:20:23.872,0.8894,0.88963,1.19,1.84
2014.07.02 04:20:24.988,0.8894,0.88963,1.19,1.84
2014.07.02 04:20:25.994,0.8894,0.88963,1.19,1.84
2014.07.02 04:20:28.042,0.8894,0.8896,1.19,1.00
2014.07.02 04:20:29.869,0.8894,0.8896,1.25,1.00
2014.07.02 04:20:33.979,0.8894,0.8896,1.19,1.00
2014.07.02 04:20:34.984,0.8894,0.8896,1.00,1.00
2014.07.02 04:20:36.962,0.88945,0.8896,1.00,1.00
2014.07.02 04:20:47.140,0.88945,0.8896,1.00,1.69
2014.07.02 04:20:47.443,0.8894,0.8896,1.00,1.84
2014.07.02 04:20:50.524,0.88936,0.88959,1.19,1.92
2014.07.02 04:20:50.727,0.88935,0.88956,2.52,1.08
2014.07.02 04:20:50.778,0.88935,0.88956,1.77,1.40
2014.07.02 04:20:52.811,0.88931,0.88953,1.39,1.02
2014.07.02 04:20:52.862,0.88931,0.88953,1.39,1.09
2014.07.02 04:20:53.164,0.88935,0.8895,1.00,1.10
2014.07.02 04:21:00.612,0.8894,0.8895,1.00,1.10
2014.07.02 04:21:00.828,0.8894,0.88954,1.00,1.10
2014.07.02 04:21:02.592,0.88939,0.88954,1.00,1.10
2014.07.02 04:21:05.123,0.8894,0.88954,1.00,1.10
2014.07.02 04:21:12.842,0.88935,0.88954,1.25,1.10
2014.07.02 04:21:12.945,0.88935,0.88951,1.00,1.00
2014.07.02 04:21:13.248,0.88935,0.88951,1.00,1.17
2014.07.02 04:21:13.551,0.88935,0.88951,1.00,1.92
2014.07.02 04:21:15.793,0.8893,0.88951,1.00,1.73
2014.07.02 04:21:30.940,0.8893,0.88951,1.00,2.67
2014.07.02 04:21:32.939,0.8893,0.88951,1.00,1.92
2014.07.02 04:21:33.941,0.88935,0.88951,1.00,1.09
2014.07.02 04:21:34.179,0.8893,0.88951,1.00,1.09
2014.07.02 04:21:39.001,0.88935,0.88951,1.00,1.09
2014.07.02 04:21:42.582,0.88929,0.88951,1.25,1.37
2014.07.02 04:21:44.961,0.88935,0.88951,1.00,1.37
2014.07.02 04:21:45.202,0.8893,0.88951,1.00,1.84
2014.07.02 04:21:45.951,0.88935,0.88951,1.00,1.84
2014.07.02 04:21:46.061,0.8893,0.88951,1.00,1.84
2014.07.02 04:22:01.157,0.88935,0.88951,1.00,1.37
2014.07.02 04:22:02.560,0.8893,0.88951,1.00,1.37
2014.07.02 04:22:07.093,0.8893,0.88951,1.00,1.84
2014.07.02 04:22:17.204,0.8893,0.88951,1.00,1.19
2014.07.02 04:22:18.194,0.8893,0.88951,1.00,1.19
2014.07.02 04:22:20.052,0.88935,0.88951,1.00,1.19
2014.07.02 04:22:20.237,0.88935,0.88953,1.00,2.14
2014.07.02 04:22:22.943,0.88935,0.88955,1.00,1.92
2014.07.02 04:22:24.890,0.8894,0.88954,1.00,1.09
2014.07.02 04:22:25.193,0.88945,0.88954,1.00,1.08
2014.07.02 04:22:25.945,0.88945,0.88954,1.00,1.00
2014.07.02 04:22:25.996,0.8894,0.88954,1.00,1.00
2014.07.02 04:22:26.337,0.88945,0.88954,1.00,1.00
2014.07.02 04:22:26.438,0.8894,0.88954,1.00,1.00
2014.07.02 04:22:28.733,0.8894,0.88958,1.00,4.84
2014.07.02 04:22:29.274,0.8894,0.88956,1.00,1.84
2014.07.02 04:22:29.964,0.8894,0.88956,1.00,1.39
2014.07.02 04:22:30.065,0.88935,0.88955,1.00,1.25
2014.07.02 04:22:30.166,0.88935,0.88954,1.00,1.72
2014.07.02 04:22:30.469,0.88935,0.8895,1.00,1.69
2014.07.02 04:22:31.051,0.88934,0.8895,1.00,2.52
2014.07.02 04:22:31.273,0.8893,0.88951,1.00,1.34
2014.07.02 04:22:34.020,0.88935,0.88951,1.00,1.92
2014.07.02 04:22:37.040,0.8893,0.8895,1.00,1.34
2014.07.02 04:22:37.614,0.88935,0.88949,1.00,1.37
2014.07.02 04:22:38.145,0.88935,0.88949,1.00,1.19
2014.07.02 04:22:38.689,0.88935,0.88951,1.00,1.39
2014.07.02 04:22:39.534,0.88935,0.88951,1.00,1.39
2014.07.02 04:22:40.880,0.88929,0.88951,1.25,1.39
2014.07.02 04:22:41.237,0.88934,0.88951,1.00,1.39
2014.07.02 04:22:41.980,0.8893,0.8895,1.00,1.25
2014.07.02 04:22:45.439,0.8893,0.8895,1.19,1.00
2014.07.02 04:22:46.444,0.8893,0.8895,1.25,1.00
2014.07.02 04:22:56.577,0.8893,0.8895,1.00,1.19
2014.07.02 04:22:57.050,0.88935,0.8895,1.00,1.19
2014.07.02 04:22:57.619,0.88935,0.8895,1.00,1.00
2014.07.02 04:23:10.176,0.8893,0.8895,1.00,1.25
2014.07.02 04:23:23.352,0.88935,0.8895,1.00,1.00
2014.07.02 04:23:24.770,0.88935,0.88953,1.00,1.34
2014.07.02 04:23:25.508,0.88935,0.88953,1.00,1.19
2014.07.02 04:23:25.614,0.88935,0.88954,1.00,1.02
2014.07.02 04:23:27.877,0.8894,0.88954,1.00,1.25
2014.07.02 04:23:28.190,0.88945,0.88954,1.00,1.00
2014.07.02 04:23:32.543,0.88945,0.88962,1.00,1.37
2014.07.02 04:23:35.450,0.88945,0.88962,1.00,1.02
2014.07.02 04:23:40.410,0.8895,0.88962,1.00,1.02
2014.07.02 04:23:40.663,0.8895,0.88966,1.00,1.84
2014.07.02 04:23:41.410,0.8895,0.88966,1.00,1.09
2014.07.02 04:23:41.852,0.88955,0.88966,1.00,1.00
2014.07.02 04:23:42.004,0.88955,0.88975,1.00,1.77
2014.07.02 04:23:42.131,0.88953,0.88975,1.09,1.19
2014.07.02 04:23:42.876,0.88952,0.88973,1.18,1.00
2014.07.02 04:23:44.978,0.88952,0.88973,1.10,1.10
2014.07.02 04:23:48.579,0.88955,0.88973,1.00,1.10
2014.07.02 04:23:48.999,0.88955,0.88976,1.00,1.29
2014.07.02 04:23:53.309,0.8896,0.88976,1.00,1.29
2014.07.02 04:23:53.810,0.88959,0.88976,1.00,1.10
2014.07.02 04:23:54.419,0.8896,0.88976,1.00,1.10
2014.07.02 04:24:05.079,0.88954,0.8897,1.29,1.00
2014.07.02 04:24:05.130,0.88952,0.8897,1.58,1.00
2014.07.02 04:24:05.232,0.8895,0.8897,1.02,1.00
2014.07.02 04:24:05.333,0.88948,0.88965,1.15,1.00
2014.07.02 04:24:05.484,0.88948,0.88965,1.00,1.00
2014.07.02 04:24:05.849,0.88945,0.88968,2.59,1.09
2014.07.02 04:24:06.152,0.88945,0.88967,1.02,1.29
2014.07.02 04:24:06.202,0.88945,0.88964,1.02,1.00
2014.07.02 04:24:09.649,0.88941,0.88964,1.92,1.19
2014.07.02 04:24:18.679,0.88945,0.88964,1.10,1.25
2014.07.02 04:24:20.182,0.8895,0.88966,1.00,1.77
2014.07.02 04:24:20.685,0.8895,0.88967,1.00,1.29
2014.07.02 04:24:21.691,0.8895,0.88968,1.00,1.37
2014.07.02 04:24:23.747,0.88951,0.8897,1.10,1.34
2014.07.02 04:24:24.275,0.8895,0.8897,1.00,1.34
2014.07.02 04:24:26.206,0.8895,0.8897,1.00,1.40
2014.07.02 04:24:27.651,0.88948,0.88968,1.19,1.10
2014.07.02 04:24:27.702,0.88946,0.88968,1.84,1.02
2014.07.02 04:24:29.608,0.8895,0.88968,1.00,1.02
2014.07.02 04:24:33.669,0.8895,0.88968,1.00,1.29
2014.07.02 04:24:34.716,0.8895,0.88968,1.00,1.02
2014.07.02 04:24:42.847,0.88946,0.8897,1.84,3.42
2014.07.02 04:24:43.720,0.88946,0.88969,1.84,1.37
2014.07.02 04:24:46.590,0.8895,0.88969,1.00,1.37
2014.07.02 04:24:47.251,0.8895,0.88969,1.00,1.34
2014.07.02 04:24:47.810,0.88955,0.88969,1.00,1.34
2014.07.02 04:24:48.128,0.88949,0.88969,1.00,1.34
2014.07.02 04:24:48.381,0.8895,0.8897,1.39,1.00
2014.07.02 04:24:48.583,0.88955,0.8897,1.00,1.00
2014.07.02 04:24:48.684,0.88955,0.88973,1.00,1.37
2014.07.02 04:24:53.078,0.88951,0.88974,1.77,1.34
2014.07.02 04:24:53.610,0.88951,0.88973,1.02,1.37
2014.07.02 04:24:53.661,0.8895,0.88971,2.40,1.19
2014.07.02 04:24:54.719,0.8895,0.8897,1.00,1.27
2014.07.02 04:25:01.089,0.8895,0.8897,1.00,1.37
2014.07.02 04:25:01.689,0.8895,0.8897,1.00,1.29
2014.07.02 04:25:06.724,0.8895,0.8897,1.00,1.29
2014.07.02 04:25:09.736,0.8895,0.88971,1.00,1.84
2014.07.02 04:25:10.777,0.8895,0.88971,1.00,1.84
2014.07.02 04:25:16.760,0.8895,0.8897,1.00,1.29
2014.07.02 04:25:17.765,0.8895,0.88971,1.00,1.84
2014.07.02 04:25:21.782,0.8895,0.88971,1.00,1.84
2014.07.02 04:25:24.809,0.8895,0.8897,1.00,1.29
2014.07.02 04:25:25.180,0.88955,0.8897,1.00,1.29
2014.07.02 04:25:25.811,0.88955,0.88971,1.00,1.84
2014.07.02 04:25:26.644,0.8895,0.88971,1.00,2.22
2014.07.02 04:25:26.846,0.8895,0.88969,1.00,1.19
2014.07.02 04:25:29.853,0.88955,0.8897,1.00,1.29
2014.07.02 04:25:30.055,0.8895,0.8897,1.00,1.29
2014.07.02 04:25:34.841,0.8895,0.88969,1.00,1.19
2014.07.02 04:25:37.848,0.8895,0.88969,1.00,1.19
2014.07.02 04:25:38.872,0.8895,0.88968,1.00,1.19
2014.07.02 04:25:40.856,0.8895,0.88967,1.00,1.19
2014.07.02 04:25:42.864,0.8895,0.88969,1.00,1.29
2014.07.02 04:25:43.868,0.8895,0.8897,1.00,1.37
2014.07.02 04:25:45.048,0.88955,0.8897,1.00,1.37
2014.07.02 04:25:46.367,0.8895,0.8897,1.00,1.37
2014.07.02 04:25:46.912,0.8895,0.8897,1.00,1.37
2014.07.02 04:25:50.657,0.88955,0.8897,1.00,1.37
2014.07.02 04:25:51.761,0.8895,0.8897,1.00,1.37
2014.07.02 04:25:52.911,0.8895,0.88969,1.00,1.29
2014.07.02 04:25:54.917,0.8895,0.88969,1.00,1.29
2014.07.02 04:25:56.921,0.8895,0.88969,1.00,1.29
2014.07.02 04:25:57.146,0.88955,0.88969,1.00,1.29
2014.07.02 04:25:57.925,0.88955,0.88969,1.00,1.29
2014.07.02 04:25:58.071,0.88949,0.88969,1.00,1.29
2014.07.02 04:25:58.908,0.8895,0.88969,1.00,1.29
2014.07.02 04:26:03.944,0.8895,0.88969,1.00,1.37
2014.07.02 04:26:05.989,0.8895,0.88968,1.00,1.29
2014.07.02 04:26:06.305,0.88946,0.88968,1.20,1.29
2014.07.02 04:26:06.507,0.88945,0.88966,1.58,1.37
2014.07.02 04:26:07.038,0.88945,0.88962,1.00,1.10
2014.07.02 04:26:11.772,0.88945,0.88962,1.00,1.29
2014.07.02 04:26:13.147,0.88945,0.88962,1.00,1.10
2014.07.02 04:26:14.681,0.8895,0.88962,1.00,1.10
2014.07.02 04:26:16.325,0.88945,0.88962,1.00,1.10
2014.07.02 04:26:21.786,0.88944,0.88966,1.25,1.84
2014.07.02 04:26:22.559,0.88945,0.88965,1.00,1.34
2014.07.02 04:26:26.076,0.8895,0.88966,1.00,1.84
2014.07.02 04:26:26.587,0.88949,0.88966,1.00,1.34
2014.07.02 04:26:27.208,0.88949,0.88966,1.00,1.84
2014.07.02 04:26:28.211,0.88945,0.88966,1.25,1.40
2014.07.02 04:26:29.097,0.88945,0.88962,1.00,1.19
2014.07.02 04:26:29.402,0.88945,0.88959,1.00,1.19
2014.07.02 04:26:29.604,0.8894,0.88959,1.00,1.19
2014.07.02 04:26:29.705,0.8894,0.88957,1.00,1.19
2014.07.02 04:26:29.858,0.88941,0.8896,1.10,1.69
2014.07.02 04:26:30.060,0.88939,0.8896,1.10,2.59
2014.07.02 04:26:30.638,0.8894,0.88959,2.33,1.37
2014.07.02 04:26:32.066,0.88941,0.8896,1.10,1.34
2014.07.02 04:26:39.549,0.8894,0.88959,2.33,1.37
2014.07.02 04:26:39.701,0.88942,0.88961,1.10,1.34
2014.07.02 04:26:40.459,0.8894,0.88959,1.50,1.37
2014.07.02 04:26:40.560,0.88938,0.88959,1.10,1.37
2014.07.02 04:26:41.697,0.88937,0.88959,1.10,1.37
2014.07.02 04:26:45.270,0.88937,0.88958,1.10,1.29
2014.07.02 04:26:47.276,0.88937,0.88958,1.10,1.29
2014.07.02 04:26:51.904,0.8894,0.88958,1.00,1.37
2014.07.02 04:26:54.302,0.8894,0.88957,1.00,1.29
2014.07.02 04:26:55.826,0.88945,0.88957,1.00,1.29
2014.07.02 04:26:56.267,0.8894,0.88957,1.00,1.19
2014.07.02 04:26:56.859,0.8894,0.88958,1.00,1.19
2014.07.02 04:26:58.386,0.88945,0.88958,1.00,1.19
2014.07.02 04:26:59.320,0.88945,0.8896,1.00,1.37
2014.07.02 04:27:04.076,0.88943,0.8896,1.00,1.19
2014.07.02 04:27:05.088,0.8894,0.8896,1.10,1.69
2014.07.02 04:27:05.392,0.88938,0.88958,1.10,1.29
2014.07.02 04:27:05.694,0.88936,0.88958,1.77,3.27
2014.07.02 04:27:06.533,0.88935,0.88954,1.10,1.34
2014.07.02 04:27:06.634,0.88932,0.88952,1.00,1.34
2014.07.02 04:27:06.685,0.88932,0.8895,1.00,1.34
2014.07.02 04:27:06.736,0.8893,0.88949,1.00,1.40
2014.07.02 04:27:07.320,0.88929,0.8895,1.10,1.84
2014.07.02 04:27:08.791,0.88929,0.8895,1.10,1.77
2014.07.02 04:27:09.799,0.88929,0.88949,1.10,1.19
2014.07.02 04:27:11.670,0.88929,0.8895,1.10,1.77
2014.07.02 04:27:12.909,0.88931,0.8895,1.10,1.29
2014.07.02 04:27:13.711,0.88931,0.88952,1.10,1.84
2014.07.02 04:27:14.844,0.8893,0.88951,1.58,1.37
2014.07.02 04:27:15.690,0.88929,0.8895,1.10,1.77
2014.07.02 04:27:16.596,0.8893,0.8895,1.10,1.77
2014.07.02 04:27:17.496,0.8893,0.88949,1.58,1.19
2014.07.02 04:27:18.701,0.8893,0.88948,1.00,1.19
2014.07.02 04:27:20.711,0.8893,0.8895,1.10,1.29
2014.07.02 04:27:20.925,0.88928,0.88946,1.13,1.19
2014.07.02 04:27:21.126,0.88925,0.88944,1.00,1.00
2014.07.02 04:27:21.379,0.88927,0.88948,1.00,1.34
2014.07.02 04:27:21.695,0.8893,0.88948,1.00,1.29
2014.07.02 04:27:22.338,0.8893,0.88949,1.00,1.37
2014.07.02 04:27:23.340,0.8893,0.88948,1.00,1.29
2014.07.02 04:27:26.850,0.8893,0.88949,1.00,1.37
2014.07.02 04:27:27.886,0.8893,0.88948,1.00,1.29
2014.07.02 04:27:28.275,0.88935,0.88948,1.00,1.19
2014.07.02 04:27:28.636,0.88932,0.88948,1.00,1.19
2014.07.02 04:27:29.168,0.8893,0.88949,1.18,1.19
2014.07.02 04:27:29.860,0.8893,0.88948,1.18,1.19
2014.07.02 04:27:33.879,0.8893,0.8895,1.18,1.19
2014.07.02 04:27:34.878,0.8893,0.88949,1.18,1.19
2014.07.02 04:27:35.698,0.88932,0.88951,1.00,1.19
2014.07.02 04:27:35.800,0.88935,0.88951,1.00,1.19
2014.07.02 04:27:40.410,0.88935,0.88952,1.00,1.19
2014.07.02 04:27:40.745,0.88932,0.88952,1.00,1.19
2014.07.02 04:27:41.400,0.88932,0.8895,1.00,1.19
2014.07.02 04:27:46.442,0.88935,0.88951,1.00,1.19
2014.07.02 04:27:49.448,0.88935,0.8895,1.00,1.19
2014.07.02 04:27:58.476,0.88935,0.88951,1.00,1.19
2014.07.02 04:27:59.481,0.88935,0.8895,1.00,1.19
2014.07.02 04:28:03.536,0.88932,0.8895,1.00,1.19
2014.07.02 04:28:04.155,0.88932,0.88951,1.00,1.19
2014.07.02 04:28:06.164,0.88932,0.8895,1.00,1.19
2014.07.02 04:28:09.175,0.88932,0.88951,1.00,1.19
2014.07.02 04:28:12.205,0.88932,0.8895,1.00,1.19
2014.07.02 04:28:15.199,0.88932,0.88951,1.00,1.19
2014.07.02 04:28:22.650,0.88932,0.8895,1.00,1.19
2014.07.02 04:28:23.217,0.8893,0.8895,1.18,1.19
2014.07.02 04:28:24.315,0.88932,0.8895,1.00,1.19
2014.07.02 04:28:28.630,0.88935,0.8895,1.00,1.19
2014.07.02 04:28:32.141,0.88932,0.8895,1.10,1.19
2014.07.02 04:28:33.590,0.88932,0.88951,1.10,1.19
2014.07.02 04:28:37.964,0.88934,0.88951,1.00,1.19
2014.07.02 04:28:47.909,0.88935,0.88951,1.00,1.19
2014.07.02 04:28:49.355,0.88935,0.88952,1.00,1.19
2014.07.02 04:28:50.430,0.8894,0.88952,1.00,1.19
2014.07.02 04:28:50.481,0.8894,0.88954,1.00,1.19
2014.07.02 04:28:52.505,0.8894,0.88956,1.00,1.77
2014.07.02 04:28:54.587,0.88935,0.88951,1.58,1.19
2014.07.02 04:28:54.912,0.8894,0.88951,1.00,1.19
2014.07.02 04:28:55.164,0.88934,0.88951,1.00,1.19
2014.07.02 04:28:55.665,0.8893,0.88951,1.73,1.19
2014.07.02 04:29:04.412,0.8893,0.88951,1.65,1.19
2014.07.02 04:29:07.442,0.8893,0.88949,1.10,1.19
2014.07.02 04:29:08.413,0.8893,0.8895,1.65,1.19
2014.07.02 04:29:14.487,0.8893,0.88948,1.10,1.19
2014.07.02 04:29:15.489,0.8893,0.88949,1.20,1.19
2014.07.02 04:29:18.496,0.88929,0.8895,1.73,1.69
2014.07.02 04:29:20.505,0.88929,0.88949,1.18,1.19
2014.07.02 04:29:27.334,0.8893,0.8895,1.10,1.00
2014.07.02 04:29:27.947,0.88929,0.8895,1.18,1.69
2014.07.02 04:29:28.929,0.88929,0.8895,1.00,1.77
2014.07.02 04:29:31.023,0.88929,0.88945,1.00,1.00
2014.07.02 04:29:31.376,0.8893,0.88948,1.00,1.19
2014.07.02 04:29:31.477,0.8893,0.8895,1.00,1.29
2014.07.02 04:29:32.184,0.88929,0.8895,1.00,1.77
2014.07.02 04:29:37.780,0.88929,0.88948,1.00,1.19
2014.07.02 04:29:38.565,0.88929,0.88945,1.00,1.00
2014.07.02 04:29:43.586,0.8893,0.88947,1.00,1.19
2014.07.02 04:29:43.637,0.8893,0.8895,1.00,1.29
2014.07.02 04:29:44.172,0.8893,0.8895,1.65,1.19
2014.07.02 04:29:44.723,0.8893,0.88951,1.65,1.19
2014.07.02 04:29:48.494,0.8893,0.88951,2.85,1.19
2014.07.02 04:29:48.764,0.8893,0.88952,3.04,1.19
2014.07.02 04:29:49.615,0.8893,0.88951,2.48,1.19
2014.07.02 04:29:50.611,0.8893,0.88952,2.67,1.19
2014.07.02 04:29:53.655,0.8893,0.88951,1.65,1.19
2014.07.02 04:29:55.622,0.8893,0.88952,1.65,1.19
2014.07.02 04:30:07.103,0.8893,0.8895,1.40,1.00
2014.07.02 04:30:07.259,0.8893,0.8895,1.25,1.00
2014.07.02 04:30:10.714,0.8893,0.8895,1.58,1.19
2014.07.02 04:30:11.719,0.8893,0.8895,1.58,1.25
2014.07.02 04:30:12.725,0.8893,0.8895,1.00,1.69
2014.07.02 04:30:16.741,0.8893,0.88949,1.00,1.19
2014.07.02 04:30:20.753,0.8893,0.88949,1.00,1.19
2014.07.02 04:30:23.212,0.8893,0.88946,1.00,1.19
2014.07.02 04:30:23.313,0.88926,0.88946,1.10,1.19
2014.07.02 04:30:24.695,0.88926,0.88947,1.10,1.19
2014.07.02 04:30:25.525,0.88926,0.88949,1.29,1.37
2014.07.02 04:30:25.843,0.88929,0.88949,1.00,1.37
2014.07.02 04:30:27.510,0.88926,0.88947,1.10,1.19
2014.07.02 04:30:29.717,0.88926,0.88945,1.00,1.19
2014.07.02 04:30:32.727,0.88926,0.88944,1.00,1.19
2014.07.02 04:30:32.778,0.88922,0.88944,1.92,1.19
2014.07.02 04:30:33.237,0.88922,0.88942,1.00,1.19
2014.07.02 04:30:35.740,0.88922,0.88941,1.00,1.19
2014.07.02 04:30:38.849,0.88922,0.88942,1.00,1.19
2014.07.02 04:30:39.416,0.88922,0.8894,1.00,1.00
2014.07.02 04:30:40.786,0.88922,0.88942,1.00,1.19
2014.07.02 04:30:46.802,0.88922,0.88943,1.00,1.29
2014.07.02 04:30:49.812,0.88922,0.88942,1.00,1.19
2014.07.02 04:30:51.656,0.88922,0.88941,1.00,1.19
2014.07.02 04:30:52.606,0.8892,0.88941,1.73,1.19
2014.07.02 04:30:53.150,0.88922,0.88942,1.00,1.19
2014.07.02 04:30:54.765,0.88922,0.88943,1.65,1.19
2014.07.02 04:31:11.272,0.88925,0.88943,1.00,1.19
2014.07.02 04:31:15.821,0.88925,0.88944,1.00,1.19
2014.07.02 04:31:17.322,0.88922,0.88944,1.15,1.19
2014.07.02 04:31:18.120,0.88925,0.88944,1.00,1.19
2014.07.02 04:31:19.302,0.88923,0.88944,1.28,1.19
2014.07.02 04:31:23.046,0.88923,0.88945,1.28,1.69
2014.07.02 04:31:26.065,0.88923,0.88944,1.28,1.19
2014.07.02 04:31:27.771,0.88925,0.88944,1.00,1.19
2014.07.02 04:31:28.321,0.88925,0.88945,1.00,1.19
2014.07.02 04:31:29.078,0.88925,0.88945,1.00,1.19
2014.07.02 04:31:31.072,0.88924,0.88945,1.28,1.69
2014.07.02 04:31:31.786,0.88922,0.88945,1.92,1.69
2014.07.02 04:31:32.093,0.88922,0.88944,1.73,1.19
2014.07.02 04:31:34.100,0.88922,0.88944,1.73,1.19
2014.07.02 04:31:35.102,0.88922,0.88944,1.92,1.19
2014.07.02 04:31:38.109,0.88922,0.88944,1.92,1.19
2014.07.02 04:31:39.110,0.88922,0.88944,1.92,1.19
2014.07.02 04:31:41.115,0.88922,0.88944,1.92,1.19
2014.07.02 04:31:43.121,0.88922,0.88944,1.73,1.19
2014.07.02 04:31:46.129,0.88922,0.88944,1.92,1.19
2014.07.02 04:31:49.283,0.88924,0.88945,1.20,1.69
2014.07.02 04:31:49.633,0.88926,0.88947,1.10,1.19
2014.07.02 04:31:49.937,0.8893,0.88949,1.10,1.19
2014.07.02 04:31:50.269,0.88934,0.8895,1.00,1.19
2014.07.02 04:31:50.469,0.88932,0.8895,1.10,1.19
2014.07.02 04:31:51.069,0.88932,0.8895,1.10,1.00
2014.07.02 04:31:59.093,0.88932,0.8895,1.10,1.19
2014.07.02 04:31:59.230,0.8893,0.8895,1.65,1.19
2014.07.02 04:31:59.835,0.8893,0.88949,1.00,1.29
2014.07.02 04:32:00.799,0.8893,0.88949,1.00,1.29
2014.07.02 04:32:01.571,0.88928,0.88949,1.10,1.29
2014.07.02 04:32:09.934,0.88928,0.88947,1.10,1.19
2014.07.02 04:32:10.442,0.8893,0.88949,1.10,1.29
2014.07.02 04:32:11.395,0.8893,0.88949,1.10,1.29
2014.07.02 04:32:14.842,0.88931,0.8895,1.10,1.25
2014.07.02 04:32:15.357,0.88931,0.8895,1.25,1.25
2014.07.02 04:32:15.913,0.88933,0.8895,1.10,1.00
2014.07.02 04:32:17.738,0.88934,0.8895,1.00,1.00
2014.07.02 04:32:38.830,0.88934,0.88952,1.58,1.19
2014.07.02 04:32:38.950,0.88934,0.88954,1.58,1.29
2014.07.02 04:32:39.934,0.88934,0.88954,1.58,1.29
2014.07.02 04:32:40.972,0.88934,0.88953,1.00,1.19
2014.07.02 04:32:41.985,0.88934,0.88954,1.00,1.29
2014.07.02 04:32:43.981,0.88934,0.88955,1.58,1.37
2014.07.02 04:32:48.600,0.88934,0.88955,1.65,1.29
2014.07.02 04:32:49.123,0.88934,0.88954,1.18,1.19
2014.07.02 04:32:49.540,0.88934,0.8895,1.18,1.00
2014.07.02 04:32:55.086,0.88934,0.88951,1.18,1.25
2014.07.02 04:32:55.632,0.88934,0.8895,1.18,1.00
2014.07.02 04:32:56.362,0.88934,0.88953,1.18,1.19
2014.07.02 04:32:58.016,0.88934,0.88954,1.18,1.19
2014.07.02 04:33:00.022,0.88934,0.88954,1.18,1.19
2014.07.02 04:33:05.078,0.88934,0.88954,1.18,1.19
2014.07.02 04:33:10.106,0.88934,0.88955,1.18,1.69
2014.07.02 04:33:11.063,0.88934,0.88954,1.18,1.19
2014.07.02 04:33:11.673,0.88934,0.88953,1.18,1.19
2014.07.02 04:33:14.600,0.88934,0.88953,1.18,1.19
2014.07.02 04:33:16.607,0.88934,0.88954,1.18,1.19
2014.07.02 04:33:20.619,0.8893,0.88954,4.39,1.19
2014.07.02 04:33:20.926,0.8893,0.88951,3.45,1.19
2014.07.02 04:33:21.822,0.8893,0.88952,3.64,1.19
2014.07.02 04:33:22.851,0.88932,0.88953,1.25,1.19
2014.07.02 04:33:23.480,0.88932,0.8895,1.25,1.00
2014.07.02 04:33:26.780,0.8893,0.88951,2.89,1.25
2014.07.02 04:33:37.899,0.88932,0.88954,1.17,1.19
2014.07.02 04:33:40.880,0.88932,0.88955,2.29,1.19
2014.07.02 04:33:43.873,0.88931,0.88955,1.72,1.69
2014.07.02 04:33:48.973,0.88931,0.88955,1.57,1.69
2014.07.02 04:33:50.266,0.88931,0.88955,3.57,1.69
2014.07.02 04:33:50.389,0.88931,0.88955,2.89,1.25
2014.07.02 04:33:51.107,0.88931,0.8895,2.89,1.00
2014.07.02 04:34:11.152,0.8893,0.8895,3.64,1.00
2014.07.02 04:34:11.732,0.88932,0.8895,1.54,1.00
2014.07.02 04:34:20.679,0.8893,0.88951,1.47,1.00
2014.07.02 04:34:22.769,0.8893,0.88954,2.22,1.19
2014.07.02 04:34:23.454,0.8893,0.88953,1.47,1.19
2014.07.02 04:34:25.444,0.8893,0.88954,2.22,1.19
2014.07.02 04:34:28.453,0.88931,0.88955,2.29,1.19
2014.07.02 04:34:31.266,0.88931,0.88955,2.29,1.19
2014.07.02 04:34:32.477,0.88931,0.88954,1.82,1.19
2014.07.02 04:34:35.473,0.88931,0.88955,2.29,1.19
2014.07.02 04:34:37.480,0.8893,0.88954,3.64,1.19
2014.07.02 04:34:38.518,0.88931,0.88955,1.72,1.19
2014.07.02 04:34:39.488,0.88931,0.88955,1.72,1.19
2014.07.02 04:34:40.490,0.88931,0.88955,1.72,1.19
2014.07.02 04:34:48.611,0.88932,0.88955,1.54,1.69
2014.07.02 04:34:51.619,0.88932,0.88955,2.29,1.19
2014.07.02 04:34:52.651,0.88932,0.88955,2.29,1.25
2014.07.02 04:34:53.659,0.88932,0.88955,2.29,1.19
2014.07.02 04:35:02.056,0.8893,0.88952,4.47,1.19
2014.07.02 04:35:03.061,0.8893,0.88954,5.22,1.19
2014.07.02 04:35:06.071,0.8893,0.88954,5.22,1.19
2014.07.02 04:35:09.890,0.88932,0.88955,1.47,1.25
2014.07.02 04:35:16.101,0.88932,0.88954,1.54,1.19
2014.07.02 04:35:16.590,0.88932,0.8895,1.54,1.00
2014.07.02 04:35:23.722,0.8893,0.88954,5.22,1.19
2014.07.02 04:35:27.539,0.88931,0.88955,1.72,1.69
2014.07.02 04:35:28.543,0.88932,0.88955,1.54,1.25
2014.07.02 04:35:31.293,0.88933,0.88955,1.19,1.25
2014.07.02 04:35:31.954,0.88933,0.88955,1.19,1.25
2014.07.02 04:35:32.564,0.88933,0.88955,1.19,1.25
2014.07.02 04:35:33.560,0.88933,0.88955,1.29,1.19
2014.07.02 04:35:35.168,0.88932,0.88955,1.32,1.19
2014.07.02 04:35:44.090,0.88932,0.8895,1.32,1.00
2014.07.02 04:35:44.241,0.8893,0.8895,1.02,1.00
2014.07.02 04:35:45.118,0.8893,0.8895,1.29,1.00
2014.07.02 04:35:45.480,0.88933,0.8895,1.10,1.00
2014.07.02 04:35:47.280,0.88933,0.88955,1.10,1.69
2014.07.02 04:35:49.133,0.88933,0.88955,1.10,1.19
2014.07.02 04:35:50.548,0.8893,0.88955,2.89,1.19
2014.07.02 04:35:53.145,0.8893,0.88955,2.14,1.69
2014.07.02 04:35:54.149,0.8893,0.88954,2.89,1.19
2014.07.02 04:35:55.077,0.8893,0.88954,3.04,1.19
2014.07.02 04:35:59.187,0.8893,0.88952,2.29,1.19
2014.07.02 04:36:00.191,0.88931,0.88955,1.47,1.77
2014.07.02 04:36:02.205,0.88933,0.88955,1.09,1.29
2014.07.02 04:36:07.240,0.88933,0.88956,1.39,1.84
2014.07.02 04:36:08.218,0.88933,0.88956,1.20,1.84
2014.07.02 04:36:10.243,0.88931,0.88955,1.47,1.77
2014.07.02 04:36:15.274,0.88931,0.88955,1.47,1.69
2014.07.02 04:36:18.246,0.88931,0.88955,1.47,1.69
2014.07.02 04:36:20.250,0.88931,0.88955,1.47,1.69
2014.07.02 04:36:21.262,0.88933,0.88955,1.47,1.19
2014.07.02 04:36:22.295,0.88933,0.88955,1.17,1.00
2014.07.02 04:36:27.218,0.88933,0.88955,1.17,1.19
2014.07.02 04:36:31.230,0.88931,0.88955,1.47,1.69
2014.07.02 04:36:32.333,0.88931,0.88955,1.47,1.69
2014.07.02 04:36:40.350,0.88933,0.88956,1.47,1.77
2014.07.02 04:36:41.353,0.88933,0.88956,1.17,1.77
2014.07.02 04:36:43.289,0.88933,0.8895,1.17,1.00
2014.07.02 04:36:43.442,0.88928,0.8895,1.54,1.19
2014.07.02 04:36:43.969,0.88932,0.8895,1.10,1.19
2014.07.02 04:36:45.380,0.88932,0.8895,1.10,1.00
2014.07.02 04:36:47.740,0.8893,0.8895,1.73,1.00
2014.07.02 04:36:52.360,0.8893,0.8895,1.84,1.10
2014.07.02 04:36:58.739,0.88932,0.8895,1.10,1.10
2014.07.02 04:36:59.179,0.8893,0.88951,1.25,1.09
2014.07.02 04:36:59.545,0.8893,0.88949,1.00,1.19
2014.07.02 04:36:59.646,0.88928,0.88949,1.20,1.19
2014.07.02 04:37:05.534,0.88926,0.88946,1.73,1.19
2014.07.02 04:37:06.564,0.88926,0.88947,1.73,1.19
2014.07.02 04:37:07.572,0.88926,0.88948,1.77,1.37
2014.07.02 04:37:08.591,0.88926,0.88949,1.77,1.34
2014.07.02 04:37:14.129,0.88928,0.8895,1.10,2.59
2014.07.02 04:37:15.220,0.88928,0.8895,1.10,2.59
2014.07.02 04:37:17.319,0.88928,0.8895,1.02,1.84
2014.07.02 04:37:21.128,0.88926,0.88945,2.67,1.00
2014.07.02 04:37:21.705,0.88926,0.88945,1.92,1.00
2014.07.02 04:37:35.223,0.88926,0.88945,1.09,1.00
2014.07.02 04:37:37.631,0.88926,0.88946,1.02,1.00
2014.07.02 04:37:38.135,0.88926,0.88945,1.10,1.10
2014.07.02 04:37:51.419,0.88924,0.88945,1.77,1.02
2014.07.02 04:37:51.520,0.88924,0.8894,1.02,1.00
2014.07.02 04:38:03.918,0.88925,0.8894,1.00,1.00
2014.07.02 04:38:16.348,0.88922,0.8894,1.28,1.00
2014.07.02 04:38:16.698,0.88925,0.8894,1.00,1.00
2014.07.02 04:38:16.901,0.88922,0.8894,1.20,1.00
2014.07.02 04:38:17.322,0.88922,0.88935,1.20,1.00
2014.07.02 04:38:17.738,0.88922,0.88939,1.20,1.00
2014.07.02 04:38:26.078,0.88923,0.88939,1.10,1.00
2014.07.02 04:38:26.290,0.88925,0.88939,1.00,1.00
2014.07.02 04:38:28.539,0.88925,0.88942,1.00,1.00
2014.07.02 04:38:29.208,0.88925,0.88945,1.00,1.27
2014.07.02 04:38:29.865,0.88925,0.88945,1.00,1.27
2014.07.02 04:38:30.868,0.88925,0.88945,1.00,1.27
2014.07.02 04:38:33.850,0.88925,0.88945,1.00,1.27
2014.07.02 04:38:34.842,0.88925,0.88945,1.00,1.27
2014.07.02 04:38:37.868,0.88922,0.88945,2.22,1.77
2014.07.02 04:38:38.001,0.88925,0.88944,1.00,1.29
2014.07.02 04:38:38.054,0.88925,0.88945,1.00,1.84
2014.07.02 04:38:42.898,0.88925,0.88945,1.00,1.02
2014.07.02 04:38:45.882,0.88924,0.88945,1.25,1.02
2014.07.02 04:38:50.924,0.88924,0.88945,1.77,1.29
2014.07.02 04:38:51.075,0.88926,0.88945,1.10,1.10
2014.07.02 04:38:54.458,0.88924,0.88945,1.77,1.02
2014.07.02 04:38:55.209,0.88924,0.88945,1.10,2.52
2014.07.02 04:38:55.914,0.88925,0.88945,1.00,1.77
2014.07.02 04:38:56.531,0.88925,0.88945,1.00,1.77
2014.07.02 04:39:02.044,0.88925,0.88945,1.00,1.84
2014.07.02 04:39:05.045,0.88925,0.88945,1.00,1.84
2014.07.02 04:39:06.049,0.88925,0.88945,1.00,1.84
2014.07.02 04:39:08.059,0.88925,0.88945,1.00,1.84
2014.07.02 04:39:10.016,0.88925,0.88945,1.00,1.84
2014.07.02 04:39:21.123,0.88925,0.88945,1.00,1.02
2014.07.02 04:39:22.153,0.88925,0.88945,1.00,1.77
2014.07.02 04:39:23.156,0.88925,0.88945,1.00,1.77
2014.07.02 04:39:24.135,0.88925,0.88945,1.00,1.02
2014.07.02 04:39:27.147,0.88925,0.88944,1.00,1.19
2014.07.02 04:39:30.115,0.88925,0.88945,1.00,1.77
2014.07.02 04:39:34.190,0.88925,0.88945,1.00,1.02
2014.07.02 04:39:35.193,0.88925,0.88945,1.00,1.77
2014.07.02 04:39:40.214,0.88925,0.88945,1.00,1.77
2014.07.02 04:39:44.230,0.88925,0.88945,1.00,1.77
2014.07.02 04:39:46.274,0.88925,0.88946,1.00,1.37
2014.07.02 04:39:47.250,0.88925,0.88944,1.00,1.19
2014.07.02 04:39:49.282,0.88925,0.88945,1.00,1.29
2014.07.02 04:39:51.174,0.8893,0.88945,1.00,1.29
2014.07.02 04:39:51.713,0.8893,0.88947,1.00,1.34
2014.07.02 04:39:53.795,0.8893,0.88943,1.00,1.00
2014.07.02 04:39:59.621,0.88929,0.88943,1.00,1.00
2014.07.02 04:40:00.311,0.8893,0.88943,1.00,1.00
2014.07.02 04:40:01.791,0.8893,0.88946,1.00,1.33
2014.07.02 04:40:03.320,0.8893,0.88946,1.00,1.25
2014.07.02 04:40:05.329,0.8893,0.88946,1.00,1.19
2014.07.02 04:40:06.467,0.8893,0.88946,1.00,1.25
2014.07.02 04:40:22.408,0.8893,0.88948,1.58,1.29
2014.07.02 04:40:26.422,0.8893,0.8895,1.00,2.67
2014.07.02 04:40:28.443,0.8893,0.88949,1.00,1.92
2014.07.02 04:40:28.532,0.88926,0.88949,1.39,1.92
2014.07.02 04:40:29.194,0.8893,0.88949,1.00,1.92
2014.07.02 04:40:29.697,0.8893,0.88947,1.00,1.19
2014.07.02 04:40:30.353,0.88929,0.88949,1.00,1.92
2014.07.02 04:40:30.978,0.8893,0.88948,1.00,1.39
2014.07.02 04:40:31.359,0.88935,0.88948,1.00,1.84
2014.07.02 04:40:31.655,0.8893,0.88948,1.00,1.84
2014.07.02 04:40:32.135,0.88926,0.88948,1.02,1.92
2014.07.02 04:40:32.921,0.88925,0.88946,1.25,1.09
2014.07.02 04:40:34.218,0.88926,0.88946,1.10,1.09
2014.07.02 04:40:34.540,0.8893,0.88946,1.00,1.09
2014.07.02 04:40:34.624,0.88926,0.88946,1.10,1.09
2014.07.02 04:40:34.978,0.8893,0.88946,1.00,1.09
2014.07.02 04:40:35.079,0.88926,0.88946,1.10,1.09
2014.07.02 04:40:37.421,0.8893,0.88946,1.00,1.09
2014.07.02 04:40:45.834,0.88929,0.88949,1.00,2.29
2014.07.02 04:40:46.353,0.88926,0.88949,1.25,2.29
2014.07.02 04:40:47.996,0.88925,0.88946,1.25,1.09
2014.07.02 04:40:48.113,0.8893,0.88946,1.00,1.09
2014.07.02 04:40:52.133,0.8893,0.88946,1.00,1.25
2014.07.02 04:40:56.059,0.8893,0.88949,1.00,2.29
2014.07.02 04:40:57.063,0.8893,0.88948,1.00,1.37
2014.07.02 04:41:00.107,0.8893,0.88948,1.00,1.37
2014.07.02 04:41:01.092,0.88926,0.88948,1.25,1.37
2014.07.02 04:41:02.081,0.88926,0.88948,1.00,1.37
2014.07.02 04:41:02.743,0.8893,0.88948,1.00,1.37
2014.07.02 04:41:02.962,0.88926,0.88948,1.00,1.37
2014.07.02 04:41:05.054,0.8893,0.88948,1.00,1.92
2014.07.02 04:41:06.096,0.8893,0.88948,1.00,1.47
2014.07.02 04:41:08.105,0.8893,0.88948,1.00,1.92
2014.07.02 04:41:09.110,0.8893,0.88949,1.00,2.29
2014.07.02 04:41:10.068,0.8893,0.88948,1.00,1.44
2014.07.02 04:41:10.573,0.88925,0.88947,1.00,1.34
2014.07.02 04:41:10.783,0.8893,0.88947,1.00,1.34
2014.07.02 04:41:11.688,0.8893,0.88948,1.00,2.22
2014.07.02 04:41:12.224,0.8893,0.88948,1.00,1.84
2014.07.02 04:41:12.840,0.8893,0.88948,1.00,1.37
2014.07.02 04:41:18.752,0.88935,0.88948,1.00,1.37
2014.07.02 04:41:18.904,0.8893,0.88948,1.00,1.37
2014.07.02 04:41:20.172,0.88935,0.88948,1.00,1.18
2014.07.02 04:41:21.274,0.8893,0.88948,1.00,1.09
2014.07.02 04:41:29.326,0.88925,0.88948,1.77,1.09
2014.07.02 04:41:32.243,0.88925,0.88948,1.84,1.29
2014.07.02 04:41:32.294,0.8893,0.88948,1.00,1.29
2014.07.02 04:41:32.822,0.88925,0.88948,1.84,1.84
2014.07.02 04:41:35.252,0.88925,0.88948,1.77,1.27
2014.07.02 04:41:36.273,0.88929,0.88948,1.25,1.00
2014.07.02 04:41:36.793,0.8893,0.88951,1.00,1.44
2014.07.02 04:41:37.308,0.88927,0.88949,1.29,1.02
2014.07.02 04:41:38.542,0.8893,0.88949,1.00,1.02
2014.07.02 04:41:40.082,0.88928,0.8895,1.25,1.37
2014.07.02 04:41:40.195,0.8893,0.88951,1.00,1.92
2014.07.02 04:41:40.734,0.8893,0.88948,1.00,1.00
2014.07.02 04:41:41.554,0.88925,0.88948,1.92,1.25
2014.07.02 04:41:41.892,0.8893,0.88948,1.00,1.25
2014.07.02 04:41:43.434,0.8893,0.88948,1.00,1.19
2014.07.02 04:41:44.083,0.88925,0.88948,1.84,1.19
2014.07.02 04:41:44.134,0.88925,0.88946,1.00,1.29
2014.07.02 04:41:44.452,0.88925,0.88946,1.00,1.34
2014.07.02 04:41:51.039,0.8893,0.8894,1.00,1.00
2014.07.02 04:41:51.140,0.88921,0.8894,1.02,1.08
2014.07.02 04:41:51.357,0.8892,0.88936,1.19,1.00
2014.07.02 04:41:51.408,0.88919,0.88936,1.00,1.00
2014.07.02 04:41:51.509,0.88915,0.88934,1.84,1.00
2014.07.02 04:41:52.013,0.88915,0.88934,1.00,1.84
2014.07.02 04:41:52.701,0.88915,0.88934,1.00,2.59
2014.07.02 04:41:54.976,0.88915,0.88934,1.00,1.77
2014.07.02 04:41:55.301,0.8892,0.88938,1.00,2.22
2014.07.02 04:41:55.973,0.8892,0.88938,1.00,1.84
2014.07.02 04:41:56.483,0.88919,0.88938,1.00,1.37
2014.07.02 04:41:57.874,0.8892,0.88938,1.00,1.37
2014.07.02 04:42:01.352,0.88919,0.8894,1.00,1.47
2014.07.02 04:42:01.894,0.8892,0.8894,1.00,1.84
2014.07.02 04:42:03.113,0.88925,0.8894,1.00,1.34
2014.07.02 04:42:07.662,0.8892,0.8894,1.00,1.84
2014.07.02 04:42:08.541,0.88924,0.8894,1.00,1.34
2014.07.02 04:42:16.812,0.88925,0.88942,1.00,3.64
2014.07.02 04:42:17.312,0.88925,0.88943,1.00,1.37
2014.07.02 04:42:19.008,0.88921,0.88943,1.19,1.09
2014.07.02 04:42:19.109,0.88925,0.88943,1.00,1.09
2014.07.02 04:42:22.959,0.88925,0.88947,1.25,1.39
2014.07.02 04:42:23.061,0.88925,0.88947,1.25,1.39
2014.07.02 04:42:23.111,0.8893,0.88947,1.00,1.39
2014.07.02 04:42:26.140,0.88925,0.88948,1.77,2.52
2014.07.02 04:42:26.982,0.88925,0.88947,1.25,1.39
2014.07.02 04:42:29.881,0.8893,0.88947,1.00,1.39
2014.07.02 04:42:32.016,0.88925,0.88947,1.25,1.39
2014.07.02 04:42:38.832,0.88925,0.88946,1.00,1.37
2014.07.02 04:42:40.838,0.88925,0.88946,1.00,1.37
2014.07.02 04:42:41.100,0.8893,0.88944,1.00,1.00
2014.07.02 04:42:48.141,0.88929,0.88944,1.00,1.00
2014.07.02 04:42:51.334,0.88925,0.88944,1.25,1.00
2014.07.02 04:42:51.690,0.88925,0.88944,1.25,1.15
2014.07.02 04:43:09.861,0.88924,0.88944,1.00,1.84
2014.07.02 04:43:10.385,0.88925,0.88944,1.00,1.40
2014.07.02 04:43:14.290,0.8893,0.88944,1.00,1.84
2014.07.02 04:43:14.559,0.8893,0.88946,1.00,1.37
2014.07.02 04:43:14.661,0.88925,0.88944,1.00,1.00
2014.07.02 04:43:14.762,0.88925,0.88943,1.00,1.40
2014.07.02 04:43:15.064,0.88929,0.88943,1.00,1.15
2014.07.02 04:43:20.120,0.88925,0.88943,1.00,1.15
2014.07.02 04:43:28.590,0.88921,0.88943,1.19,1.40
2014.07.02 04:43:30.937,0.88921,0.88943,1.19,1.40
2014.07.02 04:43:31.038,0.88925,0.88943,1.00,1.40
2014.07.02 04:43:31.891,0.88921,0.88943,1.19,1.40
2014.07.02 04:43:32.444,0.8892,0.88943,2.52,1.40
2014.07.02 04:43:32.948,0.88921,0.88943,1.19,1.40
2014.07.02 04:43:33.764,0.88924,0.88943,1.00,1.40
2014.07.02 04:43:34.420,0.88925,0.88943,1.00,1.40
2014.07.02 04:43:35.202,0.88925,0.88943,1.00,1.02
2014.07.02 04:43:36.227,0.88922,0.88943,1.02,1.02
2014.07.02 04:43:37.092,0.88925,0.88943,1.00,1.02
2014.07.02 04:43:38.602,0.88924,0.88943,1.00,1.02
2014.07.02 04:43:39.123,0.88925,0.88943,1.00,1.29
2014.07.02 04:43:39.371,0.8892,0.88943,1.84,1.29
2014.07.02 04:43:42.161,0.88925,0.88943,1.00,2.59
2014.07.02 04:43:43.026,0.88925,0.88943,1.00,2.59
2014.07.02 04:43:43.260,0.8892,0.88943,1.09,2.59
2014.07.02 04:43:43.375,0.88925,0.88943,1.00,2.59
2014.07.02 04:43:43.842,0.8892,0.88943,1.25,2.67
2014.07.02 04:43:44.039,0.88925,0.88943,1.00,2.67
2014.07.02 04:43:44.408,0.8892,0.88943,1.19,2.67
2014.07.02 04:43:45.140,0.8892,0.88942,1.25,1.34
2014.07.02 04:43:45.588,0.88925,0.88942,1.00,1.34
2014.07.02 04:43:46.058,0.8892,0.88942,1.25,1.34
2014.07.02 04:43:46.340,0.88925,0.88942,1.00,1.34
2014.07.02 04:43:47.222,0.8892,0.88942,1.00,1.34
2014.07.02 04:43:47.730,0.88919,0.88942,1.25,1.34
2014.07.02 04:43:48.541,0.88924,0.8894,1.00,1.02
2014.07.02 04:43:48.652,0.8892,0.8894,1.00,1.02
2014.07.02 04:43:49.232,0.8892,0.8894,1.00,1.29
2014.07.02 04:43:50.092,0.8892,0.8894,1.19,1.10
2014.07.02 04:43:50.658,0.88917,0.8894,1.92,2.14
2014.07.02 04:43:50.709,0.88916,0.88938,1.33,1.84
2014.07.02 04:43:50.760,0.88916,0.88938,1.25,1.92
2014.07.02 04:43:50.912,0.88916,0.88935,1.00,1.29
2014.07.02 04:43:50.963,0.88911,0.88932,1.34,1.00
2014.07.02 04:43:51.165,0.88909,0.88928,1.40,1.00
2014.07.02 04:43:52.370,0.8891,0.88928,1.18,1.00
2014.07.02 04:43:52.420,0.8891,0.88928,1.10,1.00
2014.07.02 04:43:53.149,0.88909,0.88923,1.18,1.00
2014.07.02 04:43:53.409,0.88909,0.88926,1.18,1.00
2014.07.02 04:43:53.909,0.88909,0.88928,1.18,1.00
2014.07.02 04:44:00.098,0.88906,0.88928,1.27,1.00
2014.07.02 04:44:01.630,0.8891,0.88928,1.00,1.00
2014.07.02 04:44:06.400,0.88907,0.88928,1.29,1.00
2014.07.02 04:44:07.138,0.8891,0.88928,1.00,1.00
2014.07.02 04:44:07.830,0.88915,0.88928,1.00,1.00
2014.07.02 04:44:16.461,0.88915,0.88934,1.00,4.02
2014.07.02 04:44:16.631,0.88915,0.88934,1.00,1.84
2014.07.02 04:44:17.300,0.8892,0.88934,1.00,1.84
2014.07.02 04:44:17.452,0.88915,0.88934,1.00,1.34
2014.07.02 04:44:17.741,0.8892,0.88934,1.00,1.34
2014.07.02 04:44:17.959,0.88915,0.88934,1.00,1.34
2014.07.02 04:44:21.838,0.88915,0.8893,1.00,1.00
2014.07.02 04:44:22.782,0.88915,0.88932,1.00,1.00
2014.07.02 04:44:24.146,0.88911,0.88932,1.92,1.00
2014.07.02 04:44:24.562,0.88911,0.88932,1.27,1.08
2014.07.02 04:44:24.922,0.88915,0.8893,1.00,1.10
2014.07.02 04:44:32.150,0.8891,0.8893,1.58,1.10
2014.07.02 04:44:33.063,0.88915,0.8893,1.00,1.02
2014.07.02 04:44:40.111,0.8891,0.8893,2.52,1.10
2014.07.02 04:44:40.358,0.88915,0.8893,1.00,1.00
2014.07.02 04:44:43.533,0.88915,0.88934,1.00,1.92
2014.07.02 04:44:43.787,0.88915,0.88934,1.00,1.92
2014.07.02 04:44:43.891,0.88911,0.8893,1.19,1.18
2014.07.02 04:44:43.942,0.8891,0.8893,1.77,1.18
2014.07.02 04:44:44.094,0.88915,0.8893,1.00,1.18
2014.07.02 04:44:44.661,0.8891,0.8893,1.00,1.09
2014.07.02 04:44:44.763,0.8891,0.88926,1.00,1.00
2014.07.02 04:44:44.868,0.88905,0.88926,1.25,1.09
2014.07.02 04:44:49.274,0.88905,0.88926,1.09,1.25
2014.07.02 04:44:49.778,0.88906,0.88926,1.84,1.00
2014.07.02 04:44:50.866,0.88907,0.88926,1.19,1.00
2014.07.02 04:44:53.510,0.88905,0.88926,2.67,1.00
2014.07.02 04:44:54.028,0.88905,0.88926,1.09,1.25
2014.07.02 04:44:54.995,0.88903,0.88926,1.34,1.69
2014.07.02 04:44:57.670,0.88902,0.88926,2.67,2.52
2014.07.02 04:45:07.853,0.88905,0.88926,1.77,1.08
2014.07.02 04:45:08.289,0.8891,0.88926,1.00,1.00
2014.07.02 04:45:08.813,0.8891,0.88929,1.00,1.29
2014.07.02 04:45:08.863,0.8891,0.8893,1.00,1.92
2014.07.02 04:45:11.049,0.88915,0.8893,1.00,1.92
2014.07.02 04:45:11.863,0.88915,0.88933,1.00,1.92
2014.07.02 04:45:14.122,0.8891,0.8893,1.58,1.00
2014.07.02 04:45:14.602,0.88915,0.8893,1.00,1.10
2014.07.02 04:45:15.109,0.88915,0.8893,1.00,1.29
2014.07.02 04:45:15.552,0.8891,0.8893,1.58,1.77
2014.07.02 04:45:15.771,0.88915,0.8893,1.00,1.29
2014.07.02 04:45:16.030,0.8891,0.8893,1.58,1.77
2014.07.02 04:45:16.141,0.88915,0.8893,1.00,1.02
2014.07.02 04:45:16.869,0.88909,0.88929,1.09,1.10
2014.07.02 04:45:18.432,0.88907,0.88928,1.34,1.10
2014.07.02 04:45:22.240,0.88906,0.88928,1.69,1.17
2014.07.02 04:45:22.927,0.88906,0.88928,1.69,1.17
2014.07.02 04:45:23.030,0.8891,0.88928,1.00,1.17
2014.07.02 04:45:29.409,0.88909,0.88928,1.00,1.17
2014.07.02 04:45:31.037,0.88909,0.88928,1.10,1.10
2014.07.02 04:45:31.931,0.88909,0.88927,1.10,1.10
2014.07.02 04:45:32.531,0.8891,0.88928,1.00,1.20
2014.07.02 04:45:38.799,0.88909,0.88929,1.25,1.28
2014.07.02 04:45:38.901,0.88909,0.8893,1.25,1.77
2014.07.02 04:45:39.469,0.8891,0.8893,1.00,1.00
2014.07.02 04:45:40.026,0.8891,0.8893,1.69,1.00
2014.07.02 04:45:41.038,0.8891,0.8893,1.69,1.00
2014.07.02 04:45:44.892,0.88911,0.88933,1.25,1.44
2014.07.02 04:45:45.195,0.88915,0.88933,1.00,1.20
2014.07.02 04:45:46.081,0.88914,0.88933,1.00,1.20
2014.07.02 04:45:46.757,0.88914,0.88932,1.00,1.10
2014.07.02 04:45:47.483,0.88914,0.88933,1.77,1.10
2014.07.02 04:45:47.800,0.88917,0.88934,1.10,1.10
2014.07.02 04:45:51.271,0.88915,0.88934,1.00,1.10
2014.07.02 04:45:51.523,0.88915,0.88936,1.25,1.02
2014.07.02 04:45:51.574,0.88919,0.88936,1.00,1.02
2014.07.02 04:45:52.300,0.88919,0.88939,1.00,1.09
2014.07.02 04:45:53.981,0.88919,0.88937,1.00,1.10
2014.07.02 04:45:54.539,0.8892,0.88938,1.00,1.02
2014.07.02 04:45:55.468,0.8892,0.88937,1.00,1.10
2014.07.02 04:45:56.362,0.8892,0.88939,1.00,1.20
2014.07.02 04:45:56.412,0.88925,0.88939,1.00,1.20
2014.07.02 04:45:57.819,0.8893,0.88941,1.00,1.25
2014.07.02 04:45:57.929,0.88925,0.88941,1.00,1.25
2014.07.02 04:45:58.307,0.88925,0.88941,1.00,1.10
2014.07.02 04:46:01.128,0.8892,0.88941,1.02,2.14
2014.07.02 04:46:01.179,0.8892,0.88939,1.02,1.00
2014.07.02 04:46:01.740,0.88919,0.88938,1.08,1.10
2014.07.02 04:46:04.560,0.8892,0.88938,1.10,1.29
2014.07.02 04:46:05.563,0.8892,0.88938,1.10,1.10
2014.07.02 04:46:09.811,0.88925,0.88938,1.00,1.10
2014.07.02 04:46:10.021,0.88925,0.88941,1.00,2.14
2014.07.02 04:46:11.570,0.8892,0.88941,1.10,2.14
2014.07.02 04:46:11.638,0.8892,0.88938,1.10,1.10
2014.07.02 04:46:12.002,0.88915,0.88936,3.27,1.10
2014.07.02 04:46:12.053,0.88915,0.88936,1.40,1.10
2014.07.02 04:46:14.197,0.88915,0.88936,1.19,1.20
2014.07.02 04:46:14.961,0.88915,0.88936,1.00,1.39
2014.07.02 04:46:15.866,0.8892,0.88936,1.00,1.39
2014.07.02 04:46:16.078,0.88915,0.88936,1.25,1.39
2014.07.02 04:46:16.960,0.88915,0.88936,1.25,1.09
2014.07.02 04:46:17.933,0.88915,0.88936,1.00,1.39
2014.07.02 04:46:19.298,0.8892,0.88936,1.00,1.39
2014.07.02 04:46:19.708,0.8892,0.88939,1.00,1.84
2014.07.02 04:46:20.591,0.8892,0.88939,1.00,1.39
2014.07.02 04:46:20.693,0.8892,0.88936,1.00,1.10
2014.07.02 04:46:23.037,0.88919,0.88936,1.00,1.77
2014.07.02 04:46:24.002,0.88919,0.88936,1.00,1.92
2014.07.02 04:46:24.616,0.88915,0.88936,1.25,1.92
2014.07.02 04:46:28.585,0.88915,0.88936,1.69,1.73
2014.07.02 04:46:35.951,0.88916,0.88936,1.19,1.18
2014.07.02 04:46:36.988,0.88916,0.88937,1.19,1.25
2014.07.02 04:46:37.687,0.88916,0.88937,1.29,1.18
2014.07.02 04:46:38.613,0.88916,0.88937,1.29,1.10
2014.07.02 04:46:45.519,0.88916,0.88936,1.29,1.10
2014.07.02 04:46:47.207,0.88915,0.88936,1.27,1.58
2014.07.02 04:46:53.177,0.88915,0.88935,1.27,1.00
2014.07.02 04:46:53.838,0.88915,0.88936,1.77,1.58
2014.07.02 04:47:00.370,0.8892,0.88936,1.00,1.65
2014.07.02 04:47:01.356,0.88915,0.88936,1.69,1.65
2014.07.02 04:47:06.086,0.8892,0.88936,1.00,1.65
2014.07.02 04:47:09.066,0.88916,0.88937,1.69,1.28
2014.07.02 04:47:09.268,0.88915,0.88933,1.25,1.10
2014.07.02 04:47:09.934,0.88915,0.88934,1.25,1.10
2014.07.02 04:47:10.289,0.88915,0.88932,1.25,1.10
2014.07.02 04:47:16.231,0.88915,0.88936,1.00,1.39
2014.07.02 04:47:16.812,0.88915,0.88936,1.69,1.20
2014.07.02 04:47:17.780,0.88916,0.88936,1.19,1.20
2014.07.02 04:47:19.245,0.88916,0.88936,1.19,1.28
2014.07.02 04:47:25.809,0.88915,0.88937,1.69,1.15
2014.07.02 04:47:28.817,0.88916,0.88937,1.19,1.73
2014.07.02 04:47:31.757,0.88914,0.88935,1.19,1.10
2014.07.02 04:47:32.269,0.88914,0.88934,1.19,1.10
2014.07.02 04:47:32.380,0.88913,0.88934,1.10,1.02
2014.07.02 04:47:34.339,0.88913,0.88934,1.10,1.29
2014.07.02 04:47:35.342,0.88913,0.88934,1.02,1.02
2014.07.02 04:47:38.398,0.8891,0.88934,2.59,1.69
2014.07.02 04:47:38.701,0.8891,0.88929,1.25,1.20
2014.07.02 04:47:38.803,0.88906,0.88927,1.19,1.10
2014.07.02 04:47:38.857,0.88904,0.88927,1.84,1.02
2014.07.02 04:47:38.959,0.88905,0.88927,1.00,1.54
2014.07.02 04:47:39.562,0.88903,0.88924,1.29,1.58
2014.07.02 04:47:40.278,0.88902,0.88924,1.37,1.77
2014.07.02 04:47:44.296,0.889,0.88924,2.89,2.52
2014.07.02 04:47:44.809,0.889,0.88924,2.74,2.67
2014.07.02 04:47:48.837,0.88905,0.88924,1.00,1.92
2014.07.02 04:47:49.394,0.88905,0.88924,1.00,1.77
2014.07.02 04:47:49.840,0.88902,0.88924,1.37,1.25
2014.07.02 04:47:49.984,0.88905,0.88924,1.00,1.25
2014.07.02 04:47:53.190,0.88905,0.88926,1.02,1.09
2014.07.02 04:47:53.885,0.88905,0.88927,1.18,1.19
2014.07.02 04:47:53.986,0.88905,0.88928,1.84,1.84
2014.07.02 04:47:56.005,0.88905,0.88928,1.09,1.84
2014.07.02 04:47:56.822,0.88905,0.88928,1.84,1.84
2014.07.02 04:47:57.012,0.8891,0.88928,1.00,1.84
2014.07.02 04:47:57.325,0.88905,0.88928,1.84,1.84
2014.07.02 04:47:59.210,0.88905,0.88928,1.84,1.84
2014.07.02 04:48:00.385,0.88905,0.88928,2.67,1.02
2014.07.02 04:48:00.848,0.8891,0.88928,1.00,1.02
2014.07.02 04:48:01.091,0.8891,0.88932,1.00,1.84
2014.07.02 04:48:02.393,0.8891,0.88932,1.00,1.37
2014.07.02 04:48:05.503,0.8891,0.88932,1.25,1.84
2014.07.02 04:48:07.912,0.88908,0.8893,1.84,1.25
2014.07.02 04:48:09.237,0.88908,0.88928,1.37,1.00
2014.07.02 04:48:13.042,0.8891,0.88928,1.00,1.00
2014.07.02 04:48:13.611,0.8891,0.88928,1.19,1.00
2014.07.02 04:48:13.846,0.8891,0.88932,1.19,1.09
2014.07.02 04:48:14.406,0.88909,0.8893,1.29,1.00
2014.07.02 04:48:15.125,0.8891,0.88932,1.19,1.09
2014.07.02 04:48:16.557,0.88909,0.88925,1.29,1.00
2014.07.02 04:48:16.759,0.88905,0.88925,1.69,1.00
2014.07.02 04:48:17.263,0.88905,0.88924,1.00,1.77
2014.07.02 04:48:18.147,0.88905,0.88924,1.00,1.10
2014.07.02 04:48:18.350,0.88903,0.88925,1.25,1.18
2014.07.02 04:48:18.692,0.88905,0.88927,1.00,2.29
2014.07.02 04:48:19.153,0.88905,0.88927,1.19,2.29
2014.07.02 04:48:19.671,0.88905,0.88925,1.25,1.28
2014.07.02 04:48:22.863,0.88905,0.88926,1.02,1.33
2014.07.02 04:48:23.183,0.88905,0.88926,1.77,1.00
2014.07.02 04:48:24.638,0.8891,0.88926,1.00,1.00
2014.07.02 04:48:30.138,0.88915,0.88929,1.00,1.47
2014.07.02 04:48:30.189,0.88915,0.88929,1.00,1.00
2014.07.02 04:48:30.933,0.88915,0.88931,1.00,1.17
2014.07.02 04:48:34.318,0.8891,0.88931,1.19,1.17
2014.07.02 04:48:34.437,0.8891,0.88928,1.19,1.00
2014.07.02 04:48:35.136,0.8891,0.88928,1.00,1.00
2014.07.02 04:48:40.978,0.8891,0.88928,1.00,1.92
2014.07.02 04:48:45.007,0.88905,0.88927,1.77,1.09
2014.07.02 04:48:45.832,0.88905,0.88927,1.02,1.39
2014.07.02 04:48:47.056,0.88905,0.88927,1.02,1.84
2014.07.02 04:48:47.677,0.88905,0.88927,1.02,1.84
2014.07.02 04:48:47.985,0.88905,0.88924,1.02,1.00
2014.07.02 04:48:49.956,0.88905,0.88924,1.25,1.08
2014.07.02 04:48:57.358,0.8891,0.88924,1.00,1.25
2014.07.02 04:48:59.285,0.88905,0.88924,1.00,1.00
2014.07.02 04:49:04.175,0.88905,0.88924,1.00,1.19
2014.07.02 04:49:05.178,0.88905,0.88924,1.00,1.25
2014.07.02 04:49:08.201,0.88905,0.88924,1.00,1.19
2014.07.02 04:49:11.866,0.88902,0.88924,1.17,1.19
2014.07.02 04:49:11.917,0.88902,0.88924,1.02,1.39
2014.07.02 04:49:12.485,0.88902,0.88924,1.10,1.84
2014.07.02 04:49:13.206,0.88902,0.88924,1.02,1.84
2014.07.02 04:49:14.210,0.889,0.88924,2.97,2.67
2014.07.02 04:49:17.132,0.88899,0.88922,1.34,2.52
2014.07.02 04:49:18.135,0.88905,0.88922,1.00,2.52
2014.07.02 04:49:19.259,0.88905,0.88918,1.00,1.19
2014.07.02 04:49:19.360,0.889,0.88915,1.00,1.00
2014.07.02 04:49:19.462,0.889,0.88915,1.00,1.57
2014.07.02 04:49:19.614,0.88895,0.88913,1.00,2.14
2014.07.02 04:49:19.665,0.88895,0.88906,1.00,1.00
2014.07.02 04:49:19.817,0.8889,0.88902,1.00,1.00
2014.07.02 04:49:19.868,0.8889,0.88902,1.00,1.19
2014.07.02 04:49:20.123,0.8888,0.88896,1.00,1.19
2014.07.02 04:49:20.879,0.8888,0.88898,1.00,1.29
2014.07.02 04:49:21.596,0.8888,0.88896,1.00,1.19
2014.07.02 04:49:21.899,0.88885,0.8889,1.00,1.00
2014.07.02 04:49:21.950,0.88885,0.88894,1.00,1.00
2014.07.02 04:49:22.052,0.88885,0.88902,1.00,1.29
2014.07.02 04:49:22.467,0.88885,0.88903,1.00,1.00
2014.07.02 04:49:22.648,0.8889,0.88903,1.00,1.00
2014.07.02 04:49:23.085,0.88885,0.88903,1.00,1.58
2014.07.02 04:49:23.862,0.8889,0.88903,1.00,1.58
2014.07.02 04:49:24.082,0.88885,0.88903,1.00,1.58
2014.07.02 04:49:24.210,0.8889,0.88903,1.00,1.58
2014.07.02 04:49:27.686,0.8889,0.88906,1.00,2.22
2014.07.02 04:49:28.516,0.8889,0.88906,1.00,1.84
2014.07.02 04:49:29.487,0.8889,0.88906,1.00,1.84
2014.07.02 04:49:30.952,0.8889,0.88906,1.00,1.00
2014.07.02 04:49:42.295,0.8889,0.88906,1.00,1.77
2014.07.02 04:49:42.885,0.88885,0.88906,1.15,1.77
2014.07.02 04:49:43.304,0.88885,0.88906,1.00,1.29
2014.07.02 04:49:43.523,0.8889,0.88906,1.00,1.29
2014.07.02 04:49:43.624,0.88885,0.88906,1.18,1.19
2014.07.02 04:49:43.725,0.8889,0.88906,1.00,1.19
2014.07.02 04:49:44.537,0.8889,0.88906,1.00,1.00
2014.07.02 04:49:45.057,0.8889,0.88908,1.00,1.19
2014.07.02 04:49:45.361,0.88895,0.88908,1.00,1.19
2014.07.02 04:49:45.976,0.88895,0.88909,1.00,1.19
2014.07.02 04:49:46.995,0.88895,0.8891,1.00,1.19
2014.07.02 04:49:47.336,0.8889,0.8891,1.00,1.19
2014.07.02 04:49:47.558,0.88894,0.8891,1.00,1.19
2014.07.02 04:49:48.108,0.88895,0.8891,1.00,1.25
2014.07.02 04:49:48.779,0.88895,0.88906,1.00,1.00
2014.07.02 04:49:49.043,0.88895,0.8891,1.00,1.25
2014.07.02 04:49:49.245,0.8889,0.8891,1.00,1.25
2014.07.02 04:49:49.490,0.8889,0.8891,1.00,1.33
2014.07.02 04:49:49.882,0.88895,0.8891,1.00,1.40
2014.07.02 04:49:51.473,0.88895,0.8891,1.00,1.33
2014.07.02 04:49:52.000,0.88895,0.8891,1.00,1.25
2014.07.02 04:50:00.342,0.88895,0.8891,1.00,1.19
2014.07.02 04:50:04.374,0.88895,0.8891,1.00,1.77
2014.07.02 04:50:05.377,0.88895,0.8891,1.00,1.77
2014.07.02 04:50:06.382,0.88895,0.8891,1.00,1.58
2014.07.02 04:50:07.386,0.88895,0.8891,1.00,1.77
2014.07.02 04:50:09.393,0.88895,0.8891,1.00,1.58
2014.07.02 04:50:13.121,0.88895,0.8891,1.00,2.52
2014.07.02 04:50:14.133,0.88895,0.8891,1.00,1.69
2014.07.02 04:50:19.135,0.88895,0.8891,1.00,1.25
2014.07.02 04:50:20.138,0.88895,0.8891,1.00,1.19
2014.07.02 04:50:25.177,0.88895,0.8891,1.00,1.25
2014.07.02 04:50:28.034,0.8889,0.8891,1.00,1.25
2014.07.02 04:50:29.171,0.8889,0.8891,1.00,2.52
2014.07.02 04:50:31.202,0.8889,0.8891,1.00,1.25
2014.07.02 04:50:43.043,0.88895,0.8891,1.00,1.00
2014.07.02 04:50:44.627,0.8889,0.88909,1.00,1.19
2014.07.02 04:50:45.133,0.8889,0.8891,1.40,1.00
2014.07.02 04:50:45.307,0.88892,0.88913,1.02,1.62
2014.07.02 04:50:45.357,0.88895,0.88913,1.00,1.02
2014.07.02 04:50:45.575,0.88892,0.88914,1.02,1.84
2014.07.02 04:50:48.874,0.88895,0.88914,1.00,1.29
2014.07.02 04:50:49.463,0.88895,0.88913,1.00,1.19
2014.07.02 04:50:50.239,0.88895,0.88916,1.10,1.77
2014.07.02 04:50:50.799,0.88895,0.88916,1.10,1.69
2014.07.02 04:50:51.610,0.88895,0.88916,1.10,1.00
2014.07.02 04:50:52.156,0.88896,0.88918,1.00,1.92
2014.07.02 04:50:52.258,0.88896,0.88918,1.08,1.84
2014.07.02 04:50:52.934,0.88896,0.88918,1.40,1.77
2014.07.02 04:50:56.677,0.88896,0.88918,1.15,1.19
2014.07.02 04:50:58.648,0.88896,0.88918,1.15,1.19
2014.07.02 04:50:59.885,0.88895,0.88916,1.15,1.00
2014.07.02 04:51:00.398,0.88896,0.88918,1.15,1.19
2014.07.02 04:51:00.910,0.88895,0.88916,1.40,1.25
2014.07.02 04:51:03.594,0.88898,0.88919,1.37,1.10
2014.07.02 04:51:03.644,0.88905,0.8892,1.00,1.25
2014.07.02 04:51:03.796,0.88905,0.88925,1.00,1.25
2014.07.02 04:51:03.847,0.88909,0.88926,1.00,1.29
2014.07.02 04:51:04.099,0.88905,0.88926,1.00,1.29
2014.07.02 04:51:04.645,0.88905,0.88925,2.44,1.00
2014.07.02 04:51:05.589,0.88905,0.88925,1.00,1.25
2014.07.02 04:51:07.304,0.88905,0.88925,1.00,1.19
2014.07.02 04:51:08.799,0.88904,0.88925,1.10,1.19
2014.07.02 04:51:15.073,0.88905,0.88923,1.00,1.25
2014.07.02 04:51:15.873,0.88905,0.88923,1.00,1.69
2014.07.02 04:51:16.488,0.889,0.88921,1.40,1.25
2014.07.02 04:51:17.003,0.88905,0.88923,1.00,1.19
2014.07.02 04:51:18.869,0.88905,0.88924,1.00,1.19
2014.07.02 04:51:19.072,0.8891,0.88924,1.00,1.19
2014.07.02 04:51:19.892,0.8891,0.88924,1.00,1.00
2014.07.02 04:51:22.143,0.88905,0.88924,1.00,1.00
2014.07.02 04:51:22.653,0.88905,0.88924,1.00,1.69
2014.07.02 04:51:24.576,0.88905,0.88924,1.10,1.69
2014.07.02 04:51:24.905,0.8891,0.88924,1.00,1.69
2014.07.02 04:51:25.581,0.8891,0.88924,1.00,1.25
2014.07.02 04:51:25.779,0.88905,0.88924,1.10,1.25
2014.07.02 04:51:26.598,0.88905,0.88924,1.10,1.69
2014.07.02 04:51:27.601,0.88905,0.88924,1.10,1.69
2014.07.02 04:51:28.806,0.88905,0.88922,1.10,1.19
2014.07.02 04:51:29.109,0.8891,0.88916,1.00,1.00
2014.07.02 04:51:29.210,0.8891,0.8892,1.00,1.00
2014.07.02 04:51:29.311,0.88905,0.8892,1.00,1.00
2014.07.02 04:51:29.412,0.88905,0.88925,1.00,2.52
2014.07.02 04:51:30.226,0.88905,0.88922,1.00,1.19
2014.07.02 04:51:32.067,0.889,0.88922,1.34,1.19
2014.07.02 04:51:32.679,0.889,0.8892,1.15,1.25
2014.07.02 04:51:36.943,0.889,0.8892,1.08,2.44
2014.07.02 04:51:37.044,0.889,0.8892,1.00,2.44
2014.07.02 04:51:40.953,0.889,0.8892,1.00,1.69
2014.07.02 04:51:41.104,0.88905,0.8892,1.00,1.19
2014.07.02 04:51:41.357,0.88905,0.88923,1.10,1.02
2014.07.02 04:51:41.407,0.8891,0.88923,1.00,1.02
2014.07.02 04:51:41.956,0.8891,0.88924,1.00,1.00
2014.07.02 04:51:42.272,0.88905,0.88924,1.10,1.00
2014.07.02 04:51:42.386,0.88905,0.88924,1.10,2.52
2014.07.02 04:51:43.364,0.88905,0.88922,1.10,1.29
2014.07.02 04:51:45.506,0.889,0.88922,4.02,1.02
2014.07.02 04:51:51.600,0.889,0.88922,1.84,1.02
2014.07.02 04:51:53.403,0.889,0.88922,1.84,1.77
2014.07.02 04:51:55.891,0.889,0.88917,1.58,1.10
2014.07.02 04:51:56.642,0.889,0.88918,1.00,2.52
2014.07.02 04:52:01.093,0.88895,0.88915,1.40,1.00
2014.07.02 04:52:01.618,0.88895,0.88915,1.15,1.69
2014.07.02 04:52:02.072,0.889,0.88915,1.00,1.19
2014.07.02 04:52:02.343,0.889,0.88916,1.00,1.25
2014.07.02 04:52:02.545,0.889,0.88919,1.00,1.19
2014.07.02 04:52:07.548,0.889,0.88921,1.10,1.77
2014.07.02 04:52:08.551,0.889,0.8892,1.10,1.19
2014.07.02 04:52:09.559,0.889,0.8892,1.10,1.19
2014.07.02 04:52:10.561,0.889,0.8892,1.10,1.19
2014.07.02 04:52:12.419,0.889,0.88921,1.10,1.19
2014.07.02 04:52:13.616,0.889,0.88922,1.02,1.84
2014.07.02 04:52:16.863,0.88904,0.88922,1.00,2.59
2014.07.02 04:52:17.592,0.88904,0.88922,1.00,1.02
2014.07.02 04:52:17.996,0.88905,0.88925,1.00,1.19
2014.07.02 04:52:19.897,0.88905,0.88925,1.00,1.00
2014.07.02 04:52:22.050,0.88905,0.88925,1.00,1.19
2014.07.02 04:52:23.009,0.88905,0.88925,1.00,1.25
2014.07.02 04:52:24.013,0.88905,0.88925,1.00,1.19
2014.07.02 04:52:29.050,0.88905,0.88925,1.00,1.00
2014.07.02 04:52:29.101,0.8891,0.88926,1.00,1.02
2014.07.02 04:52:29.303,0.88905,0.88928,1.92,1.19
2014.07.02 04:52:29.530,0.88908,0.88929,1.02,1.02
2014.07.02 04:52:29.631,0.88908,0.88925,1.02,1.00
2014.07.02 04:52:30.546,0.88905,0.88925,2.67,1.00
2014.07.02 04:52:32.811,0.88905,0.88926,1.40,1.25
2014.07.02 04:52:33.124,0.88905,0.88922,1.40,1.00
2014.07.02 04:52:33.275,0.88905,0.88926,1.40,1.25
2014.07.02 04:52:33.643,0.88905,0.88926,1.00,1.77
2014.07.02 04:52:34.608,0.8891,0.88926,1.00,1.29
2014.07.02 04:52:34.709,0.8891,0.8893,1.10,1.69
2014.07.02 04:52:34.962,0.88911,0.88926,1.00,1.29
2014.07.02 04:52:35.113,0.88905,0.88926,1.40,1.29
2014.07.02 04:52:35.662,0.88902,0.88924,3.15,1.25
2014.07.02 04:52:35.814,0.889,0.88924,2.67,1.77
2014.07.02 04:52:36.564,0.889,0.88923,2.67,1.19
2014.07.02 04:52:40.578,0.889,0.88924,3.42,2.52
2014.07.02 04:52:41.580,0.889,0.88924,3.42,2.52
2014.07.02 04:52:48.915,0.889,0.88924,2.59,2.59
2014.07.02 04:52:49.627,0.889,0.88923,1.84,1.19
2014.07.02 04:52:53.641,0.889,0.88924,1.84,1.92
2014.07.02 04:52:54.646,0.889,0.88923,1.84,1.19
2014.07.02 04:52:58.662,0.889,0.88924,2.59,2.67
2014.07.02 04:52:59.666,0.889,0.88924,2.59,2.67
2014.07.02 04:53:00.104,0.889,0.88924,2.59,2.52
2014.07.02 04:53:04.686,0.88901,0.88924,1.34,1.58
2014.07.02 04:53:05.215,0.88905,0.88924,1.00,1.58
2014.07.02 04:53:24.078,0.88905,0.88924,1.00,1.19
2014.07.02 04:53:25.081,0.88905,0.88924,1.00,1.00
2014.07.02 04:53:35.229,0.88905,0.88926,1.00,1.92
2014.07.02 04:53:36.158,0.88905,0.88925,1.00,1.29
2014.07.02 04:53:36.847,0.88905,0.88925,1.18,1.19
2014.07.02 04:53:37.309,0.88905,0.88924,1.18,2.29
2014.07.02 04:53:37.563,0.88904,0.88921,1.00,1.00
2014.07.02 04:53:37.714,0.88904,0.88924,1.00,1.77
2014.07.02 04:53:37.815,0.88904,0.88924,1.15,1.69
2014.07.02 04:53:38.379,0.88905,0.88924,1.18,1.25
2014.07.02 04:53:38.713,0.88905,0.88922,1.00,1.10
2014.07.02 04:53:38.764,0.88905,0.88924,1.00,1.77
2014.07.02 04:53:38.865,0.889,0.88923,2.67,1.19
2014.07.02 04:53:40.305,0.88905,0.88923,1.00,1.19
2014.07.02 04:53:40.831,0.889,0.88923,1.92,1.19
2014.07.02 04:53:46.418,0.889,0.88922,1.77,1.18
2014.07.02 04:53:46.469,0.889,0.88924,1.69,2.67
2014.07.02 04:53:46.570,0.88905,0.88924,1.00,2.67
2014.07.02 04:53:46.772,0.88905,0.88924,1.00,1.69
2014.07.02 04:53:46.924,0.889,0.88924,1.65,2.52
2014.07.02 04:53:47.135,0.889,0.8892,1.15,1.00
2014.07.02 04:53:47.237,0.889,0.8892,1.10,1.00
2014.07.02 04:53:52.050,0.88905,0.8892,1.00,1.25
2014.07.02 04:53:56.122,0.889,0.8892,1.02,1.00
2014.07.02 04:54:02.295,0.889,0.88922,1.77,1.29
2014.07.02 04:54:02.970,0.889,0.88924,2.52,2.67
2014.07.02 04:54:05.512,0.889,0.88921,1.58,1.19
2014.07.02 04:54:18.545,0.889,0.8892,1.10,1.25
2014.07.02 04:54:34.620,0.889,0.8892,1.00,1.09
2014.07.02 04:54:41.117,0.88905,0.8892,1.00,1.37
2014.07.02 04:54:41.370,0.889,0.88924,1.02,3.64
2014.07.02 04:54:41.471,0.88899,0.88923,2.59,1.54
2014.07.02 04:54:42.222,0.88899,0.88921,1.09,1.19
2014.07.02 04:54:46.991,0.88899,0.88921,1.18,1.69
2014.07.02 04:54:50.121,0.88905,0.88921,1.00,1.69
2014.07.02 04:54:51.114,0.88905,0.88921,1.00,1.69
2014.07.02 04:54:58.294,0.88905,0.88922,1.00,1.19
2014.07.02 04:55:01.277,0.88905,0.88923,1.00,1.19
2014.07.02 04:55:02.183,0.88905,0.88923,1.00,1.19
2014.07.02 04:55:05.196,0.88905,0.88923,1.00,1.19
2014.07.02 04:55:06.206,0.88905,0.88923,1.00,1.19
2014.07.02 04:55:07.207,0.88905,0.88924,1.00,2.67
2014.07.02 04:55:10.215,0.88905,0.88924,1.00,2.67
2014.07.02 04:55:12.824,0.8891,0.88924,1.00,2.67
2014.07.02 04:55:13.375,0.8891,0.88924,1.00,1.39
2014.07.02 04:55:15.248,0.8891,0.88925,1.00,1.19
2014.07.02 04:55:15.666,0.88905,0.88925,1.00,1.77
2014.07.02 04:55:16.251,0.88905,0.88924,1.00,1.19
2014.07.02 04:55:18.258,0.88905,0.88924,1.00,1.19
2014.07.02 04:55:19.262,0.88905,0.88924,1.00,1.19
2014.07.02 04:55:20.267,0.88905,0.88924,1.00,1.19
2014.07.02 04:55:21.370,0.88902,0.88925,1.40,2.52
2014.07.02 04:55:22.274,0.88902,0.88923,1.15,1.19
2014.07.02 04:55:23.278,0.88904,0.88924,1.10,1.19
2014.07.02 04:55:25.185,0.88904,0.88925,1.10,2.52
2014.07.02 04:55:25.704,0.88904,0.88925,1.10,2.52
2014.07.02 04:55:27.192,0.88904,0.88925,1.10,2.52
2014.07.02 04:55:28.196,0.88904,0.88925,1.10,1.77
2014.07.02 04:55:28.499,0.88904,0.88924,1.10,1.19
2014.07.02 04:55:29.302,0.88904,0.88924,1.10,1.19
2014.07.02 04:55:29.973,0.88905,0.88924,1.00,1.77
2014.07.02 04:55:30.820,0.88904,0.88924,1.10,1.77
2014.07.02 04:55:32.337,0.88904,0.88923,1.10,1.02
2014.07.02 04:55:40.060,0.88904,0.88923,1.10,1.77
2014.07.02 04:55:41.321,0.88905,0.88923,1.00,1.29
2014.07.02 04:55:42.080,0.88905,0.88925,1.00,2.52
2014.07.02 04:55:43.272,0.88905,0.88925,1.00,1.25
2014.07.02 04:55:43.882,0.88904,0.88925,1.65,1.25
2014.07.02 04:55:44.311,0.88904,0.88924,1.65,1.19
2014.07.02 04:55:45.326,0.88905,0.88924,1.00,1.19
2014.07.02 04:55:46.820,0.88904,0.88924,1.65,1.19
2014.07.02 04:55:47.854,0.88904,0.88924,1.65,1.19
2014.07.02 04:55:50.297,0.88904,0.88925,1.65,1.69
2014.07.02 04:55:51.214,0.88908,0.88925,1.00,1.25
2014.07.02 04:55:53.314,0.88908,0.88928,1.00,1.79
2014.07.02 04:55:55.342,0.88908,0.88927,1.00,1.19
2014.07.02 04:55:55.444,0.88909,0.88929,1.10,1.29
2014.07.02 04:55:55.495,0.88915,0.88929,1.00,1.19
2014.07.02 04:55:55.644,0.88912,0.88929,1.00,1.19
2014.07.02 04:55:56.025,0.88912,0.8893,1.00,1.25
2014.07.02 04:55:56.613,0.88913,0.8893,1.10,1.25
2014.07.02 04:56:01.933,0.88914,0.8893,1.10,1.25
2014.07.02 04:56:02.035,0.88912,0.8893,1.00,1.25
2014.07.02 04:56:02.343,0.88912,0.88932,1.00,1.09
2014.07.02 04:56:05.678,0.88912,0.8893,1.10,1.00
2014.07.02 04:56:06.542,0.88912,0.88934,1.10,2.37
2014.07.02 04:56:06.732,0.88912,0.8893,1.10,1.00
2014.07.02 04:56:06.841,0.88912,0.88934,1.10,2.37
2014.07.02 04:56:07.611,0.88912,0.8893,1.10,1.00
2014.07.02 04:56:07.833,0.88912,0.88934,1.02,2.37
2014.07.02 04:56:09.072,0.88912,0.88933,1.10,1.19
2014.07.02 04:56:10.365,0.88917,0.88933,1.00,1.29
2014.07.02 04:56:11.104,0.88917,0.88933,1.00,1.02
2014.07.02 04:56:13.754,0.88915,0.88933,1.00,1.02
2014.07.02 04:56:14.408,0.88915,0.88933,1.00,1.29
2014.07.02 04:56:14.918,0.88915,0.88933,1.50,1.10
2014.07.02 04:56:16.632,0.8892,0.88933,1.00,1.10
2014.07.02 04:56:17.253,0.88918,0.88933,1.00,1.10
2014.07.02 04:56:17.930,0.88918,0.88933,1.00,1.29
2014.07.02 04:56:18.934,0.88918,0.88933,1.00,1.02
2014.07.02 04:56:21.952,0.88918,0.88933,1.00,1.29
2014.07.02 04:56:22.562,0.88914,0.88933,1.08,1.29
2014.07.02 04:56:23.067,0.88914,0.88933,1.08,1.02
2014.07.02 04:56:25.810,0.88914,0.88934,1.08,1.02
2014.07.02 04:56:28.832,0.88916,0.88934,1.00,1.02
2014.07.02 04:56:31.632,0.88916,0.8893,1.00,1.10
2014.07.02 04:56:31.734,0.88916,0.88933,1.00,1.10
2014.07.02 04:56:35.423,0.88914,0.88933,1.08,1.02
2014.07.02 04:56:37.242,0.88914,0.88933,1.10,1.10
2014.07.02 04:56:42.180,0.88914,0.88932,1.10,1.19
2014.07.02 04:56:42.281,0.88914,0.88933,1.10,1.02
2014.07.02 04:56:44.089,0.88915,0.88933,1.00,1.02
2014.07.02 04:56:46.261,0.88915,0.88934,1.00,1.02
2014.07.02 04:56:46.472,0.88918,0.88934,1.00,1.02
2014.07.02 04:56:48.817,0.88918,0.88933,1.00,1.10
2014.07.02 04:56:48.968,0.88914,0.88933,1.10,1.10
2014.07.02 04:56:49.476,0.88915,0.88934,1.00,1.77
2014.07.02 04:56:49.678,0.88914,0.88937,2.59,1.37
2014.07.02 04:56:49.729,0.88918,0.88937,1.00,1.37
2014.07.02 04:56:49.779,0.88918,0.88938,1.00,1.02
2014.07.02 04:56:49.931,0.8892,0.88939,1.00,1.84
2014.07.02 04:56:50.303,0.8892,0.88938,1.00,1.77
2014.07.02 04:56:50.404,0.88918,0.88936,1.00,1.25
2014.07.02 04:56:50.656,0.88915,0.88937,1.69,1.47
2014.07.02 04:56:50.707,0.88915,0.88937,2.44,1.28
2014.07.02 04:56:50.809,0.88917,0.88938,1.25,1.09
2014.07.02 04:56:50.860,0.88922,0.88938,1.00,1.02
2014.07.02 04:56:51.381,0.88922,0.88936,1.00,1.00
2014.07.02 04:56:51.533,0.88914,0.88935,1.65,1.10
2014.07.02 04:56:51.685,0.88915,0.88938,1.19,2.67
2014.07.02 04:56:52.034,0.88918,0.88937,1.10,1.02
2014.07.02 04:56:52.339,0.88918,0.88935,1.10,1.00
2014.07.02 04:56:52.491,0.88916,0.88935,1.00,1.77
2014.07.02 04:56:52.744,0.88918,0.88938,1.00,2.29
2014.07.02 04:56:54.709,0.88918,0.88937,1.10,1.29
2014.07.02 04:56:55.249,0.88918,0.88935,1.10,1.00
2014.07.02 04:57:10.057,0.88918,0.88937,1.00,1.39
2014.07.02 04:57:10.792,0.88918,0.88937,1.00,1.09
2014.07.02 04:57:16.818,0.88918,0.88935,1.00,1.00
2014.07.02 04:57:17.130,0.88918,0.88933,1.00,1.10
2014.07.02 04:57:17.564,0.88916,0.88932,1.00,1.10
2014.07.02 04:57:27.849,0.88916,0.88935,1.00,1.02
2014.07.02 04:57:28.986,0.88916,0.88936,1.08,1.29
2014.07.02 04:57:29.827,0.8892,0.88937,1.00,1.10
2014.07.02 04:57:30.194,0.8892,0.88942,1.08,2.59
2014.07.02 04:57:31.381,0.88921,0.88944,1.08,1.92
2014.07.02 04:57:31.905,0.88921,0.88944,1.18,1.84
2014.07.02 04:57:32.107,0.88921,0.8894,1.18,1.00
2014.07.02 04:57:32.611,0.88921,0.8894,1.00,1.00
2014.07.02 04:57:33.783,0.8892,0.8894,1.00,1.25
2014.07.02 04:57:34.529,0.8892,0.8894,1.00,1.19
2014.07.02 04:57:37.420,0.88919,0.8894,1.00,1.19
2014.07.02 04:57:37.973,0.8892,0.8894,1.00,1.69
2014.07.02 04:57:38.284,0.88925,0.88945,1.08,1.69
2014.07.02 04:57:38.334,0.88927,0.88945,1.29,1.00
2014.07.02 04:57:38.385,0.8893,0.88945,1.00,1.00
2014.07.02 04:57:38.490,0.8893,0.88951,1.58,1.94
2014.07.02 04:57:40.163,0.88928,0.88945,1.34,1.00
2014.07.02 04:57:47.313,0.8893,0.88949,1.10,1.32
2014.07.02 04:57:49.689,0.88927,0.88945,1.34,1.00
2014.07.02 04:57:50.842,0.88927,0.88945,1.33,1.00
2014.07.02 04:57:50.943,0.88927,0.88946,1.25,1.00
2014.07.02 04:57:51.673,0.88927,0.88945,1.25,1.00
2014.07.02 04:58:00.280,0.8893,0.88945,1.00,1.00
2014.07.02 04:58:05.420,0.88928,0.88945,1.25,1.00
2014.07.02 04:58:05.572,0.88928,0.8894,1.00,1.00
2014.07.02 04:58:05.673,0.88925,0.8894,1.00,1.00
2014.07.02 04:58:05.824,0.88925,0.88935,1.00,1.00
2014.07.02 04:58:05.875,0.88921,0.88935,1.15,1.00
2014.07.02 04:58:05.976,0.88921,0.88935,1.00,1.00
2014.07.02 04:58:06.206,0.88918,0.88936,1.00,1.00
2014.07.02 04:58:06.409,0.88915,0.88936,1.84,1.00
2014.07.02 04:58:06.941,0.88918,0.88935,1.00,1.00
2014.07.02 04:58:11.582,0.88921,0.88935,1.00,1.00
2014.07.02 04:58:12.638,0.88921,0.88937,1.00,1.02
2014.07.02 04:58:13.254,0.88921,0.88939,1.00,1.17
2014.07.02 04:58:15.799,0.88921,0.88935,1.00,1.00
2014.07.02 04:58:18.377,0.88921,0.88936,1.00,1.00
2014.07.02 04:58:19.890,0.88921,0.88935,1.00,1.00
2014.07.02 04:58:22.004,0.88921,0.88936,1.00,1.00
2014.07.02 04:58:22.105,0.88921,0.8894,1.00,1.77
2014.07.02 04:58:22.155,0.88921,0.88938,1.00,1.10
2014.07.02 04:58:22.223,0.88921,0.8894,1.00,1.77
2014.07.02 04:58:40.164,0.88921,0.8894,1.84,1.00
2014.07.02 04:58:40.497,0.88924,0.88944,1.00,1.37
2014.07.02 04:58:41.579,0.88925,0.88944,1.00,1.37
2014.07.02 04:58:43.855,0.88925,0.88943,1.00,1.29
2014.07.02 04:58:44.920,0.88924,0.88943,1.00,1.29
2014.07.02 04:58:45.470,0.88925,0.88945,1.25,1.15
2014.07.02 04:58:45.773,0.88925,0.88941,1.25,1.10
2014.07.02 04:58:45.982,0.88925,0.88945,1.00,2.97
2014.07.02 04:58:46.528,0.88929,0.88945,1.00,2.22
2014.07.02 04:58:46.859,0.88924,0.88945,1.00,2.22
2014.07.02 04:58:47.391,0.88925,0.88946,1.50,1.84
2014.07.02 04:58:47.941,0.88925,0.88945,1.25,1.25
2014.07.02 04:58:51.759,0.88925,0.88945,1.00,1.33
2014.07.02 04:58:58.706,0.88925,0.88945,1.00,1.77
2014.07.02 04:59:00.291,0.88927,0.88945,1.00,1.58
2014.07.02 04:59:03.357,0.88927,0.88946,1.00,1.09
2014.07.02 04:59:16.118,0.88927,0.88945,1.00,1.00
2014.07.02 04:59:16.220,0.88925,0.88945,1.25,1.00
2014.07.02 04:59:19.088,0.88925,0.8894,1.25,1.00
2014.07.02 04:59:19.290,0.88921,0.8894,1.92,1.00
2014.07.02 04:59:20.294,0.8892,0.8894,1.84,1.58
2014.07.02 04:59:21.500,0.8892,0.8894,1.77,1.58
2014.07.02 04:59:24.860,0.8892,0.8894,1.58,1.58
2014.07.02 04:59:27.271,0.8892,0.8894,1.77,1.58
2014.07.02 04:59:30.281,0.8892,0.8894,1.77,1.58
2014.07.02 04:59:31.297,0.88925,0.8894,1.00,1.10
2014.07.02 04:59:32.396,0.8892,0.8894,1.77,1.58
2014.07.02 04:59:36.302,0.8892,0.8894,2.52,1.58
2014.07.02 04:59:36.828,0.8892,0.8894,1.10,1.77
2014.07.02 04:59:37.332,0.8892,0.88939,1.10,1.10
2014.07.02 04:59:40.635,0.8892,0.88939,1.10,1.29
2014.07.02 04:59:41.639,0.8892,0.88939,1.10,1.02
2014.07.02 04:59:44.452,0.88924,0.88939,1.00,1.10
2014.07.02 04:59:45.703,0.88927,0.88939,1.00,1.10
2014.07.02 04:59:46.005,0.88923,0.88939,1.00,1.10
2014.07.02 04:59:46.157,0.88923,0.88935,1.00,1.10
2014.07.02 04:59:46.664,0.88923,0.88934,1.00,1.10
2014.07.02 04:59:48.927,0.88923,0.88939,1.00,1.02
2014.07.02 04:59:49.432,0.88927,0.8894,1.00,1.02
2014.07.02 04:59:49.634,0.88927,0.88942,1.00,1.10
2014.07.02 04:59:49.938,0.88927,0.88945,1.08,1.58
2014.07.02 04:59:49.989,0.88932,0.88945,1.00,1.58
2014.07.02 04:59:51.118,0.88932,0.88944,1.00,1.10
2014.07.02 04:59:51.169,0.88929,0.88944,1.00,1.10
2014.07.02 04:59:51.680,0.88929,0.88943,1.00,1.10
2014.07.02 04:59:51.882,0.8893,0.88947,1.00,2.22
2014.07.02 04:59:56.316,0.88929,0.88947,1.50,1.28
2014.07.02 04:59:56.833,0.88929,0.88949,1.50,1.59
2014.07.02 04:59:56.884,0.88934,0.88949,1.00,1.59
2014.07.02 04:59:57.186,0.88936,0.88949,1.00,1.77
2014.07.02 04:59:57.489,0.88934,0.88945,1.00,1.00
2014.07.02 04:59:57.539,0.88934,0.88949,1.00,1.39
2014.07.02 04:59:57.691,0.8893,0.88949,1.00,1.39
2014.07.02 04:59:57.791,0.88935,0.8895,1.00,1.77
2014.07.02 04:59:57.996,0.88932,0.8895,1.00,1.77
2014.07.02 04:59:58.301,0.88932,0.88945,1.00,1.00
2014.07.02 04:59:59.185,0.88932,0.88946,1.00,1.58
2014.07.02 04:59:59.494,0.88932,0.88944,1.00,1.10
