2010.07.26 03:00:09.447,0.63745,0.6378,6.80,1.60
2010.07.26 03:00:12.447,0.6375,0.6378,1.00,1.60
2010.07.26 03:00:22.847,0.6375,0.6378,1.60,1.00
2010.07.26 03:00:23.144,0.6375,0.6378,2.00,1.00
2010.07.26 03:00:50.952,0.6375,0.6378,1.20,1.00
2010.07.26 03:00:51.267,0.6375,0.6378,1.00,1.00
2010.07.26 03:01:28.236,0.63745,0.63775,5.20,1.00
2010.07.26 03:01:28.456,0.63745,0.63775,4.80,1.00
2010.07.26 03:01:28.674,0.63745,0.63775,1.60,1.00
2010.07.26 03:01:29.465,0.63745,0.6378,2.80,1.60
2010.07.26 03:01:35.090,0.63745,0.63775,1.60,1.00
2010.07.26 03:01:47.557,0.63745,0.6378,2.40,6.00
2010.07.26 03:01:47.796,0.63745,0.6378,2.80,3.20
2010.07.26 03:01:48.036,0.63745,0.6378,2.80,1.60
2010.07.26 03:01:48.375,0.63745,0.6378,6.00,1.60
2010.07.26 03:01:52.566,0.63745,0.6378,2.80,1.60
2010.07.26 03:01:58.254,0.63745,0.6378,2.80,2.40
2010.07.26 03:02:04.732,0.63745,0.6378,2.80,4.00
2010.07.26 03:02:04.896,0.63745,0.63775,1.60,1.00
2010.07.26 03:02:05.189,0.63745,0.63775,1.00,1.60
2010.07.26 03:02:07.008,0.63745,0.63775,1.60,1.00
2010.07.26 03:02:07.124,0.63745,0.63775,2.00,1.00
2010.07.26 03:02:07.814,0.63745,0.6378,2.80,2.80
2010.07.26 03:02:08.646,0.63745,0.63775,2.00,1.00
2010.07.26 03:02:08.806,0.63745,0.63775,1.60,1.00
2010.07.26 03:02:08.965,0.63745,0.63775,1.00,1.60
2010.07.26 03:02:09.851,0.6374,0.63755,10.00,1.00
2010.07.26 03:02:09.967,0.6374,0.63755,5.60,1.60
2010.07.26 03:02:10.075,0.63725,0.63755,1.60,1.00
2010.07.26 03:02:10.185,0.63725,0.63755,1.00,1.00
2010.07.26 03:02:30.045,0.6372,0.63755,2.40,1.00
2010.07.26 03:02:30.225,0.6372,0.63755,1.60,1.60
2010.07.26 03:02:30.784,0.6372,0.6375,1.00,1.00
2010.07.26 03:02:49.087,0.6372,0.6374,1.00,1.00
2010.07.26 03:02:49.273,0.6372,0.63735,1.00,1.60
2010.07.26 03:02:49.468,0.63715,0.63735,2.00,1.60
2010.07.26 03:02:49.529,0.63715,0.63745,3.20,1.00
2010.07.26 03:02:49.585,0.63715,0.6375,6.00,4.80
2010.07.26 03:02:49.645,0.63715,0.6375,9.20,1.60
2010.07.26 03:02:49.706,0.63715,0.6375,12.40,1.00
2010.07.26 03:02:49.824,0.63715,0.6375,10.00,1.00
2010.07.26 03:02:50.225,0.6372,0.6375,1.00,1.00
2010.07.26 03:03:12.358,0.6372,0.63755,1.60,8.00
2010.07.26 03:03:12.645,0.6372,0.63755,1.60,1.60
2010.07.26 03:03:21.956,0.6372,0.63745,1.00,1.00
2010.07.26 03:03:22.117,0.63715,0.63745,8.80,1.00
2010.07.26 03:03:22.336,0.63715,0.6375,2.40,4.40
2010.07.26 03:03:22.445,0.63715,0.6375,2.40,5.20
2010.07.26 03:03:24.429,0.6372,0.6375,1.00,2.00
2010.07.26 03:03:24.516,0.6372,0.6375,1.00,1.60
2010.07.26 03:03:26.737,0.6372,0.6375,1.00,1.00
2010.07.26 03:03:27.075,0.6372,0.63755,1.00,5.60
2010.07.26 03:03:27.349,0.6372,0.63755,1.00,2.40
2010.07.26 03:03:27.465,0.6372,0.63755,1.00,1.60
2010.07.26 03:03:28.444,0.6372,0.63755,1.60,1.60
2010.07.26 03:03:41.684,0.6372,0.63755,2.40,1.60
2010.07.26 03:03:53.087,0.6372,0.63745,1.60,2.40
2010.07.26 03:03:53.335,0.6372,0.63745,1.00,2.40
2010.07.26 03:03:53.987,0.6372,0.63745,1.60,1.60
2010.07.26 03:03:54.267,0.6372,0.63755,1.60,10.40
2010.07.26 03:03:54.406,0.6372,0.63755,2.40,3.20
2010.07.26 03:03:54.545,0.6372,0.63755,2.40,1.00
2010.07.26 03:03:57.293,0.6372,0.6375,1.60,1.00
2010.07.26 03:03:59.715,0.63725,0.63755,1.00,11.20
2010.07.26 03:03:59.885,0.63725,0.63755,2.40,3.20
2010.07.26 03:03:59.975,0.63725,0.63755,2.40,2.40
2010.07.26 03:04:00.054,0.63725,0.6376,2.40,6.40
2010.07.26 03:04:01.165,0.63725,0.6376,2.40,4.80
2010.07.26 03:04:07.735,0.6373,0.6376,1.00,4.00
2010.07.26 03:04:07.826,0.6373,0.6376,2.40,4.00
2010.07.26 03:04:07.915,0.6373,0.6376,2.40,1.60
2010.07.26 03:04:08.005,0.6373,0.6376,2.40,1.00
2010.07.26 03:04:08.956,0.63735,0.63765,1.00,1.60
2010.07.26 03:04:09.268,0.6373,0.63765,6.00,1.60
2010.07.26 03:04:09.426,0.63735,0.63765,1.00,1.00
2010.07.26 03:04:11.045,0.6374,0.63765,1.00,1.00
2010.07.26 03:04:11.566,0.6374,0.6377,1.00,1.60
2010.07.26 03:04:17.675,0.63735,0.6377,4.40,2.40
2010.07.26 03:04:17.946,0.63735,0.6377,1.00,6.40
2010.07.26 03:04:18.149,0.6373,0.63765,6.80,1.60
2010.07.26 03:04:18.216,0.6373,0.6376,1.00,1.00
2010.07.26 03:04:18.405,0.63725,0.6376,11.20,1.00
2010.07.26 03:04:18.465,0.63725,0.6376,4.80,1.60
2010.07.26 03:04:18.542,0.63725,0.6376,2.40,1.60
2010.07.26 03:04:22.225,0.63725,0.6376,2.80,2.40
2010.07.26 03:04:22.437,0.63725,0.63755,1.60,1.60
2010.07.26 03:04:22.647,0.6372,0.6375,1.60,1.00
2010.07.26 03:04:23.066,0.6372,0.63755,1.60,11.20
2010.07.26 03:04:23.276,0.6372,0.63755,1.60,4.80
2010.07.26 03:04:23.615,0.6372,0.63755,1.60,2.40
2010.07.26 03:04:29.385,0.63725,0.63755,1.00,1.60
2010.07.26 03:04:29.711,0.63725,0.6376,1.00,11.20
2010.07.26 03:04:29.766,0.6372,0.63755,9.60,1.00
2010.07.26 03:04:29.825,0.6372,0.63755,7.20,1.00
2010.07.26 03:04:29.875,0.6372,0.63755,5.60,1.00
2010.07.26 03:04:29.925,0.6372,0.63755,8.00,1.00
2010.07.26 03:04:30.026,0.6372,0.63755,2.40,1.00
2010.07.26 03:04:30.365,0.6372,0.63755,2.40,1.60
2010.07.26 03:04:32.664,0.6372,0.63755,2.80,1.00
2010.07.26 03:04:32.875,0.63725,0.6376,1.00,12.00
2010.07.26 03:04:33.366,0.63725,0.6376,1.00,5.60
2010.07.26 03:04:35.376,0.6372,0.6375,11.60,1.00
2010.07.26 03:04:35.465,0.6372,0.6375,7.60,1.00
2010.07.26 03:04:35.545,0.6372,0.6375,4.40,1.00
2010.07.26 03:04:35.760,0.6372,0.63755,2.80,4.80
2010.07.26 03:04:35.849,0.6372,0.6375,1.60,1.00
2010.07.26 03:04:37.988,0.6372,0.63755,2.40,11.20
2010.07.26 03:04:38.085,0.6372,0.63755,2.40,8.80
2010.07.26 03:04:38.355,0.6372,0.63755,2.40,5.60
2010.07.26 03:04:38.445,0.6372,0.63755,2.40,2.40
2010.07.26 03:04:39.306,0.63715,0.6375,5.20,1.00
2010.07.26 03:04:40.477,0.63725,0.63755,1.00,10.40
2010.07.26 03:04:40.657,0.6373,0.63755,1.60,3.20
2010.07.26 03:04:40.835,0.6373,0.63755,1.60,1.00
2010.07.26 03:04:48.020,0.6374,0.63755,1.00,1.00
2010.07.26 03:04:48.225,0.6374,0.63755,2.40,1.00
2010.07.26 03:04:48.327,0.6374,0.63765,2.40,4.80
2010.07.26 03:04:48.621,0.63745,0.63775,1.00,4.80
2010.07.26 03:04:48.836,0.63745,0.63775,1.00,1.60
2010.07.26 03:04:59.108,0.6374,0.63775,5.60,2.80
2010.07.26 03:04:59.245,0.6374,0.63775,1.60,2.80
2010.07.26 03:05:09.246,0.63745,0.63775,1.00,2.00
2010.07.26 03:05:09.495,0.63745,0.63775,1.00,1.60
2010.07.26 03:05:11.367,0.63745,0.6378,1.60,4.40
2010.07.26 03:05:11.645,0.63745,0.6378,2.00,2.40
2010.07.26 03:05:11.894,0.63745,0.6378,3.60,2.40
2010.07.26 03:05:12.784,0.63745,0.6378,3.60,1.60
2010.07.26 03:05:13.614,0.6375,0.6378,1.00,1.60
2010.07.26 03:05:13.735,0.6375,0.6378,1.60,1.60
2010.07.26 03:05:23.159,0.6375,0.6378,2.40,1.00
2010.07.26 03:05:23.407,0.63755,0.63785,1.00,4.00
2010.07.26 03:05:23.635,0.63755,0.63785,1.00,3.20
2010.07.26 03:05:24.558,0.63755,0.6378,1.00,1.00
2010.07.26 03:05:25.247,0.63745,0.63775,1.60,1.00
2010.07.26 03:05:25.546,0.63745,0.63775,1.60,1.60
2010.07.26 03:05:27.325,0.63745,0.63775,2.40,1.60
2010.07.26 03:05:27.496,0.63745,0.63775,2.40,1.00
2010.07.26 03:05:28.493,0.6375,0.63775,1.00,1.00
2010.07.26 03:05:33.796,0.63745,0.63775,1.60,1.60
2010.07.26 03:05:36.261,0.63745,0.63775,1.60,4.00
2010.07.26 03:05:36.461,0.63745,0.63775,2.40,4.80
2010.07.26 03:05:36.800,0.63745,0.63775,1.60,1.00
2010.07.26 03:05:37.165,0.63745,0.63775,1.60,1.60
2010.07.26 03:05:39.447,0.63745,0.63775,1.60,1.00
2010.07.26 03:05:40.145,0.63745,0.63775,1.60,1.60
2010.07.26 03:05:44.815,0.63745,0.63775,1.60,4.00
2010.07.26 03:05:45.026,0.63745,0.6377,1.60,4.00
2010.07.26 03:05:47.819,0.63745,0.6377,1.60,3.20
2010.07.26 03:05:47.936,0.63745,0.6377,1.60,2.40
2010.07.26 03:05:48.056,0.63745,0.63775,1.60,7.20
2010.07.26 03:05:48.283,0.63745,0.63775,1.60,4.00
2010.07.26 03:05:48.627,0.63745,0.63775,1.60,1.60
2010.07.26 03:05:49.626,0.63745,0.63775,1.60,1.00
2010.07.26 03:05:49.976,0.63745,0.63775,1.60,1.60
2010.07.26 03:05:53.792,0.63745,0.63775,1.60,1.00
2010.07.26 03:05:54.989,0.63745,0.63775,2.40,1.00
2010.07.26 03:05:55.086,0.63745,0.63775,1.60,1.00
2010.07.26 03:06:00.155,0.63745,0.63775,2.40,1.00
2010.07.26 03:06:00.457,0.63745,0.63775,1.60,1.00
2010.07.26 03:06:11.146,0.63745,0.6378,2.40,15.60
2010.07.26 03:06:11.489,0.63745,0.6378,2.40,10.80
2010.07.26 03:06:11.825,0.63745,0.6378,2.40,4.40
2010.07.26 03:06:13.415,0.6376,0.63785,1.60,3.20
2010.07.26 03:06:13.538,0.6376,0.6379,1.60,1.00
2010.07.26 03:06:13.667,0.6376,0.63795,3.60,1.60
2010.07.26 03:06:13.800,0.63765,0.638,1.00,5.60
2010.07.26 03:06:14.268,0.63765,0.638,2.40,1.60
2010.07.26 03:06:15.576,0.6377,0.63805,1.00,5.20
2010.07.26 03:06:15.817,0.63775,0.63805,1.00,1.00
2010.07.26 03:06:16.058,0.63775,0.63805,1.60,1.00
2010.07.26 03:06:24.818,0.63775,0.6381,2.40,12.40
2010.07.26 03:06:25.045,0.6378,0.6381,1.00,10.00
2010.07.26 03:06:25.266,0.6378,0.6381,1.00,1.00
2010.07.26 03:06:26.205,0.6378,0.6381,2.40,1.00
2010.07.26 03:06:27.795,0.63785,0.6381,1.00,1.00
2010.07.26 03:06:27.934,0.63785,0.6381,1.60,1.00
2010.07.26 03:06:32.577,0.63785,0.63805,1.60,1.00
2010.07.26 03:06:33.065,0.6378,0.63805,1.60,1.00
2010.07.26 03:06:33.747,0.6378,0.6381,1.60,10.80
2010.07.26 03:06:34.086,0.6378,0.6381,1.60,2.00
2010.07.26 03:06:36.698,0.6378,0.63805,1.60,1.00
2010.07.26 03:06:37.068,0.6378,0.63805,1.00,1.00
2010.07.26 03:06:37.277,0.63775,0.63805,1.60,1.00
2010.07.26 03:07:14.148,0.63775,0.63805,1.60,2.00
2010.07.26 03:07:31.155,0.6378,0.63805,1.60,1.00
2010.07.26 03:07:32.016,0.6378,0.63795,1.60,1.00
2010.07.26 03:07:32.387,0.63775,0.638,1.60,2.40
2010.07.26 03:07:32.658,0.6378,0.63805,1.60,1.20
2010.07.26 03:07:32.926,0.6378,0.6381,2.40,1.00
2010.07.26 03:07:34.335,0.63785,0.6381,1.60,1.00
2010.07.26 03:07:41.027,0.63785,0.63815,1.60,2.80
2010.07.26 03:07:41.349,0.63785,0.63815,3.20,1.00
2010.07.26 03:07:41.656,0.63785,0.63815,1.60,2.40
2010.07.26 03:07:42.265,0.6379,0.63815,1.60,2.40
2010.07.26 03:07:43.016,0.6379,0.63815,1.60,1.60
2010.07.26 03:07:43.359,0.63795,0.63825,1.00,2.40
2010.07.26 03:07:43.528,0.63795,0.6383,4.40,4.00
2010.07.26 03:07:43.767,0.63805,0.63835,2.40,8.80
2010.07.26 03:07:44.006,0.63805,0.6384,2.40,11.60
2010.07.26 03:07:44.401,0.6381,0.6384,1.00,5.20
2010.07.26 03:07:44.650,0.6381,0.63845,1.60,2.80
2010.07.26 03:07:44.881,0.6381,0.6384,1.00,1.60
2010.07.26 03:07:45.117,0.63805,0.6384,2.40,2.80
2010.07.26 03:08:00.435,0.6381,0.6384,1.00,2.00
2010.07.26 03:08:00.776,0.6381,0.6384,1.60,1.00
2010.07.26 03:08:02.728,0.6381,0.6384,1.00,1.60
2010.07.26 03:08:02.996,0.6381,0.6384,1.00,2.00
2010.07.26 03:08:06.402,0.63805,0.6384,2.40,2.80
2010.07.26 03:08:18.751,0.63805,0.6384,2.40,2.00
2010.07.26 03:08:18.855,0.6381,0.6384,1.00,2.00
2010.07.26 03:08:35.125,0.6381,0.6384,1.60,1.00
2010.07.26 03:08:35.306,0.6381,0.6384,1.00,1.60
2010.07.26 03:08:35.584,0.6381,0.6384,1.00,2.00
2010.07.26 03:08:38.275,0.6381,0.6384,1.60,1.00
2010.07.26 03:08:38.515,0.6381,0.6384,1.00,1.60
2010.07.26 03:08:38.675,0.6381,0.63845,1.60,6.00
2010.07.26 03:08:38.755,0.6381,0.6384,1.60,1.00
2010.07.26 03:08:38.915,0.6381,0.63845,1.60,11.60
2010.07.26 03:08:38.995,0.6381,0.63845,1.60,5.20
2010.07.26 03:08:39.304,0.6381,0.63845,1.60,2.80
2010.07.26 03:08:43.512,0.63815,0.63845,1.00,2.00
2010.07.26 03:08:43.637,0.63815,0.63845,1.00,1.60
2010.07.26 03:08:43.758,0.63815,0.63845,1.00,2.00
2010.07.26 03:08:44.288,0.6381,0.6384,1.00,2.00
2010.07.26 03:08:50.483,0.6381,0.6384,1.00,2.80
2010.07.26 03:08:50.576,0.63805,0.6383,1.60,1.00
2010.07.26 03:08:50.936,0.63805,0.6383,1.00,1.00
2010.07.26 03:08:51.115,0.638,0.6383,1.60,1.00
2010.07.26 03:08:54.866,0.63805,0.63835,1.60,1.20
2010.07.26 03:08:55.046,0.63805,0.63835,1.60,1.00
2010.07.26 03:08:56.728,0.63805,0.6384,2.40,8.40
2010.07.26 03:08:56.857,0.63805,0.6384,2.40,6.00
2010.07.26 03:08:57.056,0.63805,0.6384,2.40,2.00
2010.07.26 03:08:57.455,0.63805,0.6383,1.60,1.00
2010.07.26 03:09:00.438,0.63805,0.63835,1.60,1.20
2010.07.26 03:09:00.505,0.63805,0.63835,1.60,1.00
2010.07.26 03:09:03.709,0.63805,0.6384,2.40,5.20
2010.07.26 03:09:03.905,0.63805,0.6384,2.40,2.00
2010.07.26 03:09:05.900,0.63805,0.63835,1.60,1.00
2010.07.26 03:09:19.437,0.63805,0.6384,2.40,5.20
2010.07.26 03:09:19.618,0.63805,0.6384,2.40,2.00
2010.07.26 03:09:57.126,0.6381,0.6384,1.00,1.00
2010.07.26 03:09:57.437,0.6381,0.63845,1.60,2.80
2010.07.26 03:10:00.245,0.6381,0.63845,2.40,2.00
2010.07.26 03:10:00.396,0.63815,0.63845,1.00,1.20
2010.07.26 03:10:00.555,0.63815,0.63845,1.00,1.00
2010.07.26 03:10:00.706,0.63815,0.63845,1.60,1.00
2010.07.26 03:10:00.866,0.6382,0.63845,1.00,1.00
2010.07.26 03:12:12.286,0.6382,0.63845,1.00,1.60
2010.07.26 03:12:12.567,0.6382,0.63845,1.00,2.00
2010.07.26 03:12:12.846,0.6381,0.63845,2.40,2.00
2010.07.26 03:12:50.985,0.6381,0.6384,2.40,1.00
2010.07.26 03:13:18.775,0.6381,0.63845,2.40,2.00
2010.07.26 03:14:14.665,0.6381,0.63845,2.40,1.20
2010.07.26 03:14:14.770,0.6381,0.63845,2.40,1.00
2010.07.26 03:14:24.487,0.6381,0.6384,1.60,1.00
2010.07.26 03:14:24.730,0.63805,0.6384,6.40,2.00
2010.07.26 03:14:24.836,0.63805,0.6384,4.00,4.40
2010.07.26 03:14:45.736,0.63805,0.63835,3.20,1.00
2010.07.26 03:14:45.993,0.63805,0.63835,2.40,1.00
2010.07.26 03:14:46.195,0.638,0.63825,10.00,1.60
2010.07.26 03:14:46.393,0.638,0.63825,3.20,2.00
2010.07.26 03:14:46.780,0.63785,0.6382,12.40,2.40
2010.07.26 03:14:47.119,0.6378,0.63815,2.40,2.00
2010.07.26 03:14:47.457,0.6378,0.6381,1.60,1.00
2010.07.26 03:14:48.128,0.6378,0.6381,1.60,3.60
2010.07.26 03:14:48.458,0.6378,0.6381,1.00,1.00
2010.07.26 03:14:48.788,0.6378,0.63815,1.60,2.00
2010.07.26 03:14:53.663,0.6378,0.63815,1.60,1.60
2010.07.26 03:14:58.316,0.6378,0.63815,1.00,1.60
2010.07.26 03:15:04.709,0.63775,0.6381,11.60,1.00
2010.07.26 03:15:04.967,0.63775,0.63805,3.20,1.00
2010.07.26 03:15:05.057,0.63775,0.63805,2.40,1.00
2010.07.26 03:15:05.146,0.6377,0.63805,5.60,1.00
2010.07.26 03:15:05.236,0.6377,0.63805,2.40,1.00
2010.07.26 03:15:05.506,0.6377,0.638,1.60,1.00
2010.07.26 03:15:06.117,0.63765,0.638,3.60,1.00
2010.07.26 03:15:21.318,0.63765,0.638,2.80,1.00
2010.07.26 03:15:21.500,0.63765,0.638,2.40,1.00
2010.07.26 03:15:46.805,0.63765,0.638,2.40,1.60
2010.07.26 03:16:16.968,0.6377,0.638,1.00,1.60
2010.07.26 03:16:17.388,0.6377,0.63805,2.80,1.60
2010.07.26 03:16:17.548,0.6377,0.63805,6.00,1.00
2010.07.26 03:16:17.857,0.63775,0.63805,1.00,1.00
2010.07.26 03:16:24.151,0.6377,0.638,4.80,1.00
2010.07.26 03:16:24.315,0.6377,0.638,1.60,1.00
2010.07.26 03:16:33.636,0.6377,0.638,2.40,1.00
2010.07.26 03:16:51.536,0.6377,0.63805,3.20,2.00
2010.07.26 03:16:51.810,0.6377,0.63805,9.20,1.20
2010.07.26 03:16:52.407,0.6377,0.638,2.40,1.00
2010.07.26 03:16:52.638,0.6377,0.63805,2.80,2.00
2010.07.26 03:16:52.967,0.6377,0.63805,6.00,2.00
2010.07.26 03:16:53.336,0.6377,0.63805,8.40,2.00
2010.07.26 03:16:53.837,0.6377,0.63805,6.00,2.00
2010.07.26 03:16:54.107,0.6377,0.63805,8.40,2.00
2010.07.26 03:16:54.377,0.6377,0.63805,6.00,2.00
2010.07.26 03:16:54.948,0.6377,0.63805,9.20,2.00
2010.07.26 03:16:55.106,0.6377,0.63805,11.60,2.00
2010.07.26 03:16:55.256,0.6377,0.638,10.80,1.00
2010.07.26 03:16:55.406,0.6377,0.638,4.40,1.00
2010.07.26 03:16:55.607,0.6377,0.638,2.00,1.00
2010.07.26 03:16:55.916,0.6377,0.638,1.60,1.00
2010.07.26 03:17:05.509,0.6377,0.63805,2.40,2.00
2010.07.26 03:17:05.656,0.6377,0.63805,5.60,1.20
2010.07.26 03:17:05.806,0.6377,0.63805,6.00,1.20
2010.07.26 03:17:06.190,0.6377,0.638,4.80,1.00
2010.07.26 03:17:06.378,0.6377,0.638,1.60,1.00
2010.07.26 03:17:14.946,0.6377,0.63805,2.40,2.00
2010.07.26 03:17:15.309,0.6377,0.638,8.00,1.00
2010.07.26 03:17:15.529,0.6377,0.638,5.60,1.00
2010.07.26 03:17:15.737,0.6377,0.638,2.40,1.00
2010.07.26 03:17:28.269,0.6377,0.63805,3.20,1.20
2010.07.26 03:17:28.679,0.63775,0.638,1.60,1.00
2010.07.26 03:17:29.007,0.6377,0.638,5.60,1.00
2010.07.26 03:17:29.176,0.6377,0.638,2.40,1.00
2010.07.26 03:17:30.908,0.63775,0.63805,1.60,1.20
2010.07.26 03:17:30.930,0.63775,0.63805,1.60,1.00
2010.07.26 03:17:31.192,0.63775,0.638,1.60,1.00
2010.07.26 03:17:31.257,0.63775,0.638,1.00,1.00
2010.07.26 03:17:31.442,0.6377,0.638,2.40,1.00
2010.07.26 03:17:46.850,0.6377,0.638,1.60,1.00
2010.07.26 03:17:48.607,0.6377,0.638,4.00,1.00
2010.07.26 03:17:48.838,0.6377,0.638,1.60,1.00
2010.07.26 03:18:03.208,0.6377,0.63805,3.20,2.00
2010.07.26 03:18:03.549,0.6377,0.638,4.00,1.00
2010.07.26 03:18:03.877,0.6377,0.638,1.60,1.00
2010.07.26 03:18:06.507,0.6377,0.638,2.40,1.00
2010.07.26 03:18:10.807,0.6377,0.638,5.60,1.00
2010.07.26 03:18:10.987,0.6377,0.638,2.40,1.00
2010.07.26 03:18:28.519,0.6377,0.638,1.00,1.00
2010.07.26 03:18:31.986,0.6377,0.638,1.60,1.00
2010.07.26 03:18:32.527,0.6377,0.638,2.40,1.00
2010.07.26 03:18:39.510,0.6377,0.638,1.60,1.00
2010.07.26 03:18:39.686,0.6377,0.638,1.00,1.00
2010.07.26 03:18:47.473,0.63765,0.638,2.40,1.60
2010.07.26 03:18:53.039,0.6377,0.638,1.00,1.60
2010.07.26 03:18:53.378,0.6377,0.638,1.00,1.00
2010.07.26 03:19:06.397,0.6377,0.638,1.60,1.00
2010.07.26 03:19:06.587,0.6377,0.638,2.40,1.00
2010.07.26 03:19:21.905,0.6377,0.638,1.60,1.00
2010.07.26 03:19:22.039,0.6377,0.638,1.00,1.00
2010.07.26 03:19:31.648,0.6377,0.638,1.60,1.00
2010.07.26 03:19:31.748,0.6377,0.638,2.40,1.00
2010.07.26 03:19:32.367,0.6377,0.63805,2.40,2.00
2010.07.26 03:19:32.626,0.6377,0.63805,2.40,1.60
2010.07.26 03:19:33.908,0.63775,0.63805,1.00,1.00
2010.07.26 03:19:37.957,0.6377,0.638,5.20,1.00
2010.07.26 03:19:38.168,0.6377,0.638,1.60,1.00
2010.07.26 03:19:39.064,0.6377,0.6379,1.00,1.00
2010.07.26 03:19:39.254,0.63755,0.63785,2.80,1.00
2010.07.26 03:19:39.439,0.63755,0.63785,2.00,1.60
2010.07.26 03:19:39.971,0.63755,0.6379,3.60,4.00
2010.07.26 03:19:40.311,0.63755,0.6379,3.60,1.60
2010.07.26 03:19:40.877,0.6376,0.6379,1.00,1.00
2010.07.26 03:19:42.257,0.63755,0.6379,5.20,1.60
2010.07.26 03:19:42.518,0.6375,0.6379,10.80,1.00
2010.07.26 03:19:42.777,0.63755,0.63785,1.00,1.00
2010.07.26 03:19:43.117,0.63755,0.6379,1.00,1.60
2010.07.26 03:19:43.796,0.63755,0.6378,1.00,1.00
2010.07.26 03:19:46.337,0.6377,0.6378,1.00,1.00
2010.07.26 03:19:46.607,0.63765,0.6379,6.40,1.00
2010.07.26 03:19:46.696,0.63765,0.6379,8.80,1.00
2010.07.26 03:19:46.878,0.6376,0.63795,6.40,2.00
2010.07.26 03:19:47.341,0.6376,0.63795,1.00,2.00
2010.07.26 03:19:47.596,0.6376,0.63795,1.00,1.60
2010.07.26 03:19:49.266,0.63765,0.63795,1.00,1.00
2010.07.26 03:20:03.058,0.6377,0.63795,1.00,1.00
2010.07.26 03:20:03.429,0.6377,0.638,1.00,1.00
2010.07.26 03:20:16.726,0.6377,0.63805,1.00,4.00
2010.07.26 03:20:16.806,0.6377,0.63805,1.60,4.00
2010.07.26 03:20:16.885,0.6377,0.63805,1.60,3.20
2010.07.26 03:20:20.485,0.6377,0.63805,2.40,3.20
2010.07.26 03:20:34.916,0.6377,0.638,2.40,1.00
2010.07.26 03:20:41.036,0.63765,0.638,11.60,2.00
2010.07.26 03:20:41.167,0.63765,0.6379,8.00,1.00
2010.07.26 03:20:41.419,0.63765,0.6379,4.80,1.00
2010.07.26 03:20:41.668,0.63765,0.638,2.40,6.00
2010.07.26 03:20:41.917,0.63765,0.638,2.40,4.40
2010.07.26 03:20:44.273,0.63765,0.638,4.00,4.40
2010.07.26 03:20:44.517,0.6377,0.63795,1.00,1.00
2010.07.26 03:20:55.042,0.6377,0.638,1.00,1.20
2010.07.26 03:20:55.226,0.6377,0.638,2.40,1.00
2010.07.26 03:21:00.469,0.6377,0.638,1.60,1.20
2010.07.26 03:21:00.618,0.6377,0.63795,1.00,1.20
2010.07.26 03:21:00.883,0.6377,0.63795,1.00,2.80
2010.07.26 03:21:01.228,0.6376,0.6379,1.00,3.60
2010.07.26 03:21:01.566,0.6376,0.6379,2.40,1.00
2010.07.26 03:21:07.106,0.6376,0.63785,1.60,1.00
2010.07.26 03:21:07.537,0.6376,0.6378,1.00,3.60
2010.07.26 03:21:10.348,0.63755,0.6378,1.60,3.60
2010.07.26 03:21:10.450,0.63755,0.63775,1.60,1.60
2010.07.26 03:21:10.549,0.6375,0.63775,1.60,1.60
2010.07.26 03:21:10.890,0.63755,0.6378,1.00,3.60
2010.07.26 03:21:11.231,0.63755,0.63785,3.20,3.20
2010.07.26 03:21:11.568,0.63755,0.6379,3.60,4.40
2010.07.26 03:21:11.848,0.63755,0.63785,3.60,1.00
2010.07.26 03:21:15.406,0.63755,0.63785,2.80,2.00
2010.07.26 03:21:15.467,0.63755,0.6378,1.00,1.60
2010.07.26 03:21:15.773,0.63755,0.63775,1.00,1.60
2010.07.26 03:21:15.842,0.63745,0.6377,6.40,1.00
2010.07.26 03:21:15.907,0.63745,0.6377,7.20,1.00
2010.07.26 03:21:16.027,0.63745,0.63775,7.20,4.00
2010.07.26 03:21:16.091,0.63745,0.63775,8.00,2.40
2010.07.26 03:21:16.146,0.63745,0.63775,8.00,1.60
2010.07.26 03:21:16.206,0.63745,0.6377,7.20,1.00
2010.07.26 03:21:16.267,0.63745,0.63765,4.00,1.00
2010.07.26 03:21:16.328,0.6374,0.63765,4.40,1.00
2010.07.26 03:21:16.670,0.6374,0.6376,1.00,2.80
2010.07.26 03:21:17.049,0.6373,0.6376,1.00,4.40
2010.07.26 03:21:17.392,0.63735,0.63755,1.60,1.00
2010.07.26 03:21:17.798,0.63735,0.6376,1.60,7.60
2010.07.26 03:21:17.997,0.63735,0.6376,1.60,3.60
2010.07.26 03:21:18.197,0.6374,0.6376,1.00,3.20
2010.07.26 03:21:18.398,0.63735,0.6376,2.40,1.60
2010.07.26 03:21:18.616,0.63735,0.6376,2.80,1.60
2010.07.26 03:21:18.949,0.63735,0.6377,2.40,11.60
2010.07.26 03:21:19.288,0.63735,0.6377,2.40,10.80
2010.07.26 03:21:19.630,0.6374,0.6377,1.00,1.00
2010.07.26 03:21:20.098,0.63735,0.6377,2.80,1.00
2010.07.26 03:21:20.297,0.63735,0.6377,2.40,4.40
2010.07.26 03:21:20.486,0.63735,0.6377,2.40,7.60
2010.07.26 03:21:22.077,0.63735,0.63765,2.40,1.60
2010.07.26 03:21:24.911,0.63735,0.6376,1.60,1.00
2010.07.26 03:21:25.089,0.6373,0.6376,1.60,7.60
2010.07.26 03:21:25.258,0.6372,0.63745,12.00,1.00
2010.07.26 03:21:25.427,0.6372,0.63745,1.00,3.60
2010.07.26 03:21:26.132,0.63715,0.63745,5.20,4.40
2010.07.26 03:21:26.413,0.63715,0.63735,5.60,1.60
2010.07.26 03:21:26.845,0.63715,0.6374,1.00,1.00
2010.07.26 03:21:27.120,0.6371,0.6374,1.00,1.00
2010.07.26 03:21:28.231,0.6371,0.6374,1.60,1.00
2010.07.26 03:21:29.816,0.63715,0.6374,1.00,1.00
2010.07.26 03:21:31.298,0.63715,0.63745,3.60,3.20
2010.07.26 03:21:31.481,0.6372,0.63745,1.00,4.00
2010.07.26 03:21:31.928,0.6372,0.63745,1.00,1.00
2010.07.26 03:21:35.706,0.6372,0.6375,1.60,10.00
2010.07.26 03:21:35.816,0.6372,0.6375,1.60,6.40
2010.07.26 03:21:36.101,0.6372,0.6375,4.00,3.20
2010.07.26 03:21:36.219,0.6372,0.6375,4.00,1.00
2010.07.26 03:21:39.766,0.6372,0.6375,4.80,1.00
2010.07.26 03:21:40.453,0.63725,0.6375,1.00,1.00
2010.07.26 03:21:40.556,0.63725,0.63755,3.20,1.00
2010.07.26 03:21:41.041,0.6373,0.63755,1.60,1.00
2010.07.26 03:21:41.606,0.6373,0.63755,1.00,1.00
2010.07.26 03:21:43.219,0.6373,0.6376,1.00,1.20
2010.07.26 03:21:43.517,0.6373,0.6376,1.00,1.00
2010.07.26 03:21:47.066,0.6373,0.63755,1.00,1.00
2010.07.26 03:21:47.328,0.6373,0.6376,1.00,1.20
2010.07.26 03:21:47.517,0.6373,0.63755,1.00,1.00
2010.07.26 03:21:48.068,0.63725,0.6375,3.20,1.00
2010.07.26 03:21:48.259,0.63725,0.63755,1.60,2.00
2010.07.26 03:21:48.601,0.63725,0.63755,1.60,1.00
2010.07.26 03:21:52.232,0.63725,0.63755,2.40,1.00
2010.07.26 03:21:52.717,0.6373,0.63755,1.60,1.00
2010.07.26 03:21:56.039,0.6373,0.6376,1.60,1.20
2010.07.26 03:21:56.236,0.6373,0.6376,1.60,1.00
2010.07.26 03:21:56.529,0.63735,0.63765,1.60,1.20
2010.07.26 03:21:56.663,0.63735,0.63765,1.60,1.00
2010.07.26 03:22:03.028,0.63735,0.6376,1.00,1.60
2010.07.26 03:22:03.227,0.6373,0.6376,1.60,2.00
2010.07.26 03:22:05.788,0.6373,0.63745,1.60,1.00
2010.07.26 03:22:05.967,0.63725,0.63745,1.60,1.00
2010.07.26 03:22:08.560,0.63725,0.6374,1.60,1.00
2010.07.26 03:22:09.076,0.6372,0.63745,1.00,1.00
2010.07.26 03:22:10.196,0.6372,0.63735,1.00,1.00
2010.07.26 03:22:10.408,0.63715,0.63735,1.00,1.00
2010.07.26 03:22:11.769,0.63715,0.6373,1.00,1.00
2010.07.26 03:22:11.966,0.6371,0.6373,1.60,1.00
2010.07.26 03:22:14.878,0.63705,0.63725,1.60,1.00
2010.07.26 03:22:16.379,0.63705,0.6373,1.60,1.20
2010.07.26 03:22:16.737,0.63705,0.6373,1.60,1.00
2010.07.26 03:22:17.257,0.63705,0.63735,1.60,2.80
2010.07.26 03:22:17.580,0.63705,0.6373,1.60,1.00
2010.07.26 03:22:17.763,0.6371,0.6373,1.00,1.00
2010.07.26 03:22:22.079,0.6371,0.63735,1.00,2.80
2010.07.26 03:22:22.377,0.6371,0.6373,1.00,1.00
2010.07.26 03:22:29.796,0.6371,0.63735,1.00,2.80
2010.07.26 03:22:29.931,0.6371,0.63735,1.00,2.40
2010.07.26 03:22:32.977,0.63705,0.63735,1.60,2.40
2010.07.26 03:22:33.256,0.63705,0.6373,1.60,1.00
2010.07.26 03:22:33.539,0.637,0.6373,1.60,1.00
2010.07.26 03:22:36.403,0.637,0.6373,1.60,2.40
2010.07.26 03:22:36.569,0.637,0.63725,1.60,1.00
2010.07.26 03:22:40.088,0.637,0.6373,1.60,14.00
2010.07.26 03:22:40.236,0.637,0.63725,1.60,1.00
2010.07.26 03:22:43.888,0.637,0.6373,2.40,6.80
2010.07.26 03:22:44.039,0.63705,0.6373,1.60,3.20
2010.07.26 03:22:44.383,0.63705,0.63735,1.60,2.40
2010.07.26 03:22:45.628,0.63705,0.63735,2.40,1.60
2010.07.26 03:22:45.939,0.63705,0.63735,1.60,2.40
2010.07.26 03:22:46.077,0.63705,0.63735,1.00,2.40
2010.07.26 03:22:46.747,0.63705,0.63735,1.60,2.40
2010.07.26 03:22:47.228,0.63705,0.63735,2.40,1.60
2010.07.26 03:22:50.030,0.63705,0.6373,1.60,1.00
2010.07.26 03:22:50.256,0.63705,0.6373,1.60,2.40
2010.07.26 03:22:54.030,0.63705,0.63735,2.40,1.60
2010.07.26 03:22:54.287,0.6371,0.63735,1.00,1.60
2010.07.26 03:22:56.757,0.6371,0.63735,1.00,2.40
2010.07.26 03:22:57.978,0.63715,0.6374,1.60,11.20
2010.07.26 03:22:58.189,0.6372,0.6374,1.00,6.40
2010.07.26 03:22:58.636,0.63735,0.63755,1.00,6.40
2010.07.26 03:22:58.850,0.63735,0.63765,1.00,7.20
2010.07.26 03:22:59.189,0.63735,0.63765,1.00,1.00
2010.07.26 03:22:59.867,0.6374,0.63765,1.00,1.00
2010.07.26 03:23:00.207,0.6374,0.6377,1.00,1.00
2010.07.26 03:23:07.331,0.6374,0.6377,1.00,1.20
2010.07.26 03:23:21.077,0.6374,0.6377,1.00,1.00
2010.07.26 03:23:21.228,0.63745,0.6377,1.00,1.00
2010.07.26 03:23:21.794,0.6375,0.63775,1.00,1.00
2010.07.26 03:23:23.417,0.6375,0.6378,1.00,1.20
2010.07.26 03:24:00.826,0.6375,0.63775,1.00,1.00
2010.07.26 03:24:06.417,0.6375,0.6378,1.00,1.20
2010.07.26 03:24:06.486,0.6375,0.6378,1.60,1.20
2010.07.26 03:24:15.671,0.6375,0.6378,1.00,2.00
2010.07.26 03:24:16.338,0.6375,0.63775,1.00,1.00
2010.07.26 03:24:17.078,0.6375,0.63775,1.60,1.00
2010.07.26 03:24:17.377,0.6375,0.6378,1.60,2.80
2010.07.26 03:24:17.667,0.6375,0.6378,1.60,1.20
2010.07.26 03:24:24.719,0.6375,0.6378,1.60,1.00
2010.07.26 03:24:24.826,0.6375,0.63785,1.60,8.40
2010.07.26 03:24:24.927,0.6375,0.6378,2.40,1.00
2010.07.26 03:24:25.038,0.6375,0.6378,2.40,1.00
2010.07.26 03:24:25.097,0.6375,0.6378,2.40,1.20
2010.07.26 03:24:25.648,0.6375,0.6378,2.40,1.00
2010.07.26 03:24:25.988,0.6375,0.63785,2.40,2.00
2010.07.26 03:24:27.598,0.6375,0.6378,2.40,1.00
2010.07.26 03:24:27.906,0.6375,0.6378,2.40,1.20
2010.07.26 03:24:28.559,0.6375,0.6378,2.40,1.00
2010.07.26 03:24:28.898,0.63755,0.63785,1.60,5.20
2010.07.26 03:24:29.445,0.63755,0.63785,1.60,1.00
2010.07.26 03:24:30.089,0.63755,0.63785,1.00,1.20
2010.07.26 03:24:31.759,0.63755,0.63785,1.60,1.00
2010.07.26 03:24:37.851,0.63755,0.63785,1.00,1.20
2010.07.26 03:24:38.889,0.63755,0.63785,1.00,1.00
2010.07.26 03:24:40.230,0.63755,0.6379,1.60,8.40
2010.07.26 03:24:40.457,0.63755,0.6379,1.60,4.80
2010.07.26 03:24:40.677,0.63755,0.6379,1.60,1.60
2010.07.26 03:24:41.133,0.63755,0.6379,1.60,2.00
2010.07.26 03:24:42.819,0.63755,0.6379,1.60,2.80
2010.07.26 03:24:45.814,0.63755,0.6379,1.60,3.20
2010.07.26 03:24:47.426,0.63755,0.6379,1.60,2.80
2010.07.26 03:24:49.137,0.63755,0.63785,1.00,1.00
2010.07.26 03:24:49.419,0.6375,0.63785,5.60,2.00
2010.07.26 03:24:49.507,0.6375,0.63785,2.40,2.00
2010.07.26 03:24:51.706,0.6375,0.63785,2.40,4.40
2010.07.26 03:24:51.897,0.6375,0.63785,2.40,10.80
2010.07.26 03:24:52.086,0.63755,0.63785,1.00,10.00
2010.07.26 03:24:52.402,0.63755,0.63785,1.00,6.40
2010.07.26 03:24:52.601,0.6375,0.63785,8.00,2.00
2010.07.26 03:24:52.938,0.6375,0.63785,2.40,12.40
2010.07.26 03:24:53.278,0.6375,0.6378,2.40,1.00
2010.07.26 03:24:54.493,0.63755,0.6378,1.00,1.00
2010.07.26 03:24:54.680,0.63755,0.63785,1.00,1.20
2010.07.26 03:24:54.868,0.6375,0.6378,8.00,1.00
2010.07.26 03:24:55.209,0.6375,0.6378,2.40,1.00
2010.07.26 03:24:57.088,0.63755,0.63785,1.00,2.80
2010.07.26 03:24:57.307,0.63755,0.63785,1.00,1.20
2010.07.26 03:25:02.621,0.6375,0.6378,7.60,1.00
2010.07.26 03:25:02.747,0.6375,0.6378,7.20,1.20
2010.07.26 03:25:02.878,0.6375,0.6378,1.60,1.20
2010.07.26 03:25:04.945,0.63755,0.6378,1.00,1.00
2010.07.26 03:25:05.219,0.63755,0.63785,1.00,4.40
2010.07.26 03:25:05.420,0.63755,0.63785,1.00,3.60
2010.07.26 03:25:05.508,0.63755,0.63785,1.60,1.00
2010.07.26 03:25:06.777,0.63755,0.63785,2.40,1.00
2010.07.26 03:25:13.848,0.63755,0.6378,1.60,1.00
2010.07.26 03:25:14.048,0.63755,0.6378,1.60,1.20
2010.07.26 03:25:14.147,0.6375,0.6378,2.40,1.20
2010.07.26 03:25:15.068,0.63755,0.63785,1.00,6.00
2010.07.26 03:25:15.409,0.63755,0.63785,2.40,1.00
2010.07.26 03:25:17.850,0.63755,0.63785,1.60,1.20
2010.07.26 03:25:18.147,0.63755,0.63785,1.00,1.20
2010.07.26 03:25:19.368,0.63755,0.63785,1.60,1.00
2010.07.26 03:25:27.039,0.63755,0.6378,1.00,1.00
2010.07.26 03:25:27.349,0.63755,0.6378,1.00,1.20
2010.07.26 03:25:27.976,0.6375,0.6378,2.40,1.20
2010.07.26 03:25:29.200,0.63755,0.6378,1.00,1.00
2010.07.26 03:25:29.400,0.63755,0.6378,1.60,1.00
2010.07.26 03:25:29.598,0.63755,0.63785,2.40,1.00
2010.07.26 03:25:31.029,0.63755,0.63785,1.60,1.20
2010.07.26 03:25:31.397,0.63755,0.63785,1.00,1.20
2010.07.26 03:25:32.180,0.63755,0.63785,1.60,1.00
2010.07.26 03:25:46.608,0.63755,0.63785,1.00,1.20
2010.07.26 03:25:47.259,0.63755,0.63785,1.00,2.00
2010.07.26 03:25:47.567,0.6375,0.6378,2.40,1.00
2010.07.26 03:25:48.477,0.63755,0.6378,1.00,1.00
2010.07.26 03:25:48.738,0.63755,0.63785,1.00,2.80
2010.07.26 03:25:48.868,0.63755,0.63785,1.00,1.20
2010.07.26 03:25:49.737,0.6375,0.6378,8.80,1.00
2010.07.26 03:25:50.047,0.6375,0.6378,2.40,1.00
2010.07.26 03:25:51.060,0.63755,0.6378,1.00,1.00
2010.07.26 03:25:51.367,0.63755,0.63785,1.00,2.80
2010.07.26 03:25:51.646,0.63755,0.63785,1.00,1.20
2010.07.26 03:26:06.676,0.63755,0.63785,2.40,1.00
2010.07.26 03:26:12.077,0.63755,0.6378,1.60,1.00
2010.07.26 03:26:12.116,0.6375,0.6378,4.80,1.00
2010.07.26 03:26:12.157,0.6375,0.6378,2.40,1.00
2010.07.26 03:26:15.585,0.6375,0.63785,2.40,2.40
2010.07.26 03:26:29.876,0.63755,0.63785,1.60,2.40
2010.07.26 03:26:33.037,0.63755,0.63785,1.60,3.20
2010.07.26 03:26:46.577,0.63755,0.63785,1.00,4.00
2010.07.26 03:26:46.798,0.6375,0.63785,2.40,2.40
2010.07.26 03:26:48.506,0.6375,0.63785,2.40,1.60
2010.07.26 03:26:54.388,0.6375,0.63785,5.60,1.60
2010.07.26 03:26:54.832,0.6375,0.63785,8.00,1.60
2010.07.26 03:26:56.677,0.6375,0.63785,2.40,1.60
2010.07.26 03:27:06.727,0.63755,0.63785,1.60,1.00
2010.07.26 03:27:06.918,0.63755,0.6379,2.40,14.00
2010.07.26 03:27:07.108,0.6376,0.6379,1.00,5.20
2010.07.26 03:27:07.301,0.6376,0.6379,1.00,1.20
2010.07.26 03:27:07.487,0.6376,0.6379,1.00,1.00
2010.07.26 03:27:07.678,0.6376,0.6379,1.60,1.00
2010.07.26 03:27:07.966,0.6376,0.6379,2.40,1.00
2010.07.26 03:27:10.663,0.6376,0.6379,1.00,2.00
2010.07.26 03:27:16.948,0.6376,0.6379,1.00,5.20
2010.07.26 03:27:17.478,0.6376,0.6379,1.00,2.00
2010.07.26 03:27:40.459,0.6376,0.6379,1.60,1.20
2010.07.26 03:27:40.747,0.6376,0.6379,1.60,1.00
2010.07.26 03:27:46.748,0.6376,0.6379,1.00,1.60
2010.07.26 03:27:54.879,0.63755,0.6379,4.40,2.40
2010.07.26 03:27:55.218,0.63755,0.6379,2.40,2.80
2010.07.26 03:27:58.279,0.6376,0.6379,1.00,1.60
2010.07.26 03:28:00.929,0.6376,0.6379,1.00,1.00
2010.07.26 03:28:01.038,0.6376,0.63795,2.40,5.20
2010.07.26 03:28:01.147,0.6376,0.63795,2.80,5.20
2010.07.26 03:28:01.488,0.6376,0.63795,2.80,1.60
2010.07.26 03:28:03.317,0.6376,0.63795,2.80,2.40
2010.07.26 03:28:03.383,0.6376,0.63795,3.60,1.60
2010.07.26 03:28:05.883,0.6376,0.6379,2.40,1.00
2010.07.26 03:28:13.237,0.63765,0.63795,1.00,5.60
2010.07.26 03:28:13.450,0.6376,0.63795,4.80,4.80
2010.07.26 03:28:13.660,0.6376,0.63795,10.00,1.60
2010.07.26 03:28:14.120,0.6376,0.63795,3.60,1.60
2010.07.26 03:28:15.575,0.6376,0.63795,6.00,1.60
2010.07.26 03:28:15.738,0.63765,0.638,2.40,15.20
2010.07.26 03:28:15.899,0.63765,0.638,2.40,6.40
2010.07.26 03:28:20.017,0.63765,0.638,2.40,7.20
2010.07.26 03:28:24.532,0.63765,0.63795,1.60,1.00
2010.07.26 03:28:24.913,0.63765,0.63795,1.60,1.60
2010.07.26 03:28:27.407,0.6376,0.63795,3.60,1.60
2010.07.26 03:28:39.958,0.6376,0.6379,2.80,1.00
2010.07.26 03:28:40.088,0.6376,0.6379,2.40,1.00
2010.07.26 03:28:47.387,0.6376,0.6379,1.00,1.00
2010.07.26 03:28:51.858,0.63755,0.6379,5.60,2.00
2010.07.26 03:28:52.272,0.63755,0.6379,1.60,3.20
2010.07.26 03:29:10.180,0.63755,0.63785,1.00,1.00
2010.07.26 03:29:10.338,0.63755,0.63785,1.00,3.20
2010.07.26 03:29:11.527,0.63755,0.63785,1.60,2.40
2010.07.26 03:29:11.787,0.63755,0.63785,1.60,1.00
2010.07.26 03:29:11.919,0.63755,0.6379,1.60,3.20
2010.07.26 03:29:15.547,0.63755,0.63785,1.00,2.40
2010.07.26 03:29:15.708,0.63755,0.63785,1.00,3.20
2010.07.26 03:29:27.773,0.63755,0.6378,1.00,1.00
2010.07.26 03:29:40.349,0.63755,0.63775,1.00,1.00
2010.07.26 03:29:40.877,0.6375,0.63775,1.00,1.00
2010.07.26 03:29:41.069,0.6375,0.6377,1.00,1.60
2010.07.26 03:29:41.480,0.6374,0.63765,1.00,1.00
2010.07.26 03:29:49.058,0.6374,0.6377,1.00,2.00
2010.07.26 03:29:55.067,0.6374,0.6377,1.00,1.20
2010.07.26 03:29:55.227,0.6374,0.6377,1.00,1.00
2010.07.26 03:29:55.578,0.6374,0.6377,1.60,1.00
2010.07.26 03:30:01.120,0.6374,0.6377,1.60,1.60
2010.07.26 03:30:01.327,0.6374,0.6377,1.60,2.00
2010.07.26 03:30:02.649,0.6374,0.6377,2.40,1.00
2010.07.26 03:30:03.253,0.63745,0.6377,1.00,1.00
2010.07.26 03:30:03.600,0.63745,0.6377,1.60,1.00
2010.07.26 03:30:09.198,0.6374,0.6377,1.60,1.60
2010.07.26 03:30:09.542,0.6374,0.6377,1.60,2.00
2010.07.26 03:30:36.557,0.63745,0.6377,1.00,2.00
2010.07.26 03:30:49.349,0.63745,0.6377,1.00,1.20
2010.07.26 03:30:49.708,0.63745,0.6377,1.00,1.00
2010.07.26 03:30:49.888,0.63745,0.6377,1.60,1.00
2010.07.26 03:30:52.900,0.63745,0.63775,1.60,1.20
2010.07.26 03:30:53.319,0.6375,0.63775,1.00,1.00
2010.07.26 03:31:06.507,0.63745,0.63775,1.60,1.00
2010.07.26 03:31:06.681,0.63745,0.6377,1.60,1.00
2010.07.26 03:31:07.002,0.63745,0.6377,1.00,1.00
2010.07.26 03:31:09.118,0.63745,0.63775,1.00,1.20
2010.07.26 03:31:09.218,0.63745,0.63775,1.60,1.20
2010.07.26 03:31:09.549,0.63745,0.6378,2.40,1.00
2010.07.26 03:31:09.889,0.6375,0.6378,1.60,1.00
2010.07.26 03:31:17.682,0.6375,0.63785,2.40,5.20
2010.07.26 03:31:18.074,0.63755,0.63785,1.00,1.20
2010.07.26 03:31:18.255,0.63755,0.63785,1.00,1.00
2010.07.26 03:31:48.244,0.63755,0.63785,1.60,1.00
2010.07.26 03:32:13.788,0.6375,0.6378,7.20,1.00
2010.07.26 03:32:14.060,0.6375,0.6378,1.60,1.00
2010.07.26 03:32:16.409,0.6375,0.63785,2.40,2.00
2010.07.26 03:32:16.517,0.6375,0.63785,2.40,1.60
2010.07.26 03:32:16.959,0.6375,0.6378,4.80,1.00
2010.07.26 03:32:17.669,0.6375,0.6378,1.60,1.00
2010.07.26 03:32:21.371,0.6375,0.63785,2.40,2.00
2010.07.26 03:32:21.718,0.6375,0.63785,8.00,2.00
2010.07.26 03:32:21.897,0.6375,0.6378,7.20,1.00
2010.07.26 03:32:22.067,0.6375,0.6378,4.80,1.00
2010.07.26 03:32:22.287,0.6375,0.6378,1.60,1.00
2010.07.26 03:32:26.591,0.6375,0.63785,2.40,2.00
2010.07.26 03:32:26.838,0.6375,0.63785,2.40,1.60
2010.07.26 03:32:26.958,0.6375,0.63785,5.60,1.60
2010.07.26 03:32:27.077,0.6375,0.63785,8.00,1.60
2010.07.26 03:32:29.431,0.63775,0.63785,1.00,1.00
2010.07.26 03:32:29.642,0.6377,0.63785,1.00,1.00
2010.07.26 03:32:29.940,0.6377,0.63795,1.00,6.40
2010.07.26 03:32:30.285,0.6377,0.638,1.00,1.60
2010.07.26 03:32:30.628,0.63765,0.638,6.00,2.40
2010.07.26 03:32:30.969,0.63765,0.638,2.40,6.00
2010.07.26 03:32:34.958,0.63765,0.638,2.40,9.20
2010.07.26 03:32:35.917,0.63765,0.638,2.40,6.00
2010.07.26 03:32:36.880,0.63765,0.638,6.00,1.60
2010.07.26 03:32:37.119,0.63765,0.638,2.80,4.80
2010.07.26 03:32:37.360,0.63765,0.638,2.40,6.00
2010.07.26 03:32:37.838,0.6377,0.638,1.00,2.00
2010.07.26 03:32:38.160,0.6377,0.638,1.60,1.00
2010.07.26 03:32:41.987,0.6377,0.638,1.00,1.60
2010.07.26 03:32:42.139,0.6377,0.638,1.00,2.00
2010.07.26 03:32:42.454,0.6377,0.638,1.00,1.20
2010.07.26 03:32:42.608,0.6377,0.638,1.00,1.00
2010.07.26 03:32:43.648,0.6377,0.6379,1.00,1.00
2010.07.26 03:32:43.968,0.6377,0.63785,1.00,1.60
2010.07.26 03:32:44.288,0.63765,0.63785,1.60,1.60
2010.07.26 03:32:45.141,0.63765,0.6379,1.60,1.00
2010.07.26 03:32:45.749,0.63765,0.63795,1.60,2.80
2010.07.26 03:33:04.398,0.63765,0.6379,1.60,1.20
2010.07.26 03:33:04.739,0.63765,0.63785,1.60,1.60
2010.07.26 03:33:10.228,0.63765,0.63795,1.60,6.00
2010.07.26 03:33:10.937,0.63765,0.63795,1.60,2.80
2010.07.26 03:33:11.286,0.63765,0.63785,1.60,1.60
2010.07.26 03:33:13.300,0.63765,0.6379,1.60,1.20
2010.07.26 03:33:13.371,0.63765,0.6379,1.60,1.00
2010.07.26 03:33:13.558,0.63765,0.63795,1.60,11.60
2010.07.26 03:33:13.878,0.63765,0.63795,1.60,6.00
2010.07.26 03:33:15.018,0.63775,0.63795,1.60,5.20
2010.07.26 03:33:15.289,0.6378,0.63795,1.00,3.20
2010.07.26 03:33:15.560,0.6378,0.6381,2.40,3.20
2010.07.26 03:33:15.988,0.6378,0.6381,1.00,2.80
2010.07.26 03:33:16.262,0.63775,0.6381,5.20,3.60
2010.07.26 03:33:26.175,0.6378,0.6381,1.00,3.60
2010.07.26 03:33:26.428,0.6378,0.6381,1.00,2.80
2010.07.26 03:34:01.623,0.6378,0.6381,1.00,3.60
2010.07.26 03:34:01.967,0.6378,0.6381,1.00,6.00
2010.07.26 03:34:02.152,0.6378,0.63805,1.00,1.60
2010.07.26 03:34:04.098,0.6378,0.6381,1.00,8.40
2010.07.26 03:34:04.198,0.6378,0.6381,1.00,6.00
2010.07.26 03:34:04.308,0.6378,0.6381,1.00,2.80
2010.07.26 03:34:17.367,0.63775,0.6381,5.20,3.60
2010.07.26 03:34:36.577,0.63775,0.6381,5.20,2.80
2010.07.26 03:34:36.728,0.6378,0.6381,1.00,2.80
2010.07.26 03:34:37.353,0.63775,0.6381,4.00,3.60
2010.07.26 03:34:37.499,0.63775,0.63805,1.60,1.00
2010.07.26 03:34:41.149,0.63775,0.638,1.60,1.00
2010.07.26 03:34:43.388,0.6377,0.63805,3.20,6.00
2010.07.26 03:34:43.478,0.6377,0.638,2.40,1.00
2010.07.26 03:34:43.987,0.6377,0.63805,3.20,6.00
2010.07.26 03:34:44.250,0.6377,0.63805,3.20,4.40
2010.07.26 03:34:44.589,0.6377,0.63805,3.60,1.00
2010.07.26 03:34:55.220,0.63775,0.63805,1.60,1.00
2010.07.26 03:35:00.991,0.63775,0.63795,1.60,1.00
2010.07.26 03:35:01.149,0.63775,0.63795,1.00,1.00
2010.07.26 03:35:01.310,0.6377,0.6379,1.00,1.60
2010.07.26 03:35:01.651,0.6376,0.63785,1.00,1.00
2010.07.26 03:35:01.988,0.63755,0.63785,1.60,1.00
2010.07.26 03:35:11.065,0.63755,0.63785,1.00,1.00
2010.07.26 03:35:29.927,0.6375,0.6378,7.60,1.00
2010.07.26 03:35:30.109,0.6375,0.6378,4.80,1.00
2010.07.26 03:35:30.311,0.6375,0.6378,1.60,1.00
2010.07.26 03:35:31.778,0.6375,0.63785,2.40,10.80
2010.07.26 03:35:31.949,0.6375,0.63785,2.40,1.60
2010.07.26 03:35:33.500,0.63755,0.63785,1.00,1.00
2010.07.26 03:36:01.707,0.6376,0.63785,1.60,1.00
2010.07.26 03:36:02.021,0.6376,0.63795,5.20,1.60
2010.07.26 03:36:35.159,0.6376,0.63795,2.80,1.60
2010.07.26 03:37:23.137,0.6376,0.63795,2.00,2.40
2010.07.26 03:37:23.268,0.6376,0.63795,1.60,3.60
2010.07.26 03:37:24.560,0.63755,0.6379,5.60,1.60
2010.07.26 03:37:24.901,0.6376,0.6379,2.00,1.00
2010.07.26 03:37:26.409,0.6376,0.6379,1.20,1.00
2010.07.26 03:37:26.868,0.6376,0.6379,1.00,1.00
2010.07.26 03:37:28.198,0.6376,0.6379,2.00,1.00
2010.07.26 03:37:31.481,0.6376,0.6379,1.20,1.60
2010.07.26 03:37:31.989,0.6376,0.6379,1.00,2.40
2010.07.26 03:37:32.301,0.63755,0.63785,1.00,1.60
2010.07.26 03:37:32.609,0.63755,0.63785,1.00,1.00
2010.07.26 03:37:50.533,0.6375,0.63785,6.00,1.60
2010.07.26 03:37:50.850,0.6375,0.63785,2.40,1.60
2010.07.26 03:37:51.479,0.6375,0.63785,2.40,4.80
2010.07.26 03:37:51.879,0.63755,0.63785,1.00,4.00
2010.07.26 03:37:52.179,0.63755,0.63785,1.00,1.00
2010.07.26 03:38:05.268,0.6375,0.63785,2.80,1.60
2010.07.26 03:38:05.378,0.6375,0.63785,2.40,1.60
2010.07.26 03:38:06.516,0.6375,0.63785,2.80,4.80
2010.07.26 03:38:06.781,0.63755,0.63785,1.00,1.00
2010.07.26 03:38:07.300,0.6375,0.63785,2.80,1.60
2010.07.26 03:38:07.560,0.6375,0.63785,2.40,4.80
2010.07.26 03:38:09.708,0.63755,0.63785,1.00,4.00
2010.07.26 03:38:10.088,0.63755,0.63785,1.00,1.00
2010.07.26 03:38:19.440,0.6375,0.63785,2.80,1.60
2010.07.26 03:38:19.688,0.6375,0.63785,2.40,1.60
2010.07.26 03:38:20.110,0.6375,0.63785,2.40,4.80
2010.07.26 03:38:21.979,0.63755,0.63785,1.00,4.00
2010.07.26 03:38:22.359,0.63755,0.63785,1.00,1.00
2010.07.26 03:38:34.970,0.6375,0.63785,2.40,4.80
2010.07.26 03:38:37.119,0.63755,0.63785,1.00,4.00
2010.07.26 03:38:37.522,0.63755,0.63785,1.00,1.00
2010.07.26 03:38:38.645,0.6375,0.63775,1.60,1.00
2010.07.26 03:38:38.749,0.63745,0.63775,6.40,1.00
2010.07.26 03:38:39.208,0.63745,0.63775,3.20,1.00
2010.07.26 03:38:39.548,0.6374,0.63775,3.60,1.00
2010.07.26 03:38:40.310,0.6375,0.6378,1.00,10.40
2010.07.26 03:38:40.649,0.6375,0.6378,1.00,3.20
2010.07.26 03:38:41.066,0.6375,0.6378,1.00,1.00
2010.07.26 03:38:44.749,0.63745,0.63775,5.20,1.00
2010.07.26 03:38:44.945,0.63745,0.63775,1.00,1.00
2010.07.26 03:38:45.128,0.63745,0.63775,1.00,1.60
2010.07.26 03:38:50.460,0.63745,0.63775,1.60,1.00
2010.07.26 03:38:56.232,0.63745,0.63775,1.00,1.60
2010.07.26 03:38:56.528,0.6374,0.63775,6.80,1.60
2010.07.26 03:38:57.311,0.6374,0.63775,3.60,1.60
2010.07.26 03:39:01.182,0.63745,0.63775,1.00,1.60
2010.07.26 03:39:06.818,0.6374,0.63775,3.60,1.60
2010.07.26 03:39:11.137,0.63755,0.63775,1.00,1.00
2010.07.26 03:39:11.240,0.63755,0.6378,1.00,1.00
2010.07.26 03:39:11.438,0.63755,0.63785,1.00,1.00
2010.07.26 03:39:18.121,0.6375,0.63785,10.80,1.60
2010.07.26 03:39:18.431,0.6375,0.63785,1.60,2.00
2010.07.26 03:39:18.528,0.6375,0.6378,1.00,1.00
2010.07.26 03:39:34.034,0.6375,0.6378,1.00,1.60
2010.07.26 03:39:34.168,0.63745,0.6378,1.60,1.60
2010.07.26 03:39:36.251,0.63745,0.63775,1.60,1.00
2010.07.26 03:39:36.670,0.63745,0.63775,1.00,1.60
2010.07.26 03:39:36.901,0.6374,0.63775,5.20,2.40
2010.07.26 03:39:37.179,0.6374,0.63775,1.60,2.80
2010.07.26 03:39:37.519,0.6374,0.6377,1.00,1.00
2010.07.26 03:39:40.081,0.63745,0.6377,1.00,1.00
2010.07.26 03:39:40.330,0.63745,0.63775,1.00,1.60
2010.07.26 03:39:41.758,0.6374,0.63775,7.20,2.80
2010.07.26 03:39:41.879,0.6374,0.63775,4.00,2.80
2010.07.26 03:39:41.999,0.6374,0.63775,1.60,3.20
2010.07.26 03:39:52.421,0.63735,0.6377,10.40,2.00
2010.07.26 03:39:52.739,0.63735,0.6377,1.00,2.00
2010.07.26 03:39:53.491,0.63735,0.6377,1.00,5.20
2010.07.26 03:39:53.829,0.63735,0.6377,1.00,10.80
2010.07.26 03:39:54.563,0.63735,0.6377,1.00,8.40
2010.07.26 03:39:54.878,0.63735,0.6377,1.00,2.00
2010.07.26 03:40:19.490,0.6374,0.6377,1.00,2.00
2010.07.26 03:40:19.644,0.63735,0.6377,1.00,2.00
2010.07.26 03:40:19.990,0.63735,0.6377,1.00,1.60
2010.07.26 03:40:22.700,0.6374,0.6377,1.00,1.60
2010.07.26 03:40:23.683,0.63745,0.6377,1.00,1.00
2010.07.26 03:40:24.200,0.63745,0.63775,1.00,1.60
2010.07.26 03:40:24.879,0.6374,0.63775,2.80,2.40
2010.07.26 03:40:25.220,0.6374,0.63775,2.40,6.00
2010.07.26 03:40:42.158,0.6374,0.63775,1.60,6.00
2010.07.26 03:40:42.467,0.6374,0.63775,1.00,6.00
2010.07.26 03:41:05.529,0.6374,0.63775,1.00,2.80
2010.07.26 03:41:07.009,0.6374,0.63775,1.00,6.00
2010.07.26 03:41:29.278,0.6374,0.63775,1.00,2.80
2010.07.26 03:41:29.878,0.6374,0.63775,2.40,2.80
2010.07.26 03:41:30.185,0.6375,0.63775,1.00,2.80
2010.07.26 03:41:30.360,0.6375,0.63775,1.60,1.00
2010.07.26 03:41:30.540,0.6375,0.6378,1.60,1.00
2010.07.26 03:41:30.810,0.63755,0.6378,1.00,1.00
2010.07.26 03:41:59.258,0.63755,0.63775,1.00,1.60
2010.07.26 03:41:59.291,0.63745,0.63775,1.00,1.60
2010.07.26 03:41:59.402,0.63745,0.63775,1.00,2.00
2010.07.26 03:41:59.489,0.63745,0.63775,1.00,2.80
2010.07.26 03:41:59.519,0.6374,0.63775,4.80,2.80
2010.07.26 03:41:59.859,0.6374,0.63775,2.40,2.80
2010.07.26 03:42:03.139,0.63745,0.6378,1.60,8.40
2010.07.26 03:42:03.449,0.63745,0.6377,1.00,1.00
2010.07.26 03:42:03.532,0.6374,0.6377,2.40,1.00
2010.07.26 03:42:03.689,0.6374,0.6377,2.40,1.20
2010.07.26 03:42:03.769,0.6374,0.6377,1.60,1.20
2010.07.26 03:42:04.111,0.6374,0.6377,1.60,1.00
2010.07.26 03:42:06.179,0.6374,0.6377,1.00,1.00
2010.07.26 03:42:06.650,0.6374,0.6377,1.00,3.20
2010.07.26 03:42:06.839,0.6374,0.6377,1.60,3.20
2010.07.26 03:42:07.031,0.6374,0.6377,1.60,1.00
2010.07.26 03:42:16.269,0.63745,0.63775,1.60,1.20
2010.07.26 03:42:16.490,0.6375,0.6378,1.00,3.20
2010.07.26 03:42:16.885,0.6375,0.63785,2.40,1.00
2010.07.26 03:42:17.658,0.63755,0.6379,1.00,15.60
2010.07.26 03:42:17.909,0.63755,0.6379,1.00,6.40
2010.07.26 03:42:18.168,0.6376,0.6379,1.00,3.20
2010.07.26 03:42:20.138,0.6376,0.63785,1.00,1.00
2010.07.26 03:42:20.339,0.6376,0.63785,1.00,1.60
2010.07.26 03:43:01.019,0.6376,0.63775,1.00,1.00
2010.07.26 03:43:01.340,0.63745,0.63775,2.40,2.00
2010.07.26 03:43:01.500,0.6374,0.63775,11.20,2.00
2010.07.26 03:43:01.659,0.6374,0.6377,4.00,1.00
2010.07.26 03:43:01.920,0.6374,0.6377,1.00,3.20
2010.07.26 03:43:02.178,0.63735,0.6377,2.40,3.20
2010.07.26 03:43:02.428,0.63735,0.6377,2.40,4.00
2010.07.26 03:43:07.293,0.63735,0.6377,5.60,4.00
2010.07.26 03:43:07.520,0.63745,0.6377,1.00,3.20
2010.07.26 03:43:07.673,0.6375,0.63775,1.00,1.00
2010.07.26 03:43:07.820,0.6375,0.6378,2.40,1.00
2010.07.26 03:43:21.920,0.6375,0.63785,3.20,4.40
2010.07.26 03:43:22.140,0.63755,0.63785,1.00,1.60
2010.07.26 03:43:22.568,0.63755,0.63785,1.00,1.00
2010.07.26 03:43:35.399,0.63755,0.6378,1.00,1.00
2010.07.26 03:43:40.637,0.63755,0.63785,1.00,4.40
2010.07.26 03:43:41.319,0.63755,0.63785,1.00,1.00
2010.07.26 03:43:42.088,0.63755,0.63785,1.60,1.00
2010.07.26 03:44:27.575,0.63755,0.6379,2.40,8.80
2010.07.26 03:44:27.763,0.6376,0.6379,1.00,2.40
2010.07.26 03:44:27.944,0.6376,0.6379,2.40,1.60
2010.07.26 03:44:28.121,0.6376,0.6379,1.60,3.20
2010.07.26 03:44:29.215,0.6376,0.63785,1.60,1.00
2010.07.26 03:44:29.419,0.6376,0.63785,1.00,1.00
2010.07.26 03:44:30.848,0.63755,0.63785,1.60,1.00
2010.07.26 03:44:59.809,0.63755,0.63785,3.20,1.00
2010.07.26 03:45:00.170,0.63755,0.63785,1.60,1.00
2010.07.26 03:45:02.558,0.63755,0.6379,2.40,15.20
2010.07.26 03:45:02.820,0.63755,0.63785,3.20,1.00
2010.07.26 03:45:03.130,0.63755,0.63785,1.60,1.00
2010.07.26 03:45:06.620,0.63755,0.6379,4.00,15.20
2010.07.26 03:45:06.945,0.6376,0.6379,1.60,1.00
2010.07.26 03:45:07.271,0.6376,0.63795,1.60,2.00
2010.07.26 03:45:07.610,0.6376,0.6379,1.00,1.00
2010.07.26 03:45:11.256,0.6376,0.63795,1.60,10.80
2010.07.26 03:45:11.534,0.63765,0.63795,1.60,6.40
2010.07.26 03:45:11.805,0.63765,0.63795,1.00,1.00
2010.07.26 03:45:14.579,0.63765,0.638,1.60,14.00
2010.07.26 03:45:14.869,0.63765,0.638,1.60,5.20
2010.07.26 03:45:22.191,0.63765,0.638,1.60,8.40
2010.07.26 03:45:22.440,0.6377,0.638,1.00,4.40
2010.07.26 03:45:22.872,0.63765,0.638,2.00,2.40
2010.07.26 03:45:23.122,0.63765,0.638,1.60,5.20
2010.07.26 03:45:26.136,0.63765,0.638,1.60,8.40
2010.07.26 03:45:27.558,0.63765,0.638,1.60,5.20
2010.07.26 03:45:30.650,0.63765,0.638,2.40,8.40
2010.07.26 03:45:32.622,0.63765,0.63795,1.60,1.00
2010.07.26 03:45:35.379,0.63765,0.638,2.40,14.00
2010.07.26 03:45:35.659,0.63765,0.638,2.40,10.80
2010.07.26 03:45:35.749,0.63765,0.638,2.40,8.40
2010.07.26 03:45:41.238,0.63765,0.63795,2.40,1.00
2010.07.26 03:45:43.679,0.63765,0.63795,1.60,1.60
2010.07.26 03:45:43.785,0.63765,0.63795,1.60,2.00
2010.07.26 03:45:43.878,0.63765,0.63795,1.60,1.20
2010.07.26 03:45:44.059,0.63765,0.63795,1.60,1.00
2010.07.26 03:45:45.276,0.63765,0.63795,1.00,1.00
2010.07.26 03:45:46.738,0.63765,0.638,1.60,8.80
2010.07.26 03:45:46.851,0.63765,0.638,1.60,3.20
2010.07.26 03:45:56.412,0.63765,0.638,1.60,5.60
2010.07.26 03:45:56.699,0.63765,0.63795,1.00,1.60
2010.07.26 03:45:57.339,0.63765,0.63795,1.60,1.00
2010.07.26 03:45:57.749,0.63765,0.638,2.40,8.80
2010.07.26 03:45:57.998,0.63765,0.638,2.40,5.60
2010.07.26 03:45:58.249,0.63785,0.638,1.00,4.80
2010.07.26 03:45:58.502,0.63775,0.638,10.40,1.00
2010.07.26 03:45:58.760,0.63775,0.638,1.60,2.40
2010.07.26 03:45:59.076,0.63775,0.63805,1.60,1.20
2010.07.26 03:45:59.295,0.6377,0.63805,4.40,2.40
2010.07.26 03:45:59.513,0.6377,0.63805,7.20,2.40
2010.07.26 03:45:59.720,0.6377,0.63805,4.80,2.40
2010.07.26 03:46:03.278,0.6377,0.638,4.00,1.60
2010.07.26 03:46:03.358,0.6377,0.638,3.20,1.60
2010.07.26 03:46:03.439,0.63765,0.638,5.20,1.60
2010.07.26 03:46:03.520,0.63765,0.638,1.60,4.00
2010.07.26 03:46:08.259,0.63765,0.63795,1.00,1.00
2010.07.26 03:46:08.385,0.63765,0.63795,1.00,1.60
2010.07.26 03:46:08.499,0.6376,0.63795,12.80,2.40
2010.07.26 03:46:08.609,0.6376,0.63795,10.40,2.40
2010.07.26 03:46:08.906,0.6376,0.63795,1.60,2.40
2010.07.26 03:46:16.902,0.6376,0.63795,2.40,2.40
2010.07.26 03:46:17.068,0.6376,0.63795,2.80,2.40
2010.07.26 03:46:17.708,0.6376,0.6379,1.20,1.00
2010.07.26 03:46:17.911,0.63755,0.6379,7.60,4.00
2010.07.26 03:46:18.118,0.63755,0.6379,5.20,4.00
2010.07.26 03:46:19.742,0.63755,0.63785,4.40,1.00
2010.07.26 03:46:20.089,0.63755,0.63785,1.60,1.00
2010.07.26 03:46:20.199,0.63755,0.63785,1.00,1.00
2010.07.26 03:46:26.279,0.6375,0.6378,3.60,1.60
2010.07.26 03:46:26.409,0.6375,0.6378,2.00,1.60
2010.07.26 03:46:26.911,0.63745,0.63775,8.00,1.00
2010.07.26 03:46:27.257,0.63745,0.63775,1.60,1.00
2010.07.26 03:46:30.140,0.63745,0.6378,2.40,14.00
2010.07.26 03:46:30.339,0.63745,0.6378,2.40,7.60
2010.07.26 03:46:30.389,0.63745,0.6378,2.40,5.20
2010.07.26 03:46:31.441,0.6375,0.6378,1.00,4.40
2010.07.26 03:46:31.639,0.6375,0.6378,1.00,2.00
2010.07.26 03:46:31.829,0.6375,0.6378,1.00,1.60
2010.07.26 03:46:33.483,0.63745,0.6378,2.80,5.60
2010.07.26 03:46:33.793,0.63745,0.63775,1.00,1.00
2010.07.26 03:46:35.689,0.6375,0.63775,1.00,1.00
2010.07.26 03:46:35.939,0.6375,0.6378,1.00,2.80
2010.07.26 03:46:36.189,0.6375,0.6378,1.00,2.40
2010.07.26 03:46:38.862,0.6375,0.6378,1.60,1.60
2010.07.26 03:46:38.990,0.6375,0.6378,3.20,1.00
2010.07.26 03:46:39.109,0.6375,0.63785,3.60,6.40
2010.07.26 03:46:39.219,0.6375,0.63785,5.20,6.40
2010.07.26 03:46:39.329,0.6375,0.63785,5.20,4.00
2010.07.26 03:46:41.059,0.63755,0.63785,1.00,2.40
2010.07.26 03:46:41.260,0.63755,0.63785,2.40,1.60
2010.07.26 03:46:42.362,0.6377,0.63785,1.00,1.60
2010.07.26 03:46:42.664,0.6377,0.6379,1.00,4.00
2010.07.26 03:46:42.864,0.63775,0.63795,2.40,3.20
2010.07.26 03:46:43.069,0.63775,0.638,2.40,1.00
2010.07.26 03:46:47.460,0.63775,0.638,1.60,1.60
2010.07.26 03:46:47.735,0.63765,0.63795,1.00,1.00
2010.07.26 03:46:48.002,0.6376,0.63795,2.40,4.00
2010.07.26 03:46:51.228,0.6376,0.63795,1.60,4.00
2010.07.26 03:46:51.801,0.63765,0.63795,2.40,1.60
2010.07.26 03:46:52.143,0.63765,0.63795,2.40,1.00
2010.07.26 03:47:12.854,0.63765,0.63795,1.60,1.60
2010.07.26 03:47:13.262,0.6376,0.63795,1.60,4.00
2010.07.26 03:47:13.741,0.6376,0.6379,1.00,2.40
2010.07.26 03:47:14.030,0.6376,0.6379,1.00,3.20
2010.07.26 03:47:16.022,0.63765,0.63795,2.40,1.00
2010.07.26 03:47:16.923,0.63765,0.63795,1.60,1.60
2010.07.26 03:47:17.029,0.6376,0.63795,11.20,4.00
2010.07.26 03:47:17.279,0.6376,0.63795,1.60,4.00
2010.07.26 03:47:18.344,0.63765,0.63795,1.00,3.20
2010.07.26 03:47:18.558,0.63765,0.63795,2.40,1.60
2010.07.26 03:47:18.700,0.63765,0.63795,2.40,1.00
2010.07.26 03:47:23.240,0.63765,0.63795,1.60,1.60
2010.07.26 03:47:23.424,0.6376,0.63795,7.60,3.20
2010.07.26 03:47:23.569,0.6376,0.63795,4.80,4.00
2010.07.26 03:47:23.719,0.6376,0.63795,1.60,4.00
2010.07.26 03:47:26.136,0.63765,0.63795,2.40,1.00
2010.07.26 03:47:40.878,0.6376,0.63795,10.00,3.20
2010.07.26 03:47:41.009,0.6376,0.63795,7.20,3.20
2010.07.26 03:47:41.140,0.6376,0.63795,1.60,3.20
2010.07.26 03:47:42.293,0.63765,0.63795,2.40,1.00
2010.07.26 03:47:42.624,0.6377,0.63795,1.00,1.00
2010.07.26 03:47:42.809,0.6377,0.638,1.00,1.00
2010.07.26 03:47:43.489,0.63765,0.638,4.00,1.60
2010.07.26 03:47:43.740,0.63765,0.638,1.00,1.60
2010.07.26 03:47:44.863,0.6377,0.638,1.00,1.00
2010.07.26 03:47:47.219,0.63775,0.638,1.00,1.00
2010.07.26 03:48:01.380,0.6377,0.638,3.60,1.00
2010.07.26 03:48:01.604,0.6377,0.638,1.00,1.00
2010.07.26 03:48:01.820,0.6377,0.638,4.00,1.00
2010.07.26 03:48:02.040,0.6377,0.638,1.00,1.00
2010.07.26 03:48:04.193,0.63775,0.638,1.00,1.00
2010.07.26 03:48:32.892,0.6377,0.638,1.00,1.00
2010.07.26 03:48:35.373,0.63775,0.638,1.00,1.00
2010.07.26 03:48:35.561,0.6377,0.638,1.20,1.00
2010.07.26 03:48:35.749,0.6377,0.638,1.00,1.00
2010.07.26 03:48:37.751,0.63775,0.638,1.00,1.00
2010.07.26 03:48:39.531,0.6377,0.638,3.20,3.20
2010.07.26 03:48:39.870,0.63765,0.638,3.20,3.20
2010.07.26 03:48:41.032,0.6377,0.638,1.00,2.40
2010.07.26 03:48:41.361,0.6377,0.638,1.00,1.00
2010.07.26 03:48:42.315,0.6377,0.638,2.40,1.00
2010.07.26 03:48:42.621,0.63775,0.638,1.00,1.00
2010.07.26 03:48:52.903,0.6377,0.638,2.00,1.60
2010.07.26 03:48:53.109,0.63765,0.638,12.00,3.20
2010.07.26 03:48:53.486,0.63765,0.638,3.20,3.20
2010.07.26 03:48:55.679,0.6377,0.638,1.00,2.40
2010.07.26 03:48:55.769,0.6377,0.638,2.80,1.00
2010.07.26 03:48:55.860,0.6377,0.638,2.40,1.00
2010.07.26 03:48:56.189,0.6377,0.638,1.00,1.00
2010.07.26 03:48:58.013,0.63775,0.638,1.00,1.00
2010.07.26 03:49:03.649,0.63775,0.638,2.40,1.00
2010.07.26 03:49:14.370,0.6377,0.638,1.00,1.00
2010.07.26 03:49:17.962,0.63775,0.638,1.00,1.00
2010.07.26 03:49:18.378,0.63775,0.638,2.40,1.00
2010.07.26 03:49:18.559,0.63775,0.638,1.60,1.00
2010.07.26 03:49:30.073,0.63775,0.638,1.60,1.60
2010.07.26 03:49:30.541,0.6377,0.638,1.00,1.60
2010.07.26 03:49:31.362,0.6377,0.638,1.60,1.00
2010.07.26 03:49:31.633,0.63775,0.638,1.60,1.00
2010.07.26 03:49:50.548,0.63775,0.63805,1.60,1.60
2010.07.26 03:49:50.630,0.63775,0.63785,1.60,1.00
2010.07.26 03:49:50.790,0.6377,0.63785,5.60,1.00
2010.07.26 03:49:50.870,0.6377,0.6379,3.20,4.40
2010.07.26 03:49:51.093,0.63765,0.6379,3.20,4.40
2010.07.26 03:49:51.171,0.63755,0.6378,1.60,1.00
2010.07.26 03:49:51.250,0.6375,0.6378,6.40,1.00
2010.07.26 03:49:51.409,0.6375,0.6378,3.20,1.00
2010.07.26 03:49:51.569,0.6375,0.6378,1.00,1.00
2010.07.26 03:49:57.644,0.63745,0.6378,2.40,1.60
2010.07.26 03:50:06.269,0.63755,0.6378,1.00,1.00
2010.07.26 03:50:06.604,0.63755,0.63785,1.00,2.40
2010.07.26 03:50:06.940,0.63755,0.6379,2.40,5.20
2010.07.26 03:50:10.723,0.6375,0.63785,8.00,1.00
2010.07.26 03:50:11.101,0.6375,0.6378,1.00,1.00
2010.07.26 03:50:11.289,0.6375,0.63765,1.00,1.00
2010.07.26 03:50:11.841,0.63745,0.63775,1.00,3.20
2010.07.26 03:50:12.185,0.6375,0.6378,1.00,1.00
2010.07.26 03:50:13.940,0.63745,0.6378,11.20,1.60
2010.07.26 03:50:14.230,0.63745,0.6378,4.80,1.60
2010.07.26 03:50:14.978,0.63745,0.6378,6.40,1.60
2010.07.26 03:50:15.279,0.6375,0.6378,1.00,1.00
2010.07.26 03:50:35.235,0.63745,0.6378,8.80,1.60
2010.07.26 03:50:35.549,0.63745,0.6378,2.40,1.60
2010.07.26 03:50:37.619,0.63745,0.6378,4.80,1.60
2010.07.26 03:50:37.969,0.6375,0.6378,1.00,1.00
2010.07.26 03:50:40.231,0.63755,0.6378,1.00,1.00
2010.07.26 03:50:40.702,0.63755,0.63785,1.00,1.00
2010.07.26 03:50:42.321,0.63755,0.6379,1.00,4.00
2010.07.26 03:50:53.990,0.63755,0.6379,1.00,7.20
2010.07.26 03:50:54.631,0.6375,0.63785,5.60,1.60
2010.07.26 03:50:54.972,0.6375,0.63785,4.00,10.80
2010.07.26 03:50:55.312,0.6375,0.6378,1.00,1.00
2010.07.26 03:50:56.601,0.6375,0.6378,3.20,1.00
2010.07.26 03:50:56.831,0.6375,0.63785,5.60,1.60
2010.07.26 03:50:57.060,0.6375,0.63785,2.40,1.60
2010.07.26 03:50:58.611,0.63755,0.63785,1.00,1.00
2010.07.26 03:50:59.382,0.6375,0.63785,5.60,1.60
2010.07.26 03:50:59.719,0.6375,0.63785,2.40,1.60
2010.07.26 03:51:01.013,0.63755,0.63785,1.00,1.00
2010.07.26 03:51:06.133,0.6375,0.63785,2.80,1.60
2010.07.26 03:51:06.420,0.6375,0.63785,2.40,1.60
2010.07.26 03:51:06.796,0.6375,0.63785,1.60,1.60
2010.07.26 03:51:07.096,0.6375,0.6378,1.00,1.00
2010.07.26 03:51:07.821,0.6375,0.63785,1.60,8.40
2010.07.26 03:51:08.091,0.63755,0.63785,1.00,2.80
2010.07.26 03:51:08.631,0.63755,0.63785,1.00,1.00
2010.07.26 03:51:40.508,0.6375,0.63785,8.40,1.60
2010.07.26 03:51:40.590,0.6375,0.63785,8.00,1.60
2010.07.26 03:51:40.829,0.6375,0.63785,5.60,1.60
2010.07.26 03:51:41.240,0.6375,0.63785,2.40,1.60
2010.07.26 03:51:43.180,0.63755,0.63785,1.00,1.00
2010.07.26 03:52:09.181,0.6376,0.63785,1.00,1.00
2010.07.26 03:52:09.885,0.6376,0.6379,1.00,2.00
2010.07.26 03:52:13.291,0.63755,0.6379,3.20,2.80
2010.07.26 03:52:13.620,0.63755,0.6379,1.00,5.20
2010.07.26 03:52:23.601,0.6376,0.63795,2.40,8.00
2010.07.26 03:52:23.771,0.6376,0.63795,2.40,1.60
2010.07.26 03:52:39.582,0.63765,0.63795,1.00,1.00
2010.07.26 03:52:39.911,0.63765,0.638,1.60,6.00
2010.07.26 03:52:40.080,0.63765,0.638,1.60,2.80
2010.07.26 03:52:42.462,0.6377,0.638,1.00,1.20
2010.07.26 03:52:42.675,0.6377,0.63805,1.00,2.80
2010.07.26 03:52:59.409,0.6377,0.638,1.00,2.40
2010.07.26 03:52:59.539,0.63765,0.638,8.80,3.20
2010.07.26 03:52:59.670,0.63765,0.638,2.40,3.20
2010.07.26 03:53:19.951,0.63765,0.63795,1.60,1.00
2010.07.26 03:53:20.079,0.6376,0.63795,13.60,1.60
2010.07.26 03:53:20.403,0.6376,0.63795,2.40,1.60
2010.07.26 03:53:33.265,0.63765,0.63795,1.00,1.00
2010.07.26 03:53:33.491,0.63765,0.638,1.60,14.00
2010.07.26 03:53:33.601,0.63765,0.638,1.60,5.20
2010.07.26 03:53:33.709,0.63765,0.638,1.60,2.80
2010.07.26 03:53:42.122,0.63765,0.63795,1.00,1.00
2010.07.26 03:53:42.802,0.6376,0.6379,1.00,1.00
2010.07.26 03:53:48.053,0.6376,0.6378,1.00,1.00
2010.07.26 03:53:48.467,0.63755,0.63775,1.00,1.00
2010.07.26 03:53:48.810,0.6375,0.6378,1.00,1.00
2010.07.26 03:53:55.264,0.63745,0.63775,6.00,1.00
2010.07.26 03:53:55.591,0.63745,0.63775,4.80,1.00
2010.07.26 03:53:55.821,0.63745,0.63775,1.60,1.00
2010.07.26 03:54:03.193,0.63745,0.63775,1.00,1.00
2010.07.26 03:54:04.792,0.63745,0.63775,1.60,1.00
2010.07.26 03:54:05.301,0.63745,0.63775,1.00,1.60
2010.07.26 03:54:19.890,0.6374,0.63775,5.60,1.60
2010.07.26 03:54:19.979,0.63745,0.63775,1.00,1.60
2010.07.26 03:54:20.069,0.6374,0.63775,8.00,1.60
2010.07.26 03:54:20.160,0.6374,0.63775,5.60,1.60
2010.07.26 03:54:20.350,0.6374,0.63775,2.40,1.60
2010.07.26 03:54:21.322,0.63755,0.63775,1.00,1.00
2010.07.26 03:54:21.632,0.63755,0.6378,1.00,1.00
2010.07.26 03:54:22.813,0.6375,0.63775,1.00,1.00
2010.07.26 03:54:23.323,0.63745,0.63775,1.60,1.00
2010.07.26 03:54:23.489,0.6374,0.63775,2.40,1.00
2010.07.26 03:54:23.993,0.63745,0.63775,1.00,1.00
2010.07.26 03:54:30.870,0.6374,0.63775,8.40,1.60
2010.07.26 03:54:30.995,0.6374,0.63775,5.20,1.60
2010.07.26 03:54:31.169,0.6374,0.63775,2.80,1.60
2010.07.26 03:54:31.229,0.6374,0.63775,2.40,2.00
2010.07.26 03:54:31.289,0.6374,0.63775,1.60,2.80
2010.07.26 03:54:39.631,0.6374,0.63775,1.60,6.00
2010.07.26 03:54:41.310,0.63745,0.63775,1.00,4.80
2010.07.26 03:54:41.580,0.63745,0.63775,1.00,1.00
2010.07.26 03:54:43.260,0.6375,0.6378,1.00,7.60
2010.07.26 03:54:43.420,0.6375,0.6378,2.40,7.20
2010.07.26 03:54:43.661,0.6375,0.6378,2.40,4.80
2010.07.26 03:54:43.821,0.6375,0.6378,1.00,1.60
2010.07.26 03:55:01.492,0.6375,0.6378,1.00,1.00
2010.07.26 03:55:23.531,0.63745,0.6378,4.40,1.60
2010.07.26 03:55:23.823,0.63745,0.6378,4.00,1.60
2010.07.26 03:55:24.261,0.63745,0.6378,4.00,4.80
2010.07.26 03:55:25.001,0.6375,0.6378,1.00,4.00
2010.07.26 03:55:25.281,0.6375,0.6378,1.00,1.00
2010.07.26 03:56:11.780,0.6375,0.63775,1.00,1.60
2010.07.26 03:56:13.729,0.6375,0.6378,1.00,1.00
2010.07.26 03:56:23.898,0.6375,0.6378,1.60,1.00
2010.07.26 03:56:23.969,0.6375,0.63785,1.60,8.80
2010.07.26 03:56:25.617,0.6375,0.63785,1.60,4.00
2010.07.26 03:56:25.819,0.6375,0.63785,2.40,3.20
2010.07.26 03:56:26.240,0.6375,0.63785,5.20,1.00
2010.07.26 03:56:28.139,0.63755,0.6379,1.00,14.00
2010.07.26 03:56:28.390,0.63755,0.6379,4.00,8.80
2010.07.26 03:56:28.541,0.63755,0.6379,4.00,4.80
2010.07.26 03:56:36.341,0.6376,0.6379,1.00,4.00
2010.07.26 03:56:36.653,0.6376,0.63795,1.60,1.60
2010.07.26 03:56:38.300,0.6376,0.63795,2.00,1.60
2010.07.26 03:56:38.642,0.6377,0.63795,1.00,1.00
2010.07.26 03:56:38.982,0.6377,0.638,2.00,1.00
2010.07.26 03:56:39.323,0.63775,0.63805,2.40,1.00
2010.07.26 03:56:39.663,0.6377,0.63805,10.00,1.60
2010.07.26 03:56:40.111,0.6377,0.63805,2.80,1.60
2010.07.26 03:56:40.452,0.6377,0.638,1.60,1.00
2010.07.26 03:56:43.490,0.6377,0.638,1.00,1.00
2010.07.26 03:56:43.772,0.63765,0.638,3.20,1.00
2010.07.26 03:56:44.213,0.63765,0.638,3.60,1.00
2010.07.26 03:56:48.403,0.63765,0.638,2.80,1.60
2010.07.26 03:56:48.661,0.63765,0.638,2.40,2.00
2010.07.26 03:56:48.919,0.63765,0.638,2.40,2.80
2010.07.26 03:56:50.581,0.63765,0.638,2.40,11.60
2010.07.26 03:56:57.115,0.63765,0.638,2.40,6.00
2010.07.26 03:56:57.143,0.63765,0.638,2.40,2.80
2010.07.26 03:56:59.059,0.63765,0.638,2.40,5.20
2010.07.26 03:56:59.432,0.63765,0.638,2.40,11.60
2010.07.26 03:57:02.022,0.63765,0.638,2.40,9.20
2010.07.26 03:57:02.630,0.63765,0.638,2.40,2.80
2010.07.26 03:57:12.782,0.63765,0.638,2.40,5.20
2010.07.26 03:57:13.348,0.63765,0.638,2.40,11.60
2010.07.26 03:57:17.261,0.63765,0.638,2.40,6.00
2010.07.26 03:57:17.425,0.63765,0.638,2.40,2.80
2010.07.26 03:57:28.761,0.63765,0.63795,1.60,1.60
2010.07.26 03:57:28.881,0.6376,0.63795,8.00,2.80
2010.07.26 03:57:29.000,0.6376,0.63795,4.80,2.80
2010.07.26 03:57:29.110,0.6376,0.63795,2.40,2.80
2010.07.26 03:57:36.040,0.63765,0.63795,1.00,2.40
2010.07.26 03:57:36.192,0.63765,0.638,3.60,1.60
2010.07.26 03:57:37.678,0.6377,0.63805,1.00,1.60
2010.07.26 03:57:41.704,0.63775,0.6381,2.40,3.20
2010.07.26 03:57:42.559,0.63775,0.6381,4.00,3.20
2010.07.26 03:57:43.593,0.6378,0.6381,1.00,2.40
2010.07.26 03:57:43.868,0.6378,0.6381,2.40,1.00
2010.07.26 03:57:44.632,0.6378,0.63815,2.40,7.20
2010.07.26 03:57:44.971,0.6378,0.63815,2.40,3.20
2010.07.26 03:57:59.543,0.6378,0.6381,1.60,1.00
2010.07.26 03:57:59.790,0.63775,0.6381,13.20,2.40
2010.07.26 03:58:00.061,0.6378,0.6381,1.00,1.60
2010.07.26 03:58:00.341,0.6378,0.63815,2.40,5.60
2010.07.26 03:58:00.619,0.6378,0.63815,2.40,3.20
2010.07.26 03:58:01.693,0.6378,0.63805,1.60,1.00
2010.07.26 03:58:01.901,0.63775,0.63805,8.40,2.40
2010.07.26 03:58:02.111,0.63775,0.63805,1.60,2.40
2010.07.26 03:58:02.657,0.63775,0.63805,1.00,2.40
2010.07.26 03:58:02.940,0.6377,0.63805,10.80,3.20
2010.07.26 03:58:08.161,0.6377,0.63805,8.40,3.20
2010.07.26 03:58:08.322,0.6377,0.63805,7.60,4.00
2010.07.26 03:58:08.678,0.6377,0.63805,1.60,4.40
2010.07.26 03:58:08.960,0.6377,0.63805,2.40,3.60
2010.07.26 03:58:09.100,0.6377,0.63805,10.40,3.20
2010.07.26 03:58:09.249,0.6377,0.63805,11.20,2.40
2010.07.26 03:58:17.341,0.6377,0.63805,10.40,3.20
2010.07.26 03:58:17.532,0.6377,0.63805,6.40,2.80
2010.07.26 03:58:17.721,0.6377,0.63805,10.40,3.20
2010.07.26 03:58:19.250,0.6377,0.63805,10.00,3.20
2010.07.26 03:58:20.000,0.6377,0.63805,10.80,2.40
2010.07.26 03:58:22.063,0.6377,0.63805,10.00,3.20
2010.07.26 03:58:22.290,0.6377,0.63805,5.60,3.60
2010.07.26 03:58:22.513,0.6377,0.63805,4.80,4.40
2010.07.26 03:58:22.650,0.6377,0.63805,1.60,4.40
2010.07.26 03:58:23.982,0.6377,0.63805,2.40,3.60
2010.07.26 03:58:24.363,0.6377,0.63805,6.80,3.20
2010.07.26 03:58:24.694,0.6377,0.63805,10.00,3.20
2010.07.26 03:58:34.311,0.63775,0.6381,7.60,3.20
2010.07.26 03:58:34.789,0.6378,0.63815,2.40,3.20
2010.07.26 03:58:35.026,0.6378,0.63815,3.20,3.20
2010.07.26 03:58:35.559,0.6378,0.6381,3.20,1.00
2010.07.26 03:58:35.900,0.63775,0.6381,6.80,2.40
2010.07.26 03:58:55.902,0.63775,0.63805,5.20,1.00
2010.07.26 03:58:56.523,0.6377,0.63805,10.80,3.20
2010.07.26 03:58:57.924,0.6377,0.638,10.00,1.00
2010.07.26 03:58:58.145,0.6377,0.638,1.00,1.60
2010.07.26 03:58:58.361,0.6377,0.638,1.60,1.00
2010.07.26 03:58:58.894,0.63775,0.63805,1.60,1.60
2010.07.26 03:59:01.497,0.6378,0.6381,3.20,1.00
2010.07.26 03:59:01.610,0.6378,0.63815,3.20,1.60
2010.07.26 03:59:02.673,0.6378,0.6381,3.20,1.00
2010.07.26 03:59:02.974,0.6378,0.6381,1.60,1.00
2010.07.26 03:59:10.911,0.6378,0.63805,1.00,1.60
2010.07.26 03:59:11.433,0.6378,0.6381,3.60,12.80
2010.07.26 03:59:11.682,0.6378,0.6381,3.60,1.00
2010.07.26 03:59:20.291,0.6379,0.63815,1.00,1.00
