2010.09.08 02:00:02.874,0.60035,0.60065,9.60,1.60
2010.09.08 02:00:13.245,0.6004,0.6007,4.00,8.80
2010.09.08 02:00:13.432,0.6004,0.6007,9.60,2.40
2010.09.08 02:00:14.431,0.6004,0.6007,6.40,5.60
2010.09.08 02:00:14.590,0.6004,0.6007,3.20,8.80
2010.09.08 02:00:14.750,0.6004,0.6007,1.00,8.80
2010.09.08 02:00:15.006,0.6004,0.6007,1.00,8.80
2010.09.08 02:00:15.425,0.6004,0.6007,4.00,5.60
2010.09.08 02:00:15.585,0.60045,0.60075,2.40,8.80
2010.09.08 02:00:18.043,0.60045,0.60075,1.60,9.60
2010.09.08 02:00:18.121,0.60045,0.60075,1.60,9.70
2010.09.08 02:00:18.202,0.6004,0.60075,12.40,12.10
2010.09.08 02:00:18.361,0.6004,0.6007,3.60,8.80
2010.09.08 02:00:18.441,0.6004,0.6007,1.00,8.80
2010.09.08 02:00:19.313,0.6004,0.6007,1.00,8.90
2010.09.08 02:00:19.844,0.6004,0.6007,1.00,8.80
2010.09.08 02:00:20.488,0.6004,0.6007,1.00,8.80
2010.09.08 02:00:21.393,0.6004,0.6007,1.00,8.80
2010.09.08 02:00:21.540,0.6004,0.6007,1.00,8.80
2010.09.08 02:00:21.791,0.6004,0.6007,1.00,8.80
2010.09.08 02:00:22.053,0.60045,0.6007,1.00,5.60
2010.09.08 02:00:22.313,0.60045,0.60075,1.00,10.50
2010.09.08 02:00:23.171,0.6005,0.60075,1.60,10.40
2010.09.08 02:00:23.471,0.6005,0.6008,2.00,8.80
2010.09.08 02:00:24.144,0.6005,0.60075,2.00,1.00
2010.09.08 02:00:24.521,0.6005,0.60075,2.00,1.00
2010.09.08 02:00:25.004,0.6005,0.60075,1.20,1.00
2010.09.08 02:00:25.195,0.6005,0.60075,1.00,6.40
2010.09.08 02:00:25.731,0.60045,0.60075,2.80,6.40
2010.09.08 02:00:25.891,0.60045,0.60075,2.40,6.50
2010.09.08 02:00:26.201,0.6005,0.60075,1.60,10.50
2010.09.08 02:00:26.363,0.6005,0.60075,1.00,1.00
2010.09.08 02:00:26.902,0.6005,0.60075,1.00,6.50
2010.09.08 02:00:28.155,0.6005,0.60075,1.00,6.40
2010.09.08 02:00:28.412,0.6005,0.60075,2.00,6.40
2010.09.08 02:00:28.993,0.6005,0.60075,2.00,3.20
2010.09.08 02:00:29.104,0.6005,0.6008,2.00,8.80
2010.09.08 02:00:30.805,0.6005,0.6008,1.20,9.60
2010.09.08 02:00:31.002,0.6005,0.60075,1.00,1.00
2010.09.08 02:00:31.595,0.60045,0.60075,8.80,1.00
2010.09.08 02:00:31.693,0.60045,0.60075,11.20,1.00
2010.09.08 02:00:31.791,0.60045,0.60075,9.60,1.70
2010.09.08 02:00:39.393,0.60045,0.60075,8.80,2.50
2010.09.08 02:00:39.904,0.60045,0.60075,8.80,3.30
2010.09.08 02:00:40.027,0.6004,0.6007,9.60,2.40
2010.09.08 02:00:40.346,0.6004,0.6007,9.60,2.40
2010.09.08 02:00:40.791,0.6004,0.6007,9.60,2.40
2010.09.08 02:00:41.646,0.6004,0.6007,9.60,2.40
2010.09.08 02:00:41.992,0.6004,0.6007,9.60,2.40
2010.09.08 02:00:42.543,0.6004,0.6007,9.60,2.40
2010.09.08 02:00:45.243,0.6004,0.6007,8.80,3.20
2010.09.08 02:00:45.321,0.6004,0.6007,8.80,4.00
2010.09.08 02:00:45.360,0.6004,0.6007,5.60,7.20
2010.09.08 02:00:45.413,0.6004,0.6007,3.20,9.60
2010.09.08 02:00:45.452,0.60035,0.6007,11.20,12.80
2010.09.08 02:00:46.307,0.60035,0.60065,11.20,1.00
2010.09.08 02:00:47.143,0.6004,0.60065,1.00,1.00
2010.09.08 02:00:47.381,0.6004,0.6007,1.00,11.30
2010.09.08 02:00:48.151,0.6004,0.6007,9.60,2.50
2010.09.08 02:00:55.402,0.6004,0.6007,9.60,1.00
2010.09.08 02:00:56.291,0.6004,0.60075,9.70,12.10
2010.09.08 02:00:56.893,0.6004,0.60075,9.60,12.00
2010.09.08 02:00:57.270,0.6004,0.6007,9.60,1.00
2010.09.08 02:00:58.093,0.6004,0.60075,9.70,12.10
2010.09.08 02:01:11.994,0.60045,0.60075,1.00,11.30
2010.09.08 02:01:12.059,0.60045,0.60075,1.00,11.20
2010.09.08 02:01:12.090,0.60045,0.60075,4.00,8.00
2010.09.08 02:01:12.121,0.60045,0.60075,9.60,2.40
2010.09.08 02:01:12.218,0.60045,0.60075,9.60,1.60
2010.09.08 02:01:12.821,0.60045,0.6008,11.20,13.70
2010.09.08 02:01:13.431,0.60045,0.6008,11.30,13.70
2010.09.08 02:01:20.814,0.60045,0.60075,11.20,1.00
2010.09.08 02:01:20.970,0.60045,0.6008,11.20,13.60
2010.09.08 02:01:24.773,0.60045,0.60075,11.20,1.00
2010.09.08 02:01:25.253,0.60045,0.6008,11.30,13.70
2010.09.08 02:01:26.123,0.60055,0.6008,1.00,12.10
2010.09.08 02:01:26.322,0.60055,0.6008,4.00,2.40
2010.09.08 02:01:26.828,0.60055,0.60085,3.20,6.40
2010.09.08 02:01:27.124,0.6005,0.6008,4.00,2.40
2010.09.08 02:01:27.561,0.6005,0.6008,4.00,2.50
2010.09.08 02:01:30.144,0.6005,0.6008,4.00,2.40
2010.09.08 02:01:32.056,0.6005,0.6008,4.80,2.40
2010.09.08 02:01:32.203,0.6005,0.6008,5.20,2.40
2010.09.08 02:01:32.342,0.6005,0.60085,5.20,12.00
2010.09.08 02:01:32.483,0.60055,0.60085,3.20,6.40
2010.09.08 02:01:32.952,0.60055,0.6008,3.20,1.00
2010.09.08 02:01:33.465,0.60055,0.6008,3.20,2.50
2010.09.08 02:01:33.723,0.6005,0.6008,4.00,2.40
2010.09.08 02:01:36.983,0.6005,0.6008,4.10,2.40
2010.09.08 02:01:37.499,0.6005,0.6008,4.00,2.50
2010.09.08 02:01:38.866,0.6005,0.6008,4.00,2.40
2010.09.08 02:01:39.842,0.6005,0.6008,4.00,2.40
2010.09.08 02:01:40.502,0.6005,0.6008,4.00,2.40
2010.09.08 02:01:42.050,0.6005,0.6008,4.00,2.40
2010.09.08 02:01:51.285,0.6005,0.6008,4.00,2.40
2010.09.08 02:02:07.995,0.60055,0.60085,1.00,12.50
2010.09.08 02:02:08.120,0.60055,0.60085,1.00,12.10
2010.09.08 02:02:08.250,0.60055,0.60085,1.00,9.70
2010.09.08 02:02:08.752,0.60055,0.60085,4.00,6.40
2010.09.08 02:02:08.884,0.60055,0.60085,4.00,6.50
2010.09.08 02:02:36.814,0.60055,0.60085,3.20,7.30
2010.09.08 02:02:36.921,0.60055,0.6008,3.20,1.00
2010.09.08 02:02:37.121,0.60055,0.6008,6.40,1.00
2010.09.08 02:02:37.321,0.60055,0.6008,3.20,1.00
2010.09.08 02:02:37.531,0.6005,0.6008,9.60,1.00
2010.09.08 02:02:38.575,0.60055,0.6008,3.20,1.00
2010.09.08 02:02:41.353,0.6005,0.6008,8.80,4.10
2010.09.08 02:02:41.452,0.6005,0.6008,3.20,4.10
2010.09.08 02:02:42.222,0.6005,0.60075,3.20,1.00
2010.09.08 02:02:43.264,0.60045,0.6008,11.20,12.80
2010.09.08 02:02:50.580,0.60045,0.60075,11.20,1.00
2010.09.08 02:02:51.242,0.60045,0.6008,11.20,12.80
2010.09.08 02:02:51.871,0.60045,0.60075,11.20,1.00
2010.09.08 02:02:53.341,0.60045,0.60075,11.20,1.00
2010.09.08 02:02:53.819,0.60045,0.6008,11.30,12.90
2010.09.08 02:02:54.082,0.60045,0.60075,11.20,1.00
2010.09.08 02:02:54.341,0.60045,0.60075,11.20,1.00
2010.09.08 02:03:10.375,0.60045,0.60075,10.40,1.00
2010.09.08 02:03:10.552,0.60045,0.60075,7.20,4.00
2010.09.08 02:03:11.050,0.60045,0.60075,4.00,7.20
2010.09.08 02:03:11.131,0.6004,0.60075,9.60,9.60
2010.09.08 02:03:13.385,0.6005,0.60075,1.00,8.80
2010.09.08 02:03:13.491,0.6005,0.60075,1.00,8.00
2010.09.08 02:03:13.602,0.6005,0.60075,3.20,1.60
2010.09.08 02:03:13.821,0.6005,0.60075,3.20,2.40
2010.09.08 02:03:13.931,0.6004,0.60075,10.40,8.80
2010.09.08 02:03:14.624,0.60045,0.6007,1.60,4.10
2010.09.08 02:03:14.881,0.6004,0.6007,1.00,10.50
2010.09.08 02:03:15.404,0.60035,0.60065,9.20,1.00
2010.09.08 02:03:15.897,0.6004,0.60065,1.00,1.00
2010.09.08 02:03:16.186,0.6004,0.6007,1.00,12.90
2010.09.08 02:03:16.469,0.6004,0.6007,1.00,10.50
2010.09.08 02:03:18.350,0.60035,0.6007,12.50,10.50
2010.09.08 02:03:21.111,0.60035,0.6007,12.50,8.10
2010.09.08 02:03:21.691,0.60035,0.6007,12.50,10.50
2010.09.08 02:03:22.971,0.60035,0.60065,8.90,1.00
2010.09.08 02:03:23.744,0.60035,0.60065,11.30,1.00
2010.09.08 02:03:25.381,0.60035,0.6007,12.10,10.50
2010.09.08 02:03:25.521,0.60035,0.6007,12.50,10.50
2010.09.08 02:03:28.811,0.6004,0.6007,3.20,7.30
2010.09.08 02:03:29.550,0.6004,0.6007,4.00,6.50
2010.09.08 02:03:29.716,0.6004,0.6007,3.20,4.90
2010.09.08 02:03:29.872,0.6004,0.6007,3.20,7.30
2010.09.08 02:03:30.782,0.6004,0.6007,4.00,8.90
2010.09.08 02:03:31.322,0.6004,0.6007,3.20,6.50
2010.09.08 02:03:31.602,0.6004,0.6007,9.60,1.00
2010.09.08 02:03:32.060,0.6004,0.60075,9.60,12.10
2010.09.08 02:03:32.240,0.6004,0.60075,10.00,11.30
2010.09.08 02:03:32.677,0.60045,0.6007,1.00,1.00
2010.09.08 02:03:32.868,0.60045,0.60075,6.40,4.80
2010.09.08 02:03:33.214,0.6004,0.60075,10.00,9.60
2010.09.08 02:03:33.551,0.6004,0.60075,9.60,12.00
2010.09.08 02:03:34.693,0.6004,0.6007,9.60,1.00
2010.09.08 02:03:34.902,0.60045,0.60075,1.00,11.20
2010.09.08 02:03:35.132,0.6004,0.60075,12.40,8.80
2010.09.08 02:03:35.362,0.60045,0.60075,8.80,3.20
2010.09.08 02:03:35.591,0.6004,0.60075,9.70,9.60
2010.09.08 02:03:36.350,0.6004,0.60075,9.60,9.60
2010.09.08 02:03:37.072,0.6004,0.6007,9.60,1.00
2010.09.08 02:03:37.360,0.6004,0.6007,9.60,1.00
2010.09.08 02:03:38.571,0.6004,0.60075,9.70,9.70
2010.09.08 02:03:38.776,0.6004,0.6007,9.60,1.00
2010.09.08 02:03:43.195,0.6004,0.60075,9.70,9.70
2010.09.08 02:03:45.446,0.6004,0.6007,9.60,1.00
2010.09.08 02:03:45.942,0.6004,0.60075,9.70,9.70
2010.09.08 02:03:53.314,0.6004,0.6007,9.60,1.00
2010.09.08 02:03:53.533,0.6004,0.60075,9.70,9.70
2010.09.08 02:03:53.863,0.6004,0.6007,9.60,1.00
2010.09.08 02:03:54.081,0.6004,0.60075,9.70,9.70
2010.09.08 02:03:55.154,0.6004,0.6006,8.90,1.00
2010.09.08 02:03:55.394,0.6004,0.6006,3.20,3.20
2010.09.08 02:03:55.632,0.6003,0.6006,4.00,3.20
2010.09.08 02:03:57.277,0.6003,0.6006,4.00,3.20
2010.09.08 02:04:06.404,0.60035,0.6006,1.00,2.40
2010.09.08 02:04:06.522,0.60035,0.6006,1.00,2.40
2010.09.08 02:04:06.641,0.60035,0.6006,4.00,2.40
2010.09.08 02:04:06.841,0.60035,0.60065,7.20,4.00
2010.09.08 02:04:07.051,0.60035,0.60065,9.60,1.60
2010.09.08 02:04:07.261,0.60035,0.6007,11.20,10.40
2010.09.08 02:04:08.044,0.60035,0.6007,11.30,10.50
2010.09.08 02:04:12.953,0.60035,0.6006,10.50,1.00
2010.09.08 02:04:13.062,0.60035,0.6006,10.40,1.00
2010.09.08 02:04:13.392,0.60035,0.6006,1.60,1.00
2010.09.08 02:04:13.502,0.60035,0.6006,1.60,8.00
2010.09.08 02:04:13.743,0.60035,0.6006,1.60,10.80
2010.09.08 02:04:14.305,0.60035,0.6006,1.60,13.20
2010.09.08 02:04:14.543,0.60025,0.6006,11.20,13.20
2010.09.08 02:04:15.040,0.60025,0.60055,11.20,1.00
2010.09.08 02:04:16.362,0.60025,0.60055,8.80,1.00
2010.09.08 02:04:18.013,0.60025,0.6006,8.80,13.20
2010.09.08 02:04:27.022,0.60025,0.60055,8.80,1.00
2010.09.08 02:04:29.563,0.60025,0.6006,8.80,13.20
2010.09.08 02:04:31.231,0.60025,0.60055,8.80,1.00
2010.09.08 02:04:38.704,0.60025,0.6006,8.80,13.20
2010.09.08 02:05:08.315,0.60025,0.60055,8.80,1.00
2010.09.08 02:05:08.481,0.60025,0.60055,8.80,1.00
2010.09.08 02:05:08.651,0.60025,0.6006,8.80,13.30
2010.09.08 02:05:09.729,0.60025,0.60055,8.80,1.00
2010.09.08 02:05:10.126,0.60025,0.6006,8.80,13.30
2010.09.08 02:05:12.361,0.60025,0.60055,8.80,1.00
2010.09.08 02:05:13.143,0.60025,0.6005,8.80,2.40
2010.09.08 02:05:13.334,0.60025,0.6005,8.00,2.40
2010.09.08 02:05:13.681,0.60025,0.6005,1.60,2.40
2010.09.08 02:05:14.692,0.6002,0.6005,9.70,2.40
2010.09.08 02:05:15.731,0.6002,0.60055,12.10,12.50
2010.09.08 02:05:15.832,0.6002,0.60055,12.00,12.40
2010.09.08 02:05:16.475,0.60025,0.60055,7.20,2.00
2010.09.08 02:05:16.581,0.60025,0.60055,7.20,1.60
2010.09.08 02:05:18.806,0.60025,0.60055,6.40,3.20
2010.09.08 02:05:19.303,0.6002,0.60055,12.40,12.40
2010.09.08 02:05:19.750,0.6002,0.60055,12.00,12.40
2010.09.08 02:05:20.293,0.6002,0.60055,12.00,12.40
2010.09.08 02:05:23.116,0.6002,0.6005,12.00,1.00
2010.09.08 02:05:31.515,0.6002,0.60045,11.20,1.00
2010.09.08 02:05:31.801,0.6002,0.60045,6.40,1.00
2010.09.08 02:05:31.993,0.60015,0.60045,8.80,2.40
2010.09.08 02:05:32.594,0.60015,0.6005,11.20,12.10
2010.09.08 02:05:32.961,0.60015,0.6005,11.20,12.00
2010.09.08 02:05:36.303,0.60015,0.60045,11.20,1.00
2010.09.08 02:05:36.892,0.60015,0.6005,11.20,12.00
2010.09.08 02:06:15.606,0.60015,0.60045,10.40,1.60
2010.09.08 02:06:15.943,0.60015,0.60045,7.20,5.20
2010.09.08 02:06:16.283,0.60015,0.60045,1.00,8.90
2010.09.08 02:06:16.622,0.60015,0.60045,1.00,8.80
2010.09.08 02:06:16.741,0.60015,0.60045,1.00,5.60
2010.09.08 02:06:16.981,0.60015,0.60045,1.00,8.80
2010.09.08 02:06:17.420,0.60015,0.60045,4.00,8.00
2010.09.08 02:06:17.534,0.60015,0.6005,11.20,12.00
2010.09.08 02:06:18.002,0.60015,0.60045,5.60,3.20
2010.09.08 02:06:18.244,0.60015,0.6005,11.20,12.00
2010.09.08 02:06:18.722,0.60015,0.60045,8.80,3.20
2010.09.08 02:06:19.327,0.60015,0.60045,11.20,3.20
2010.09.08 02:06:19.451,0.60015,0.60045,5.60,3.20
2010.09.08 02:06:19.701,0.60015,0.60045,8.00,3.20
2010.09.08 02:06:19.831,0.60015,0.6005,11.20,12.10
2010.09.08 02:06:20.170,0.60015,0.6005,8.80,12.10
2010.09.08 02:06:20.511,0.60015,0.60045,5.60,3.20
2010.09.08 02:06:20.851,0.60015,0.6005,11.20,12.10
2010.09.08 02:06:21.421,0.60015,0.60045,5.60,3.20
2010.09.08 02:06:24.432,0.60015,0.60045,5.70,3.20
2010.09.08 02:06:24.874,0.60015,0.60045,5.60,3.20
2010.09.08 02:06:25.316,0.60015,0.6005,11.30,12.00
2010.09.08 02:06:25.372,0.60015,0.6005,11.20,12.10
2010.09.08 02:06:25.534,0.60015,0.6005,11.30,12.00
2010.09.08 02:06:26.584,0.60015,0.6005,11.20,12.10
2010.09.08 02:06:50.364,0.60015,0.60045,11.20,1.00
2010.09.08 02:06:50.470,0.60015,0.60045,10.40,1.00
2010.09.08 02:06:51.168,0.60015,0.60045,8.00,1.00
2010.09.08 02:06:51.372,0.60015,0.60045,1.60,7.20
2010.09.08 02:06:51.541,0.60015,0.60045,4.80,4.00
2010.09.08 02:06:51.881,0.60015,0.60045,8.00,4.00
2010.09.08 02:06:52.051,0.60015,0.60045,8.00,1.00
2010.09.08 02:06:54.871,0.60015,0.60045,6.40,2.40
2010.09.08 02:06:56.786,0.60015,0.60045,7.20,1.60
2010.09.08 02:06:57.203,0.60015,0.60045,9.60,1.60
2010.09.08 02:07:00.523,0.60015,0.6005,11.20,12.00
2010.09.08 02:07:01.784,0.6002,0.60055,4.00,11.30
2010.09.08 02:07:02.773,0.6002,0.60055,4.00,11.20
2010.09.08 02:07:03.642,0.60025,0.60055,1.00,10.40
2010.09.08 02:07:08.694,0.6002,0.60055,10.00,11.20
2010.09.08 02:07:08.861,0.6002,0.60055,10.10,11.20
2010.09.08 02:07:08.931,0.6002,0.60055,9.70,11.20
2010.09.08 02:07:09.121,0.6002,0.60055,4.10,11.20
2010.09.08 02:07:09.431,0.6002,0.60055,4.00,11.20
2010.09.08 02:07:11.684,0.6002,0.60055,4.10,11.20
2010.09.08 02:07:14.694,0.6002,0.60055,4.00,11.20
2010.09.08 02:07:14.875,0.6002,0.60055,4.10,11.20
2010.09.08 02:07:18.036,0.60015,0.60045,8.40,1.00
2010.09.08 02:07:18.314,0.60015,0.60045,1.00,8.80
2010.09.08 02:07:20.003,0.60015,0.60045,1.60,8.00
2010.09.08 02:07:20.153,0.60015,0.60045,2.00,8.00
2010.09.08 02:07:20.303,0.60015,0.60045,4.40,8.00
2010.09.08 02:07:20.453,0.60015,0.60045,7.60,4.80
2010.09.08 02:07:20.601,0.60015,0.60045,7.60,4.80
2010.09.08 02:07:21.430,0.60015,0.60045,10.80,1.60
2010.09.08 02:07:21.598,0.60015,0.6005,12.40,9.60
2010.09.08 02:07:21.994,0.60015,0.6005,12.40,9.60
2010.09.08 02:07:22.161,0.60015,0.6005,12.40,9.60
2010.09.08 02:07:22.322,0.60025,0.6005,1.00,8.80
2010.09.08 02:07:22.494,0.6002,0.6005,1.00,6.40
2010.09.08 02:07:23.245,0.6002,0.60055,4.00,11.20
2010.09.08 02:07:23.743,0.60025,0.60055,1.00,10.40
2010.09.08 02:07:25.571,0.60025,0.60055,1.00,8.00
2010.09.08 02:07:25.912,0.6002,0.60055,10.00,8.80
2010.09.08 02:07:26.262,0.6002,0.60055,4.00,11.20
2010.09.08 02:07:31.673,0.6002,0.60055,4.00,11.20
2010.09.08 02:07:32.785,0.6002,0.60055,4.00,11.20
2010.09.08 02:07:35.973,0.6002,0.60055,4.00,11.20
2010.09.08 02:07:36.091,0.6002,0.6005,3.20,1.00
2010.09.08 02:07:36.461,0.6002,0.6005,3.20,4.00
2010.09.08 02:07:39.171,0.6002,0.6005,4.00,3.20
2010.09.08 02:07:39.771,0.6002,0.60055,4.00,11.20
2010.09.08 02:07:40.198,0.6002,0.60055,4.00,11.30
2010.09.08 02:07:41.923,0.6002,0.60055,4.00,11.20
2010.09.08 02:07:42.363,0.6002,0.60055,4.00,11.30
2010.09.08 02:07:42.803,0.6002,0.60055,4.00,11.20
2010.09.08 02:07:43.197,0.6002,0.60055,4.00,11.30
2010.09.08 02:07:43.376,0.6002,0.6005,3.20,1.00
2010.09.08 02:07:43.546,0.6002,0.60045,3.20,1.00
2010.09.08 02:07:44.063,0.60015,0.60045,5.60,4.00
2010.09.08 02:07:44.242,0.60015,0.60045,4.00,5.60
2010.09.08 02:07:46.414,0.60015,0.60045,4.80,4.80
2010.09.08 02:07:46.831,0.60015,0.60045,6.80,3.20
2010.09.08 02:07:46.859,0.6002,0.60045,1.00,3.20
2010.09.08 02:07:46.927,0.60015,0.60045,9.20,3.20
2010.09.08 02:07:47.751,0.60015,0.6005,12.40,9.60
2010.09.08 02:07:48.544,0.6002,0.6005,1.00,8.80
2010.09.08 02:07:48.961,0.6002,0.6005,1.00,6.40
2010.09.08 02:07:49.101,0.6002,0.60055,4.00,11.30
2010.09.08 02:07:49.402,0.6002,0.60055,4.00,11.20
2010.09.08 02:08:00.084,0.6002,0.60055,4.00,11.20
2010.09.08 02:08:02.473,0.6002,0.60055,4.00,11.30
2010.09.08 02:08:02.543,0.6002,0.60055,4.00,11.20
2010.09.08 02:08:02.915,0.6002,0.60055,4.00,11.30
2010.09.08 02:08:08.886,0.6002,0.60055,4.00,11.20
2010.09.08 02:08:09.055,0.60035,0.60055,8.00,2.40
2010.09.08 02:08:09.510,0.60035,0.6006,8.80,1.00
2010.09.08 02:08:09.583,0.6003,0.6006,4.00,1.00
2010.09.08 02:08:09.641,0.6003,0.6006,4.00,3.20
2010.09.08 02:08:09.768,0.6003,0.6006,3.20,3.60
2010.09.08 02:08:09.833,0.6003,0.6006,3.20,1.20
2010.09.08 02:08:09.892,0.6003,0.6006,3.20,3.60
2010.09.08 02:08:10.100,0.6003,0.6006,3.20,3.70
2010.09.08 02:08:10.161,0.6003,0.6006,3.20,1.30
2010.09.08 02:08:10.222,0.6003,0.6006,4.00,1.00
2010.09.08 02:08:10.282,0.6003,0.6006,1.00,3.30
2010.09.08 02:08:10.668,0.6003,0.6006,1.00,6.50
2010.09.08 02:08:10.736,0.6003,0.6006,4.00,1.00
2010.09.08 02:08:11.441,0.6003,0.60065,4.00,12.40
2010.09.08 02:08:11.782,0.6003,0.6006,4.00,1.00
2010.09.08 02:08:12.772,0.6003,0.60065,4.00,12.40
2010.09.08 02:08:12.911,0.6003,0.6006,4.00,1.00
2010.09.08 02:08:13.384,0.6003,0.60065,4.00,12.40
2010.09.08 02:08:14.494,0.6003,0.6006,4.00,1.00
2010.09.08 02:08:15.012,0.6003,0.6006,4.00,3.20
2010.09.08 02:08:22.612,0.6003,0.6006,4.00,1.00
2010.09.08 02:08:24.692,0.6003,0.60065,4.00,12.40
2010.09.08 02:08:25.365,0.6003,0.6006,4.00,1.00
2010.09.08 02:08:37.542,0.6003,0.6006,3.20,1.60
2010.09.08 02:08:37.987,0.60025,0.6006,11.60,8.00
2010.09.08 02:08:38.045,0.60025,0.60055,4.00,7.20
2010.09.08 02:08:38.103,0.60025,0.60055,4.00,7.30
2010.09.08 02:08:38.132,0.60025,0.60055,1.60,8.90
2010.09.08 02:08:38.154,0.60025,0.60055,1.60,9.30
2010.09.08 02:08:38.578,0.6002,0.60055,13.30,10.90
2010.09.08 02:08:38.929,0.6002,0.6005,10.00,1.00
2010.09.08 02:08:39.276,0.60025,0.60055,1.60,9.20
2010.09.08 02:08:39.614,0.60025,0.60055,1.60,9.30
2010.09.08 02:08:40.493,0.6002,0.6005,4.00,1.30
2010.09.08 02:08:40.682,0.6002,0.6005,4.00,1.20
2010.09.08 02:08:40.871,0.6002,0.6005,4.00,1.20
2010.09.08 02:08:41.102,0.6002,0.6005,4.00,1.20
2010.09.08 02:08:41.334,0.6002,0.6005,4.10,1.20
2010.09.08 02:08:43.272,0.6002,0.6005,4.00,1.30
2010.09.08 02:08:43.643,0.6002,0.6005,4.00,1.20
2010.09.08 02:08:43.733,0.6002,0.6005,4.10,1.20
2010.09.08 02:08:43.945,0.6002,0.6005,4.00,1.30
2010.09.08 02:08:44.105,0.6002,0.6005,4.10,1.20
2010.09.08 02:08:45.351,0.6002,0.6005,4.00,1.30
2010.09.08 02:08:46.294,0.6002,0.6005,4.00,1.20
2010.09.08 02:08:54.092,0.6002,0.60055,5.20,11.60
2010.09.08 02:08:54.645,0.6002,0.60055,10.80,11.60
2010.09.08 02:08:54.903,0.6002,0.60055,13.20,9.20
2010.09.08 02:08:58.424,0.6002,0.6005,13.20,1.00
2010.09.08 02:08:59.585,0.6002,0.6005,10.00,1.00
2010.09.08 02:08:59.763,0.6002,0.6005,4.00,1.20
2010.09.08 02:09:00.122,0.6002,0.60045,4.00,1.00
2010.09.08 02:09:00.899,0.60015,0.60045,11.20,1.00
2010.09.08 02:09:02.512,0.60015,0.60045,11.20,1.00
2010.09.08 02:09:03.121,0.60015,0.6004,11.20,1.00
2010.09.08 02:09:03.542,0.60015,0.6004,8.80,1.00
2010.09.08 02:09:05.016,0.60015,0.6004,8.80,1.00
2010.09.08 02:09:05.212,0.60015,0.6004,8.80,1.00
2010.09.08 02:09:06.124,0.60005,0.6004,12.40,9.60
2010.09.08 02:09:06.463,0.60005,0.6004,12.40,12.00
2010.09.08 02:09:06.771,0.60005,0.6004,10.00,9.60
2010.09.08 02:09:08.011,0.60005,0.60035,10.00,1.00
2010.09.08 02:09:08.843,0.60005,0.60035,10.00,1.00
2010.09.08 02:09:09.026,0.60005,0.60035,8.00,1.00
2010.09.08 02:09:09.193,0.60005,0.60035,8.80,1.00
2010.09.08 02:09:09.864,0.60005,0.60035,8.80,3.20
2010.09.08 02:09:10.031,0.60005,0.60035,8.80,1.00
2010.09.08 02:09:10.482,0.60005,0.60035,5.60,3.20
2010.09.08 02:09:10.773,0.60005,0.60035,9.60,1.00
2010.09.08 02:09:11.062,0.60005,0.60035,12.40,3.20
2010.09.08 02:09:11.351,0.60005,0.60035,12.40,1.00
2010.09.08 02:09:13.806,0.60005,0.60035,10.80,1.70
2010.09.08 02:09:14.085,0.60005,0.6003,4.80,3.20
2010.09.08 02:09:15.023,0.60005,0.6003,1.60,3.30
2010.09.08 02:09:15.523,0.60005,0.6003,1.60,3.20
2010.09.08 02:09:18.176,0.60005,0.60035,4.80,5.30
2010.09.08 02:09:21.774,0.6001,0.60035,1.00,3.60
2010.09.08 02:09:22.024,0.6001,0.6004,12.00,1.00
2010.09.08 02:09:23.255,0.6001,0.60045,12.00,8.90
2010.09.08 02:09:23.805,0.6001,0.6004,12.00,1.00
2010.09.08 02:09:24.902,0.6001,0.6004,12.00,1.00
2010.09.08 02:09:26.145,0.6001,0.6004,12.00,1.00
2010.09.08 02:09:28.345,0.6001,0.6004,12.00,1.00
2010.09.08 02:09:30.062,0.6001,0.6004,9.60,2.40
2010.09.08 02:09:30.262,0.6001,0.6004,12.00,1.00
2010.09.08 02:09:30.483,0.6001,0.6004,9.60,1.00
2010.09.08 02:09:30.702,0.6001,0.6004,4.00,4.00
2010.09.08 02:09:30.921,0.6001,0.6004,4.00,4.00
2010.09.08 02:09:31.532,0.6001,0.60035,3.20,1.00
2010.09.08 02:09:31.702,0.6001,0.60035,1.00,1.00
2010.09.08 02:09:31.873,0.6001,0.60035,6.40,1.00
2010.09.08 02:09:32.045,0.6001,0.6004,9.60,1.00
2010.09.08 02:09:32.212,0.6001,0.6004,7.20,1.00
2010.09.08 02:09:32.383,0.6001,0.6004,6.40,1.00
2010.09.08 02:09:33.045,0.6001,0.6004,12.00,1.00
2010.09.08 02:09:33.304,0.6001,0.6004,4.00,1.00
2010.09.08 02:09:34.696,0.6001,0.6004,4.10,1.00
2010.09.08 02:09:34.964,0.6001,0.60045,4.10,12.50
2010.09.08 02:09:35.429,0.6001,0.60045,4.10,11.30
2010.09.08 02:09:35.705,0.60015,0.60045,1.00,8.80
2010.09.08 02:09:35.973,0.6001,0.6004,12.00,1.00
2010.09.08 02:09:36.243,0.6001,0.6004,12.00,1.00
2010.09.08 02:09:36.517,0.60015,0.60045,4.00,5.60
2010.09.08 02:09:36.662,0.6002,0.60045,1.00,4.80
2010.09.08 02:09:36.813,0.6002,0.60045,1.00,1.00
2010.09.08 02:09:36.963,0.60015,0.60045,11.60,1.00
2010.09.08 02:09:37.502,0.60015,0.60045,8.80,1.00
2010.09.08 02:09:38.867,0.60015,0.60045,11.20,1.00
2010.09.08 02:09:43.294,0.6002,0.60045,1.00,1.00
2010.09.08 02:09:43.635,0.6002,0.6005,1.00,8.90
2010.09.08 02:09:44.356,0.6002,0.6005,4.00,3.30
2010.09.08 02:09:44.597,0.60015,0.60045,11.20,1.00
2010.09.08 02:09:44.924,0.6002,0.60045,1.60,1.00
2010.09.08 02:09:45.162,0.6002,0.6005,1.60,6.50
2010.09.08 02:09:45.282,0.6002,0.6005,2.00,3.30
2010.09.08 02:09:45.401,0.6002,0.6005,5.20,3.30
2010.09.08 02:09:46.003,0.6002,0.6005,4.40,3.30
2010.09.08 02:09:46.397,0.6002,0.6005,4.00,3.30
2010.09.08 02:09:46.667,0.60015,0.60045,11.20,1.00
2010.09.08 02:09:47.192,0.6002,0.60045,1.00,1.00
2010.09.08 02:09:47.462,0.6002,0.60045,4.00,1.00
2010.09.08 02:09:51.380,0.6002,0.6005,4.00,1.00
2010.09.08 02:09:52.514,0.6002,0.60045,4.00,1.00
2010.09.08 02:09:52.858,0.6002,0.6005,4.00,1.00
2010.09.08 02:09:53.692,0.6002,0.60045,4.00,1.00
2010.09.08 02:09:54.704,0.60015,0.60045,11.20,1.00
2010.09.08 02:09:55.832,0.60015,0.60045,11.20,1.00
2010.09.08 02:10:00.523,0.6002,0.60045,1.00,1.00
2010.09.08 02:10:00.572,0.6002,0.6005,1.00,11.30
2010.09.08 02:10:00.610,0.6002,0.6005,1.00,8.90
2010.09.08 02:10:00.633,0.6002,0.6005,1.00,6.50
2010.09.08 02:10:00.685,0.6002,0.6005,1.00,3.30
2010.09.08 02:10:00.725,0.6002,0.6005,4.00,3.30
2010.09.08 02:10:01.113,0.6002,0.6005,4.00,6.50
2010.09.08 02:10:01.133,0.60015,0.60045,11.20,1.00
2010.09.08 02:10:01.435,0.60015,0.60045,11.20,1.00
2010.09.08 02:10:02.305,0.60015,0.60045,11.20,1.00
2010.09.08 02:10:02.503,0.60015,0.60045,10.40,1.00
2010.09.08 02:10:02.703,0.60015,0.60045,4.00,7.20
2010.09.08 02:10:03.245,0.60015,0.60045,1.60,7.60
2010.09.08 02:10:03.445,0.60015,0.60045,1.00,9.20
2010.09.08 02:10:03.784,0.6001,0.60045,12.00,9.20
2010.09.08 02:10:04.619,0.60015,0.60045,1.00,9.20
2010.09.08 02:10:05.531,0.60015,0.60045,1.00,8.00
2010.09.08 02:10:06.034,0.60015,0.60045,7.20,1.60
2010.09.08 02:10:06.390,0.60015,0.60045,9.60,1.60
2010.09.08 02:10:06.734,0.60015,0.60045,8.80,1.00
2010.09.08 02:10:07.334,0.60015,0.60045,8.00,1.00
2010.09.08 02:10:07.571,0.60015,0.60045,6.40,2.50
2010.09.08 02:10:08.082,0.6001,0.6004,9.20,1.00
2010.09.08 02:10:08.228,0.6001,0.6004,4.00,2.50
2010.09.08 02:10:08.372,0.6001,0.6004,7.20,2.50
2010.09.08 02:10:08.512,0.6001,0.6004,9.60,1.00
2010.09.08 02:10:08.651,0.6001,0.60045,9.60,11.70
2010.09.08 02:10:10.307,0.6001,0.60045,9.70,11.70
2010.09.08 02:10:10.437,0.6001,0.6004,3.20,6.50
2010.09.08 02:10:10.562,0.60005,0.6004,12.50,9.70
2010.09.08 02:10:10.931,0.60005,0.6004,12.40,10.00
2010.09.08 02:10:12.115,0.60005,0.6004,12.40,9.60
2010.09.08 02:10:13.415,0.6001,0.6004,1.00,9.60
2010.09.08 02:10:14.352,0.60005,0.6004,12.40,9.60
2010.09.08 02:10:15.842,0.60005,0.6004,11.20,13.60
2010.09.08 02:10:16.119,0.6001,0.6004,1.00,12.00
2010.09.08 02:10:16.769,0.6001,0.6004,1.00,8.80
2010.09.08 02:10:17.046,0.6001,0.6004,9.60,1.00
2010.09.08 02:10:18.664,0.6001,0.6004,8.80,1.00
2010.09.08 02:10:19.405,0.60005,0.60035,11.20,1.00
2010.09.08 02:10:24.615,0.6001,0.60035,1.00,1.00
2010.09.08 02:10:24.796,0.60005,0.60035,11.20,1.00
2010.09.08 02:10:24.921,0.6001,0.60035,1.00,1.00
2010.09.08 02:10:26.494,0.60005,0.6004,11.20,9.60
2010.09.08 02:10:29.383,0.60005,0.6004,11.20,12.00
2010.09.08 02:10:30.781,0.60005,0.6004,11.60,12.00
2010.09.08 02:10:31.451,0.6001,0.6004,9.60,1.00
2010.09.08 02:10:35.434,0.60015,0.6004,2.40,1.00
2010.09.08 02:10:35.542,0.60015,0.6004,5.60,1.00
2010.09.08 02:10:35.792,0.60015,0.60045,8.00,4.00
2010.09.08 02:10:36.042,0.60015,0.60045,11.20,1.00
2010.09.08 02:10:39.541,0.60015,0.60045,11.30,1.00
2010.09.08 02:10:40.074,0.60015,0.6005,11.30,13.30
2010.09.08 02:10:40.464,0.60015,0.60045,11.20,1.00
2010.09.08 02:10:41.312,0.60015,0.60045,5.60,3.30
2010.09.08 02:10:41.524,0.60015,0.60045,8.80,3.30
2010.09.08 02:10:41.702,0.60015,0.60045,11.20,1.00
2010.09.08 02:10:54.581,0.60015,0.60045,11.20,1.00
2010.09.08 02:10:54.672,0.60015,0.60045,8.80,1.00
2010.09.08 02:10:54.862,0.60015,0.6004,8.80,1.00
2010.09.08 02:10:54.954,0.60015,0.60045,8.80,1.00
2010.09.08 02:10:55.434,0.60015,0.60045,11.20,1.00
2010.09.08 02:10:56.939,0.60015,0.6005,11.30,13.70
2010.09.08 02:11:00.516,0.6002,0.6005,1.00,12.90
2010.09.08 02:11:00.693,0.6002,0.6005,1.00,7.70
2010.09.08 02:11:00.872,0.6002,0.6005,1.00,7.30
2010.09.08 02:11:03.553,0.60015,0.6005,11.70,8.10
2010.09.08 02:11:03.682,0.60015,0.6005,11.30,13.70
2010.09.08 02:11:05.334,0.60015,0.60045,11.20,1.00
2010.09.08 02:11:05.412,0.60015,0.60045,11.20,1.00
2010.09.08 02:11:05.492,0.60015,0.60045,10.40,1.00
2010.09.08 02:11:06.002,0.60015,0.60045,1.60,7.20
2010.09.08 02:11:11.025,0.60015,0.60045,2.40,6.40
2010.09.08 02:11:11.365,0.60015,0.60045,1.60,7.20
2010.09.08 02:11:13.094,0.60015,0.60045,1.60,7.60
2010.09.08 02:11:13.227,0.60015,0.60045,1.60,7.20
2010.09.08 02:11:14.942,0.60015,0.6004,1.60,1.00
2010.09.08 02:11:15.282,0.60015,0.6004,1.60,1.00
2010.09.08 02:11:15.351,0.60015,0.6004,1.60,1.00
2010.09.08 02:11:19.351,0.60015,0.6004,1.60,1.00
2010.09.08 02:11:19.858,0.60015,0.60045,1.60,7.60
2010.09.08 02:11:19.986,0.60015,0.6004,1.60,1.00
2010.09.08 02:11:28.045,0.60015,0.60045,1.60,10.10
2010.09.08 02:11:29.676,0.60015,0.6004,1.60,1.00
2010.09.08 02:11:29.724,0.60015,0.6004,1.60,1.00
2010.09.08 02:11:29.827,0.6001,0.6004,8.80,1.00
2010.09.08 02:11:29.972,0.6001,0.6004,5.60,4.00
2010.09.08 02:11:30.022,0.6001,0.6004,4.00,3.20
2010.09.08 02:11:30.173,0.6001,0.6004,6.50,3.20
2010.09.08 02:11:30.865,0.6001,0.6004,9.60,1.00
2010.09.08 02:11:31.143,0.6001,0.60045,9.70,11.70
2010.09.08 02:11:31.831,0.6001,0.6004,9.60,1.00
2010.09.08 02:11:32.152,0.6001,0.60045,9.70,11.70
2010.09.08 02:11:35.172,0.6001,0.6004,9.70,1.00
2010.09.08 02:11:35.251,0.6001,0.6004,9.60,1.00
2010.09.08 02:11:36.087,0.6001,0.60035,4.00,1.00
2010.09.08 02:11:36.415,0.6001,0.6004,9.60,1.00
2010.09.08 02:11:36.585,0.6001,0.60035,2.40,7.20
2010.09.08 02:11:36.754,0.60005,0.60035,4.00,7.60
2010.09.08 02:11:36.923,0.60005,0.60035,1.60,10.00
2010.09.08 02:11:37.483,0.60005,0.60035,2.40,9.20
2010.09.08 02:11:37.958,0.60005,0.60035,8.80,2.80
2010.09.08 02:11:38.139,0.60005,0.60035,4.80,4.40
2010.09.08 02:11:38.473,0.60005,0.60035,1.60,4.40
2010.09.08 02:11:38.803,0.60005,0.60035,1.60,7.60
2010.09.08 02:11:39.263,0.60005,0.60035,1.60,10.80
2010.09.08 02:11:40.004,0.60005,0.6003,1.60,3.20
2010.09.08 02:11:40.722,0.6,0.6003,1.00,8.80
2010.09.08 02:11:40.863,0.59995,0.6003,11.30,12.40
2010.09.08 02:11:42.114,0.59995,0.6003,11.20,12.40
2010.09.08 02:11:42.341,0.59995,0.6003,11.30,12.50
2010.09.08 02:11:42.575,0.59995,0.6003,11.30,12.40
2010.09.08 02:11:43.583,0.59995,0.6003,11.20,12.50
2010.09.08 02:11:46.111,0.59995,0.6003,11.20,12.40
2010.09.08 02:11:48.593,0.59995,0.6003,11.20,12.50
2010.09.08 02:11:48.891,0.59995,0.6003,11.30,12.40
2010.09.08 02:11:50.835,0.59995,0.6003,11.20,12.50
2010.09.08 02:11:50.961,0.59995,0.6003,11.30,12.40
2010.09.08 02:11:52.797,0.59995,0.6003,11.30,12.00
2010.09.08 02:11:53.504,0.59995,0.6003,11.20,12.10
2010.09.08 02:11:53.934,0.59995,0.60015,10.40,1.00
2010.09.08 02:11:54.275,0.59985,0.60015,1.60,9.60
2010.09.08 02:11:54.612,0.5998,0.60015,12.00,11.30
2010.09.08 02:11:55.632,0.5998,0.60015,12.10,11.20
2010.09.08 02:11:57.225,0.59985,0.60015,1.00,11.20
2010.09.08 02:11:57.405,0.59985,0.60015,1.00,10.40
2010.09.08 02:11:58.073,0.59985,0.60015,3.20,8.00
2010.09.08 02:11:58.167,0.5999,0.6002,4.00,6.40
2010.09.08 02:11:58.505,0.5999,0.6002,4.00,4.00
2010.09.08 02:12:00.315,0.5999,0.6002,4.00,4.00
2010.09.08 02:12:00.945,0.5999,0.6002,4.00,3.20
2010.09.08 02:12:01.206,0.59995,0.6002,1.00,3.20
2010.09.08 02:12:01.465,0.59995,0.60025,2.40,6.50
2010.09.08 02:12:01.802,0.59995,0.60025,8.80,1.00
2010.09.08 02:12:02.193,0.59995,0.60025,11.20,1.00
2010.09.08 02:12:02.537,0.59995,0.60025,8.80,1.00
2010.09.08 02:12:02.753,0.59995,0.6003,8.80,12.10
2010.09.08 02:12:03.133,0.59995,0.60025,8.80,1.00
2010.09.08 02:12:03.522,0.59995,0.60015,8.00,1.00
2010.09.08 02:12:04.013,0.59995,0.60015,8.00,1.00
2010.09.08 02:12:04.316,0.59995,0.60015,3.20,8.10
2010.09.08 02:12:04.613,0.5998,0.60015,12.00,11.30
2010.09.08 02:12:06.289,0.5998,0.60015,12.10,11.20
2010.09.08 02:12:07.579,0.59985,0.60015,1.00,10.40
2010.09.08 02:12:07.906,0.59985,0.60015,7.20,1.60
2010.09.08 02:12:08.192,0.59985,0.6002,11.20,13.20
2010.09.08 02:12:10.775,0.5999,0.6002,1.00,12.40
2010.09.08 02:12:10.813,0.5999,0.6002,1.00,10.00
2010.09.08 02:12:10.854,0.5999,0.6002,1.00,9.60
2010.09.08 02:12:11.143,0.5999,0.6002,4.00,8.80
2010.09.08 02:12:11.182,0.5999,0.6002,4.00,3.20
2010.09.08 02:12:11.746,0.5999,0.6002,4.00,3.20
2010.09.08 02:12:12.763,0.5999,0.6002,4.00,3.20
2010.09.08 02:12:13.809,0.5999,0.6002,4.00,3.20
2010.09.08 02:12:14.673,0.5999,0.6002,4.00,3.20
2010.09.08 02:12:15.114,0.5999,0.6002,4.00,3.20
2010.09.08 02:12:15.335,0.5999,0.6002,4.00,3.20
2010.09.08 02:12:16.290,0.5999,0.6002,4.00,3.20
2010.09.08 02:12:17.107,0.5999,0.60015,4.00,1.00
2010.09.08 02:12:17.275,0.5999,0.6002,4.80,3.20
2010.09.08 02:12:17.424,0.5999,0.6002,7.60,3.20
2010.09.08 02:12:18.134,0.5999,0.60025,9.60,11.20
2010.09.08 02:12:18.282,0.5999,0.6002,9.60,1.00
2010.09.08 02:12:18.622,0.5999,0.6002,4.00,4.00
2010.09.08 02:12:18.962,0.5999,0.6002,4.00,4.00
2010.09.08 02:12:19.587,0.5999,0.6002,6.40,3.20
2010.09.08 02:12:19.805,0.5999,0.60025,9.60,11.20
2010.09.08 02:12:20.812,0.5999,0.6002,9.60,1.00
2010.09.08 02:12:21.372,0.5999,0.6002,6.40,1.00
2010.09.08 02:12:21.543,0.5999,0.6002,4.00,4.00
2010.09.08 02:12:23.666,0.5999,0.6002,4.00,4.10
2010.09.08 02:12:23.864,0.5999,0.6002,4.00,3.30
2010.09.08 02:12:24.066,0.5999,0.60025,9.60,11.20
2010.09.08 02:12:25.024,0.59995,0.60025,4.00,7.20
2010.09.08 02:12:25.366,0.59995,0.60025,7.20,1.60
2010.09.08 02:12:25.703,0.59995,0.6003,8.80,12.10
2010.09.08 02:12:26.121,0.59995,0.60025,8.80,1.00
2010.09.08 02:12:26.437,0.6,0.6003,1.00,12.10
2010.09.08 02:12:28.240,0.5999,0.6002,4.40,1.00
2010.09.08 02:12:28.254,0.5999,0.6002,4.00,1.00
2010.09.08 02:12:28.264,0.5999,0.60025,4.00,12.00
2010.09.08 02:12:28.688,0.5999,0.6002,4.00,4.00
2010.09.08 02:12:31.034,0.59995,0.60025,1.00,10.40
2010.09.08 02:12:31.162,0.59995,0.60025,4.00,7.20
2010.09.08 02:12:31.382,0.59995,0.60025,9.60,1.60
2010.09.08 02:12:32.272,0.59995,0.60025,9.60,1.70
2010.09.08 02:12:32.363,0.59995,0.60025,9.60,1.60
2010.09.08 02:12:32.465,0.6,0.60025,1.00,1.60
2010.09.08 02:12:32.933,0.6,0.6003,1.00,8.80
2010.09.08 02:12:33.031,0.6,0.6003,1.00,6.40
2010.09.08 02:12:33.624,0.6,0.6003,1.00,3.20
2010.09.08 02:12:33.968,0.6,0.6003,4.00,3.20
2010.09.08 02:12:44.626,0.6,0.60035,4.00,12.50
2010.09.08 02:12:45.872,0.6,0.60035,9.60,12.50
2010.09.08 02:12:46.670,0.6,0.60035,7.20,12.50
2010.09.08 02:12:46.812,0.6,0.6003,4.00,3.20
2010.09.08 02:12:49.697,0.60005,0.6003,1.00,3.20
2010.09.08 02:12:50.030,0.60005,0.60035,1.00,8.90
2010.09.08 02:13:00.622,0.60005,0.60035,2.40,7.30
2010.09.08 02:13:00.693,0.60005,0.60035,2.40,7.20
2010.09.08 02:13:00.732,0.60005,0.6003,2.40,1.00
2010.09.08 02:13:01.887,0.60005,0.6003,1.60,1.00
2010.09.08 02:13:02.216,0.6,0.6003,4.00,3.30
2010.09.08 02:13:04.264,0.6,0.6003,4.00,3.20
2010.09.08 02:13:04.376,0.6,0.6003,4.00,3.30
2010.09.08 02:13:04.525,0.6,0.6003,4.00,3.20
2010.09.08 02:13:05.442,0.60005,0.6003,1.00,3.20
2010.09.08 02:13:05.663,0.60005,0.60035,1.00,8.90
2010.09.08 02:13:06.184,0.60005,0.60035,2.40,7.30
2010.09.08 02:13:06.824,0.60005,0.60035,1.60,8.10
2010.09.08 02:13:07.023,0.60005,0.60035,1.60,10.90
2010.09.08 02:13:07.382,0.6,0.6003,4.00,3.20
2010.09.08 02:13:07.815,0.6,0.6003,4.00,3.30
2010.09.08 02:13:07.982,0.6,0.6003,4.00,3.20
2010.09.08 02:13:08.436,0.6,0.6003,4.40,3.20
2010.09.08 02:13:08.616,0.60005,0.60035,1.00,8.80
2010.09.08 02:13:08.792,0.6001,0.60035,1.00,6.40
2010.09.08 02:13:08.973,0.6001,0.60035,3.20,6.40
2010.09.08 02:13:09.153,0.6001,0.6004,9.60,1.00
2010.09.08 02:13:12.104,0.6001,0.60035,8.80,1.60
2010.09.08 02:13:12.223,0.6001,0.60035,8.80,1.70
2010.09.08 02:13:12.343,0.6001,0.6003,2.40,5.60
2010.09.08 02:13:12.845,0.60005,0.6003,1.00,5.60
2010.09.08 02:13:12.969,0.60005,0.6003,1.00,2.50
2010.09.08 02:13:13.144,0.6,0.6003,4.40,3.20
2010.09.08 02:13:13.312,0.6,0.6003,7.20,2.40
2010.09.08 02:13:13.482,0.6,0.6003,9.60,2.40
2010.09.08 02:13:13.653,0.6,0.6003,4.00,5.60
2010.09.08 02:13:14.213,0.6,0.60025,4.00,1.00
2010.09.08 02:13:14.813,0.6,0.60025,3.20,1.00
2010.09.08 02:13:15.348,0.59995,0.60025,11.20,1.00
2010.09.08 02:13:16.075,0.59995,0.60025,11.20,1.00
2010.09.08 02:13:17.980,0.59995,0.60025,1.60,7.20
2010.09.08 02:13:18.082,0.59995,0.6002,1.60,1.00
2010.09.08 02:13:18.805,0.59995,0.6002,2.40,1.00
2010.09.08 02:13:18.982,0.59995,0.60025,4.80,6.40
2010.09.08 02:13:19.162,0.59995,0.60025,11.20,1.00
2010.09.08 02:13:19.513,0.59995,0.60025,11.20,1.00
2010.09.08 02:13:21.834,0.59995,0.60025,11.20,1.00
2010.09.08 02:13:22.290,0.59995,0.60025,10.40,1.00
2010.09.08 02:13:22.576,0.59995,0.60025,8.00,4.00
2010.09.08 02:13:22.853,0.59995,0.60025,1.60,7.20
2010.09.08 02:13:23.642,0.59995,0.60025,1.60,7.20
2010.09.08 02:13:24.320,0.59995,0.6002,1.60,1.00
2010.09.08 02:13:24.748,0.59995,0.60015,1.60,1.00
2010.09.08 02:13:24.877,0.59985,0.60015,11.20,1.00
2010.09.08 02:13:25.216,0.5999,0.60015,1.60,1.00
2010.09.08 02:13:25.342,0.5999,0.60015,2.00,1.00
2010.09.08 02:13:25.473,0.5999,0.6002,4.40,6.40
2010.09.08 02:13:25.773,0.59995,0.6002,1.60,6.40
2010.09.08 02:13:26.112,0.59995,0.6002,1.60,1.00
2010.09.08 02:13:28.969,0.59995,0.60015,1.60,1.00
2010.09.08 02:13:29.805,0.59995,0.6002,1.60,1.00
2010.09.08 02:13:30.916,0.5999,0.6002,10.80,1.00
2010.09.08 02:13:31.352,0.5999,0.6002,10.00,1.00
2010.09.08 02:13:31.502,0.5999,0.6002,4.00,6.40
2010.09.08 02:13:31.652,0.5999,0.6002,1.00,9.60
2010.09.08 02:13:43.883,0.5999,0.6002,1.00,9.60
2010.09.08 02:13:44.428,0.5999,0.6002,4.00,6.40
2010.09.08 02:13:44.664,0.5999,0.6002,4.00,6.40
2010.09.08 02:13:45.756,0.59995,0.60025,4.00,8.80
2010.09.08 02:13:45.883,0.59995,0.60025,7.20,1.60
2010.09.08 02:13:46.012,0.59995,0.60025,9.60,1.60
2010.09.08 02:13:47.092,0.59995,0.60025,9.60,1.60
2010.09.08 02:13:47.433,0.59995,0.60025,11.20,1.00
2010.09.08 02:13:48.782,0.59995,0.60025,11.20,1.00
2010.09.08 02:13:50.443,0.59995,0.60025,6.40,2.40
2010.09.08 02:13:50.752,0.59995,0.60025,3.20,5.60
2010.09.08 02:13:51.062,0.59995,0.60025,1.00,8.80
2010.09.08 02:13:52.063,0.5999,0.6002,10.80,1.00
2010.09.08 02:13:52.643,0.5999,0.6002,10.00,1.00
2010.09.08 02:13:52.735,0.5999,0.6002,7.20,1.00
2010.09.08 02:13:52.904,0.5999,0.6002,4.00,1.00
2010.09.08 02:13:53.789,0.5999,0.60015,4.00,1.00
2010.09.08 02:13:56.253,0.5999,0.60015,1.00,1.00
2010.09.08 02:13:57.010,0.5999,0.60015,1.00,1.00
2010.09.08 02:13:57.325,0.59985,0.60015,11.60,1.00
2010.09.08 02:13:57.555,0.59985,0.60015,11.20,1.00
2010.09.08 02:13:58.243,0.59985,0.6002,11.30,12.90
2010.09.08 02:14:00.144,0.5999,0.6002,1.00,8.10
2010.09.08 02:14:00.444,0.5999,0.6002,4.00,4.10
2010.09.08 02:14:00.844,0.5999,0.6002,4.00,4.00
2010.09.08 02:14:01.793,0.5999,0.60015,4.00,1.00
2010.09.08 02:14:03.637,0.5999,0.6002,4.00,1.00
2010.09.08 02:14:04.422,0.5999,0.60015,4.00,1.00
2010.09.08 02:14:05.502,0.5999,0.60015,1.00,1.00
2010.09.08 02:14:07.367,0.59985,0.6001,8.80,1.00
2010.09.08 02:14:08.914,0.59985,0.6001,8.80,1.00
2010.09.08 02:14:09.433,0.5999,0.6001,1.00,1.00
2010.09.08 02:14:09.632,0.59985,0.6001,8.80,1.00
2010.09.08 02:14:09.833,0.5999,0.60015,1.00,1.00
2010.09.08 02:14:12.751,0.5999,0.60015,1.00,1.00
2010.09.08 02:14:13.323,0.5999,0.6001,1.00,1.00
2010.09.08 02:14:14.916,0.5999,0.60015,1.00,1.00
2010.09.08 02:14:15.007,0.59985,0.60015,8.00,3.30
2010.09.08 02:14:15.053,0.59985,0.60015,5.60,8.90
2010.09.08 02:14:15.102,0.59985,0.60015,5.60,5.70
2010.09.08 02:14:15.203,0.59985,0.60015,11.20,1.00
2010.09.08 02:14:16.652,0.59985,0.60015,12.40,1.00
2010.09.08 02:14:19.977,0.59985,0.60015,11.60,1.00
2010.09.08 02:14:20.148,0.59985,0.60015,9.60,1.00
2010.09.08 02:14:20.234,0.59985,0.60015,6.80,3.30
2010.09.08 02:14:20.942,0.59985,0.60015,9.20,3.30
2010.09.08 02:14:21.346,0.59985,0.60015,12.40,3.30
2010.09.08 02:14:21.587,0.59985,0.60015,12.40,1.00
2010.09.08 02:14:24.342,0.5999,0.60015,3.20,1.00
2010.09.08 02:14:25.588,0.59985,0.60015,12.40,1.00
2010.09.08 02:14:25.846,0.5999,0.6002,1.00,9.70
2010.09.08 02:14:25.955,0.5999,0.60015,1.00,1.00
2010.09.08 02:14:33.255,0.5999,0.60015,4.00,1.00
2010.09.08 02:14:33.395,0.5999,0.60015,1.00,1.00
2010.09.08 02:14:42.623,0.5999,0.6002,1.00,9.70
2010.09.08 02:14:42.893,0.5999,0.6002,4.00,9.70
2010.09.08 02:14:43.052,0.5999,0.6002,4.00,4.10
2010.09.08 02:14:45.002,0.5999,0.6002,4.00,4.00
2010.09.08 02:14:45.454,0.5999,0.6002,4.00,4.00
2010.09.08 02:14:45.587,0.5999,0.6002,4.00,1.00
2010.09.08 02:14:48.082,0.5999,0.6002,4.40,1.00
2010.09.08 02:14:48.177,0.5999,0.6002,7.60,1.00
2010.09.08 02:14:48.242,0.5999,0.60025,7.60,8.80
2010.09.08 02:14:48.324,0.5999,0.60025,10.80,8.80
2010.09.08 02:14:53.235,0.5999,0.6002,10.80,1.00
2010.09.08 02:14:58.362,0.5999,0.60025,10.80,8.80
2010.09.08 02:14:58.644,0.5999,0.6002,10.00,1.00
2010.09.08 02:14:58.812,0.5999,0.6002,10.00,1.00
2010.09.08 02:14:59.013,0.5999,0.6002,4.00,1.00
2010.09.08 02:14:59.614,0.5999,0.60025,4.80,12.00
2010.09.08 02:14:59.813,0.5999,0.60025,7.60,9.60
2010.09.08 02:14:59.953,0.5999,0.60025,10.80,8.80
2010.09.08 02:15:01.092,0.5999,0.6002,10.80,1.00
2010.09.08 02:15:02.407,0.5999,0.6002,10.00,1.00
2010.09.08 02:15:02.552,0.5999,0.6002,10.00,1.00
2010.09.08 02:15:03.115,0.5999,0.6002,4.00,1.00
2010.09.08 02:15:17.322,0.5999,0.60015,4.00,1.00
2010.09.08 02:15:17.575,0.5999,0.6002,4.00,1.00
2010.09.08 02:15:17.731,0.5999,0.60015,4.00,1.00
2010.09.08 02:15:17.904,0.5999,0.6002,1.00,7.20
2010.09.08 02:15:18.072,0.5999,0.6002,1.00,12.80
2010.09.08 02:15:18.789,0.59985,0.60015,8.80,1.00
2010.09.08 02:15:19.061,0.59985,0.60015,11.20,1.00
2010.09.08 02:15:30.542,0.5999,0.6002,1.00,10.40
2010.09.08 02:15:30.722,0.5999,0.6002,4.00,4.80
2010.09.08 02:15:30.903,0.5999,0.6002,5.20,1.00
2010.09.08 02:15:31.073,0.5999,0.6002,8.40,1.00
2010.09.08 02:15:31.243,0.5999,0.60025,10.90,8.90
2010.09.08 02:15:32.094,0.5999,0.6002,10.80,1.00
2010.09.08 02:15:35.067,0.5999,0.60015,10.80,1.00
2010.09.08 02:15:35.686,0.5999,0.6001,1.60,1.00
2010.09.08 02:15:35.836,0.5999,0.6002,1.60,8.80
2010.09.08 02:15:36.011,0.5999,0.6002,1.00,9.60
2010.09.08 02:15:36.151,0.5999,0.6002,4.00,6.40
2010.09.08 02:15:36.222,0.5999,0.6002,9.60,1.00
2010.09.08 02:15:37.574,0.5999,0.6002,9.60,1.00
2010.09.08 02:15:39.353,0.5999,0.60015,9.60,1.00
2010.09.08 02:15:39.493,0.5999,0.60015,8.80,1.00
2010.09.08 02:15:40.140,0.5999,0.60015,3.20,1.00
2010.09.08 02:15:40.253,0.59985,0.60015,11.20,1.00
2010.09.08 02:15:42.777,0.59985,0.60015,11.20,1.00
2010.09.08 02:15:43.288,0.59985,0.6002,11.30,12.90
2010.09.08 02:15:45.162,0.59985,0.60015,11.20,1.00
2010.09.08 02:15:45.644,0.5999,0.60015,1.00,1.00
2010.09.08 02:15:45.972,0.5999,0.6002,1.00,11.20
2010.09.08 02:15:46.273,0.5999,0.6002,1.00,8.80
2010.09.08 02:15:46.809,0.5999,0.6002,4.00,5.60
2010.09.08 02:15:47.155,0.5999,0.6002,4.00,5.70
2010.09.08 02:15:48.270,0.5999,0.6002,4.00,5.60
2010.09.08 02:15:48.461,0.5999,0.6002,4.00,5.70
2010.09.08 02:15:49.062,0.5999,0.6002,4.00,5.60
2010.09.08 02:15:53.912,0.5999,0.6002,4.00,2.40
2010.09.08 02:15:54.211,0.5999,0.60015,4.00,1.00
2010.09.08 02:15:54.301,0.5999,0.6002,4.00,2.50
2010.09.08 02:15:54.392,0.5999,0.6002,4.00,2.40
2010.09.08 02:15:54.789,0.5999,0.6002,4.00,2.40
2010.09.08 02:15:55.632,0.5999,0.6002,4.00,2.40
2010.09.08 02:15:55.832,0.5999,0.6002,4.00,2.40
2010.09.08 02:15:56.032,0.5999,0.6002,4.00,5.60
2010.09.08 02:16:00.092,0.5999,0.6002,4.00,2.40
2010.09.08 02:16:00.543,0.5999,0.6002,4.80,1.00
2010.09.08 02:16:00.603,0.5999,0.6002,10.80,1.00
2010.09.08 02:16:00.724,0.5999,0.60025,10.80,8.80
2010.09.08 02:16:01.866,0.59995,0.60025,1.00,8.00
2010.09.08 02:16:02.394,0.59995,0.60025,2.40,6.40
2010.09.08 02:16:02.518,0.59995,0.60025,11.20,1.00
2010.09.08 02:16:02.633,0.59995,0.60025,10.40,1.00
2010.09.08 02:16:02.972,0.59995,0.60025,7.20,4.00
2010.09.08 02:16:03.082,0.59995,0.60025,1.60,7.20
2010.09.08 02:16:03.191,0.59995,0.60025,4.00,7.20
2010.09.08 02:16:04.016,0.59995,0.60025,4.00,8.00
2010.09.08 02:16:04.303,0.59995,0.60025,2.40,10.00
2010.09.08 02:16:04.595,0.5999,0.6002,4.00,2.40
2010.09.08 02:16:04.884,0.5999,0.6002,4.00,5.60
2010.09.08 02:16:05.092,0.5999,0.6002,4.00,5.60
2010.09.08 02:16:06.192,0.5999,0.6002,4.40,5.60
2010.09.08 02:16:06.674,0.5999,0.60025,10.80,8.80
2010.09.08 02:16:09.992,0.5999,0.60025,10.80,11.20
2010.09.08 02:16:10.207,0.5999,0.60025,10.90,11.20
2010.09.08 02:16:10.837,0.59995,0.60025,1.60,7.20
2010.09.08 02:16:11.176,0.59995,0.6003,11.20,12.80
2010.09.08 02:16:11.513,0.59995,0.6003,11.20,12.00
2010.09.08 02:16:13.325,0.59995,0.60025,11.20,1.00
2010.09.08 02:16:14.403,0.59995,0.60025,11.20,1.00
2010.09.08 02:16:14.749,0.59995,0.60025,4.80,4.00
2010.09.08 02:16:15.083,0.59995,0.60025,1.60,7.30
2010.09.08 02:16:17.352,0.59995,0.60025,2.40,7.30
2010.09.08 02:16:20.152,0.59995,0.6002,2.40,1.00
2010.09.08 02:16:20.292,0.59995,0.60025,2.40,7.20
2010.09.08 02:16:21.305,0.59995,0.60025,1.60,9.60
2010.09.08 02:16:21.575,0.5999,0.6002,4.00,1.00
2010.09.08 02:16:22.115,0.5999,0.60025,4.00,11.20
2010.09.08 02:16:24.661,0.5999,0.6002,4.00,3.20
2010.09.08 02:16:25.382,0.5999,0.6002,4.00,3.30
2010.09.08 02:16:25.874,0.5999,0.6002,1.00,6.40
2010.09.08 02:16:26.419,0.5999,0.6002,1.00,3.20
2010.09.08 02:16:26.589,0.5999,0.6002,4.00,3.20
2010.09.08 02:16:27.024,0.5999,0.6002,4.00,3.20
2010.09.08 02:16:27.554,0.5999,0.6002,4.00,3.30
2010.09.08 02:16:28.266,0.5999,0.6002,4.00,3.20
2010.09.08 02:16:43.895,0.5999,0.6002,4.00,3.30
2010.09.08 02:16:52.888,0.5999,0.6002,4.00,6.50
2010.09.08 02:16:53.045,0.5999,0.6002,1.00,6.50
2010.09.08 02:16:55.564,0.5999,0.6002,1.00,6.40
2010.09.08 02:17:00.542,0.5999,0.6002,1.00,6.40
2010.09.08 02:17:00.893,0.5999,0.6002,4.00,3.20
2010.09.08 02:17:01.022,0.5999,0.60025,4.00,11.20
2010.09.08 02:17:01.282,0.5999,0.6002,4.00,3.20
2010.09.08 02:17:03.574,0.59995,0.6002,2.00,3.20
2010.09.08 02:17:04.049,0.59995,0.6002,4.80,3.20
2010.09.08 02:17:04.151,0.59995,0.60025,1.60,7.20
2010.09.08 02:17:04.360,0.59995,0.60025,1.60,9.60
2010.09.08 02:17:05.042,0.5999,0.60025,4.00,11.20
2010.09.08 02:17:05.386,0.5999,0.6002,4.00,3.20
2010.09.08 02:17:10.421,0.5999,0.60025,4.00,11.20
2010.09.08 02:17:13.868,0.59995,0.60025,1.60,10.40
2010.09.08 02:17:13.932,0.59995,0.60025,1.60,10.40
2010.09.08 02:17:13.995,0.59995,0.60025,2.00,10.40
2010.09.08 02:17:14.074,0.59995,0.60025,3.60,8.80
2010.09.08 02:17:14.531,0.59995,0.60025,6.80,5.60
2010.09.08 02:17:14.576,0.59995,0.60025,12.40,1.00
2010.09.08 02:17:14.804,0.59995,0.6003,12.40,9.70
2010.09.08 02:17:15.775,0.59995,0.60025,12.40,1.00
2010.09.08 02:17:15.920,0.59995,0.6003,12.40,9.70
2010.09.08 02:17:18.514,0.59995,0.6003,11.60,9.70
2010.09.08 02:17:18.728,0.59995,0.6003,11.20,9.70
2010.09.08 02:17:25.276,0.59995,0.60025,11.20,1.00
2010.09.08 02:17:25.863,0.59995,0.6003,11.20,9.70
2010.09.08 02:17:26.656,0.59995,0.60025,11.20,1.00
2010.09.08 02:17:28.868,0.59995,0.60025,8.00,3.30
2010.09.08 02:17:29.076,0.59995,0.60025,1.60,9.70
2010.09.08 02:17:30.314,0.59995,0.6002,1.60,1.00
2010.09.08 02:17:33.557,0.59995,0.6002,2.40,1.00
2010.09.08 02:17:33.754,0.59995,0.60025,5.60,8.90
2010.09.08 02:17:33.955,0.59995,0.60025,5.60,5.60
2010.09.08 02:17:34.537,0.59995,0.60025,5.60,3.20
2010.09.08 02:17:34.874,0.59995,0.60025,11.20,1.00
2010.09.08 02:17:35.212,0.59995,0.6003,11.20,9.70
2010.09.08 02:17:38.256,0.59995,0.6003,11.20,9.60
2010.09.08 02:18:25.465,0.59995,0.60025,11.20,1.00
2010.09.08 02:18:25.595,0.59995,0.60025,8.80,1.00
2010.09.08 02:18:25.715,0.59995,0.60025,4.80,4.00
2010.09.08 02:18:26.404,0.59995,0.60025,1.60,7.20
2010.09.08 02:18:27.332,0.59995,0.60025,1.60,9.60
2010.09.08 02:18:31.455,0.59995,0.60025,1.60,10.40
2010.09.08 02:18:31.876,0.59995,0.60025,1.60,10.80
2010.09.08 02:18:31.949,0.59995,0.60025,1.00,10.40
2010.09.08 02:18:32.082,0.59995,0.60025,4.00,10.40
2010.09.08 02:18:32.142,0.59995,0.60025,4.00,8.00
2010.09.08 02:18:33.112,0.59995,0.60025,5.60,3.20
2010.09.08 02:18:33.451,0.59995,0.60025,5.70,3.20
2010.09.08 02:18:33.522,0.59995,0.60025,5.70,3.60
2010.09.08 02:18:33.807,0.59995,0.60025,5.60,3.70
2010.09.08 02:18:34.392,0.59995,0.60025,5.60,3.30
2010.09.08 02:18:35.592,0.59995,0.60025,5.70,3.20
2010.09.08 02:18:36.966,0.59995,0.60025,5.60,3.30
2010.09.08 02:18:37.134,0.59995,0.60025,5.60,1.00
2010.09.08 02:18:37.615,0.59995,0.60025,8.80,1.00
2010.09.08 02:18:39.238,0.59995,0.6003,8.90,13.30
2010.09.08 02:18:39.444,0.59995,0.60025,8.80,1.00
2010.09.08 02:18:44.064,0.59995,0.6003,8.90,13.30
2010.09.08 02:18:46.149,0.59995,0.6003,8.90,13.70
2010.09.08 02:18:49.171,0.59995,0.6003,8.90,13.30
2010.09.08 02:18:51.433,0.6,0.6003,1.00,12.50
2010.09.08 02:18:51.512,0.6,0.6003,1.00,10.10
2010.09.08 02:18:55.102,0.6,0.6003,1.00,9.20
2010.09.08 02:18:55.193,0.6,0.6003,3.20,6.00
2010.09.08 02:18:55.608,0.6,0.6003,8.80,3.20
2010.09.08 02:18:55.703,0.6,0.6003,12.00,1.00
2010.09.08 02:19:00.905,0.6,0.6003,9.60,1.00
2010.09.08 02:19:01.243,0.6,0.6003,6.40,1.00
2010.09.08 02:19:01.902,0.6,0.60025,6.40,1.00
2010.09.08 02:19:02.142,0.6,0.6003,6.40,1.00
2010.09.08 02:19:02.988,0.6,0.60025,6.40,1.00
2010.09.08 02:19:10.092,0.6,0.60025,4.00,1.00
2010.09.08 02:19:10.343,0.6,0.60025,1.00,1.00
2010.09.08 02:19:16.164,0.6,0.6003,1.00,7.60
2010.09.08 02:19:16.332,0.6,0.6003,1.00,6.40
2010.09.08 02:19:16.492,0.6,0.6003,5.60,6.40
2010.09.08 02:19:16.652,0.6,0.6003,12.00,1.00
2010.09.08 02:19:28.194,0.6,0.60025,6.40,1.00
2010.09.08 02:19:28.453,0.59995,0.60025,8.80,1.00
2010.09.08 02:19:28.702,0.59995,0.60025,8.80,1.00
2010.09.08 02:19:29.405,0.59995,0.60025,5.60,3.30
2010.09.08 02:19:29.654,0.59995,0.60025,8.80,1.00
2010.09.08 02:19:33.893,0.59995,0.60025,5.60,3.30
2010.09.08 02:19:38.155,0.59995,0.60025,5.70,3.20
2010.09.08 02:19:38.243,0.6,0.60025,1.00,3.20
2010.09.08 02:19:38.492,0.6,0.6003,1.00,10.00
2010.09.08 02:19:39.074,0.6,0.6003,1.00,7.60
2010.09.08 02:19:49.843,0.6,0.6003,1.00,10.00
2010.09.08 02:19:52.004,0.59995,0.6003,11.60,10.80
2010.09.08 02:19:52.052,0.59995,0.60025,11.60,1.00
2010.09.08 02:19:52.564,0.59995,0.60025,9.20,1.00
2010.09.08 02:19:52.727,0.59995,0.60025,8.80,1.00
2010.09.08 02:20:09.406,0.6,0.60025,1.00,1.00
2010.09.08 02:20:09.694,0.6,0.60025,7.20,1.00
2010.09.08 02:20:09.837,0.60005,0.60035,1.00,11.30
2010.09.08 02:20:10.278,0.60005,0.60035,2.40,8.90
2010.09.08 02:20:10.440,0.60005,0.60035,5.60,3.30
2010.09.08 02:20:10.785,0.60005,0.60035,8.80,1.00
2010.09.08 02:20:12.462,0.60005,0.6004,8.90,12.90
2010.09.08 02:20:15.254,0.60005,0.60035,8.80,1.00
2010.09.08 02:20:16.271,0.60005,0.6004,8.90,12.90
2010.09.08 02:20:27.572,0.6001,0.6004,1.00,12.80
2010.09.08 02:20:29.391,0.6001,0.6004,1.00,12.00
2010.09.08 02:20:29.676,0.6001,0.6004,4.10,3.20
2010.09.08 02:20:30.536,0.60015,0.60045,1.00,11.30
2010.09.08 02:20:30.765,0.6001,0.60045,7.30,12.10
2010.09.08 02:20:30.995,0.60015,0.60045,1.60,8.10
2010.09.08 02:20:31.224,0.60015,0.60045,1.60,10.50
2010.09.08 02:20:32.084,0.6001,0.60045,4.10,12.10
2010.09.08 02:20:34.209,0.6001,0.6004,4.00,1.00
2010.09.08 02:20:34.318,0.6001,0.6004,4.00,3.30
2010.09.08 02:20:36.337,0.6001,0.6004,4.00,3.20
2010.09.08 02:20:36.394,0.6001,0.6004,4.00,3.20
2010.09.08 02:20:36.604,0.6001,0.6004,4.00,6.40
2010.09.08 02:20:36.665,0.6001,0.6004,1.00,6.40
2010.09.08 02:20:36.724,0.6001,0.6004,1.00,6.40
2010.09.08 02:20:36.783,0.6001,0.6004,4.00,3.20
2010.09.08 02:20:37.672,0.6001,0.6004,4.00,3.60
2010.09.08 02:20:41.625,0.6001,0.6004,4.10,3.60
2010.09.08 02:20:42.435,0.6001,0.6004,4.00,3.60
2010.09.08 02:20:46.311,0.6001,0.6004,4.00,3.20
2010.09.08 02:20:50.715,0.60015,0.6004,1.00,3.20
2010.09.08 02:20:50.812,0.60015,0.6004,1.00,3.20
2010.09.08 02:20:50.992,0.60015,0.60045,1.00,10.50
2010.09.08 02:20:51.173,0.6001,0.60045,10.90,8.90
2010.09.08 02:20:51.512,0.60015,0.60045,1.60,7.30
2010.09.08 02:20:53.621,0.60015,0.60045,1.60,7.70
2010.09.08 02:20:58.474,0.60015,0.60045,1.60,7.30
2010.09.08 02:21:06.195,0.60015,0.6004,1.60,1.00
2010.09.08 02:21:06.384,0.6001,0.6004,10.00,1.00
2010.09.08 02:21:06.573,0.6001,0.6004,6.40,1.00
2010.09.08 02:21:07.144,0.6001,0.6004,6.40,3.30
2010.09.08 02:21:07.333,0.6001,0.6004,4.00,3.30
2010.09.08 02:21:08.672,0.6001,0.6004,4.00,1.00
2010.09.08 02:21:09.075,0.6001,0.6004,4.80,1.00
2010.09.08 02:21:09.172,0.6001,0.60045,4.90,12.10
2010.09.08 02:21:09.272,0.6001,0.60045,5.30,11.30
2010.09.08 02:21:09.372,0.6001,0.60045,7.70,8.90
2010.09.08 02:21:09.472,0.6001,0.60045,10.90,8.90
2010.09.08 02:21:09.856,0.60015,0.60045,1.60,7.30
2010.09.08 02:21:33.331,0.60015,0.60045,1.60,9.70
2010.09.08 02:21:39.317,0.60015,0.6004,1.60,1.00
2010.09.08 02:21:49.739,0.60015,0.60045,1.60,9.70
2010.09.08 02:21:49.896,0.60015,0.6004,1.60,1.00
2010.09.08 02:21:50.063,0.60015,0.6004,1.60,1.70
2010.09.08 02:21:50.233,0.60005,0.6004,8.80,10.40
2010.09.08 02:21:50.403,0.60005,0.6004,8.80,10.80
2010.09.08 02:22:03.355,0.60005,0.60035,8.80,1.00
2010.09.08 02:22:03.716,0.60005,0.6004,8.90,10.90
2010.09.08 02:22:08.671,0.60005,0.60035,8.80,1.00
2010.09.08 02:22:11.765,0.60005,0.6004,8.80,10.80
2010.09.08 02:22:25.045,0.6001,0.6004,1.00,10.00
2010.09.08 02:22:25.162,0.6001,0.6004,1.00,9.60
2010.09.08 02:22:25.200,0.6001,0.6004,1.00,7.20
2010.09.08 02:22:26.647,0.60005,0.6004,11.60,8.00
2010.09.08 02:22:27.402,0.60005,0.6004,8.80,10.80
2010.09.08 02:22:27.705,0.60005,0.6004,8.90,10.90
2010.09.08 02:22:29.816,0.60005,0.60035,8.80,1.00
2010.09.08 02:22:30.653,0.60005,0.6004,8.90,10.90
2010.09.08 02:22:44.268,0.60005,0.60035,8.80,1.00
2010.09.08 02:22:44.464,0.60005,0.60035,8.80,1.00
2010.09.08 02:22:44.739,0.60005,0.6004,8.90,10.90
2010.09.08 02:22:50.286,0.60005,0.60035,8.10,1.00
2010.09.08 02:22:50.385,0.60005,0.60035,8.00,1.00
2010.09.08 02:22:51.093,0.60005,0.60035,8.80,1.00
2010.09.08 02:22:51.264,0.60005,0.60035,8.80,1.00
2010.09.08 02:22:51.614,0.60005,0.6004,8.80,10.80
2010.09.08 02:22:52.447,0.60005,0.6004,8.90,10.90
2010.09.08 02:23:01.621,0.60005,0.60035,8.80,1.00
2010.09.08 02:23:08.857,0.6001,0.6004,1.00,7.30
2010.09.08 02:23:09.074,0.60015,0.6004,1.60,9.70
2010.09.08 02:23:09.623,0.6001,0.6004,1.00,9.70
2010.09.08 02:23:10.110,0.6001,0.6004,1.00,7.30
2010.09.08 02:23:11.913,0.60005,0.6004,11.70,8.10
2010.09.08 02:23:12.050,0.60005,0.6004,11.30,8.50
2010.09.08 02:23:12.666,0.60005,0.60035,8.80,1.00
2010.09.08 02:23:28.505,0.6001,0.60035,1.00,1.00
2010.09.08 02:23:28.936,0.6001,0.6004,1.00,9.60
2010.09.08 02:23:28.954,0.6001,0.6004,1.00,7.20
2010.09.08 02:23:28.995,0.6001,0.6004,1.00,4.00
2010.09.08 02:23:29.703,0.6001,0.6004,4.10,1.00
2010.09.08 02:23:30.434,0.6001,0.6004,4.00,1.00
2010.09.08 02:23:31.254,0.6001,0.6004,1.00,9.60
2010.09.08 02:23:31.433,0.6001,0.6004,1.00,10.40
2010.09.08 02:23:31.614,0.6001,0.60035,1.00,1.00
2010.09.08 02:23:31.797,0.6001,0.60035,1.00,1.00
2010.09.08 02:23:32.226,0.60005,0.60035,10.80,1.70
2010.09.08 02:23:32.437,0.6,0.6003,3.20,1.00
2010.09.08 02:23:32.615,0.59995,0.6003,11.20,4.00
2010.09.08 02:23:32.956,0.59995,0.6003,11.20,6.40
2010.09.08 02:23:33.358,0.59995,0.6003,11.20,9.60
2010.09.08 02:23:33.695,0.59995,0.6003,11.20,9.60
2010.09.08 02:23:34.126,0.59995,0.60025,11.20,1.00
2010.09.08 02:23:34.334,0.59995,0.60025,11.20,1.00
2010.09.08 02:23:35.533,0.59995,0.60025,10.40,1.00
2010.09.08 02:23:35.804,0.59995,0.60025,8.00,1.00
2010.09.08 02:23:36.634,0.59995,0.60025,4.80,4.10
2010.09.08 02:23:36.812,0.59995,0.60025,1.60,7.30
2010.09.08 02:23:38.334,0.59995,0.60025,2.40,6.40
2010.09.08 02:23:38.787,0.59995,0.60025,2.50,6.40
2010.09.08 02:23:38.940,0.59995,0.6003,11.20,9.70
2010.09.08 02:23:42.939,0.59995,0.6003,11.30,9.60
2010.09.08 02:23:45.593,0.6,0.6003,1.00,8.80
2010.09.08 02:23:46.122,0.6,0.6003,3.20,6.40
2010.09.08 02:23:46.233,0.6,0.60035,9.60,11.30
2010.09.08 02:23:47.484,0.6,0.60035,9.60,11.20
2010.09.08 02:24:01.412,0.6,0.60035,9.60,12.00
2010.09.08 02:24:09.456,0.60005,0.60035,1.00,12.00
2010.09.08 02:24:23.386,0.6,0.60035,9.60,12.00
2010.09.08 02:24:23.613,0.60005,0.60035,1.00,10.40
2010.09.08 02:24:24.226,0.60005,0.60035,2.40,6.40
2010.09.08 02:24:24.416,0.60005,0.60035,2.40,6.40
2010.09.08 02:24:26.636,0.60005,0.6004,12.50,9.70
2010.09.08 02:24:27.284,0.60005,0.60035,12.40,1.00
2010.09.08 02:24:28.055,0.60005,0.6004,12.50,9.70
2010.09.08 02:24:29.418,0.60005,0.60035,12.40,1.00
2010.09.08 02:24:34.537,0.60005,0.60035,11.60,1.00
2010.09.08 02:24:34.571,0.60005,0.60035,8.40,1.00
2010.09.08 02:24:34.616,0.60005,0.60035,6.00,1.00
2010.09.08 02:24:34.672,0.60005,0.60035,6.00,3.30
2010.09.08 02:24:34.683,0.60005,0.60035,5.60,3.30
2010.09.08 02:24:35.036,0.60005,0.60035,5.60,3.20
2010.09.08 02:24:35.506,0.60005,0.60035,5.60,6.40
2010.09.08 02:24:35.526,0.60005,0.60035,5.60,3.20
2010.09.08 02:24:36.126,0.60005,0.60035,2.40,6.40
2010.09.08 02:24:55.925,0.60005,0.60035,5.60,3.20
2010.09.08 02:25:03.714,0.60005,0.60035,2.40,6.40
2010.09.08 02:25:04.456,0.60005,0.60035,2.40,3.20
2010.09.08 02:25:04.585,0.60005,0.60035,5.60,3.20
2010.09.08 02:25:29.553,0.60005,0.60035,4.80,4.10
2010.09.08 02:25:30.116,0.60005,0.60035,1.60,10.50
2010.09.08 02:25:31.261,0.60005,0.6003,1.60,1.00
2010.09.08 02:25:33.456,0.60005,0.6003,2.40,1.00
2010.09.08 02:25:33.553,0.60005,0.60035,2.40,8.90
2010.09.08 02:25:33.783,0.60005,0.60035,2.40,5.70
2010.09.08 02:25:34.062,0.60005,0.60035,2.40,3.30
2010.09.08 02:25:34.153,0.60005,0.60035,5.60,3.30
2010.09.08 02:25:47.964,0.60005,0.60035,5.60,6.50
2010.09.08 02:25:48.093,0.60005,0.60035,2.40,6.50
2010.09.08 02:25:48.656,0.60005,0.60035,2.40,8.90
2010.09.08 02:25:48.763,0.60005,0.60035,2.40,6.50
2010.09.08 02:26:03.215,0.60005,0.60035,2.40,3.30
2010.09.08 02:26:03.354,0.60005,0.60035,2.40,6.50
2010.09.08 02:26:06.277,0.60005,0.60035,5.60,3.20
2010.09.08 02:26:06.425,0.60005,0.60035,2.40,6.40
2010.09.08 02:26:06.713,0.60005,0.60035,5.60,3.20
2010.09.08 02:26:09.766,0.60005,0.60035,5.60,3.20
2010.09.08 02:26:10.156,0.6001,0.60035,1.00,3.20
2010.09.08 02:26:10.167,0.6001,0.60035,1.00,3.20
2010.09.08 02:26:10.264,0.6001,0.6004,1.00,7.30
2010.09.08 02:26:12.224,0.6001,0.60035,1.00,1.00
2010.09.08 02:26:12.925,0.60005,0.60035,11.60,1.00
2010.09.08 02:26:13.131,0.60005,0.60035,8.00,1.00
2010.09.08 02:26:13.456,0.60005,0.60035,5.60,3.20
2010.09.08 02:26:15.387,0.6001,0.60035,1.00,3.20
2010.09.08 02:26:16.145,0.6001,0.6004,1.00,7.30
2010.09.08 02:26:16.245,0.60005,0.6004,11.20,8.50
2010.09.08 02:26:16.344,0.60005,0.60035,8.00,3.20
2010.09.08 02:26:16.753,0.60005,0.60035,5.60,3.20
2010.09.08 02:26:17.064,0.60005,0.60035,5.60,3.30
2010.09.08 02:26:17.744,0.60005,0.6003,5.60,1.00
2010.09.08 02:26:17.985,0.60005,0.6003,4.80,1.00
2010.09.08 02:26:18.053,0.60005,0.6003,4.80,1.00
2010.09.08 02:26:18.124,0.60005,0.6003,4.80,1.00
2010.09.08 02:26:19.105,0.60005,0.6003,1.60,1.00
2010.09.08 02:26:19.983,0.60005,0.6003,1.60,1.00
2010.09.08 02:26:20.203,0.6,0.6003,3.20,3.30
2010.09.08 02:26:20.423,0.59995,0.6003,12.50,9.70
2010.09.08 02:26:22.371,0.6001,0.6003,1.00,8.90
2010.09.08 02:26:22.404,0.6001,0.6003,1.00,8.80
2010.09.08 02:26:22.566,0.6001,0.6003,1.00,5.60
2010.09.08 02:26:22.625,0.6001,0.6003,1.00,2.40
2010.09.08 02:26:22.654,0.6001,0.60035,1.00,1.60
2010.09.08 02:26:23.225,0.6001,0.60035,1.00,1.00
2010.09.08 02:26:23.665,0.6001,0.60035,1.00,1.00
2010.09.08 02:26:24.893,0.6001,0.6004,1.00,7.30
2010.09.08 02:26:34.924,0.6001,0.60035,1.00,1.00
2010.09.08 02:26:35.023,0.60005,0.6004,11.60,8.10
2010.09.08 02:26:35.122,0.60005,0.6004,11.60,8.50
2010.09.08 02:26:35.226,0.60005,0.60035,6.00,3.20
2010.09.08 02:26:35.322,0.60005,0.6003,5.60,1.00
2010.09.08 02:26:36.464,0.60005,0.6003,5.60,1.00
2010.09.08 02:26:42.215,0.6001,0.6003,1.00,1.00
2010.09.08 02:26:43.493,0.6001,0.60035,1.00,1.00
2010.09.08 02:26:44.974,0.60005,0.60035,10.80,1.20
2010.09.08 02:26:46.548,0.6,0.6003,9.60,1.00
2010.09.08 02:26:47.045,0.6,0.6003,9.60,1.00
2010.09.08 02:26:47.766,0.6,0.60025,7.20,1.00
2010.09.08 02:26:48.056,0.6,0.6003,3.20,7.60
2010.09.08 02:26:48.344,0.6,0.60025,1.00,1.00
2010.09.08 02:26:50.234,0.6,0.6003,1.00,7.20
2010.09.08 02:27:04.548,0.6,0.60025,1.00,1.00
2010.09.08 02:27:07.664,0.6,0.6003,1.00,7.20
2010.09.08 02:27:08.566,0.6,0.6003,1.00,7.30
2010.09.08 02:27:08.724,0.59995,0.60025,11.60,1.00
2010.09.08 02:27:08.884,0.59995,0.60025,5.60,1.00
2010.09.08 02:27:09.043,0.59995,0.60025,5.60,4.00
2010.09.08 02:27:09.363,0.59995,0.60025,5.60,4.00
2010.09.08 02:27:10.228,0.59995,0.60025,5.60,4.00
2010.09.08 02:27:16.536,0.59995,0.6002,4.80,1.00
2010.09.08 02:27:16.693,0.59995,0.6002,3.20,1.00
2010.09.08 02:27:17.033,0.5999,0.6002,9.60,1.00
2010.09.08 02:27:18.477,0.59995,0.6002,1.00,1.00
2010.09.08 02:27:19.012,0.59995,0.60025,1.00,11.20
2010.09.08 02:27:19.165,0.59995,0.60025,4.00,5.60
2010.09.08 02:27:19.292,0.59995,0.60025,5.60,4.00
2010.09.08 02:27:20.415,0.59995,0.60025,4.80,4.00
2010.09.08 02:27:20.573,0.59995,0.6002,4.80,1.00
2010.09.08 02:27:21.387,0.5999,0.6002,9.60,1.00
2010.09.08 02:27:21.976,0.59995,0.60025,1.00,11.20
2010.09.08 02:27:22.133,0.59995,0.60025,1.00,11.20
2010.09.08 02:27:22.293,0.59995,0.60025,1.00,8.80
2010.09.08 02:27:22.454,0.59995,0.60025,4.00,5.60
2010.09.08 02:27:22.663,0.59995,0.60025,4.00,5.60
2010.09.08 02:27:22.853,0.59995,0.60025,5.60,4.00
2010.09.08 02:27:24.666,0.59995,0.60025,5.60,4.00
2010.09.08 02:27:24.783,0.59995,0.60025,6.40,3.20
2010.09.08 02:27:24.903,0.59995,0.60025,10.00,1.00
2010.09.08 02:27:24.993,0.59995,0.60025,12.40,1.00
2010.09.08 02:27:37.547,0.6,0.60025,3.20,1.00
2010.09.08 02:27:37.949,0.59995,0.60025,12.40,1.00
2010.09.08 02:27:55.196,0.59995,0.60025,11.60,1.00
2010.09.08 02:27:55.290,0.59995,0.60025,11.20,1.00
2010.09.08 02:27:55.797,0.59995,0.60025,8.00,4.10
2010.09.08 02:27:56.054,0.59995,0.60025,2.40,9.70
2010.09.08 02:27:56.314,0.59995,0.6002,2.40,1.00
2010.09.08 02:27:56.815,0.59995,0.60025,2.40,9.70
2010.09.08 02:28:04.258,0.59995,0.6002,2.40,1.00
2010.09.08 02:28:04.385,0.5999,0.6002,10.00,1.00
2010.09.08 02:28:04.513,0.5999,0.6002,9.20,1.60
2010.09.08 02:28:04.645,0.5999,0.6002,2.40,8.10
2010.09.08 02:28:04.773,0.5999,0.60015,2.40,3.20
2010.09.08 02:28:04.903,0.59985,0.60015,8.40,3.20
2010.09.08 02:28:05.407,0.59985,0.60015,8.00,3.20
2010.09.08 02:28:05.533,0.59985,0.60015,5.60,3.20
2010.09.08 02:28:06.095,0.59985,0.60015,5.60,3.30
2010.09.08 02:28:08.516,0.5999,0.60015,1.00,3.30
2010.09.08 02:28:08.613,0.5999,0.60015,1.00,3.20
2010.09.08 02:28:09.264,0.5999,0.6002,1.00,6.50
2010.09.08 02:28:10.246,0.5999,0.60015,1.00,1.00
2010.09.08 02:28:11.856,0.59985,0.60015,10.80,1.00
2010.09.08 02:28:11.976,0.59985,0.60015,8.40,1.00
2010.09.08 02:28:12.457,0.59985,0.60015,3.20,8.10
2010.09.08 02:28:12.571,0.5998,0.60015,9.70,8.10
2010.09.08 02:28:12.684,0.5998,0.60015,9.70,11.30
2010.09.08 02:28:21.938,0.5999,0.60015,1.00,3.20
2010.09.08 02:28:22.293,0.5999,0.6002,1.00,3.20
2010.09.08 02:28:22.433,0.5999,0.6002,4.00,3.20
2010.09.08 02:28:24.283,0.5999,0.60015,4.00,1.00
2010.09.08 02:28:24.855,0.59985,0.60015,11.20,1.00
2010.09.08 02:28:25.033,0.59985,0.6002,11.20,9.60
2010.09.08 02:28:30.315,0.59985,0.60015,11.20,1.00
2010.09.08 02:28:30.583,0.59985,0.6002,11.20,9.60
2010.09.08 02:28:30.683,0.5999,0.6002,1.00,8.80
2010.09.08 02:28:31.255,0.5999,0.6002,1.00,5.60
2010.09.08 02:28:31.574,0.5999,0.6002,4.00,3.20
2010.09.08 02:28:32.086,0.5999,0.6002,4.00,3.20
2010.09.08 02:28:32.556,0.59995,0.6002,1.00,3.20
2010.09.08 02:28:33.225,0.59995,0.6002,1.00,1.00
2010.09.08 02:28:38.204,0.5999,0.60025,10.00,9.70
2010.09.08 02:28:38.915,0.5999,0.6002,4.00,3.20
2010.09.08 02:28:39.246,0.5999,0.6002,4.00,3.30
2010.09.08 02:28:44.438,0.5999,0.60015,4.00,1.00
2010.09.08 02:28:45.536,0.5999,0.6002,4.00,3.30
2010.09.08 02:28:45.655,0.5999,0.60015,3.20,1.00
2010.09.08 02:28:45.764,0.59985,0.60015,11.20,1.00
2010.09.08 02:28:45.874,0.59985,0.60015,8.80,1.00
2010.09.08 02:28:45.984,0.59985,0.6002,8.90,9.70
2010.09.08 02:28:46.194,0.59985,0.60015,8.80,1.00
2010.09.08 02:28:51.723,0.59985,0.60015,8.00,1.00
2010.09.08 02:28:51.935,0.59985,0.60015,4.80,6.40
2010.09.08 02:28:52.535,0.59985,0.60015,1.60,9.60
2010.09.08 02:28:52.749,0.59985,0.60015,1.60,9.70
2010.09.08 02:28:54.535,0.59985,0.60015,2.40,8.90
2010.09.08 02:28:54.795,0.59985,0.60015,8.80,1.00
2010.09.08 02:28:54.964,0.59985,0.6001,8.80,1.00
2010.09.08 02:28:55.304,0.59985,0.60015,8.80,1.00
2010.09.08 02:28:57.953,0.59985,0.60015,8.80,1.00
2010.09.08 02:28:58.065,0.5999,0.6002,1.00,9.30
2010.09.08 02:28:58.173,0.5999,0.6002,4.00,8.90
2010.09.08 02:28:58.273,0.5999,0.6002,4.00,5.70
2010.09.08 02:28:58.443,0.5999,0.6002,4.00,3.30
2010.09.08 02:28:58.994,0.5999,0.6002,3.20,8.00
2010.09.08 02:28:59.177,0.59985,0.6002,8.80,10.80
2010.09.08 02:28:59.357,0.59985,0.6001,8.00,1.00
2010.09.08 02:28:59.536,0.59985,0.6001,4.80,4.00
2010.09.08 02:28:59.715,0.5998,0.6001,1.00,9.60
2010.09.08 02:29:00.272,0.5998,0.6001,1.00,9.60
2010.09.08 02:29:00.464,0.5998,0.6001,1.00,6.40
2010.09.08 02:29:00.755,0.5998,0.60015,4.00,11.20
2010.09.08 02:29:01.736,0.5998,0.6001,4.00,1.00
2010.09.08 02:29:02.744,0.5998,0.6001,9.60,1.00
2010.09.08 02:29:02.944,0.59985,0.6001,1.00,1.00
2010.09.08 02:29:03.362,0.59985,0.6001,2.40,1.00
2010.09.08 02:29:03.571,0.59985,0.6001,5.60,1.00
2010.09.08 02:29:03.885,0.59985,0.60015,5.60,3.20
2010.09.08 02:29:04.603,0.59985,0.60015,8.80,1.00
2010.09.08 02:29:04.913,0.59985,0.6002,8.90,10.90
2010.09.08 02:29:05.886,0.59985,0.60015,1.60,9.60
2010.09.08 02:29:06.793,0.59985,0.6001,1.60,3.20
2010.09.08 02:29:08.507,0.59985,0.6001,2.40,3.20
2010.09.08 02:29:09.014,0.59985,0.6001,2.40,3.20
2010.09.08 02:29:09.335,0.59985,0.6001,1.60,3.20
2010.09.08 02:29:10.389,0.59985,0.6001,1.60,3.20
2010.09.08 02:29:11.158,0.59985,0.6001,2.40,3.20
2010.09.08 02:29:11.695,0.5999,0.6001,1.00,3.20
2010.09.08 02:29:11.980,0.5999,0.60015,1.00,6.40
2010.09.08 02:29:12.267,0.5999,0.60015,1.00,1.00
2010.09.08 02:29:12.404,0.5999,0.6002,1.00,9.60
2010.09.08 02:29:12.827,0.5999,0.6002,4.00,4.00
2010.09.08 02:29:12.965,0.5999,0.6002,4.00,4.00
2010.09.08 02:29:23.827,0.5999,0.60015,4.00,1.00
2010.09.08 02:29:24.376,0.5999,0.6002,4.00,4.00
2010.09.08 02:29:25.213,0.5999,0.60015,4.00,1.00
2010.09.08 02:29:25.624,0.5999,0.60015,3.20,1.00
2010.09.08 02:29:25.676,0.59985,0.60015,11.60,1.00
2010.09.08 02:29:25.705,0.59985,0.6002,11.60,8.00
2010.09.08 02:29:25.915,0.59985,0.6002,11.60,10.40
2010.09.08 02:29:25.945,0.59985,0.6002,11.20,10.80
2010.09.08 02:29:29.787,0.5999,0.6002,1.00,10.00
2010.09.08 02:29:30.407,0.5999,0.6002,4.00,4.00
2010.09.08 02:29:31.308,0.5999,0.6002,4.00,4.00
2010.09.08 02:29:38.829,0.5999,0.6002,4.00,4.00
2010.09.08 02:29:49.387,0.59995,0.6002,1.00,3.20
2010.09.08 02:29:49.627,0.59995,0.60025,1.60,7.30
2010.09.08 02:29:49.864,0.59995,0.60025,1.60,9.70
2010.09.08 02:29:52.107,0.59995,0.60025,1.60,9.60
2010.09.08 02:29:53.041,0.59995,0.6002,1.60,3.20
2010.09.08 02:29:53.128,0.5999,0.6002,4.00,4.00
2010.09.08 02:29:53.315,0.5999,0.6002,4.10,4.00
2010.09.08 02:29:53.887,0.5999,0.6002,4.00,4.10
2010.09.08 02:29:54.779,0.5999,0.6002,4.00,4.00
2010.09.08 02:30:05.555,0.59985,0.60015,9.20,1.00
2010.09.08 02:30:05.643,0.59985,0.60015,8.80,1.00
2010.09.08 02:30:06.247,0.59985,0.60015,8.80,1.00
2010.09.08 02:30:25.006,0.5999,0.60015,1.60,1.00
2010.09.08 02:30:25.113,0.5999,0.6002,1.60,9.20
2010.09.08 02:30:25.500,0.5999,0.6002,2.00,8.80
2010.09.08 02:30:25.554,0.5999,0.6002,1.20,9.60
2010.09.08 02:30:25.713,0.5999,0.6002,1.00,9.60
2010.09.08 02:30:25.913,0.5999,0.6002,4.00,6.40
2010.09.08 02:30:26.113,0.5999,0.6002,4.00,4.00
2010.09.08 02:30:27.554,0.5999,0.6002,4.00,4.00
2010.09.08 02:30:27.843,0.5999,0.60015,3.20,1.00
2010.09.08 02:30:28.144,0.59985,0.60015,9.20,1.00
2010.09.08 02:30:28.273,0.59985,0.60015,8.80,1.00
2010.09.08 02:30:29.278,0.59985,0.60015,8.80,1.00
2010.09.08 02:30:32.596,0.59985,0.6002,8.90,10.90
2010.09.08 02:30:32.797,0.59985,0.6002,8.90,10.80
2010.09.08 02:30:33.246,0.5999,0.6002,1.00,9.20
2010.09.08 02:30:33.678,0.5999,0.6002,1.00,8.80
2010.09.08 02:30:33.925,0.5999,0.6002,4.00,8.80
2010.09.08 02:30:34.304,0.5999,0.6002,4.00,5.60
2010.09.08 02:30:34.554,0.5999,0.6002,4.00,3.20
2010.09.08 02:30:40.564,0.5999,0.6002,4.00,3.20
2010.09.08 02:30:42.406,0.5999,0.6002,4.00,3.20
2010.09.08 02:31:04.195,0.5999,0.6002,4.00,3.30
2010.09.08 02:31:05.043,0.5999,0.6002,4.10,3.20
2010.09.08 02:31:05.224,0.5999,0.6002,6.50,3.20
2010.09.08 02:31:05.336,0.5999,0.60025,9.70,12.50
2010.09.08 02:31:05.433,0.5999,0.6002,7.30,3.20
2010.09.08 02:31:05.524,0.5999,0.6002,4.10,3.20
2010.09.08 02:31:05.623,0.5999,0.6002,4.00,3.30
2010.09.08 02:31:07.767,0.5999,0.6002,4.00,3.20
2010.09.08 02:31:11.274,0.5999,0.6002,4.00,3.20
2010.09.08 02:31:12.529,0.5999,0.60015,4.00,1.00
2010.09.08 02:31:19.692,0.5999,0.60015,4.00,1.00
2010.09.08 02:31:33.198,0.5999,0.60015,4.00,1.00
2010.09.08 02:31:33.894,0.5999,0.60015,4.00,1.00
2010.09.08 02:31:34.205,0.5999,0.60015,4.00,1.00
2010.09.08 02:31:39.027,0.5999,0.6002,4.00,3.20
2010.09.08 02:31:40.140,0.5999,0.6002,4.00,3.20
2010.09.08 02:31:44.746,0.5999,0.6002,4.00,3.20
2010.09.08 02:31:45.957,0.5999,0.60015,4.00,1.00
2010.09.08 02:31:46.128,0.5999,0.60015,3.20,1.00
2010.09.08 02:31:46.544,0.5999,0.6002,3.20,9.60
2010.09.08 02:31:46.604,0.59985,0.6002,11.20,9.60
2010.09.08 02:32:00.747,0.5999,0.6002,1.00,9.60
2010.09.08 02:32:01.342,0.59985,0.6002,11.20,9.60
2010.09.08 02:32:44.665,0.59985,0.60015,10.40,1.00
2010.09.08 02:32:45.249,0.5998,0.60015,9.70,11.30
2010.09.08 02:32:45.505,0.5998,0.60015,9.60,11.20
2010.09.08 02:32:50.237,0.5998,0.6001,9.60,1.00
2010.09.08 02:32:51.779,0.5998,0.60015,9.60,11.20
2010.09.08 02:32:54.825,0.59985,0.60015,1.00,11.20
2010.09.08 02:32:55.141,0.5998,0.60015,9.60,11.20
2010.09.08 02:32:55.428,0.59985,0.60015,1.00,11.20
2010.09.08 02:32:55.594,0.5998,0.60015,9.60,11.20
2010.09.08 02:32:55.686,0.5998,0.6001,8.80,1.00
2010.09.08 02:32:56.144,0.5998,0.6001,5.60,4.00
2010.09.08 02:32:56.489,0.5998,0.6001,1.00,9.60
2010.09.08 02:32:56.918,0.5998,0.6001,1.00,9.60
2010.09.08 02:32:57.254,0.59975,0.6001,12.40,9.60
2010.09.08 02:32:57.686,0.5998,0.6001,1.00,9.60
2010.09.08 02:32:58.359,0.59985,0.6001,1.00,5.60
2010.09.08 02:32:58.525,0.59985,0.60015,4.00,4.80
2010.09.08 02:32:58.695,0.59985,0.60015,9.60,4.80
2010.09.08 02:32:58.864,0.59985,0.60015,9.60,1.60
2010.09.08 02:33:00.300,0.59985,0.60015,9.70,1.60
2010.09.08 02:33:01.245,0.5999,0.60015,1.00,1.60
2010.09.08 02:33:05.425,0.59985,0.60015,9.60,1.60
2010.09.08 02:33:05.615,0.59985,0.60015,9.60,1.80
2010.09.08 02:33:05.805,0.59985,0.60015,11.20,1.00
2010.09.08 02:33:15.245,0.5999,0.60015,1.00,1.00
2010.09.08 02:33:15.358,0.5999,0.60015,1.00,1.00
2010.09.08 02:33:15.934,0.5999,0.60015,4.00,1.00
2010.09.08 02:33:17.755,0.59995,0.60015,1.00,1.00
2010.09.08 02:33:17.926,0.59995,0.6002,1.00,3.30
2010.09.08 02:33:18.095,0.59995,0.6002,1.00,1.00
2010.09.08 02:33:19.027,0.5999,0.6002,9.20,1.00
2010.09.08 02:33:19.124,0.5999,0.60015,9.20,1.00
2010.09.08 02:33:19.346,0.5999,0.60025,9.70,12.70
2010.09.08 02:33:19.575,0.5999,0.6002,9.60,3.30
2010.09.08 02:33:19.804,0.5999,0.6002,6.40,3.30
2010.09.08 02:33:20.025,0.5999,0.6002,4.00,1.00
2010.09.08 02:33:20.328,0.5999,0.6002,4.00,1.00
2010.09.08 02:33:20.853,0.5999,0.60015,3.20,1.00
2010.09.08 02:33:21.068,0.5999,0.60015,4.00,1.00
2010.09.08 02:33:22.046,0.5999,0.60015,3.20,1.00
2010.09.08 02:33:22.215,0.5999,0.60015,3.20,1.00
2010.09.08 02:33:22.594,0.5999,0.60015,1.00,1.00
2010.09.08 02:33:27.764,0.5999,0.60015,1.00,1.00
2010.09.08 02:33:27.915,0.5999,0.60015,1.00,1.00
2010.09.08 02:33:28.215,0.5999,0.60015,4.00,1.00
2010.09.08 02:33:28.485,0.5999,0.60015,4.00,1.00
2010.09.08 02:33:28.625,0.5999,0.60015,3.20,1.00
2010.09.08 02:33:29.028,0.5999,0.60015,4.00,1.00
2010.09.08 02:33:29.167,0.5999,0.60015,1.00,1.00
2010.09.08 02:33:29.367,0.5999,0.60015,4.00,1.00
2010.09.08 02:33:33.927,0.5999,0.60015,4.10,1.00
2010.09.08 02:33:34.097,0.5999,0.60025,4.10,12.70
2010.09.08 02:33:34.224,0.5999,0.6002,4.00,1.00
2010.09.08 02:33:34.355,0.5999,0.60025,4.10,12.70
2010.09.08 02:33:36.325,0.5999,0.6002,4.00,1.00
2010.09.08 02:33:41.746,0.5999,0.60025,4.00,12.60
2010.09.08 02:33:42.295,0.5999,0.6002,4.00,1.00
2010.09.08 02:33:42.516,0.5999,0.60025,4.10,12.70
2010.09.08 02:33:45.136,0.59995,0.60025,1.00,11.50
2010.09.08 02:33:45.166,0.59995,0.60025,1.00,9.10
2010.09.08 02:33:46.016,0.5999,0.60025,10.10,9.90
2010.09.08 02:33:46.267,0.5999,0.60025,4.10,12.30
2010.09.08 02:33:47.330,0.5999,0.60025,4.10,12.70
2010.09.08 02:33:47.486,0.59995,0.60025,1.00,11.90
2010.09.08 02:33:47.704,0.59995,0.60025,1.00,9.10
2010.09.08 02:33:49.206,0.59995,0.6002,1.00,1.00
2010.09.08 02:33:49.436,0.59995,0.60025,1.00,11.40
2010.09.08 02:33:49.654,0.5999,0.60025,10.00,12.20
2010.09.08 02:33:49.765,0.5999,0.60025,6.80,9.80
2010.09.08 02:33:50.255,0.5999,0.60025,4.00,12.60
2010.09.08 02:33:51.594,0.5999,0.60025,4.40,12.20
2010.09.08 02:33:51.715,0.5999,0.60025,7.60,12.20
2010.09.08 02:33:51.844,0.5999,0.60025,7.20,12.60
2010.09.08 02:33:51.974,0.5999,0.60025,4.00,12.60
2010.09.08 02:33:52.468,0.59995,0.60025,1.00,11.80
2010.09.08 02:33:52.714,0.5999,0.60025,7.60,12.20
2010.09.08 02:33:52.945,0.5999,0.60025,9.60,10.20
2010.09.08 02:33:53.175,0.5999,0.60025,4.00,12.60
2010.09.08 02:33:54.655,0.59995,0.60025,1.00,9.40
2010.09.08 02:33:54.824,0.5999,0.60025,6.80,9.80
2010.09.08 02:33:55.415,0.5999,0.60025,4.00,12.60
2010.09.08 02:33:55.696,0.59995,0.60025,1.00,11.80
2010.09.08 02:33:55.985,0.5999,0.60025,10.00,9.80
2010.09.08 02:33:56.133,0.5999,0.60025,9.60,10.20
2010.09.08 02:33:56.324,0.5999,0.60025,4.00,12.60
2010.09.08 02:33:56.704,0.59995,0.60025,1.00,11.80
2010.09.08 02:33:56.894,0.59995,0.60025,1.00,9.00
2010.09.08 02:33:57.651,0.5999,0.60025,10.00,9.80
2010.09.08 02:33:57.767,0.5999,0.60025,4.00,12.60
2010.09.08 02:33:59.027,0.59995,0.60025,1.00,11.80
2010.09.08 02:33:59.334,0.59995,0.60025,1.00,11.40
2010.09.08 02:33:59.518,0.5999,0.60025,9.60,10.20
2010.09.08 02:33:59.885,0.5999,0.60025,4.00,12.60
2010.09.08 02:34:00.445,0.59995,0.60025,1.00,9.40
2010.09.08 02:34:00.575,0.5999,0.60025,10.00,9.80
2010.09.08 02:34:00.824,0.5999,0.60025,6.40,12.60
2010.09.08 02:34:00.954,0.5999,0.60025,9.60,12.60
2010.09.08 02:34:01.074,0.5999,0.60025,7.20,12.60
2010.09.08 02:34:01.195,0.5999,0.60025,4.00,12.60
2010.09.08 02:34:01.378,0.59995,0.60025,1.00,11.80
2010.09.08 02:34:01.715,0.59995,0.60025,1.00,9.00
2010.09.08 02:34:02.432,0.5999,0.60025,10.00,9.80
2010.09.08 02:34:02.505,0.5999,0.60025,4.00,12.60
2010.09.08 02:34:02.679,0.59995,0.60025,1.00,11.80
2010.09.08 02:34:02.934,0.59995,0.60025,1.00,11.40
2010.09.08 02:34:03.004,0.59995,0.60025,1.00,9.00
2010.09.08 02:34:04.364,0.5999,0.60025,10.00,9.80
2010.09.08 02:34:04.506,0.59995,0.60025,1.00,9.40
2010.09.08 02:34:04.766,0.59995,0.60025,1.00,9.00
2010.09.08 02:34:05.296,0.5999,0.60025,4.00,12.60
2010.09.08 02:34:18.741,0.5999,0.6002,3.20,1.00
2010.09.08 02:34:18.851,0.5999,0.60025,4.00,12.60
2010.09.08 02:34:18.895,0.5999,0.6002,4.00,1.00
2010.09.08 02:34:18.964,0.5999,0.6002,4.00,2.50
2010.09.08 02:34:19.358,0.5999,0.6002,1.00,5.70
2010.09.08 02:34:19.376,0.5999,0.6002,4.00,1.00
2010.09.08 02:34:20.604,0.5999,0.60025,4.00,12.60
2010.09.08 02:34:23.169,0.5999,0.60015,4.00,1.00
2010.09.08 02:34:23.348,0.5999,0.60025,4.10,12.70
2010.09.08 02:34:23.754,0.59985,0.6002,11.20,7.20
2010.09.08 02:34:23.768,0.59985,0.60015,11.20,1.00
2010.09.08 02:34:23.787,0.59985,0.6002,11.20,7.20
2010.09.08 02:34:23.806,0.5999,0.6002,1.00,6.40
2010.09.08 02:34:23.883,0.5999,0.6002,1.00,8.80
2010.09.08 02:34:24.000,0.5999,0.6002,1.00,8.80
2010.09.08 02:34:24.057,0.5999,0.6002,4.00,8.80
2010.09.08 02:34:24.076,0.5999,0.6002,4.00,5.60
2010.09.08 02:34:24.094,0.5999,0.6002,4.00,3.20
2010.09.08 02:34:24.886,0.5999,0.6002,4.00,3.20
2010.09.08 02:34:25.227,0.5999,0.6002,4.00,1.00
2010.09.08 02:34:26.426,0.5999,0.6002,4.00,1.00
2010.09.08 02:34:34.356,0.5999,0.6002,4.00,3.20
2010.09.08 02:34:44.054,0.5999,0.6002,4.00,1.00
2010.09.08 02:34:47.166,0.5999,0.6002,4.00,3.20
2010.09.08 02:35:04.238,0.5999,0.6002,4.00,1.00
2010.09.08 02:35:06.233,0.5999,0.60025,4.10,12.50
2010.09.08 02:35:08.268,0.5999,0.60025,4.50,12.10
2010.09.08 02:35:08.446,0.59995,0.60025,1.00,8.90
2010.09.08 02:35:29.665,0.5999,0.60025,9.60,10.50
2010.09.08 02:35:29.846,0.5999,0.6002,6.40,3.20
2010.09.08 02:35:30.025,0.5999,0.6002,4.00,3.20
2010.09.08 02:35:31.404,0.5999,0.6002,4.00,3.30
2010.09.08 02:36:07.287,0.5999,0.6002,5.60,3.30
2010.09.08 02:36:07.785,0.5999,0.6002,6.00,3.30
2010.09.08 02:36:07.936,0.5999,0.6002,4.40,3.30
2010.09.08 02:36:08.090,0.5999,0.6001,3.60,1.60
2010.09.08 02:36:08.249,0.5999,0.60005,3.20,1.00
2010.09.08 02:36:08.528,0.5998,0.60005,1.00,4.00
2010.09.08 02:36:10.528,0.59985,0.60005,1.00,3.20
2010.09.08 02:36:10.698,0.59985,0.6001,1.00,9.60
2010.09.08 02:36:10.867,0.59985,0.6001,1.00,5.60
2010.09.08 02:36:10.975,0.59985,0.6001,1.00,3.20
2010.09.08 02:36:11.086,0.59985,0.60015,1.00,12.10
2010.09.08 02:36:11.781,0.59985,0.6001,1.00,4.00
2010.09.08 02:36:12.905,0.59985,0.6001,1.00,4.10
2010.09.08 02:36:13.625,0.5998,0.60005,1.00,1.00
2010.09.08 02:36:13.786,0.5998,0.60005,1.00,1.00
2010.09.08 02:36:14.018,0.5998,0.60005,1.00,4.00
2010.09.08 02:36:15.431,0.5998,0.60005,1.00,4.00
2010.09.08 02:36:15.682,0.5998,0.60005,1.20,1.00
2010.09.08 02:36:15.930,0.59985,0.6001,1.00,1.00
2010.09.08 02:36:16.177,0.59985,0.60015,1.00,12.00
2010.09.08 02:36:17.267,0.5998,0.60005,1.00,1.00
2010.09.08 02:36:18.300,0.5998,0.60005,1.00,1.00
2010.09.08 02:36:18.437,0.5998,0.60005,1.00,4.00
2010.09.08 02:36:19.388,0.5998,0.60005,1.00,4.00
2010.09.08 02:36:20.327,0.5998,0.60005,1.00,3.20
2010.09.08 02:36:20.594,0.59985,0.60005,1.00,3.20
2010.09.08 02:36:21.116,0.59985,0.6001,1.00,7.20
2010.09.08 02:36:21.385,0.59985,0.6001,1.00,4.00
2010.09.08 02:36:21.961,0.59985,0.60005,1.00,1.00
2010.09.08 02:36:22.308,0.5998,0.60005,1.00,4.10
2010.09.08 02:36:22.414,0.5998,0.60005,1.00,4.00
2010.09.08 02:36:23.040,0.5998,0.60005,1.00,4.10
2010.09.08 02:36:24.359,0.5998,0.60005,1.00,4.00
2010.09.08 02:36:24.495,0.5998,0.60005,1.00,3.20
2010.09.08 02:36:24.836,0.59985,0.6001,1.00,9.70
2010.09.08 02:36:25.004,0.59985,0.6001,1.00,7.30
2010.09.08 02:36:25.605,0.59985,0.6001,1.00,4.00
2010.09.08 02:36:26.059,0.59985,0.6001,1.00,4.10
2010.09.08 02:36:26.395,0.59985,0.60005,1.00,1.00
2010.09.08 02:36:26.565,0.5998,0.60005,1.00,1.00
2010.09.08 02:36:27.307,0.5998,0.60005,1.00,4.00
2010.09.08 02:36:27.567,0.5998,0.60005,1.00,3.20
2010.09.08 02:36:27.826,0.5998,0.60005,1.00,3.20
2010.09.08 02:36:28.107,0.59985,0.60005,1.00,3.20
2010.09.08 02:36:33.105,0.59985,0.60005,1.00,4.00
2010.09.08 02:36:33.206,0.5998,0.60005,1.00,4.00
2010.09.08 02:36:33.335,0.5998,0.60005,1.00,4.10
2010.09.08 02:36:33.878,0.5998,0.60005,1.00,4.00
2010.09.08 02:36:35.045,0.5998,0.60005,1.00,4.10
2010.09.08 02:36:35.425,0.5998,0.60005,1.00,4.00
2010.09.08 02:36:36.606,0.5998,0.60005,1.00,4.10
2010.09.08 02:36:36.760,0.59975,0.6,4.80,1.00
2010.09.08 02:36:36.916,0.5997,0.6,6.80,1.00
2010.09.08 02:36:37.454,0.5997,0.6,1.00,7.30
2010.09.08 02:36:37.605,0.5997,0.6,1.30,6.40
2010.09.08 02:36:37.754,0.5997,0.6,5.30,6.40
2010.09.08 02:36:38.005,0.59975,0.60005,1.00,12.10
2010.09.08 02:36:38.264,0.59975,0.60005,1.00,12.00
2010.09.08 02:36:38.515,0.59975,0.60005,1.00,9.60
2010.09.08 02:36:40.167,0.59975,0.6,1.00,1.00
2010.09.08 02:36:40.287,0.5997,0.6,8.40,1.00
2010.09.08 02:36:40.405,0.5997,0.6,2.00,7.30
2010.09.08 02:36:40.524,0.5997,0.6,1.00,7.30
2010.09.08 02:36:40.849,0.5997,0.6,1.00,7.20
2010.09.08 02:36:41.074,0.5997,0.6,1.00,7.30
2010.09.08 02:36:43.145,0.5997,0.59995,1.00,1.00
2010.09.08 02:36:43.316,0.5997,0.59995,1.00,3.20
2010.09.08 02:36:43.405,0.5997,0.59995,1.00,1.00
2010.09.08 02:36:43.784,0.5997,0.6,1.00,9.60
2010.09.08 02:36:43.965,0.5997,0.6,1.00,7.20
2010.09.08 02:36:44.555,0.5997,0.6,1.00,7.20
2010.09.08 02:36:45.079,0.5997,0.6,1.30,6.40
2010.09.08 02:36:45.295,0.59975,0.6,1.00,7.20
2010.09.08 02:36:45.515,0.5997,0.6,1.30,6.40
2010.09.08 02:36:45.745,0.5997,0.60005,7.70,12.10
2010.09.08 02:36:45.974,0.59975,0.60005,1.00,12.10
2010.09.08 02:36:49.328,0.59975,0.60005,1.00,12.00
2010.09.08 02:36:50.155,0.5997,0.6,9.60,1.00
2010.09.08 02:36:51.358,0.5997,0.60005,9.60,12.00
2010.09.08 02:36:51.704,0.5997,0.60005,7.20,12.00
2010.09.08 02:36:51.844,0.5997,0.60005,4.00,12.00
2010.09.08 02:36:52.616,0.5997,0.6,1.00,7.20
2010.09.08 02:36:52.765,0.5997,0.6,1.00,9.60
2010.09.08 02:36:52.995,0.59965,0.59995,11.20,1.00
2010.09.08 02:36:53.287,0.5997,0.6,1.00,9.60
2010.09.08 02:36:53.855,0.59965,0.59995,11.20,1.00
2010.09.08 02:36:56.306,0.5997,0.6,1.00,9.60
2010.09.08 02:36:57.700,0.5997,0.6,1.00,9.80
2010.09.08 02:36:58.726,0.59965,0.59995,11.20,1.00
2010.09.08 02:37:01.824,0.5997,0.6,1.00,9.80
2010.09.08 02:37:05.444,0.5997,0.6,1.00,7.40
2010.09.08 02:37:05.494,0.5997,0.6,3.20,4.20
2010.09.08 02:37:05.557,0.5997,0.6,6.40,1.00
2010.09.08 02:37:05.945,0.5997,0.6,7.20,1.00
2010.09.08 02:37:05.997,0.5997,0.6,9.70,1.00
2010.09.08 02:37:06.336,0.59975,0.60005,1.00,11.50
2010.09.08 02:37:06.675,0.59975,0.60005,5.60,4.30
2010.09.08 02:37:08.190,0.5997,0.6,2.50,7.20
2010.09.08 02:37:08.358,0.5997,0.6,2.40,7.30
2010.09.08 02:37:08.886,0.59965,0.6,11.30,7.50
2010.09.08 02:37:10.859,0.5997,0.6,1.00,6.70
2010.09.08 02:37:11.281,0.5997,0.6,1.00,6.60
2010.09.08 02:37:11.309,0.5997,0.6,4.00,3.40
2010.09.08 02:37:11.392,0.5997,0.6,7.20,1.00
2010.09.08 02:37:11.474,0.5997,0.6,9.60,1.00
2010.09.08 02:37:12.756,0.5997,0.6,9.70,1.00
2010.09.08 02:37:23.928,0.59975,0.6,1.00,1.00
2010.09.08 02:37:24.227,0.59975,0.60005,7.20,4.00
2010.09.08 02:37:24.524,0.59975,0.60005,7.20,1.60
2010.09.08 02:37:28.165,0.59975,0.60005,6.40,2.40
2010.09.08 02:37:28.305,0.59975,0.60005,3.20,6.40
2010.09.08 02:37:28.374,0.59975,0.60005,1.00,9.60
2010.09.08 02:37:28.444,0.59975,0.60005,1.00,12.00
2010.09.08 02:37:29.897,0.59975,0.60005,1.00,11.20
2010.09.08 02:37:30.136,0.59975,0.60005,1.00,11.20
2010.09.08 02:37:30.621,0.59975,0.60005,4.80,6.40
2010.09.08 02:37:30.738,0.59975,0.6001,11.20,13.80
2010.09.08 02:37:32.220,0.59975,0.60005,11.20,1.00
2010.09.08 02:37:32.536,0.5998,0.6001,1.00,13.80
2010.09.08 02:37:44.466,0.5998,0.6001,1.00,13.80
2010.09.08 02:37:45.015,0.59985,0.6001,1.00,12.00
2010.09.08 02:37:45.185,0.59985,0.6001,1.00,8.80
2010.09.08 02:37:45.345,0.59985,0.60015,1.00,12.30
2010.09.08 02:37:45.624,0.59985,0.60015,2.40,10.70
2010.09.08 02:37:46.785,0.5998,0.60015,9.70,13.10
2010.09.08 02:37:46.936,0.5998,0.60005,6.50,1.00
2010.09.08 02:37:47.086,0.5998,0.60005,1.00,1.00
2010.09.08 02:37:47.235,0.59975,0.60005,11.30,1.00
2010.09.08 02:37:49.349,0.5998,0.60005,1.00,1.00
2010.09.08 02:37:50.144,0.59975,0.60005,11.30,1.00
2010.09.08 02:37:50.484,0.5998,0.60005,1.00,1.00
2010.09.08 02:37:53.206,0.59975,0.60005,11.30,1.00
2010.09.08 02:37:55.077,0.5998,0.60005,1.00,1.00
2010.09.08 02:38:01.787,0.59975,0.60005,11.30,1.00
2010.09.08 02:38:02.336,0.5998,0.60005,1.00,1.00
2010.09.08 02:38:03.895,0.59975,0.60005,11.30,1.00
2010.09.08 02:38:04.316,0.5998,0.60005,1.00,1.00
2010.09.08 02:38:06.314,0.59975,0.60005,11.30,1.00
2010.09.08 02:38:06.848,0.59975,0.60005,11.20,1.00
2010.09.08 02:38:06.955,0.5998,0.60005,1.00,1.00
2010.09.08 02:38:08.043,0.59975,0.60005,1.60,8.20
2010.09.08 02:38:09.637,0.59975,0.60005,1.60,10.60
2010.09.08 02:38:12.018,0.59975,0.6,1.00,1.00
2010.09.08 02:38:12.226,0.59975,0.59995,1.00,1.00
2010.09.08 02:38:12.435,0.5997,0.59995,3.20,1.00
2010.09.08 02:38:13.275,0.5997,0.59995,3.20,1.00
2010.09.08 02:38:13.405,0.5997,0.59995,3.20,2.60
2010.09.08 02:38:13.537,0.5997,0.59995,3.20,1.80
2010.09.08 02:38:13.667,0.5997,0.59995,5.60,1.00
2010.09.08 02:38:14.270,0.5997,0.59995,3.20,1.00
2010.09.08 02:38:14.575,0.5997,0.6,3.20,8.20
2010.09.08 02:38:14.885,0.59965,0.6,12.50,8.20
2010.09.08 02:38:15.346,0.5997,0.6,1.00,8.20
2010.09.08 02:38:19.525,0.5997,0.6,3.20,5.00
2010.09.08 02:38:25.619,0.5997,0.6,4.00,4.00
2010.09.08 02:38:25.756,0.5997,0.60005,10.00,11.20
2010.09.08 02:38:25.895,0.59975,0.60005,3.20,8.00
2010.09.08 02:38:26.035,0.59975,0.60005,4.00,7.20
2010.09.08 02:38:26.174,0.59975,0.60005,4.40,4.80
2010.09.08 02:38:26.314,0.59975,0.60005,7.60,1.60
2010.09.08 02:38:26.454,0.59975,0.60005,10.00,1.60
2010.09.08 02:38:28.441,0.59975,0.60005,10.00,1.60
2010.09.08 02:38:28.890,0.59975,0.60005,9.20,3.20
2010.09.08 02:38:28.925,0.59975,0.60005,2.80,9.60
2010.09.08 02:38:29.265,0.59975,0.60005,1.00,9.60
2010.09.08 02:38:29.295,0.5997,0.60005,10.00,9.60
2010.09.08 02:38:29.354,0.5997,0.60005,10.00,12.00
2010.09.08 02:38:30.197,0.5997,0.6,10.00,1.00
2010.09.08 02:38:30.404,0.5997,0.60005,10.10,12.10
2010.09.08 02:38:33.490,0.5997,0.60005,9.70,12.10
2010.09.08 02:38:33.535,0.5997,0.59995,9.70,1.00
2010.09.08 02:38:33.585,0.5997,0.59995,8.90,1.00
2010.09.08 02:38:33.685,0.5997,0.59995,3.30,1.00
2010.09.08 02:38:33.734,0.5997,0.59995,1.00,1.00
2010.09.08 02:38:34.566,0.5997,0.59995,1.00,1.00
2010.09.08 02:38:51.860,0.5997,0.6,1.00,7.20
2010.09.08 02:38:56.329,0.5997,0.6,1.00,7.20
2010.09.08 02:39:03.015,0.5997,0.6,1.00,9.60
2010.09.08 02:39:04.889,0.59965,0.6,12.50,9.60
2010.09.08 02:39:05.187,0.5997,0.60005,9.60,11.50
2010.09.08 02:39:06.197,0.5997,0.60005,9.70,11.50
2010.09.08 02:39:19.795,0.5997,0.60005,9.70,12.30
2010.09.08 02:39:28.770,0.5997,0.60005,10.10,12.30
2010.09.08 02:39:39.231,0.59975,0.60005,1.00,11.50
2010.09.08 02:39:39.326,0.59975,0.60005,1.00,11.30
2010.09.08 02:39:39.419,0.59975,0.60005,1.20,10.40
2010.09.08 02:39:39.506,0.59975,0.60005,2.80,8.80
2010.09.08 02:39:39.894,0.59975,0.60005,6.00,5.60
2010.09.08 02:39:39.990,0.59975,0.60005,9.20,1.00
2010.09.08 02:39:45.276,0.59975,0.6,9.20,1.00
2010.09.08 02:39:45.385,0.59975,0.6,8.00,1.00
2010.09.08 02:39:45.595,0.59975,0.6,4.80,1.00
2010.09.08 02:39:45.695,0.59975,0.6,1.60,1.00
2010.09.08 02:39:47.926,0.5997,0.6,10.10,1.00
2010.09.08 02:39:51.988,0.59975,0.6,1.00,1.00
2010.09.08 02:39:52.155,0.59975,0.6,6.40,1.00
2010.09.08 02:39:52.552,0.59975,0.6,9.60,1.00
2010.09.08 02:39:52.680,0.59975,0.6,10.00,1.00
2010.09.08 02:39:53.195,0.59975,0.6,10.10,1.00
2010.09.08 02:39:55.878,0.5998,0.6,1.00,1.00
2010.09.08 02:39:55.985,0.5998,0.60005,1.20,1.60
2010.09.08 02:39:56.085,0.5998,0.6001,1.20,9.00
2010.09.08 02:39:56.184,0.5998,0.6001,1.20,6.60
2010.09.08 02:39:56.285,0.5998,0.6001,4.40,3.40
2010.09.08 02:39:57.586,0.5998,0.6001,4.00,3.40
2010.09.08 02:39:58.166,0.5998,0.60005,3.20,1.00
2010.09.08 02:39:58.758,0.59975,0.60005,3.20,5.80
2010.09.08 02:39:59.008,0.5998,0.60005,1.00,9.00
2010.09.08 02:40:01.332,0.5998,0.60005,1.00,8.80
2010.09.08 02:40:03.236,0.59975,0.60005,1.00,8.80
2010.09.08 02:40:04.060,0.5998,0.60005,1.00,8.80
2010.09.08 02:40:06.275,0.5998,0.60005,1.00,8.00
2010.09.08 02:40:06.396,0.5998,0.60005,1.10,8.00
2010.09.08 02:40:07.092,0.59985,0.60005,1.00,6.40
2010.09.08 02:40:07.320,0.59985,0.60015,7.40,2.40
2010.09.08 02:40:07.765,0.59985,0.60015,7.40,2.40
2010.09.08 02:40:09.485,0.59985,0.60015,6.60,2.40
2010.09.08 02:40:09.634,0.59985,0.60015,6.60,3.20
2010.09.08 02:40:09.776,0.59985,0.60015,1.00,12.00
2010.09.08 02:40:11.594,0.59985,0.60015,1.00,12.10
2010.09.08 02:40:14.339,0.59985,0.60015,1.00,12.00
2010.09.08 02:40:14.715,0.59985,0.60015,1.00,12.10
2010.09.08 02:40:14.905,0.59985,0.60015,1.00,12.00
2010.09.08 02:40:15.094,0.59985,0.60015,1.00,12.10
2010.09.08 02:40:16.390,0.5998,0.6001,3.50,3.20
2010.09.08 02:40:16.670,0.5998,0.6001,3.50,6.40
2010.09.08 02:40:16.746,0.5998,0.6001,1.00,9.60
2010.09.08 02:40:16.977,0.5998,0.6001,1.00,7.20
2010.09.08 02:40:19.863,0.5998,0.6001,1.10,6.40
2010.09.08 02:40:20.225,0.5998,0.60015,4.30,12.10
2010.09.08 02:40:21.878,0.5998,0.6001,4.20,1.00
2010.09.08 02:40:23.467,0.5998,0.6001,3.40,1.00
2010.09.08 02:40:23.985,0.5998,0.6001,1.00,7.20
2010.09.08 02:40:25.817,0.5998,0.6001,1.00,7.20
2010.09.08 02:40:26.075,0.5998,0.6001,1.00,7.20
2010.09.08 02:40:27.318,0.5998,0.6001,1.00,7.20
2010.09.08 02:40:27.425,0.5998,0.60005,1.00,1.00
2010.09.08 02:40:28.126,0.5998,0.60005,1.00,4.00
2010.09.08 02:40:28.546,0.5998,0.60005,1.00,3.20
2010.09.08 02:40:28.746,0.5998,0.6001,1.00,7.30
2010.09.08 02:40:29.809,0.5998,0.6001,1.00,7.20
2010.09.08 02:40:30.747,0.5998,0.60005,1.00,1.60
2010.09.08 02:40:31.246,0.5998,0.6001,1.00,9.60
2010.09.08 02:40:34.350,0.5998,0.6001,1.00,9.60
2010.09.08 02:40:34.465,0.59975,0.60005,10.60,1.00
2010.09.08 02:40:35.229,0.59975,0.60005,7.40,4.00
2010.09.08 02:40:35.347,0.59975,0.60005,5.00,6.40
2010.09.08 02:40:35.556,0.59975,0.60005,5.00,4.00
2010.09.08 02:40:36.306,0.59975,0.60005,5.00,4.00
2010.09.08 02:40:36.759,0.59975,0.60005,5.80,3.20
2010.09.08 02:40:37.184,0.59975,0.60005,5.00,4.00
2010.09.08 02:40:37.255,0.59975,0.60005,8.20,1.00
2010.09.08 02:40:37.929,0.59975,0.60005,5.00,1.00
2010.09.08 02:40:38.225,0.59975,0.60005,1.80,7.20
2010.09.08 02:40:39.069,0.59975,0.6,1.80,1.00
2010.09.08 02:40:40.153,0.59975,0.60005,7.40,5.20
2010.09.08 02:40:40.286,0.59975,0.60005,7.40,4.80
2010.09.08 02:40:40.597,0.59975,0.60005,9.80,1.60
2010.09.08 02:40:40.907,0.59975,0.60005,9.90,1.60
2010.09.08 02:40:42.886,0.59975,0.60005,9.80,1.60
2010.09.08 02:40:43.114,0.59975,0.6001,11.40,7.20
2010.09.08 02:40:43.535,0.5998,0.6001,1.00,7.20
2010.09.08 02:40:43.667,0.59975,0.6001,11.40,7.20
2010.09.08 02:40:44.075,0.5998,0.6001,1.00,9.60
2010.09.08 02:40:46.039,0.5998,0.60005,1.00,1.00
2010.09.08 02:40:46.177,0.59975,0.6,10.60,1.00
2010.09.08 02:40:46.216,0.59975,0.6,10.60,1.00
2010.09.08 02:40:46.256,0.59975,0.6,9.00,1.00
2010.09.08 02:40:46.414,0.59975,0.6,6.60,1.00
2010.09.08 02:40:46.455,0.59975,0.6,3.40,1.00
2010.09.08 02:40:46.535,0.59975,0.6,1.00,1.00
2010.09.08 02:40:49.776,0.59975,0.60005,1.00,11.60
2010.09.08 02:40:50.166,0.59975,0.60005,1.00,11.20
2010.09.08 02:40:50.276,0.59975,0.60005,7.40,2.40
2010.09.08 02:40:50.896,0.59975,0.60005,7.50,2.40
2010.09.08 02:40:56.239,0.59975,0.60005,7.40,2.50
2010.09.08 02:40:56.717,0.59975,0.60005,7.50,2.40
2010.09.08 02:41:01.399,0.59975,0.60005,7.50,1.60
2010.09.08 02:41:01.726,0.59975,0.60005,9.90,1.60
2010.09.08 02:41:01.815,0.5998,0.60005,1.00,1.60
2010.09.08 02:41:02.675,0.5998,0.6001,1.00,9.60
2010.09.08 02:41:03.847,0.59975,0.6001,11.20,9.60
2010.09.08 02:41:04.519,0.5998,0.6001,1.00,9.60
2010.09.08 02:41:05.109,0.5998,0.6001,1.00,8.80
2010.09.08 02:41:05.164,0.5998,0.6001,1.00,9.60
2010.09.08 02:41:05.205,0.5998,0.6001,1.00,7.20
2010.09.08 02:41:05.586,0.59975,0.6001,5.70,9.70
2010.09.08 02:41:05.925,0.5998,0.6001,1.00,9.60
2010.09.08 02:41:07.509,0.5998,0.60005,1.00,1.00
2010.09.08 02:41:07.636,0.5998,0.60005,1.00,4.00
2010.09.08 02:41:07.767,0.5998,0.6001,1.00,10.40
2010.09.08 02:41:07.897,0.5998,0.60005,1.00,1.60
2010.09.08 02:41:08.026,0.59975,0.60005,9.70,1.60
2010.09.08 02:41:08.390,0.5998,0.60005,1.00,1.60
2010.09.08 02:41:08.676,0.59975,0.6001,11.30,9.70
2010.09.08 02:41:09.083,0.5998,0.6001,1.00,8.90
2010.09.08 02:41:09.369,0.59975,0.6001,11.30,9.70
2010.09.08 02:41:09.573,0.59975,0.6001,11.20,9.60
2010.09.08 02:41:09.736,0.5998,0.6001,1.00,7.20
2010.09.08 02:41:09.906,0.59985,0.6001,1.00,1.00
2010.09.08 02:41:10.076,0.5998,0.6001,3.20,1.00
2010.09.08 02:41:10.288,0.5998,0.6001,3.20,1.00
2010.09.08 02:41:10.760,0.5998,0.6001,3.20,3.30
2010.09.08 02:41:11.008,0.5998,0.6001,1.00,9.60
2010.09.08 02:41:11.256,0.59975,0.6001,11.30,9.70
2010.09.08 02:41:15.877,0.5998,0.6001,1.00,9.60
2010.09.08 02:41:16.028,0.5998,0.6001,1.00,9.60
2010.09.08 02:41:16.788,0.5998,0.6001,1.00,9.60
2010.09.08 02:41:16.919,0.5998,0.6001,1.00,8.80
2010.09.08 02:41:17.037,0.5998,0.6001,4.00,2.40
2010.09.08 02:41:17.175,0.5998,0.6001,4.00,1.00
2010.09.08 02:41:17.846,0.5998,0.6001,4.00,1.00
2010.09.08 02:41:19.288,0.5998,0.60015,4.10,12.10
2010.09.08 02:41:19.409,0.5998,0.6001,4.00,1.00
2010.09.08 02:41:19.547,0.5998,0.6001,4.00,1.00
2010.09.08 02:41:20.449,0.5998,0.60015,4.00,12.00
2010.09.08 02:41:20.605,0.5998,0.6001,4.00,1.00
2010.09.08 02:41:20.766,0.5998,0.6001,3.20,1.00
2010.09.08 02:41:20.926,0.59975,0.6001,11.30,9.70
2010.09.08 02:41:21.284,0.5998,0.6001,1.00,9.60
2010.09.08 02:41:21.605,0.59975,0.6001,11.30,9.70
2010.09.08 02:41:27.526,0.5998,0.6001,1.00,9.60
2010.09.08 02:41:27.547,0.5998,0.6001,1.00,9.60
2010.09.08 02:41:28.425,0.5998,0.6001,1.00,7.20
2010.09.08 02:41:33.157,0.5998,0.6001,1.00,3.30
2010.09.08 02:41:33.214,0.5998,0.6001,4.00,1.00
2010.09.08 02:41:33.507,0.5998,0.60015,4.00,12.00
2010.09.08 02:41:33.568,0.5998,0.60015,4.10,12.10
2010.09.08 02:41:34.145,0.5998,0.6001,4.00,1.00
2010.09.08 02:41:40.367,0.5998,0.60015,4.10,12.10
2010.09.08 02:41:41.988,0.5998,0.6001,4.00,1.00
2010.09.08 02:41:42.314,0.5998,0.6001,4.00,1.00
2010.09.08 02:41:42.425,0.5998,0.6001,4.00,1.00
2010.09.08 02:41:44.266,0.5998,0.60015,4.10,12.10
2010.09.08 02:41:44.495,0.5998,0.60015,7.30,12.10
2010.09.08 02:41:44.835,0.5998,0.60015,9.60,12.00
2010.09.08 02:41:45.627,0.5998,0.6001,9.60,1.00
2010.09.08 02:41:45.777,0.5998,0.60015,9.60,12.00
2010.09.08 02:41:46.453,0.5998,0.6001,6.40,1.00
2010.09.08 02:41:46.608,0.5998,0.60015,9.60,12.00
2010.09.08 02:41:46.757,0.5998,0.6001,4.00,3.20
2010.09.08 02:41:46.906,0.5998,0.6001,1.00,6.40
2010.09.08 02:41:47.055,0.5998,0.6001,1.00,6.40
2010.09.08 02:41:47.266,0.5998,0.6001,4.00,3.20
2010.09.08 02:41:47.416,0.59985,0.60015,1.60,10.40
2010.09.08 02:41:47.988,0.59985,0.60015,4.00,4.90
2010.09.08 02:41:48.236,0.59985,0.60015,8.80,3.30
2010.09.08 02:41:48.485,0.59985,0.6002,8.90,13.70
2010.09.08 02:41:49.485,0.59985,0.60015,8.80,1.00
2010.09.08 02:41:49.940,0.59985,0.6002,8.80,13.60
2010.09.08 02:41:50.108,0.59985,0.60015,8.80,1.00
2010.09.08 02:41:51.687,0.59985,0.6002,8.90,13.70
2010.09.08 02:41:51.835,0.59985,0.60015,8.80,1.00
2010.09.08 02:41:51.965,0.59985,0.60015,4.80,7.30
2010.09.08 02:41:52.429,0.59985,0.60015,1.60,10.50
2010.09.08 02:41:52.560,0.59985,0.60015,1.00,12.00
2010.09.08 02:41:54.228,0.59985,0.60015,1.00,12.00
2010.09.08 02:41:54.415,0.59985,0.60015,1.00,8.80
2010.09.08 02:41:54.475,0.59985,0.60015,4.00,5.60
2010.09.08 02:41:54.517,0.59985,0.60015,7.20,2.40
2010.09.08 02:41:54.636,0.59985,0.60015,8.80,1.00
2010.09.08 02:41:55.028,0.59985,0.60015,5.60,1.00
2010.09.08 02:41:55.048,0.59985,0.60015,5.60,3.20
2010.09.08 02:41:55.068,0.59985,0.60015,5.60,3.30
2010.09.08 02:41:55.948,0.59985,0.60015,5.70,3.20
2010.09.08 02:41:56.285,0.59985,0.60015,5.60,3.30
2010.09.08 02:41:57.342,0.59985,0.60015,5.60,3.20
2010.09.08 02:41:57.479,0.59985,0.60015,4.80,4.50
2010.09.08 02:41:57.956,0.59985,0.60015,3.20,6.00
2010.09.08 02:41:59.330,0.59985,0.60015,3.30,6.00
2010.09.08 02:41:59.842,0.59985,0.60015,3.30,6.40
2010.09.08 02:42:00.003,0.59985,0.60015,6.40,4.80
2010.09.08 02:42:00.147,0.59985,0.60015,9.60,1.60
2010.09.08 02:42:00.295,0.59985,0.6002,11.20,7.60
2010.09.08 02:42:00.565,0.59985,0.6001,11.20,1.00
2010.09.08 02:42:00.985,0.5999,0.6001,1.00,1.00
2010.09.08 02:42:02.266,0.59985,0.6001,10.40,1.00
2010.09.08 02:42:02.425,0.59985,0.60005,8.80,1.00
2010.09.08 02:42:02.586,0.5999,0.60005,1.00,1.00
2010.09.08 02:42:02.745,0.59985,0.60005,6.40,1.00
2010.09.08 02:42:02.895,0.5999,0.60005,1.00,1.00
2010.09.08 02:42:04.139,0.59985,0.6001,9.70,1.00
2010.09.08 02:42:04.356,0.5999,0.6001,1.00,1.00
2010.09.08 02:42:05.978,0.5999,0.6001,1.00,1.00
2010.09.08 02:42:08.498,0.59985,0.6001,9.70,1.00
2010.09.08 02:42:09.546,0.5999,0.6001,1.00,1.00
2010.09.08 02:42:10.167,0.5999,0.6001,4.00,1.00
2010.09.08 02:42:10.415,0.5999,0.6001,3.20,1.00
2010.09.08 02:42:10.797,0.5999,0.6001,1.00,1.00
2010.09.08 02:42:11.067,0.5999,0.6001,4.00,1.00
2010.09.08 02:42:11.595,0.5999,0.6001,4.00,1.00
2010.09.08 02:42:12.133,0.5999,0.60015,4.00,1.00
2010.09.08 02:42:13.371,0.5999,0.60015,4.10,1.00
2010.09.08 02:42:13.935,0.5999,0.60015,4.00,1.00
2010.09.08 02:42:17.847,0.5999,0.60015,4.00,1.00
2010.09.08 02:42:18.726,0.5999,0.60015,4.10,1.00
2010.09.08 02:42:20.842,0.5999,0.60015,4.00,1.00
2010.09.08 02:42:23.066,0.5999,0.60015,4.10,1.00
2010.09.08 02:42:24.010,0.5999,0.60015,4.00,1.00
2010.09.08 02:42:25.858,0.59985,0.6001,11.30,1.00
2010.09.08 02:42:34.475,0.59985,0.60015,11.30,1.00
2010.09.08 02:42:36.632,0.5999,0.60015,1.00,1.00
2010.09.08 02:42:37.611,0.59985,0.6001,11.20,1.00
2010.09.08 02:42:38.007,0.5999,0.6001,1.00,1.00
2010.09.08 02:42:39.247,0.59985,0.6001,11.20,1.00
2010.09.08 02:42:39.287,0.5999,0.6001,1.00,1.00
2010.09.08 02:42:39.670,0.5999,0.60015,1.00,1.00
2010.09.08 02:42:39.858,0.5999,0.6001,1.00,1.00
2010.09.08 02:42:40.750,0.59995,0.6002,1.00,6.00
2010.09.08 02:42:41.090,0.59995,0.6002,1.00,1.00
2010.09.08 02:42:42.529,0.59995,0.60025,1.00,11.20
2010.09.08 02:42:42.866,0.59995,0.60025,7.40,1.60
2010.09.08 02:42:43.628,0.6001,0.6003,1.00,8.80
2010.09.08 02:42:43.859,0.6001,0.6004,3.40,9.20
2010.09.08 02:42:44.085,0.6001,0.6004,3.20,6.80
2010.09.08 02:42:44.613,0.6001,0.60035,3.20,1.00
2010.09.08 02:42:44.916,0.60005,0.60035,4.80,4.00
2010.09.08 02:42:45.225,0.60005,0.60035,1.60,9.60
2010.09.08 02:42:45.536,0.60005,0.60035,1.60,9.70
2010.09.08 02:42:45.845,0.60005,0.60035,1.60,9.60
2010.09.08 02:42:48.046,0.60005,0.6003,1.60,1.00
2010.09.08 02:42:48.198,0.60005,0.60035,1.60,9.70
2010.09.08 02:42:49.415,0.60005,0.60035,1.60,9.60
2010.09.08 02:42:50.715,0.60005,0.60035,1.60,9.70
2010.09.08 02:42:53.097,0.60005,0.60035,2.40,8.80
2010.09.08 02:42:53.614,0.60005,0.6004,8.80,10.90
2010.09.08 02:42:54.916,0.60005,0.6004,8.80,10.10
2010.09.08 02:42:55.234,0.60005,0.6004,8.80,9.70
2010.09.08 02:43:12.025,0.6001,0.6004,1.00,9.70
2010.09.08 02:43:13.851,0.60005,0.6004,8.80,9.70
2010.09.08 02:43:19.687,0.60005,0.6004,8.80,9.60
2010.09.08 02:43:31.548,0.60005,0.60035,8.00,1.00
2010.09.08 02:43:31.727,0.60005,0.60035,1.60,7.20
2010.09.08 02:43:31.835,0.60005,0.60035,1.60,8.00
2010.09.08 02:43:31.938,0.60005,0.60035,1.60,10.40
2010.09.08 02:43:32.246,0.6,0.60035,9.60,12.00
2010.09.08 02:43:33.239,0.6,0.60035,9.70,12.10
2010.09.08 02:43:39.869,0.6,0.6003,8.90,1.00
2010.09.08 02:43:39.986,0.6,0.6003,6.40,3.30
2010.09.08 02:43:40.107,0.6,0.6003,7.20,2.50
2010.09.08 02:43:40.227,0.6,0.6003,1.00,6.50
2010.09.08 02:43:40.347,0.6,0.6003,1.00,6.40
2010.09.08 02:43:40.467,0.6,0.60035,9.60,12.00
2010.09.08 02:43:40.907,0.6,0.6003,1.00,6.50
2010.09.08 02:43:41.593,0.59995,0.6003,12.50,7.30
2010.09.08 02:43:42.781,0.6,0.6003,1.00,7.30
2010.09.08 02:43:47.059,0.6,0.6003,1.00,7.20
2010.09.08 02:43:47.116,0.60005,0.6003,1.00,6.40
2010.09.08 02:43:47.337,0.60005,0.60035,1.00,10.40
2010.09.08 02:43:47.397,0.60005,0.60035,1.00,8.00
2010.09.08 02:43:47.895,0.60005,0.60035,1.00,8.80
2010.09.08 02:43:47.962,0.60005,0.60035,1.80,10.40
2010.09.08 02:43:49.325,0.60005,0.60035,1.00,12.00
2010.09.08 02:44:04.887,0.6,0.60035,9.80,12.00
2010.09.08 02:44:07.706,0.6,0.6003,9.00,1.00
2010.09.08 02:44:07.815,0.6,0.6003,9.00,1.00
2010.09.08 02:44:08.015,0.6,0.6003,1.00,7.30
2010.09.08 02:44:08.937,0.6,0.6003,1.00,7.20
2010.09.08 02:44:10.336,0.60005,0.6003,1.00,6.40
2010.09.08 02:44:10.567,0.60005,0.6003,4.00,3.20
2010.09.08 02:44:11.010,0.60005,0.60035,4.00,4.80
2010.09.08 02:44:11.046,0.60005,0.60035,5.60,3.20
2010.09.08 02:44:16.665,0.60005,0.60035,2.40,3.20
2010.09.08 02:44:17.135,0.60005,0.60035,2.40,6.40
2010.09.08 02:44:18.185,0.60005,0.60035,2.40,6.40
2010.09.08 02:44:19.636,0.60005,0.60035,2.40,6.40
2010.09.08 02:44:20.179,0.60005,0.60035,2.40,8.80
2010.09.08 02:44:21.460,0.60005,0.60035,1.60,9.60
2010.09.08 02:44:21.929,0.59995,0.60025,10.60,1.00
2010.09.08 02:44:22.057,0.59995,0.60025,7.40,4.00
2010.09.08 02:44:22.245,0.59995,0.60025,5.00,4.00
2010.09.08 02:44:22.797,0.59995,0.60025,1.80,7.20
2010.09.08 02:44:23.487,0.59995,0.60025,1.80,7.20
2010.09.08 02:44:23.830,0.59995,0.60025,2.60,6.40
2010.09.08 02:44:23.917,0.6,0.60025,1.00,6.40
2010.09.08 02:44:24.205,0.6,0.60025,1.00,3.20
2010.09.08 02:44:24.245,0.6,0.6003,1.00,9.60
2010.09.08 02:44:26.657,0.59995,0.60025,8.20,4.40
2010.09.08 02:44:26.758,0.59995,0.6002,5.00,1.00
2010.09.08 02:44:26.805,0.59995,0.6002,3.40,1.00
2010.09.08 02:44:26.933,0.59995,0.60025,3.40,8.00
2010.09.08 02:44:26.987,0.59995,0.60025,1.00,11.20
2010.09.08 02:44:27.457,0.59995,0.60025,6.60,2.40
2010.09.08 02:44:28.257,0.59995,0.60025,3.40,2.40
2010.09.08 02:44:28.599,0.59995,0.60025,3.40,5.60
2010.09.08 02:44:29.389,0.59995,0.60025,3.40,5.60
2010.09.08 02:44:29.896,0.59995,0.6002,3.50,1.00
2010.09.08 02:44:30.216,0.59995,0.60025,1.00,9.20
2010.09.08 02:44:30.829,0.59995,0.60025,1.00,8.80
2010.09.08 02:44:31.027,0.59995,0.60025,6.60,2.40
2010.09.08 02:44:32.905,0.59995,0.60025,7.40,1.60
2010.09.08 02:44:33.386,0.59995,0.6003,9.00,10.40
2010.09.08 02:44:33.638,0.59995,0.60025,10.60,1.00
2010.09.08 02:44:36.259,0.59995,0.60025,8.20,1.00
2010.09.08 02:44:38.765,0.59995,0.60025,10.60,1.00
2010.09.08 02:44:46.039,0.59995,0.60025,10.60,1.00
2010.09.08 02:44:46.345,0.59995,0.60025,8.20,1.00
2010.09.08 02:44:47.229,0.59995,0.6002,6.40,1.00
2010.09.08 02:44:47.285,0.59995,0.6002,1.00,1.00
2010.09.08 02:44:47.645,0.59995,0.60025,1.00,10.80
2010.09.08 02:44:47.828,0.59995,0.60025,7.20,2.40
2010.09.08 02:44:48.008,0.59995,0.60025,9.60,2.40
2010.09.08 02:44:48.542,0.59995,0.60025,9.60,2.40
2010.09.08 02:44:48.776,0.59995,0.60025,9.60,2.40
2010.09.08 02:44:49.507,0.59995,0.60025,7.20,2.40
2010.09.08 02:44:51.955,0.59995,0.60025,9.60,2.40
2010.09.08 02:44:55.378,0.59995,0.60025,9.60,2.40
2010.09.08 02:44:55.825,0.59995,0.60025,11.20,1.00
2010.09.08 02:44:57.848,0.59995,0.60025,11.20,1.00
2010.09.08 02:44:57.908,0.59995,0.60025,11.20,1.00
2010.09.08 02:44:58.337,0.59995,0.60025,11.20,1.00
2010.09.08 02:44:59.309,0.59995,0.60025,11.20,1.00
2010.09.08 02:44:59.865,0.59995,0.60025,11.20,1.00
2010.09.08 02:45:00.048,0.59995,0.60025,11.20,1.00
2010.09.08 02:45:02.610,0.59995,0.60025,11.20,1.00
2010.09.08 02:45:02.696,0.59995,0.60025,11.20,1.00
2010.09.08 02:45:03.958,0.59995,0.60025,10.40,1.60
2010.09.08 02:45:04.478,0.59995,0.60025,10.40,2.40
2010.09.08 02:45:04.698,0.59995,0.60025,9.60,2.40
2010.09.08 02:45:04.935,0.59995,0.60025,7.20,2.40
2010.09.08 02:45:06.497,0.59995,0.60025,8.80,1.00
2010.09.08 02:45:09.347,0.59995,0.60025,8.80,1.00
2010.09.08 02:45:09.847,0.59995,0.60025,8.00,1.60
2010.09.08 02:45:09.955,0.59995,0.60025,6.40,3.20
2010.09.08 02:45:10.057,0.59995,0.60025,8.80,4.00
2010.09.08 02:45:10.544,0.59995,0.60025,3.20,7.20
2010.09.08 02:45:10.716,0.59995,0.60025,9.60,2.40
2010.09.08 02:45:13.026,0.59995,0.60025,11.20,1.00
2010.09.08 02:45:24.639,0.59995,0.6003,11.20,12.80
2010.09.08 02:45:25.237,0.59995,0.6003,11.40,7.20
2010.09.08 02:45:25.427,0.6,0.6003,2.40,7.20
2010.09.08 02:45:25.616,0.6,0.6003,2.40,7.20
2010.09.08 02:45:25.806,0.6,0.6003,1.00,6.40
2010.09.08 02:45:25.996,0.6,0.60035,9.60,12.00
2010.09.08 02:45:35.172,0.60005,0.60035,1.00,11.20
2010.09.08 02:45:35.238,0.60005,0.60035,1.00,11.20
2010.09.08 02:45:35.281,0.60005,0.60035,1.00,12.00
2010.09.08 02:45:35.358,0.60005,0.60035,3.40,8.80
2010.09.08 02:45:35.418,0.60005,0.60035,6.60,5.60
2010.09.08 02:45:35.555,0.60005,0.60035,6.60,4.80
2010.09.08 02:45:35.569,0.60005,0.60035,3.40,4.80
2010.09.08 02:45:36.017,0.60005,0.60035,5.00,3.20
2010.09.08 02:45:36.032,0.60005,0.60035,1.80,10.40
2010.09.08 02:45:36.786,0.60005,0.60035,1.00,12.00
2010.09.08 02:45:39.366,0.6,0.6003,8.80,1.00
2010.09.08 02:45:39.859,0.6,0.6003,2.40,7.20
2010.09.08 02:45:39.918,0.6,0.6003,1.00,7.20
2010.09.08 02:45:40.952,0.6,0.6003,1.00,6.40
2010.09.08 02:45:41.238,0.6,0.60035,7.20,12.00
2010.09.08 02:45:41.515,0.6,0.60035,9.60,12.00
2010.09.08 02:45:45.687,0.60005,0.60035,4.20,7.20
2010.09.08 02:45:45.927,0.60005,0.60035,5.80,5.60
2010.09.08 02:45:46.702,0.60005,0.60035,5.80,5.60
2010.09.08 02:45:46.937,0.60005,0.60035,5.80,3.20
2010.09.08 02:45:47.195,0.60005,0.60035,5.80,5.60
2010.09.08 02:45:47.555,0.60005,0.60035,2.60,8.80
2010.09.08 02:45:47.696,0.60005,0.60035,5.80,8.80
2010.09.08 02:45:47.796,0.60005,0.60035,5.80,5.60
2010.09.08 02:45:48.266,0.60005,0.60035,5.80,3.20
2010.09.08 02:45:48.505,0.60005,0.60035,2.60,6.40
2010.09.08 02:45:48.736,0.60005,0.60035,5.80,3.20
2010.09.08 02:45:49.301,0.60005,0.60035,5.80,5.60
2010.09.08 02:45:49.396,0.60005,0.60035,2.60,8.80
2010.09.08 02:45:49.875,0.60005,0.60035,2.60,8.80
2010.09.08 02:45:50.056,0.60005,0.60035,2.60,5.60
2010.09.08 02:45:50.155,0.60005,0.60035,2.60,8.80
2010.09.08 02:45:50.245,0.60005,0.60035,2.60,6.40
2010.09.08 02:45:50.336,0.60005,0.60035,5.80,3.20
2010.09.08 02:45:50.436,0.60005,0.60035,2.60,3.20
2010.09.08 02:45:50.535,0.60005,0.60035,2.60,6.40
2010.09.08 02:45:50.625,0.60005,0.60035,5.80,8.80
2010.09.08 02:45:51.107,0.60005,0.60035,2.60,5.60
2010.09.08 02:45:51.607,0.60005,0.60035,5.80,3.20
2010.09.08 02:45:51.856,0.60005,0.60035,5.80,5.60
2010.09.08 02:45:52.108,0.60005,0.60035,5.80,5.60
2010.09.08 02:45:52.667,0.60005,0.60035,2.60,6.40
2010.09.08 02:45:52.846,0.60005,0.60035,5.80,5.60
2010.09.08 02:45:53.025,0.60005,0.60035,5.80,5.60
2010.09.08 02:45:53.545,0.60005,0.60035,2.60,8.80
2010.09.08 02:45:53.925,0.60005,0.60035,5.80,8.80
2010.09.08 02:45:54.086,0.60005,0.60035,2.60,6.40
2010.09.08 02:45:54.245,0.60005,0.60035,5.80,3.20
2010.09.08 02:45:54.406,0.60005,0.60035,5.80,5.60
2010.09.08 02:45:54.526,0.60005,0.60035,2.60,8.80
2010.09.08 02:45:54.645,0.60005,0.60035,5.80,8.80
2010.09.08 02:45:54.755,0.60005,0.60035,5.80,5.60
2010.09.08 02:45:54.975,0.60005,0.60035,5.80,3.20
2010.09.08 02:45:55.084,0.60005,0.60035,2.60,1.00
2010.09.08 02:45:55.196,0.60005,0.60035,5.80,5.60
2010.09.08 02:45:55.315,0.60005,0.60035,2.60,8.80
2010.09.08 02:45:55.815,0.60005,0.60035,5.80,5.60
2010.09.08 02:45:56.066,0.60005,0.60035,2.60,8.80
2010.09.08 02:45:56.510,0.60005,0.60035,5.80,3.20
2010.09.08 02:45:56.769,0.60005,0.6003,1.60,1.00
2010.09.08 02:45:56.836,0.60005,0.6003,1.00,7.20
2010.09.08 02:45:56.975,0.6,0.6003,1.00,7.20
2010.09.08 02:45:57.359,0.6,0.6003,1.00,7.20
2010.09.08 02:45:57.908,0.6,0.60035,9.60,12.00
2010.09.08 02:46:01.660,0.6,0.6003,8.80,1.00
2010.09.08 02:46:01.800,0.6,0.6003,5.60,4.00
2010.09.08 02:46:01.838,0.6,0.6003,2.40,7.20
2010.09.08 02:46:02.597,0.6,0.6003,1.00,7.20
2010.09.08 02:46:02.886,0.6,0.6003,1.00,6.40
2010.09.08 02:46:03.177,0.6,0.60035,7.20,12.00
2010.09.08 02:46:03.466,0.6,0.60035,9.60,12.00
2010.09.08 02:46:07.910,0.6,0.6003,8.80,1.00
2010.09.08 02:46:08.486,0.6,0.6003,5.60,4.00
2010.09.08 02:46:08.656,0.6,0.6003,1.00,7.20
2010.09.08 02:46:09.105,0.6,0.6003,1.00,6.40
2010.09.08 02:46:09.446,0.6,0.60035,9.60,12.00
2010.09.08 02:46:09.726,0.6,0.6003,8.80,1.00
2010.09.08 02:46:09.836,0.6,0.6003,8.80,1.00
2010.09.08 02:46:09.946,0.6,0.6003,3.20,4.10
2010.09.08 02:46:10.422,0.59995,0.6003,11.50,7.30
2010.09.08 02:46:10.608,0.6,0.6003,1.00,7.20
2010.09.08 02:46:10.865,0.59995,0.6003,11.40,7.20
2010.09.08 02:46:11.997,0.6,0.6003,1.00,6.40
2010.09.08 02:46:12.236,0.6,0.6003,6.50,3.20
2010.09.08 02:46:12.790,0.6,0.60035,9.70,12.10
2010.09.08 02:46:16.407,0.6,0.6003,8.80,1.00
2010.09.08 02:46:16.546,0.6,0.6003,5.60,4.10
2010.09.08 02:46:16.635,0.6,0.6003,2.40,7.30
2010.09.08 02:46:17.067,0.59995,0.6003,11.40,7.20
2010.09.08 02:46:20.067,0.6,0.6003,1.00,7.20
2010.09.08 02:46:20.126,0.6,0.60035,4.10,12.10
2010.09.08 02:46:20.607,0.6,0.60035,9.70,12.10
2010.09.08 02:46:29.175,0.6,0.60035,7.30,12.10
2010.09.08 02:46:29.623,0.6,0.6003,4.00,3.30
2010.09.08 02:46:29.736,0.6,0.6003,1.00,7.20
2010.09.08 02:46:29.859,0.59995,0.6003,11.40,7.20
2010.09.08 02:46:29.979,0.6,0.6003,1.00,7.20
2010.09.08 02:46:32.720,0.6,0.6003,1.00,6.40
2010.09.08 02:46:32.955,0.6,0.6003,3.20,6.40
2010.09.08 02:46:33.075,0.6,0.60035,6.40,12.00
2010.09.08 02:46:33.196,0.6,0.60035,9.60,12.00
2010.09.08 02:46:40.287,0.60005,0.60035,1.00,11.20
2010.09.08 02:46:40.445,0.60005,0.60035,1.00,8.80
2010.09.08 02:46:40.606,0.60005,0.60035,1.00,8.00
2010.09.08 02:46:40.766,0.60005,0.60035,4.20,4.80
2010.09.08 02:46:40.935,0.60005,0.60035,5.80,3.20
2010.09.08 02:46:41.096,0.60005,0.60035,5.80,3.20
2010.09.08 02:46:46.178,0.60005,0.60035,5.80,4.00
2010.09.08 02:47:00.646,0.60005,0.6003,5.00,1.00
2010.09.08 02:47:01.078,0.60005,0.6003,5.00,1.00
2010.09.08 02:47:01.261,0.6,0.6003,1.00,10.40
2010.09.08 02:47:01.437,0.6,0.6003,1.00,10.40
2010.09.08 02:47:11.339,0.6,0.6003,1.00,10.40
2010.09.08 02:47:11.762,0.6,0.6003,1.00,10.40
2010.09.08 02:47:12.680,0.6,0.6003,1.00,10.40
2010.09.08 02:47:13.217,0.6,0.6003,2.40,8.00
2010.09.08 02:47:13.331,0.6,0.6003,3.20,6.40
2010.09.08 02:47:13.956,0.6,0.60035,9.60,12.80
2010.09.08 02:47:16.586,0.6,0.6003,9.60,2.40
2010.09.08 02:47:16.817,0.6,0.6003,3.20,9.70
2010.09.08 02:47:17.047,0.59995,0.6003,11.30,12.90
2010.09.08 02:47:17.276,0.59995,0.6003,11.30,10.50
2010.09.08 02:47:21.482,0.59995,0.60025,4.80,4.00
2010.09.08 02:47:22.179,0.59995,0.60025,5.60,3.20
2010.09.08 02:47:22.336,0.59995,0.60025,5.60,3.20
2010.09.08 02:47:22.497,0.59995,0.6003,11.20,10.40
2010.09.08 02:47:23.465,0.59995,0.6003,11.30,10.50
2010.09.08 02:47:34.557,0.6,0.6003,1.00,9.60
2010.09.08 02:47:34.789,0.6,0.60035,9.60,12.80
2010.09.08 02:48:11.785,0.60005,0.60035,1.00,12.00
2010.09.08 02:48:11.918,0.60005,0.60035,1.00,9.60
2010.09.08 02:48:12.005,0.60005,0.60035,1.00,6.40
2010.09.08 02:48:12.086,0.60005,0.60035,4.00,6.40
2010.09.08 02:48:12.177,0.60005,0.60035,3.20,7.20
2010.09.08 02:48:12.266,0.60005,0.60035,1.60,11.20
2010.09.08 02:48:12.716,0.6,0.60035,9.60,12.80
2010.09.08 02:48:22.357,0.6,0.6003,9.60,1.00
2010.09.08 02:48:23.120,0.6,0.6003,8.80,1.00
2010.09.08 02:48:23.560,0.59995,0.6003,11.30,10.50
2010.09.08 02:48:26.540,0.60005,0.6003,1.00,9.60
2010.09.08 02:48:26.701,0.60005,0.60035,4.10,4.80
2010.09.08 02:48:27.006,0.60005,0.60035,5.70,3.20
2010.09.08 02:48:27.688,0.60005,0.60035,5.60,3.20
2010.09.08 02:48:27.898,0.60005,0.60035,8.80,1.00
2010.09.08 02:48:29.197,0.60005,0.60035,5.60,1.00
2010.09.08 02:48:29.407,0.60005,0.60035,5.60,3.30
2010.09.08 02:48:29.492,0.60005,0.60035,5.60,3.20
2010.09.08 02:48:29.859,0.60005,0.60035,5.70,3.20
2010.09.08 02:48:30.131,0.60005,0.60035,8.90,3.20
2010.09.08 02:48:30.208,0.60005,0.6004,8.90,13.70
2010.09.08 02:48:30.458,0.60005,0.6004,11.30,13.70
2010.09.08 02:48:31.361,0.60005,0.60035,8.80,1.00
2010.09.08 02:48:31.478,0.60005,0.60035,8.80,1.00
2010.09.08 02:48:31.888,0.60005,0.60035,8.80,2.40
2010.09.08 02:48:31.998,0.60005,0.60035,2.50,8.80
2010.09.08 02:48:32.228,0.60005,0.60035,2.40,8.90
2010.09.08 02:48:32.448,0.60005,0.60035,2.40,9.70
2010.09.08 02:48:33.031,0.60005,0.6003,2.40,6.50
2010.09.08 02:48:33.300,0.60005,0.6003,1.60,6.40
2010.09.08 02:48:33.568,0.6,0.6003,1.00,6.40
2010.09.08 02:48:35.078,0.6,0.60035,9.70,12.10
2010.09.08 02:48:41.926,0.6,0.60035,7.30,12.10
2010.09.08 02:48:42.389,0.6,0.6003,4.10,3.20
2010.09.08 02:48:42.478,0.6,0.6003,1.00,6.40
2010.09.08 02:48:46.532,0.6,0.6003,1.00,9.60
2010.09.08 02:48:46.649,0.6,0.6003,1.00,8.80
2010.09.08 02:48:46.688,0.6,0.6003,1.00,6.40
2010.09.08 02:48:50.510,0.60005,0.6003,1.00,6.40
2010.09.08 02:48:50.712,0.60005,0.60035,5.60,3.30
2010.09.08 02:48:54.239,0.60005,0.60035,5.60,3.20
2010.09.08 02:48:57.273,0.6001,0.60035,1.00,3.20
2010.09.08 02:48:57.529,0.60005,0.60035,6.80,4.80
2010.09.08 02:48:57.658,0.60005,0.60035,5.20,7.20
2010.09.08 02:48:58.500,0.60005,0.60035,2.00,10.40
2010.09.08 02:48:59.058,0.60005,0.60035,1.00,12.00
2010.09.08 02:49:02.913,0.60005,0.60035,1.00,12.00
2010.09.08 02:49:05.409,0.60005,0.6003,1.00,1.00
2010.09.08 02:49:05.559,0.60005,0.6003,1.00,3.20
2010.09.08 02:49:06.239,0.60005,0.6003,1.00,7.20
2010.09.08 02:49:06.439,0.60005,0.60035,1.00,12.00
2010.09.08 02:49:17.448,0.60005,0.6003,1.00,1.00
2010.09.08 02:49:17.619,0.6,0.6003,3.20,1.00
2010.09.08 02:49:17.799,0.59995,0.6003,11.60,4.00
2010.09.08 02:49:17.858,0.59995,0.6003,11.60,7.20
2010.09.08 02:49:18.273,0.59995,0.60025,10.80,1.00
2010.09.08 02:49:18.304,0.59995,0.60025,8.50,1.00
2010.09.08 02:49:18.378,0.59995,0.60025,8.50,4.00
2010.09.08 02:49:18.410,0.59995,0.60025,5.30,4.00
2010.09.08 02:49:19.089,0.59995,0.60025,6.10,3.20
2010.09.08 02:49:19.429,0.59995,0.6003,11.60,9.60
2010.09.08 02:49:19.770,0.59995,0.60025,8.40,3.20
2010.09.08 02:49:21.728,0.59995,0.60025,8.00,3.20
2010.09.08 02:49:27.089,0.6,0.6003,1.00,8.80
2010.09.08 02:49:27.717,0.6,0.6003,1.00,6.40
2010.09.08 02:49:27.990,0.6,0.6003,1.00,6.40
2010.09.08 02:49:33.121,0.6,0.6003,1.00,6.40
2010.09.08 02:49:33.189,0.6,0.6003,4.00,3.20
2010.09.08 02:49:33.259,0.6,0.60035,7.20,12.00
2010.09.08 02:49:33.327,0.6,0.60035,9.60,12.00
2010.09.08 02:49:36.088,0.60005,0.60035,1.00,12.00
2010.09.08 02:49:43.839,0.60005,0.60035,1.00,11.20
2010.09.08 02:49:44.220,0.60005,0.60035,1.60,9.60
2010.09.08 02:49:44.333,0.60005,0.60035,5.60,3.20
2010.09.08 02:49:47.834,0.60005,0.60035,4.80,4.00
2010.09.08 02:49:48.242,0.60005,0.60035,1.60,8.00
2010.09.08 02:49:48.262,0.60005,0.60035,1.60,10.40
2010.09.08 02:49:50.319,0.60005,0.60035,1.00,12.00
2010.09.08 02:50:09.409,0.60005,0.6003,1.00,1.00
2010.09.08 02:50:09.680,0.6,0.6003,2.40,7.20
2010.09.08 02:50:10.104,0.6,0.6003,2.40,10.40
2010.09.08 02:50:10.170,0.6,0.6003,1.00,10.40
2010.09.08 02:50:10.240,0.6,0.6003,1.00,9.60
2010.09.08 02:50:10.309,0.6,0.6003,1.00,7.20
2010.09.08 02:50:10.378,0.6,0.6003,3.20,7.20
2010.09.08 02:50:10.498,0.6,0.6003,3.20,6.40
2010.09.08 02:50:10.559,0.60005,0.6003,1.00,3.20
2010.09.08 02:50:10.628,0.60005,0.60035,1.00,12.00
2010.09.08 02:50:19.808,0.60005,0.60035,3.20,12.00
2010.09.08 02:50:19.919,0.60005,0.60035,4.40,7.20
2010.09.08 02:50:20.028,0.60005,0.60035,6.00,3.20
2010.09.08 02:50:20.846,0.60005,0.60035,5.60,3.20
2010.09.08 02:50:35.353,0.60005,0.60035,5.60,3.20
2010.09.08 02:50:36.279,0.6001,0.6004,1.00,7.20
2010.09.08 02:50:36.627,0.6001,0.6004,4.00,1.00
2010.09.08 02:50:36.989,0.6001,0.6004,4.00,1.00
2010.09.08 02:50:37.180,0.6001,0.6004,4.00,1.00
2010.09.08 02:50:37.369,0.6001,0.60045,4.80,12.00
2010.09.08 02:50:37.778,0.6001,0.60045,5.20,12.00
2010.09.08 02:50:38.015,0.6001,0.60045,11.20,12.00
2010.09.08 02:50:44.057,0.60015,0.60045,1.00,12.00
2010.09.08 02:50:45.170,0.6001,0.60045,11.20,12.00
2010.09.08 02:50:45.670,0.60015,0.60045,1.00,12.00
2010.09.08 02:50:54.061,0.6001,0.60045,10.80,12.00
2010.09.08 02:50:57.340,0.60015,0.60045,3.20,8.80
2010.09.08 02:50:57.844,0.6002,0.6005,1.00,8.90
2010.09.08 02:50:57.962,0.6002,0.6005,4.00,3.20
2010.09.08 02:51:00.679,0.6002,0.6005,3.20,6.40
2010.09.08 02:51:00.869,0.6002,0.6005,4.00,5.60
2010.09.08 02:51:01.068,0.6002,0.6005,4.00,3.20
2010.09.08 02:51:07.939,0.6002,0.60045,3.20,1.00
2010.09.08 02:51:08.039,0.6002,0.60045,3.20,1.00
2010.09.08 02:51:08.139,0.60015,0.60045,4.80,7.20
2010.09.08 02:51:08.241,0.60015,0.60045,1.60,10.50
2010.09.08 02:51:08.711,0.6001,0.60045,10.90,12.10
2010.09.08 02:51:09.000,0.6001,0.6004,10.80,1.00
2010.09.08 02:51:13.049,0.60015,0.60045,1.00,11.20
2010.09.08 02:51:13.249,0.60015,0.60045,4.00,4.80
2010.09.08 02:51:13.429,0.60015,0.60045,7.20,1.60
2010.09.08 02:51:13.599,0.60015,0.60045,7.20,1.60
2010.09.08 02:51:14.089,0.60015,0.60045,9.60,1.60
2010.09.08 02:51:14.276,0.60015,0.6005,11.20,10.40
2010.09.08 02:51:21.068,0.60015,0.60045,10.40,1.00
2010.09.08 02:51:21.472,0.60015,0.60045,10.40,1.60
2010.09.08 02:51:21.650,0.6001,0.60045,10.80,12.00
2010.09.08 02:51:22.010,0.60015,0.60045,7.20,4.00
2010.09.08 02:51:22.319,0.60015,0.60045,7.30,1.60
2010.09.08 02:51:22.449,0.60015,0.60045,7.20,1.60
2010.09.08 02:51:22.853,0.6002,0.60045,1.00,1.60
2010.09.08 02:51:23.462,0.6002,0.6005,1.00,6.40
2010.09.08 02:51:23.650,0.6002,0.6005,3.20,4.10
2010.09.08 02:51:23.840,0.60015,0.6005,11.30,10.50
2010.09.08 02:51:26.732,0.6002,0.6005,1.00,9.70
2010.09.08 02:51:26.862,0.60025,0.6005,1.00,9.60
2010.09.08 02:51:26.950,0.60025,0.6005,1.00,7.20
2010.09.08 02:51:27.039,0.60025,0.6005,1.00,6.40
2010.09.08 02:51:27.128,0.60025,0.60055,1.00,12.80
2010.09.08 02:51:27.262,0.60025,0.6005,1.00,1.00
2010.09.08 02:51:27.348,0.6002,0.6005,3.20,1.00
2010.09.08 02:51:27.428,0.6002,0.6005,3.20,3.20
2010.09.08 02:51:27.589,0.6002,0.6005,3.20,4.00
2010.09.08 02:51:27.679,0.60015,0.6005,11.20,10.40
2010.09.08 02:51:32.132,0.6002,0.6005,1.00,9.60
2010.09.08 02:51:32.270,0.6002,0.6005,4.00,3.20
2010.09.08 02:51:35.294,0.6002,0.6005,3.20,4.00
2010.09.08 02:51:35.364,0.6002,0.6005,3.20,6.40
2010.09.08 02:51:35.407,0.6002,0.6005,3.20,7.20
2010.09.08 02:51:35.865,0.60015,0.6004,3.20,9.60
2010.09.08 02:51:35.899,0.6001,0.6004,1.00,12.80
2010.09.08 02:51:35.925,0.60005,0.60035,11.20,1.00
2010.09.08 02:51:35.945,0.60005,0.60035,10.40,1.00
2010.09.08 02:51:35.963,0.60005,0.60035,10.40,4.00
2010.09.08 02:51:35.986,0.60005,0.60035,10.40,4.10
2010.09.08 02:51:36.001,0.60005,0.60035,7.20,4.10
2010.09.08 02:51:36.050,0.60005,0.60035,7.20,4.90
2010.09.08 02:51:36.071,0.60005,0.60035,8.00,4.10
2010.09.08 02:51:36.130,0.60005,0.60035,4.80,4.10
2010.09.08 02:51:36.149,0.60005,0.60035,2.40,4.10
2010.09.08 02:51:36.180,0.60005,0.60035,2.40,7.30
2010.09.08 02:51:36.758,0.60005,0.60035,2.40,6.50
2010.09.08 02:51:37.103,0.60005,0.60035,8.80,1.00
2010.09.08 02:51:37.439,0.60005,0.60035,8.80,1.00
2010.09.08 02:51:37.928,0.60005,0.6004,8.90,12.90
2010.09.08 02:51:38.506,0.6001,0.6004,1.00,12.90
2010.09.08 02:51:38.659,0.6001,0.6004,1.00,12.80
2010.09.08 02:51:38.790,0.6001,0.6004,1.60,11.20
2010.09.08 02:51:38.921,0.60015,0.6004,1.00,6.40
2010.09.08 02:51:39.467,0.60015,0.60045,1.00,12.00
2010.09.08 02:51:39.603,0.6001,0.60045,10.80,12.00
2010.09.08 02:51:39.801,0.6001,0.6004,9.60,4.00
2010.09.08 02:51:40.002,0.6001,0.6004,3.20,4.10
2010.09.08 02:51:40.202,0.60005,0.60035,7.20,4.90
2010.09.08 02:51:40.772,0.60005,0.60035,1.60,8.10
2010.09.08 02:51:40.980,0.60005,0.60035,8.00,1.70
2010.09.08 02:51:41.221,0.60005,0.60035,8.10,1.00
2010.09.08 02:51:41.459,0.6001,0.6004,1.00,10.50
2010.09.08 02:51:41.700,0.60005,0.6004,11.70,7.30
2010.09.08 02:51:41.939,0.6001,0.6004,1.00,10.50
2010.09.08 02:51:42.180,0.6001,0.6004,1.00,7.30
2010.09.08 02:51:44.652,0.6001,0.6004,1.60,6.50
2010.09.08 02:51:44.808,0.6001,0.6004,1.00,7.30
2010.09.08 02:51:44.969,0.6001,0.6004,1.00,7.20
2010.09.08 02:51:46.049,0.6001,0.6004,4.00,4.00
2010.09.08 02:51:48.243,0.6001,0.6004,4.00,4.00
2010.09.08 02:51:48.420,0.6001,0.6004,4.00,7.20
2010.09.08 02:51:48.511,0.6001,0.6004,1.00,8.00
2010.09.08 02:51:48.600,0.6001,0.6004,1.00,7.20
2010.09.08 02:51:49.070,0.6001,0.6004,1.00,9.60
2010.09.08 02:51:49.340,0.6001,0.6004,1.00,7.20
2010.09.08 02:51:49.614,0.6001,0.6004,4.00,4.00
2010.09.08 02:51:50.452,0.6001,0.6004,4.00,4.00
2010.09.08 02:51:50.681,0.6001,0.6004,3.20,8.80
2010.09.08 02:51:51.254,0.60005,0.6004,8.80,12.80
2010.09.08 02:51:51.642,0.6001,0.6004,1.60,12.00
2010.09.08 02:51:51.829,0.6001,0.6004,2.10,11.20
2010.09.08 02:51:52.020,0.6001,0.60045,10.90,12.10
2010.09.08 02:51:52.468,0.6001,0.60045,10.80,12.00
2010.09.08 02:51:52.688,0.60015,0.60045,1.00,12.00
2010.09.08 02:51:53.369,0.6001,0.6004,7.60,1.00
2010.09.08 02:51:53.498,0.6001,0.6004,4.40,4.00
2010.09.08 02:51:53.738,0.6001,0.6004,4.00,4.00
2010.09.08 02:51:55.772,0.6001,0.6004,3.20,4.80
2010.09.08 02:51:56.008,0.6001,0.6004,3.20,7.20
2010.09.08 02:51:56.090,0.6001,0.6004,1.00,8.00
2010.09.08 02:51:56.169,0.6001,0.6003,1.00,1.00
2010.09.08 02:51:56.251,0.60005,0.6003,8.90,1.00
2010.09.08 02:51:57.496,0.6,0.60025,9.60,1.00
2010.09.08 02:52:01.099,0.60005,0.60025,1.00,1.00
2010.09.08 02:52:01.318,0.60005,0.6003,1.00,2.00
2010.09.08 02:52:01.529,0.60005,0.6003,7.20,1.00
2010.09.08 02:52:02.627,0.60005,0.6003,7.30,1.00
2010.09.08 02:52:02.805,0.6001,0.6003,1.00,1.00
2010.09.08 02:52:02.980,0.6001,0.60035,1.00,2.00
2010.09.08 02:52:03.339,0.6001,0.60035,1.00,1.00
2010.09.08 02:52:05.105,0.6001,0.6003,1.00,1.00
2010.09.08 02:52:05.288,0.60005,0.6003,8.90,1.00
2010.09.08 02:52:05.808,0.60005,0.6003,7.30,1.00
2010.09.08 02:52:08.230,0.6001,0.6003,1.00,1.00
2010.09.08 02:52:15.391,0.60005,0.6003,7.20,1.00
2010.09.08 02:52:20.401,0.6001,0.6003,1.00,1.00
2010.09.08 02:52:23.360,0.60005,0.6003,7.20,1.00
2010.09.08 02:52:33.540,0.60005,0.6003,6.40,1.30
2010.09.08 02:52:33.720,0.60005,0.60025,3.20,1.00
2010.09.08 02:52:33.810,0.59995,0.60025,12.50,1.00
2010.09.08 02:52:34.481,0.6,0.60025,1.00,1.00
2010.09.08 02:52:34.770,0.6,0.60025,4.00,1.00
2010.09.08 02:52:37.502,0.6,0.60025,1.00,1.00
2010.09.08 02:52:38.991,0.59995,0.60025,11.70,1.20
2010.09.08 02:52:39.160,0.59995,0.6002,11.30,1.00
2010.09.08 02:52:39.332,0.59995,0.6002,10.40,1.00
2010.09.08 02:52:39.553,0.59995,0.60015,1.60,1.00
2010.09.08 02:52:39.769,0.5999,0.60015,4.00,1.00
2010.09.08 02:52:40.210,0.5999,0.60015,4.10,1.00
2010.09.08 02:52:40.992,0.59995,0.60015,1.00,1.00
2010.09.08 02:52:52.912,0.5999,0.60015,4.00,1.00
2010.09.08 02:52:56.340,0.5999,0.60015,3.20,1.20
2010.09.08 02:52:56.460,0.5999,0.60015,3.20,1.00
2010.09.08 02:52:56.570,0.5999,0.6001,3.20,1.00
2010.09.08 02:52:56.650,0.5999,0.6001,1.00,1.00
2010.09.08 02:52:56.700,0.5999,0.60015,3.20,2.00
2010.09.08 02:52:57.162,0.59995,0.60015,1.00,2.00
2010.09.08 02:52:57.501,0.59995,0.60015,1.00,1.00
2010.09.08 02:53:01.059,0.59995,0.60015,1.00,1.00
2010.09.08 02:53:01.199,0.59995,0.6002,1.00,1.00
2010.09.08 02:53:01.688,0.59995,0.6002,1.00,1.00
2010.09.08 02:53:01.825,0.59995,0.6002,4.10,1.00
2010.09.08 02:53:02.571,0.59995,0.60015,1.00,1.00
2010.09.08 02:53:03.405,0.59995,0.60025,12.40,1.00
2010.09.08 02:53:04.327,0.59995,0.6002,11.20,1.00
2010.09.08 02:53:04.676,0.5999,0.60015,4.00,1.00
2010.09.08 02:53:12.219,0.59995,0.60015,1.00,1.00
2010.09.08 02:53:12.360,0.59995,0.60015,4.00,1.00
2010.09.08 02:53:12.919,0.59995,0.60015,5.60,1.00
2010.09.08 02:53:13.059,0.59995,0.6002,5.60,1.00
2010.09.08 02:53:13.583,0.59995,0.6002,5.70,1.00
2010.09.08 02:53:23.304,0.6,0.6002,1.00,1.00
2010.09.08 02:53:23.496,0.59995,0.6002,5.60,1.00
2010.09.08 02:53:25.073,0.59995,0.6002,5.60,1.00
2010.09.08 02:53:25.199,0.59995,0.6002,5.60,1.00
2010.09.08 02:53:34.686,0.59995,0.6002,4.00,1.00
2010.09.08 02:53:38.363,0.6,0.6002,1.00,1.00
2010.09.08 02:53:38.449,0.59995,0.6002,4.00,1.00
2010.09.08 02:53:39.686,0.59985,0.60015,1.70,7.60
2010.09.08 02:53:39.790,0.59985,0.6001,1.00,1.00
2010.09.08 02:53:44.776,0.59985,0.6001,3.30,1.00
2010.09.08 02:53:44.885,0.59985,0.60015,10.50,1.20
2010.09.08 02:53:45.001,0.59985,0.6001,1.70,1.00
2010.09.08 02:53:45.109,0.59985,0.6001,1.00,1.00
2010.09.08 02:53:45.219,0.5999,0.6001,1.00,1.00
2010.09.08 02:53:45.660,0.5999,0.60015,1.00,2.00
2010.09.08 02:53:47.590,0.5999,0.60015,1.00,1.00
2010.09.08 02:53:49.299,0.59985,0.60015,10.40,1.20
2010.09.08 02:53:49.469,0.59985,0.6001,8.00,1.00
2010.09.08 02:53:49.689,0.59985,0.6001,1.60,1.00
2010.09.08 02:53:50.011,0.59985,0.6001,1.00,1.00
2010.09.08 02:53:50.954,0.59985,0.60015,11.20,1.00
2010.09.08 02:53:51.841,0.59985,0.60015,11.30,1.00
2010.09.08 02:53:55.692,0.59985,0.60015,11.20,1.00
2010.09.08 02:53:56.470,0.59985,0.60015,11.20,1.20
2010.09.08 02:53:56.539,0.59985,0.60015,10.40,2.00
2010.09.08 02:53:56.659,0.59985,0.60005,8.00,1.00
2010.09.08 02:53:56.900,0.5998,0.60005,4.10,1.00
2010.09.08 02:54:05.481,0.59985,0.60005,1.00,1.00
2010.09.08 02:54:05.568,0.59985,0.60005,1.00,1.00
2010.09.08 02:54:06.019,0.5998,0.60005,6.50,1.00
2010.09.08 02:54:06.193,0.59985,0.6001,1.00,1.00
2010.09.08 02:54:09.772,0.59985,0.6001,1.00,1.00
2010.09.08 02:54:09.939,0.59985,0.6001,3.30,1.00
2010.09.08 02:54:10.030,0.59985,0.6001,4.90,1.00
2010.09.08 02:54:10.209,0.59985,0.6001,8.10,1.00
2010.09.08 02:54:10.249,0.59985,0.6001,11.30,1.00
2010.09.08 02:54:18.600,0.59985,0.6001,4.90,1.00
2010.09.08 02:54:18.642,0.59985,0.6001,2.50,1.00
2010.09.08 02:54:18.735,0.59985,0.6001,2.40,1.00
2010.09.08 02:54:18.871,0.59985,0.6001,5.60,1.00
2010.09.08 02:54:19.339,0.59985,0.6001,2.40,1.00
2010.09.08 02:54:29.845,0.59985,0.6001,1.60,1.00
2010.09.08 02:54:30.351,0.59985,0.60005,1.60,1.00
2010.09.08 02:54:30.462,0.5998,0.60005,4.10,1.00
2010.09.08 02:54:35.498,0.5998,0.6001,4.50,1.00
2010.09.08 02:54:36.346,0.59985,0.6001,1.00,1.00
2010.09.08 02:54:36.533,0.59985,0.6001,7.20,1.00
2010.09.08 02:54:36.720,0.59985,0.6001,11.30,1.00
2010.09.08 02:54:36.982,0.59985,0.6001,10.40,1.20
2010.09.08 02:54:37.243,0.59985,0.6,4.00,1.00
2010.09.08 02:54:37.500,0.59975,0.6,5.60,1.00
2010.09.08 02:54:38.509,0.59975,0.6,5.70,1.00
2010.09.08 02:54:42.629,0.59975,0.6,4.10,1.00
2010.09.08 02:54:43.950,0.59975,0.6,5.70,1.00
2010.09.08 02:54:44.929,0.59975,0.6,6.10,1.00
2010.09.08 02:54:45.169,0.5998,0.60005,1.00,3.60
2010.09.08 02:54:45.291,0.5998,0.60005,1.00,1.00
2010.09.08 02:54:45.443,0.59975,0.60005,11.70,1.00
2010.09.08 02:54:45.610,0.59975,0.6,11.30,1.00
2010.09.08 02:54:46.159,0.59975,0.6,8.90,1.00
2010.09.08 02:54:46.334,0.59975,0.6,5.70,1.00
2010.09.08 02:55:03.503,0.5998,0.60005,1.00,3.60
2010.09.08 02:55:03.691,0.5998,0.60005,1.00,1.00
2010.09.08 02:55:05.453,0.59975,0.60005,11.70,1.00
2010.09.08 02:55:05.620,0.59975,0.6,8.90,1.00
2010.09.08 02:55:05.840,0.59975,0.6,5.70,1.00
2010.09.08 02:55:11.238,0.59975,0.60005,5.70,3.60
2010.09.08 02:55:15.632,0.5998,0.60005,1.00,3.60
2010.09.08 02:55:15.679,0.5998,0.60005,1.00,3.60
2010.09.08 02:55:15.978,0.5998,0.60005,1.00,1.00
2010.09.08 02:55:16.332,0.5998,0.60005,1.00,1.00
2010.09.08 02:55:17.803,0.59975,0.60005,5.60,1.00
2010.09.08 02:55:17.859,0.59975,0.60005,5.60,3.60
2010.09.08 02:55:18.354,0.59975,0.60005,5.60,3.60
2010.09.08 02:55:18.851,0.59975,0.60005,5.60,3.60
2010.09.08 02:55:35.831,0.5998,0.60005,1.00,3.20
2010.09.08 02:55:36.453,0.5998,0.6001,4.00,4.40
2010.09.08 02:55:36.823,0.5998,0.6001,4.00,4.40
2010.09.08 02:55:39.768,0.5998,0.6001,5.20,3.20
2010.09.08 02:55:40.020,0.5998,0.6001,10.80,1.00
2010.09.08 02:55:40.881,0.5999,0.60015,1.00,10.80
2010.09.08 02:55:41.141,0.5999,0.60015,1.00,5.20
2010.09.08 02:55:41.808,0.5999,0.60025,6.40,11.60
2010.09.08 02:55:42.030,0.5999,0.60025,9.60,11.60
2010.09.08 02:55:42.252,0.59995,0.6002,1.00,3.20
2010.09.08 02:55:42.690,0.59995,0.60025,1.00,8.50
2010.09.08 02:55:42.909,0.59995,0.60025,1.00,8.40
2010.09.08 02:55:43.507,0.59995,0.60025,1.00,8.50
2010.09.08 02:55:43.734,0.59995,0.60025,1.00,8.40
2010.09.08 02:55:44.519,0.59995,0.60025,1.00,8.40
2010.09.08 02:55:47.544,0.59995,0.60025,1.00,8.40
2010.09.08 02:55:48.475,0.59995,0.60025,4.10,5.20
2010.09.08 02:55:48.709,0.59995,0.60025,7.30,2.00
2010.09.08 02:55:48.939,0.59995,0.60025,7.20,2.00
2010.09.08 02:55:50.853,0.59995,0.60025,6.40,2.80
2010.09.08 02:55:51.049,0.59995,0.60025,7.20,2.00
2010.09.08 02:55:51.251,0.59995,0.60025,6.40,2.80
2010.09.08 02:55:51.450,0.59995,0.60025,3.20,8.40
2010.09.08 02:55:51.549,0.5999,0.60025,9.60,11.60
2010.09.08 02:55:51.648,0.59995,0.60025,1.00,11.60
2010.09.08 02:55:55.313,0.5999,0.60025,9.60,11.60
2010.09.08 02:56:01.262,0.59995,0.60025,1.00,10.80
2010.09.08 02:56:01.440,0.59995,0.60025,4.00,5.20
2010.09.08 02:56:01.993,0.59995,0.60025,7.20,2.00
2010.09.08 02:56:05.988,0.59995,0.60025,7.20,1.60
2010.09.08 02:56:07.041,0.59995,0.60025,7.30,1.60
2010.09.08 02:56:07.189,0.59995,0.60025,7.20,1.60
2010.09.08 02:56:15.279,0.59995,0.60025,7.20,2.00
2010.09.08 02:56:23.762,0.6,0.60025,1.00,2.00
2010.09.08 02:56:23.909,0.6,0.60025,1.00,1.00
2010.09.08 02:56:28.711,0.59995,0.60025,11.70,1.00
2010.09.08 02:56:29.264,0.59995,0.60025,9.60,2.00
2010.09.08 02:56:29.444,0.59995,0.60025,7.20,2.00
2010.09.08 02:56:32.403,0.59995,0.60025,6.40,2.80
2010.09.08 02:56:32.680,0.59995,0.6002,6.40,1.00
2010.09.08 02:56:32.960,0.5999,0.6002,9.60,1.00
2010.09.08 02:56:33.360,0.5999,0.6002,3.20,6.80
2010.09.08 02:56:34.020,0.5999,0.6002,9.60,1.00
2010.09.08 02:56:40.962,0.5999,0.60015,3.20,1.00
2010.09.08 02:56:41.130,0.59985,0.60015,12.50,1.00
2010.09.08 02:56:45.370,0.59985,0.60015,12.40,1.00
2010.09.08 02:56:46.314,0.59985,0.60015,12.40,1.00
2010.09.08 02:56:46.340,0.59985,0.60015,10.80,1.20
2010.09.08 02:56:46.393,0.59985,0.60015,8.40,1.20
2010.09.08 02:56:46.715,0.59985,0.6001,1.00,1.00
2010.09.08 02:56:47.032,0.59985,0.6001,1.00,1.00
2010.09.08 02:56:47.354,0.5998,0.60005,2.40,4.00
2010.09.08 02:56:47.826,0.5998,0.6,2.40,1.20
2010.09.08 02:56:48.035,0.5997,0.6,3.30,1.00
2010.09.08 02:56:48.241,0.59975,0.6,1.00,1.00
2010.09.08 02:56:48.449,0.5997,0.6,4.00,1.00
2010.09.08 02:56:49.494,0.5997,0.6,4.00,1.00
2010.09.08 02:56:50.175,0.5997,0.59995,3.30,1.00
2010.09.08 02:56:50.313,0.5997,0.59995,1.00,7.20
2010.09.08 02:56:50.450,0.5997,0.59995,1.00,8.40
2010.09.08 02:56:50.630,0.5997,0.59995,3.20,2.00
2010.09.08 02:56:50.810,0.5997,0.59995,3.20,3.60
2010.09.08 02:56:51.759,0.5997,0.59995,3.30,2.00
2010.09.08 02:56:51.970,0.5997,0.6,1.00,7.20
2010.09.08 02:56:52.173,0.59975,0.6,1.00,1.00
2010.09.08 02:56:52.533,0.59975,0.59995,1.00,1.00
2010.09.08 02:56:53.165,0.59975,0.6,1.00,2.00
2010.09.08 02:56:53.840,0.5997,0.6,3.20,2.00
2010.09.08 02:56:54.069,0.5997,0.6,3.30,2.00
2010.09.08 02:56:54.299,0.5997,0.6,3.20,2.00
2010.09.08 02:56:55.150,0.5997,0.6,3.30,5.60
2010.09.08 02:56:55.399,0.5997,0.6,3.20,5.70
2010.09.08 02:56:56.402,0.59975,0.6,1.00,4.80
2010.09.08 02:56:56.550,0.59975,0.6,1.00,4.00
2010.09.08 02:56:56.699,0.59975,0.6,1.00,1.00
2010.09.08 02:56:57.234,0.5997,0.6,4.00,1.00
2010.09.08 02:56:57.451,0.5997,0.6,4.00,4.00
2010.09.08 02:56:58.320,0.5997,0.6,3.20,4.80
2010.09.08 02:56:58.529,0.5997,0.6,3.20,5.20
2010.09.08 02:56:58.628,0.5997,0.6,3.20,8.40
2010.09.08 02:56:58.729,0.59965,0.6,11.20,10.80
2010.09.08 02:57:00.981,0.5997,0.6,1.00,10.00
2010.09.08 02:57:01.049,0.5997,0.6,1.00,10.00
2010.09.08 02:57:01.479,0.5997,0.6,1.00,9.60
2010.09.08 02:57:01.566,0.5997,0.6,1.00,7.20
2010.09.08 02:57:01.954,0.59965,0.6,11.60,8.00
2010.09.08 02:57:02.199,0.59965,0.6,11.20,8.40
2010.09.08 02:57:02.358,0.59965,0.6,11.20,10.80
2010.09.08 02:57:03.275,0.5997,0.6,1.00,10.80
2010.09.08 02:57:10.333,0.59965,0.6,11.20,10.80
2010.09.08 02:57:10.773,0.5997,0.6,1.00,10.80
2010.09.08 02:57:10.817,0.5997,0.6,1.00,10.80
2010.09.08 02:57:11.592,0.5997,0.6,1.00,10.00
2010.09.08 02:57:11.891,0.5997,0.6,4.00,4.00
2010.09.08 02:57:12.192,0.5997,0.6,7.20,1.00
2010.09.08 02:57:12.490,0.5997,0.6,9.70,1.00
2010.09.08 02:57:14.535,0.5997,0.60005,10.50,11.70
2010.09.08 02:57:15.084,0.5997,0.60005,10.90,11.70
2010.09.08 02:57:15.305,0.59975,0.60005,1.00,11.60
2010.09.08 02:57:16.490,0.59975,0.60005,1.00,11.60
2010.09.08 02:57:17.168,0.59975,0.60005,1.00,11.20
2010.09.08 02:57:17.399,0.5997,0.60005,10.80,11.20
2010.09.08 02:57:25.349,0.5997,0.60005,10.40,11.60
2010.09.08 02:57:25.631,0.5997,0.6,9.60,1.00
2010.09.08 02:57:28.861,0.5997,0.6,9.60,1.00
2010.09.08 02:57:33.261,0.5997,0.6,9.60,1.00
2010.09.08 02:57:35.010,0.5997,0.6,9.60,1.00
2010.09.08 02:57:35.279,0.5997,0.6,8.80,1.00
2010.09.08 02:57:35.409,0.5997,0.6,5.60,1.00
2010.09.08 02:57:35.570,0.5997,0.6,3.20,4.00
2010.09.08 02:57:35.729,0.5997,0.6,1.00,7.20
2010.09.08 02:57:38.857,0.5997,0.6,1.00,9.60
2010.09.08 02:57:38.960,0.59965,0.59995,8.00,1.00
2010.09.08 02:57:39.070,0.59965,0.59995,8.00,1.00
2010.09.08 02:57:39.282,0.59965,0.59995,2.40,6.40
2010.09.08 02:57:39.390,0.59965,0.59995,2.40,6.50
2010.09.08 02:57:42.519,0.5996,0.5999,1.00,7.20
2010.09.08 02:57:43.421,0.5996,0.5999,1.00,7.20
2010.09.08 02:57:44.052,0.59965,0.5999,1.00,7.20
2010.09.08 02:57:44.720,0.59965,0.5999,1.00,1.00
2010.09.08 02:57:44.900,0.5996,0.59995,9.60,11.20
2010.09.08 02:57:45.080,0.59965,0.59995,1.00,11.20
2010.09.08 02:57:45.619,0.59965,0.59995,1.00,8.80
2010.09.08 02:57:46.521,0.5996,0.59995,9.60,8.80
2010.09.08 02:57:48.800,0.59965,0.59995,1.00,8.80
2010.09.08 02:57:49.459,0.59965,0.59995,1.00,11.20
2010.09.08 02:57:50.070,0.59965,0.59995,1.00,8.80
2010.09.08 02:57:53.573,0.5996,0.5999,3.20,4.00
2010.09.08 02:57:53.659,0.5996,0.5999,1.00,7.20
2010.09.08 02:57:53.867,0.5996,0.5999,1.00,7.20
2010.09.08 02:57:54.121,0.5996,0.5999,1.00,6.40
2010.09.08 02:57:54.339,0.5996,0.59995,7.20,11.60
2010.09.08 02:57:54.786,0.5996,0.5999,6.40,1.00
2010.09.08 02:57:55.109,0.5996,0.59985,2.40,1.00
2010.09.08 02:57:55.422,0.59955,0.59985,11.30,1.00
2010.09.08 02:57:55.732,0.5996,0.59985,1.00,1.00
2010.09.08 02:57:56.438,0.5996,0.5999,1.00,7.20
2010.09.08 02:57:56.780,0.59955,0.5999,11.20,7.20
2010.09.08 02:57:57.733,0.5996,0.5999,1.00,7.20
2010.09.08 02:57:57.969,0.5996,0.5999,1.00,7.20
2010.09.08 02:57:59.100,0.5996,0.5999,1.00,7.20
2010.09.08 02:57:59.889,0.59955,0.5999,11.30,7.30
2010.09.08 02:58:00.931,0.5996,0.5999,1.00,7.20
2010.09.08 02:58:01.234,0.5996,0.5999,3.30,1.00
2010.09.08 02:58:01.449,0.5996,0.5999,3.20,1.00
2010.09.08 02:58:01.888,0.5996,0.5999,3.30,1.00
2010.09.08 02:58:02.781,0.59955,0.5998,10.40,1.00
2010.09.08 02:58:03.121,0.5995,0.5998,9.70,1.00
2010.09.08 02:58:03.749,0.5995,0.5998,9.60,1.00
2010.09.08 02:58:03.915,0.5995,0.5998,4.10,1.00
2010.09.08 02:58:04.082,0.59955,0.5998,1.00,1.00
2010.09.08 02:58:04.343,0.5995,0.5998,4.00,1.00
2010.09.08 02:58:04.721,0.5995,0.5998,4.00,1.00
2010.09.08 02:58:05.515,0.5995,0.5998,4.00,1.00
2010.09.08 02:58:05.581,0.5995,0.5998,4.10,1.00
2010.09.08 02:58:05.641,0.5995,0.5998,4.10,4.00
2010.09.08 02:58:05.821,0.5995,0.5998,4.00,4.10
2010.09.08 02:58:05.880,0.5995,0.5998,4.00,1.00
2010.09.08 02:58:06.003,0.5995,0.5998,4.10,1.00
2010.09.08 02:58:06.732,0.59955,0.5998,1.00,1.00
2010.09.08 02:58:07.366,0.5995,0.5998,9.60,1.00
2010.09.08 02:58:08.670,0.59955,0.5998,1.00,1.00
2010.09.08 02:58:08.832,0.5995,0.5998,4.00,1.00
2010.09.08 02:58:08.989,0.59955,0.5998,1.00,1.00
2010.09.08 02:58:10.043,0.5995,0.5998,4.00,1.00
2010.09.08 02:58:10.329,0.59955,0.5998,1.00,1.00
2010.09.08 02:58:11.199,0.5995,0.5998,9.60,1.00
2010.09.08 02:58:11.349,0.5995,0.5998,8.80,1.60
2010.09.08 02:58:11.912,0.5995,0.5998,1.00,8.40
2010.09.08 02:58:12.429,0.59945,0.5998,11.30,8.50
2010.09.08 02:58:12.813,0.5995,0.5998,1.00,8.40
2010.09.08 02:58:16.579,0.59945,0.59975,11.20,1.00
2010.09.08 02:58:16.680,0.5995,0.5998,1.00,8.40
2010.09.08 02:58:17.439,0.59945,0.59975,11.20,1.00
2010.09.08 02:58:17.682,0.5995,0.5998,1.00,8.40
2010.09.08 02:58:17.932,0.5995,0.5998,1.00,7.60
2010.09.08 02:58:18.183,0.5995,0.5998,9.60,1.20
2010.09.08 02:58:18.439,0.5995,0.5998,9.60,1.00
2010.09.08 02:58:19.443,0.5995,0.5998,9.70,1.00
2010.09.08 02:58:21.324,0.59955,0.5998,1.00,1.20
2010.09.08 02:58:21.410,0.5995,0.5998,9.60,1.20
2010.09.08 02:58:21.499,0.59955,0.5998,1.00,1.00
2010.09.08 02:58:21.776,0.5995,0.5998,9.60,1.00
2010.09.08 02:58:23.077,0.5995,0.59975,2.40,6.40
2010.09.08 02:58:23.425,0.5994,0.59965,3.20,1.00
2010.09.08 02:58:23.605,0.5994,0.5997,4.00,4.40
2010.09.08 02:58:23.951,0.5994,0.5997,4.00,4.00
2010.09.08 02:58:24.497,0.5994,0.5997,4.10,4.00
2010.09.08 02:58:25.189,0.5994,0.5997,4.10,3.20
2010.09.08 02:58:27.489,0.5994,0.5997,4.00,3.30
2010.09.08 02:58:27.930,0.5994,0.5997,4.10,5.60
2010.09.08 02:58:28.039,0.5994,0.5997,1.00,5.70
2010.09.08 02:58:28.139,0.5994,0.5997,1.00,8.90
2010.09.08 02:58:28.264,0.5994,0.5997,1.00,8.80
2010.09.08 02:58:28.820,0.5994,0.5997,1.00,8.90
2010.09.08 02:58:35.295,0.5994,0.5997,1.00,8.80
2010.09.08 02:58:35.470,0.59945,0.5997,1.60,8.80
2010.09.08 02:58:35.560,0.59945,0.5997,2.00,6.40
2010.09.08 02:58:36.028,0.59945,0.59975,5.20,4.80
2010.09.08 02:58:36.121,0.59945,0.59975,10.80,1.60
2010.09.08 02:58:36.344,0.59945,0.59975,10.80,1.60
2010.09.08 02:58:36.972,0.59945,0.59975,10.80,1.60
2010.09.08 02:58:37.520,0.5995,0.59975,3.20,1.60
2010.09.08 02:58:38.106,0.5995,0.5998,6.00,1.00
2010.09.08 02:58:38.272,0.59955,0.59985,1.00,8.10
2010.09.08 02:58:38.581,0.59955,0.59985,4.00,4.90
2010.09.08 02:58:39.488,0.59955,0.59985,4.00,4.80
2010.09.08 02:58:39.784,0.59955,0.5998,3.20,1.00
2010.09.08 02:58:40.082,0.59945,0.59975,4.00,5.60
2010.09.08 02:58:40.381,0.59945,0.59975,4.00,5.60
2010.09.08 02:58:40.890,0.59945,0.5997,4.00,1.00
2010.09.08 02:58:41.101,0.59945,0.59975,4.00,5.60
2010.09.08 02:58:41.871,0.5995,0.59975,1.00,4.80
2010.09.08 02:58:42.612,0.59955,0.59985,1.00,8.00
2010.09.08 02:58:42.941,0.59955,0.59985,4.00,4.80
2010.09.08 02:58:43.599,0.59955,0.59985,4.00,4.90
2010.09.08 02:58:44.832,0.59955,0.59985,4.10,4.80
2010.09.08 02:58:45.229,0.59955,0.59985,6.50,4.80
2010.09.08 02:58:45.360,0.59955,0.59985,9.70,4.80
2010.09.08 02:58:45.489,0.59955,0.59985,9.70,1.60
2010.09.08 02:58:46.000,0.59955,0.5998,8.90,1.00
2010.09.08 02:58:46.120,0.59955,0.59985,6.40,6.00
2010.09.08 02:58:46.241,0.59955,0.5998,1.00,3.20
2010.09.08 02:58:46.865,0.59955,0.59985,8.80,2.40
2010.09.08 02:58:46.980,0.5995,0.59985,9.60,11.20
2010.09.08 02:58:47.263,0.5995,0.59985,7.20,11.20
2010.09.08 02:58:47.540,0.5995,0.5998,4.00,3.20
2010.09.08 02:58:48.449,0.5995,0.5998,4.10,3.20
2010.09.08 02:58:49.291,0.5995,0.5998,4.00,3.20
2010.09.08 02:58:50.834,0.5996,0.5998,1.00,3.20
2010.09.08 02:58:51.111,0.59955,0.5998,1.20,3.20
2010.09.08 02:58:51.390,0.5995,0.5998,4.40,3.20
2010.09.08 02:58:51.509,0.5995,0.5998,8.80,3.20
2010.09.08 02:58:52.070,0.5995,0.5998,4.00,3.20
2010.09.08 02:58:52.190,0.59955,0.5998,1.00,3.20
2010.09.08 02:58:52.670,0.59955,0.59985,1.00,8.00
2010.09.08 02:58:53.400,0.59955,0.59985,1.00,8.00
2010.09.08 02:58:53.569,0.59955,0.59985,1.00,8.10
2010.09.08 02:58:54.430,0.59955,0.59985,1.00,8.00
2010.09.08 02:58:54.893,0.59955,0.59985,1.00,8.00
2010.09.08 02:58:55.680,0.5996,0.59985,2.00,6.40
2010.09.08 02:58:55.829,0.5996,0.5999,8.40,1.00
2010.09.08 02:58:56.244,0.5996,0.5999,10.80,1.00
2010.09.08 02:58:56.391,0.5996,0.5999,10.00,1.00
2010.09.08 02:58:56.539,0.5996,0.5999,9.60,1.00
2010.09.08 02:58:56.800,0.5996,0.5999,1.00,8.80
2010.09.08 02:58:57.699,0.5996,0.5999,1.00,8.80
2010.09.08 02:58:58.179,0.5996,0.5999,1.00,8.80
2010.09.08 02:58:58.334,0.5996,0.5999,1.00,6.40
2010.09.08 02:58:58.481,0.5996,0.5999,1.00,6.40
2010.09.08 02:59:01.638,0.59965,0.5999,1.00,6.40
2010.09.08 02:59:01.949,0.59965,0.59995,1.00,10.00
2010.09.08 02:59:02.119,0.5996,0.5999,9.60,1.00
2010.09.08 02:59:02.954,0.5996,0.5999,3.20,6.80
2010.09.08 02:59:03.042,0.5996,0.5999,1.00,6.90
2010.09.08 02:59:06.731,0.59955,0.5999,11.70,7.70
2010.09.08 02:59:06.880,0.59955,0.5999,11.70,9.30
2010.09.08 02:59:06.957,0.59955,0.5999,11.30,9.30
2010.09.08 02:59:07.049,0.59955,0.5999,11.30,11.70
2010.09.08 02:59:07.119,0.59955,0.5999,11.30,14.10
2010.09.08 02:59:07.250,0.59955,0.59985,9.70,1.60
2010.09.08 02:59:07.510,0.5996,0.59985,1.00,1.60
2010.09.08 02:59:08.443,0.5996,0.5999,1.00,6.80
2010.09.08 02:59:09.364,0.5996,0.5999,1.00,7.60
2010.09.08 02:59:09.964,0.5996,0.5999,1.00,10.00
2010.09.08 02:59:10.193,0.5996,0.59985,1.00,1.60
2010.09.08 02:59:10.880,0.5996,0.59985,1.00,1.60
2010.09.08 02:59:11.210,0.5996,0.5999,1.00,6.80
2010.09.08 02:59:17.096,0.5996,0.5999,4.10,4.40
2010.09.08 02:59:17.351,0.5996,0.5999,3.30,5.20
2010.09.08 02:59:17.693,0.5996,0.5999,1.00,14.40
2010.09.08 02:59:18.029,0.59955,0.5999,11.30,14.50
2010.09.08 02:59:18.428,0.59955,0.59985,9.70,1.60
2010.09.08 02:59:18.770,0.5996,0.59985,1.00,1.60
2010.09.08 02:59:18.900,0.5996,0.59985,4.10,1.60
2010.09.08 02:59:20.340,0.5996,0.5999,4.10,4.00
2010.09.08 02:59:20.774,0.5996,0.5999,4.10,7.20
2010.09.08 02:59:21.169,0.5996,0.5999,1.00,7.20
2010.09.08 02:59:22.124,0.5996,0.5999,1.00,7.30
2010.09.08 02:59:23.683,0.59955,0.5999,12.50,7.30
2010.09.08 02:59:25.497,0.5996,0.5999,1.00,7.20
2010.09.08 02:59:26.193,0.59955,0.5999,12.50,7.30
2010.09.08 02:59:27.648,0.5996,0.5999,1.00,7.20
2010.09.08 02:59:27.990,0.5996,0.5999,3.30,4.00
2010.09.08 02:59:28.494,0.5996,0.5999,6.40,1.00
2010.09.08 02:59:29.572,0.5996,0.59985,6.40,1.00
2010.09.08 02:59:30.221,0.59955,0.59985,12.40,1.00
2010.09.08 02:59:30.374,0.59955,0.5999,12.50,9.70
2010.09.08 02:59:37.431,0.5996,0.5999,1.00,9.70
2010.09.08 02:59:38.373,0.5996,0.59985,1.00,1.00
2010.09.08 02:59:38.689,0.5996,0.5999,1.00,9.70
2010.09.08 02:59:39.473,0.59955,0.5999,11.70,10.50
2010.09.08 02:59:39.892,0.59955,0.5999,11.30,12.10
2010.09.08 02:59:40.021,0.59955,0.59985,2.50,6.40
2010.09.08 02:59:40.279,0.59955,0.59985,1.00,8.00
2010.09.08 02:59:40.410,0.59955,0.59985,1.00,8.10
2010.09.08 02:59:44.522,0.5996,0.59985,1.00,8.10
2010.09.08 02:59:44.702,0.5996,0.59985,1.00,8.00
2010.09.08 02:59:44.770,0.5996,0.59985,1.00,6.40
2010.09.08 02:59:44.834,0.5996,0.59985,1.00,3.20
2010.09.08 02:59:44.881,0.5996,0.5999,1.00,10.10
2010.09.08 02:59:45.313,0.5996,0.5999,1.00,8.90
2010.09.08 02:59:48.104,0.5996,0.59985,1.00,1.00
2010.09.08 02:59:50.752,0.59955,0.59985,2.40,6.50
2010.09.08 02:59:50.820,0.59955,0.59985,1.00,8.10
2010.09.08 02:59:51.501,0.5996,0.59985,1.00,8.00
2010.09.08 02:59:51.700,0.59955,0.59985,1.00,8.00
2010.09.08 02:59:51.900,0.59955,0.59985,4.00,4.80
2010.09.08 02:59:52.099,0.5996,0.59985,1.00,4.80
2010.09.08 02:59:52.833,0.59955,0.59985,4.00,4.80
2010.09.08 02:59:54.924,0.5996,0.59985,1.00,4.80
2010.09.08 02:59:55.332,0.59955,0.59985,4.00,4.80
2010.09.08 02:59:57.321,0.5996,0.59985,1.00,4.80
2010.09.08 02:59:57.380,0.59955,0.59985,4.00,4.80
2010.09.08 02:59:57.489,0.5996,0.59985,1.00,4.80
